Inference for Stan model: anon_model_97385ca0dcf43ba6c9440f90ffed67f9.
7 chains, each with iter=5000; warmup=1000; thin=1; 
post-warmup draws per chain=4000, total post-warmup draws=28000.

        mean se_mean     sd   2.5%    16%    50%    84%  97.5%  n_eff   Rhat
meanr  3.876 9.16e-4  0.085  3.734  3.794  3.864  3.967  4.064   8593  1.001
sigr   0.548 2.65e-4  0.029  0.504  0.522  0.544  0.576  0.616  11571    1.0
meang  3.764   0.002  0.087  3.604  3.699  3.767  3.838  3.912   3154  1.001
sigg   0.498 3.06e-4  0.029  0.447  0.472  0.496  0.525  0.562   8863    1.0
meani  3.331   0.002  0.235  3.019  3.105  3.284  3.555  3.934  14116    1.0
sigi    0.67 6.43e-4  0.085  0.497  0.574  0.679  0.763  0.794  17328    1.0
c0r    1.337   0.002  0.268   1.01  1.066  1.269  1.652  1.931  21804    1.0
c1r   -1.814   0.009  0.804 -3.332 -2.668 -1.807 -0.972 -0.288   7832  1.001
c2r   -1.607   0.026  2.159 -4.843 -4.045 -1.798  0.896  2.478   6997  1.001
c3r    -2.15    0.02   1.71 -4.751 -4.084 -2.278 -0.168  1.059   6989  1.001
c4r     0.15   0.009  0.851 -1.209 -0.751  0.069  1.082  1.888   8213  1.001
c0g    1.335   0.002  0.266   1.01  1.065  1.268  1.645  1.929  19891    1.0
c1g    -2.09   0.011  1.014 -3.969 -3.143 -2.106 -1.047 -0.157   8872  1.001
c2g    -0.46   0.027  2.579 -4.393 -3.369 -0.685  2.519  4.435   9326    1.0
c3g   -1.577   0.023  2.173  -4.84 -4.023 -1.769  0.942  2.528   9032    1.0
c4g    0.966   0.012  1.116 -0.882  -0.19  0.872    2.2  3.131   8600    1.0
c0i     1.38   0.002  0.277  1.013  1.087  1.327  1.713   1.95  28822    1.0
c1i   -0.862   0.018  1.853 -4.456 -2.973 -0.724  1.183   1.99  10622  1.001
c2i    0.082   0.026  2.875 -4.694 -3.298  0.099  3.476  4.749  12561    1.0
c3i    2.182   0.014  1.918 -2.231  0.136  2.544  4.121  4.841  18954    1.0
c4i    1.037    0.01  1.279 -1.459 -0.199  1.013  2.289  3.699  15004  1.001
mu     0.916 1.52e-4  0.024  0.869  0.892  0.916   0.94  0.963  24935    1.0
dt    38.805   0.002  0.291 38.238 38.514 38.806 39.092  39.38  26534    1.0
t0    -3.969   0.006  0.808 -4.963 -4.761 -4.148 -3.158 -2.008  16796    1.0
lp__  -832.7   0.064  4.571 -842.9 -837.2 -832.3 -828.3 -825.1   5025  1.001

Samples were drawn using NUTS at Mon Sep  7 05:10:04 2020.
For each parameter, n_eff is a crude measure of effective sample size,
and Rhat is the potential scale reduction factor on split chains (at 
convergence, Rhat=1).