Inference for Stan model: anon_model_97385ca0dcf43ba6c9440f90ffed67f9.
7 chains, each with iter=5000; warmup=1000; thin=1; 
post-warmup draws per chain=4000, total post-warmup draws=28000.

        mean se_mean     sd   2.5%    16%    50%    84%  97.5%  n_eff   Rhat
meanr  3.694   0.002   0.17  3.305  3.536  3.709  3.851  4.003   8143    1.0
sigr   0.585 6.11e-4  0.064  0.478  0.521  0.577  0.649  0.732  11032    1.0
meang  3.377   0.003  0.222  3.016  3.105  3.404   3.61  3.764   5901  1.001
sigg   0.503  6.0e-4   0.06   0.41  0.443  0.495  0.563   0.64  10096    1.0
meani  3.479   0.002  0.249  3.049   3.21   3.47  3.743  3.978  18168    1.0
sigi   0.678 5.94e-4  0.085  0.486  0.587  0.692  0.767  0.795  20617    1.0
c0r    0.799   0.004  0.399  0.408  0.454  0.645  1.235   1.83   9625    1.0
c1r   -2.267   0.013  1.225  -4.63 -3.611 -2.225 -0.976 -0.115   8841    1.0
c2r   -2.327   0.019   1.91 -4.885 -4.328 -2.679 -0.168  1.738   9807  1.001
c3r   -2.712   0.014  1.419 -4.766 -4.165 -2.954 -1.147  0.226  10483    1.0
c4r   -0.485    0.01  0.985 -2.045 -1.488  -0.59  0.513  1.666   9566  1.001
c0g    0.712   0.003   0.33  0.407  0.448  0.593    1.0  1.683  15334    1.0
c1g   -2.017   0.013  1.572 -4.711 -3.701 -2.083  -0.39  1.226  14034    1.0
c2g   -0.221   0.023  2.762 -4.693  -3.37 -0.331    3.0  4.654  14338    1.0
c3g   -0.421   0.022  2.462  -4.61 -3.228 -0.401  2.284  4.163  13088    1.0
c4g    0.687   0.017  1.745  -3.01 -1.015  0.718  2.517  3.848  10810    1.0
c0i    0.771   0.003  0.357  0.409   0.46  0.651  1.117   1.75  16017    1.0
c1i   -2.218   0.012  1.393 -4.723  -3.73 -2.231 -0.746  0.492  13793    1.0
c2i   -1.466   0.019  2.316 -4.814 -3.935 -1.767   1.07  3.511  15436    1.0
c3i    0.915   0.019  2.297 -3.422 -1.625  0.963  3.507  4.723  14377    1.0
c4i    1.085   0.012  1.401 -1.474 -0.377  1.062  2.535  3.865  13357    1.0
mu     0.927   0.001  0.181  0.602  0.755  0.916  1.101  1.316  21974    1.0
dt    12.217   0.005  0.777 10.556 11.473 12.269 12.967 13.607  22601    1.0
t0    -1.809   0.014  1.608 -4.697 -3.555 -1.833 -0.134  1.356  13434    1.0
lp__  -679.5   0.071  5.098 -690.3 -684.6 -679.2 -674.4 -670.5   5193  1.001

Samples were drawn using NUTS at Mon Sep  7 00:45:17 2020.
For each parameter, n_eff is a crude measure of effective sample size,
and Rhat is the potential scale reduction factor on split chains (at 
convergence, Rhat=1).