Inference for Stan model: anon_model_97385ca0dcf43ba6c9440f90ffed67f9.
7 chains, each with iter=5000; warmup=1000; thin=1; 
post-warmup draws per chain=4000, total post-warmup draws=28000.

        mean se_mean     sd   2.5%    16%    50%    84%  97.5%  n_eff   Rhat
meanr  3.818   0.001  0.133  3.549  3.684   3.82  3.956  4.065  10829  1.001
sigr   0.557 4.14e-4  0.051  0.478  0.509   0.55  0.606  0.677  15271    1.0
meang  3.488   0.003  0.204  3.129  3.269  3.478  3.712  3.858   5181    1.0
sigg   0.436 2.14e-4  0.031  0.401  0.408  0.428  0.465  0.517  21424    1.0
meani  3.532   0.002  0.246  3.094  3.276  3.517  3.799  4.026  13746    1.0
sigi   0.601 6.59e-4  0.098  0.428  0.496  0.596  0.712  0.784  22133    1.0
c0r    0.711   0.003  0.277  0.408  0.455  0.625  1.001  1.417  11008  1.001
c1r    -2.25   0.013  1.211 -4.552 -3.599 -2.179 -0.966 -0.162   8638  1.001
c2r   -2.593   0.018  1.641 -4.887 -4.331 -2.871 -0.729  0.864   8652    1.0
c3r   -3.058   0.012  1.138 -4.798 -4.246 -3.212 -1.798 -0.673   8696    1.0
c4r   -1.023   0.009   0.85 -2.374  -1.87 -1.142 -0.107  0.803   8917    1.0
c0g    0.703   0.002   0.28  0.408  0.455  0.611  0.982   1.45  15919    1.0
c1g   -1.919   0.016  1.694 -4.784  -3.79  -1.95 -0.181   1.56  11230    1.0
c2g   -0.369   0.024  2.739  -4.69 -3.455 -0.568  2.875  4.593  13007    1.0
c3g   -0.602   0.025  2.553 -4.713 -3.484 -0.698  2.154   4.43  10717    1.0
c4g   -0.063   0.017  1.694 -3.223 -1.791 -0.126  1.774  3.159   9906    1.0
c0i    0.732   0.002  0.297  0.408  0.457  0.637  1.052  1.476  17957    1.0
c1i   -1.924   0.012  1.449 -4.664 -3.514 -1.865 -0.419  0.779  13920    1.0
c2i   -1.527   0.016   2.27  -4.82 -3.943 -1.836  0.937  3.432  19203    1.0
c3i    0.711   0.022   2.59 -4.052 -2.226  0.789    3.7    4.8  13640    1.0
c4i    0.471   0.016  1.753  -2.62 -1.398  0.423  2.342   3.91  12687    1.0
mu     0.863  6.3e-4  0.104  0.664  0.762  0.861  0.963  1.079  27420    1.0
dt     15.17   0.005  0.694 13.664   14.5 15.216 15.845 16.386  22861    1.0
t0    -2.565   0.012  1.555 -4.858 -4.205  -2.75 -0.942  0.836  17098    1.0
lp__  -736.0   0.062    4.8 -746.5 -740.7 -735.7 -731.3 -727.7   5931  1.001

Samples were drawn using NUTS at Sun Sep  6 12:44:35 2020.
For each parameter, n_eff is a crude measure of effective sample size,
and Rhat is the potential scale reduction factor on split chains (at 
convergence, Rhat=1).