Inference for Stan model: anon_model_97385ca0dcf43ba6c9440f90ffed67f9.
7 chains, each with iter=5000; warmup=1000; thin=1; 
post-warmup draws per chain=4000, total post-warmup draws=28000.

        mean se_mean     sd   2.5%    16%    50%    84%  97.5%  n_eff   Rhat
meanr  3.869 8.32e-4  0.077  3.744  3.792  3.858   3.95  4.038   8593  1.001
sigr   0.552 2.08e-4  0.022  0.515   0.53   0.55  0.574  0.601  11582  1.001
meang  3.758 6.26e-4  0.061  3.645  3.698  3.755  3.819  3.885   9560    1.0
sigg   0.514 1.86e-4  0.021  0.476  0.494  0.513  0.535   0.56  12815    1.0
meani  3.633   0.001  0.112  3.453  3.537  3.621   3.73  3.904  10016    1.0
sigi   0.557  5.2e-4  0.059  0.457  0.501  0.551  0.614  0.688  12766  1.001
c0r    0.789   0.002  0.215  0.559  0.593  0.718  1.016   1.34  16639    1.0
c1r   -2.508   0.011  1.069 -4.525 -3.655 -2.495 -1.387 -0.442   8641  1.001
c2r   -0.744   0.029  2.475 -4.779 -3.612 -0.773  2.007  3.783   7416  1.001
c3r   -1.359   0.022  1.907 -4.488 -3.571 -1.363  0.755  2.102   7491  1.001
c4r    0.892    0.01  0.975  -0.77 -0.148  0.844  1.939  2.847   9045    1.0
c0g    0.819   0.002  0.228  0.561  0.603   0.75  1.073  1.372  15093    1.0
c1g   -2.182   0.013  1.294 -4.586 -3.575 -2.213 -0.756  0.234   9438    1.0
c2g    1.295   0.031  2.666 -4.023  -1.94  1.778   4.16  4.881   7570    1.0
c3g   -0.121   0.026  2.247 -4.585  -2.85  0.271  2.288  2.973   7608    1.0
c4g    2.034   0.012  1.105 -0.244   0.79  2.181   3.17   3.82   8894    1.0
c0i    0.848   0.002  0.231  0.564  0.617  0.788  1.116  1.377  19807    1.0
c1i   -2.432   0.012  1.377 -4.803 -3.954 -2.459 -0.944  0.235  13968    1.0
c2i   -0.296   0.023  2.636 -4.714 -3.321 -0.346  2.687   4.48  12897    1.0
c3i    0.998   0.019  2.212 -3.209 -1.486  1.131  3.435  4.652  13359    1.0
c4i    2.271   0.012  1.354 -0.422  0.853  2.326  3.715  4.667  12710  1.001
mu     1.317 1.24e-4  0.023  1.271  1.294  1.317   1.34  1.362  34947    1.0
dt    41.971   0.001  0.245  41.49 41.726 41.972 42.215 42.453  38040    1.0
t0    -4.638   0.002  0.335  -4.99 -4.932 -4.735 -4.335 -3.753  26259    1.0
lp__  -793.0   0.055  4.496 -802.9 -797.5 -792.7 -788.6 -785.3   6571    1.0

Samples were drawn using NUTS at Sun Sep  6 15:55:57 2020.
For each parameter, n_eff is a crude measure of effective sample size,
and Rhat is the potential scale reduction factor on split chains (at 
convergence, Rhat=1).