Inference for Stan model: anon_model_97385ca0dcf43ba6c9440f90ffed67f9.
7 chains, each with iter=5000; warmup=1000; thin=1; 
post-warmup draws per chain=4000, total post-warmup draws=28000.

        mean se_mean     sd   2.5%    16%    50%      84%  97.5%  n_eff   Rhat
meanr  3.807   0.001  0.117  3.568  3.695  3.806    3.923  4.043   8645  1.001
sigr   0.533 2.69e-4   0.03  0.483  0.504   0.53    0.563  0.601  12603  1.001
meang  3.776 6.03e-4  0.063  3.654  3.714  3.775    3.839    3.9  10894  1.001
sigg   0.456 2.28e-4  0.026  0.415  0.431  0.452     0.48  0.514  12541    1.0
meani  3.436   0.002  0.211  3.065   3.21  3.433    3.652  3.864  13567    1.0
sigi   0.564 9.18e-4  0.098  0.411  0.453   0.56    0.669   0.76  11296  1.001
c0r    0.708   0.003  0.297  0.407  0.445  0.601    1.033  1.471  10996    1.0
c1r   -2.484   0.012  1.168 -4.542 -3.769 -2.507   -1.203 -0.356   9043    1.0
c2r    -2.23   0.022  1.879 -4.882 -4.271 -2.536 -9.51e-4  1.435   7229  1.001
c3r   -2.779   0.015  1.301 -4.754 -4.176 -2.959   -1.256 -0.259   7201  1.001
c4r   -0.543    0.01   0.85 -1.859 -1.437  -0.65    0.398   1.21   7870  1.001
c0g    0.703   0.002  0.256   0.42  0.482  0.622    0.948  1.404  10625  1.001
c1g   -3.173   0.011  1.196 -4.911 -4.469 -3.329   -1.832 -0.673  10986  1.001
c2g    0.719   0.028  2.548 -4.114 -2.318  1.006    3.478  4.709   8495  1.001
c3g   -1.046   0.021  1.915 -4.706 -3.337 -0.806    1.019  1.883   8642  1.001
c4g    1.656   0.014  1.299 -0.807  0.201  1.708    3.084  3.887   8644  1.001
c0i    0.697   0.002  0.277  0.407  0.449  0.607     0.98  1.431  16990    1.0
c1i   -1.608   0.013  1.479 -4.498  -3.21 -1.551   -0.082  1.113  12370    1.0
c2i   -1.334    0.02  2.432 -4.824 -3.962 -1.643    1.384  3.851  15378    1.0
c3i    1.064    0.02  2.355 -3.488 -1.576  1.198    3.735  4.782  14328    1.0
c4i    0.581   0.016  1.655 -2.501 -1.143  0.551    2.295  3.873  10449  1.001
mu     1.218 3.36e-4  0.059  1.103   1.16  1.217    1.276  1.334  30385    1.0
dt    16.595   0.001  0.235 16.126 16.361 16.598   16.828 17.045  27974    1.0
t0    -3.739   0.008  0.918 -4.953  -4.67 -3.904   -2.791 -1.595  14522    1.0
lp__  -718.8    0.06  4.649 -728.8 -723.4 -718.4   -714.2 -710.8   6035  1.001

Samples were drawn using NUTS at Mon Sep  7 07:40:31 2020.
For each parameter, n_eff is a crude measure of effective sample size,
and Rhat is the potential scale reduction factor on split chains (at 
convergence, Rhat=1).