Inference for Stan model: anon_model_97385ca0dcf43ba6c9440f90ffed67f9.
7 chains, each with iter=5000; warmup=1000; thin=1; 
post-warmup draws per chain=4000, total post-warmup draws=28000.

        mean se_mean     sd   2.5%    16%    50%    84%  97.5%  n_eff   Rhat
meanr  3.912   0.001  0.138  3.521  3.805  3.936  4.038  4.089   8673  1.001
sigr   0.527 2.99e-4  0.039  0.452  0.489  0.526  0.563  0.607  16703    1.0
meang  3.656   0.004  0.202  3.228  3.392  3.724  3.838  3.932   3177  1.002
sigg   0.454 3.66e-4  0.036  0.403  0.418  0.449  0.489  0.535   9439  1.001
meani  3.538   0.002  0.262  3.075  3.245  3.542  3.822  4.024  12745    1.0
sigi   0.592   0.001  0.114  0.413  0.462  0.586  0.728  0.788  12667  1.001
c0r    0.586   0.001  0.163  0.405  0.433  0.536  0.766  0.984  17539    1.0
c1r     -2.4    0.01  1.116 -4.496 -3.574 -2.401  -1.25 -0.226  12479    1.0
c2r   -0.995   0.025  2.507  -4.69 -3.696 -1.312   1.86  4.195  10049    1.0
c3r   -1.644   0.022  2.152  -4.79 -3.935 -1.929  0.757  2.839   9969    1.0
c4r    0.587   0.011  1.148 -1.296 -0.579  0.476  1.828  2.986  11600    1.0
c0g    0.588   0.001  0.163  0.405  0.433  0.539  0.771  0.984  19457    1.0
c1g   -1.243   0.021  1.786   -4.4 -3.074 -1.366  0.595  2.544   6907  1.001
c2g    0.387   0.024  2.784  -4.48 -2.883  0.481  3.608  4.798  13121    1.0
c3g   -0.683   0.022  2.417 -4.721 -3.501 -0.678  2.079  3.384  12462  1.001
c4g    0.715    0.03  1.972 -3.511 -1.488  0.981  2.706  3.847   4246  1.002
c0i    0.612   0.001  0.169  0.406  0.442  0.568  0.808  0.993  24279    1.0
c1i   -1.499   0.012  1.566 -4.501 -3.171  -1.47  0.099  1.517  16007  1.001
c2i   -1.075   0.021  2.606  -4.83 -3.922 -1.406  1.923  4.263  15349    1.0
c3i    1.011    0.02  2.434 -3.812 -1.759   1.24  3.681  4.766  14975    1.0
c4i    0.751   0.015  1.703 -2.462 -1.014   0.74   2.52  4.123  13117    1.0
mu     1.931 4.49e-4  0.083  1.776  1.849  1.929  2.014  2.101  34360    1.0
dt    45.177   0.003  0.559 44.052 44.624 45.182 45.731 46.256  32514    1.0
t0    -3.549   0.008  1.134 -4.949 -4.657 -3.795 -2.417 -0.792  21697    1.0
lp__  -858.1   0.064  4.784 -868.4 -862.8 -857.8 -853.4 -849.8   5541  1.001

Samples were drawn using NUTS at Mon Sep  7 10:24:47 2020.
For each parameter, n_eff is a crude measure of effective sample size,
and Rhat is the potential scale reduction factor on split chains (at 
convergence, Rhat=1).