Inference for Stan model: anon_model_97385ca0dcf43ba6c9440f90ffed67f9.
7 chains, each with iter=5000; warmup=1000; thin=1; 
post-warmup draws per chain=4000, total post-warmup draws=28000.

        mean se_mean     sd   2.5%    16%    50%    84%  97.5%  n_eff   Rhat
meanr  3.786 9.54e-4  0.105  3.568  3.694  3.787   3.88  3.995  12087    1.0
sigr   0.486 3.76e-4  0.044  0.418  0.444  0.479  0.526  0.593  13959    1.0
meang   3.38   0.002   0.18  3.095  3.218  3.349   3.55  3.822   9435  1.001
sigg    0.48 4.73e-4  0.055  0.405  0.426  0.471  0.533  0.614  13677    1.0
meani  3.584   0.002  0.251  3.096  3.303  3.606  3.846  4.029  14917    1.0
sigi   0.613 7.54e-4    0.1  0.434  0.502  0.612  0.728  0.787  17571    1.0
c0r    1.106   0.002  0.307  0.767  0.818  1.007  1.446  1.861  18310    1.0
c1r   -2.331    0.01  1.081 -4.467  -3.47 -2.301 -1.213 -0.313  11900    1.0
c2r   -1.143   0.025  2.471 -4.826 -3.879 -1.393  1.632   3.85  10050    1.0
c3r   -1.379   0.019  1.952 -4.416 -3.488 -1.548  0.736   2.66  10275    1.0
c4r    0.676   0.011  1.135 -1.247 -0.479  0.576  1.848  3.079  10742    1.0
c0g    1.136   0.002   0.32  0.768  0.826  1.043  1.504   1.89  25394    1.0
c1g   -0.951   0.014  1.591 -4.158 -2.578 -0.938  0.721  2.042  12983  1.001
c2g   -0.637   0.022  2.688 -4.748 -3.628 -0.888  2.526  4.505  15047    1.0
c3g    0.309   0.024  2.662 -4.527  -2.77  0.426   3.29  4.693  12035    1.0
c4g   -0.245   0.015  1.587 -3.193 -1.877 -0.279  1.408   2.85  11306  1.001
c0i    1.142   0.002  0.318  0.768  0.832  1.052  1.498  1.889  24309    1.0
c1i   -1.712   0.012  1.395 -4.473 -3.182  -1.68 -0.269   0.88  14685    1.0
c2i   -1.185    0.02  2.525 -4.831 -3.924 -1.512   1.66  4.083  15779    1.0
c3i    0.663   0.019  2.402 -3.756 -2.023  0.698   3.39  4.711  15178  1.001
c4i    0.986   0.012  1.471 -1.679 -0.567  0.964  2.503  3.922  14424  1.001
mu     0.805 2.38e-4  0.038  0.731  0.768  0.805  0.842  0.878  25161    1.0
dt    33.172   0.003  0.591 32.041 32.589 33.165 33.758 34.358  32985    1.0
t0    -2.733   0.015  1.778 -4.914  -4.45  -3.13 -0.975  1.646  14494    1.0
lp__  -825.9   0.056  4.568 -836.0 -830.4 -825.5 -821.4 -818.2   6670  1.001

Samples were drawn using NUTS at Sun Sep  6 23:57:51 2020.
For each parameter, n_eff is a crude measure of effective sample size,
and Rhat is the potential scale reduction factor on split chains (at 
convergence, Rhat=1).