Inference for Stan model: anon_model_97385ca0dcf43ba6c9440f90ffed67f9.
7 chains, each with iter=5000; warmup=1000; thin=1; 
post-warmup draws per chain=4000, total post-warmup draws=28000.

        mean se_mean     sd   2.5%    16%    50%    84%  97.5%  n_eff   Rhat
meanr  3.859   0.001  0.132  3.567  3.726  3.871  3.994  4.077   9197  1.001
sigr   0.544 5.32e-4  0.053  0.455  0.492   0.54  0.597  0.657   9801    1.0
meang  3.442   0.004  0.246  3.063  3.185  3.392  3.735  3.886   3991  1.001
sigg   0.462 4.11e-4  0.047  0.402  0.416  0.453  0.508  0.575  13028    1.0
meani  3.789   0.005  0.272  3.106  3.457  3.882  4.014  4.085   2941  1.004
sigi   0.527   0.002  0.117  0.404  0.426  0.482  0.692  0.788   3040  1.004
c0r    0.705   0.003  0.296  0.406  0.443  0.599  1.027  1.468  13103    1.0
c1r   -2.026   0.011  1.061 -4.149 -3.141 -1.996 -0.908 -0.143   9565    1.0
c2r   -2.113    0.02  1.894 -4.843 -4.176 -2.365  0.097  1.619   8618  1.001
c3r   -2.802   0.015  1.403 -4.839  -4.32 -2.999 -1.173 -0.011   8381  1.001
c4r   -0.485    0.01  0.926 -1.927 -1.464 -0.579  0.507  1.438   9356  1.001
c0g    0.684   0.002  0.279  0.406  0.443  0.585  0.966  1.434  17318    1.0
c1g   -1.308   0.017  1.628 -4.318 -2.967 -1.354  0.329  2.085   9022  1.001
c2g   -0.862   0.023   2.65 -4.763 -3.747 -1.199  2.248    4.4  12880    1.0
c3g   -0.445    0.03  2.692 -4.715 -3.506 -0.587  2.644  4.555   7986    1.0
c4g   -0.138   0.016  1.606 -3.315 -1.722 -0.164  1.529  2.951  10288    1.0
c0i    0.746   0.002  0.284  0.411  0.475  0.669  1.046   1.46  13869    1.0
c1i   -2.338   0.013  1.461 -4.819 -4.002 -2.339  -0.76  0.407  11911    1.0
c2i    0.352   0.037  2.946  -4.73 -3.244   0.62  3.713  4.786   6317  1.001
c3i    0.779   0.019  2.139 -3.656 -1.638  1.065  2.928  4.337  13249    1.0
c4i    1.919   0.018  1.539 -1.134  0.264  2.009  3.546  4.619   7153  1.001
mu     1.485   0.001  0.199  1.116  1.289  1.478  1.681  1.891  18652    1.0
dt    16.083   0.006  0.853 14.437  15.24 16.071 16.929 17.805  21085    1.0
t0    -0.102   0.028  2.446 -4.537 -2.833 -0.069  2.572  4.377   7703  1.001
lp__  -748.0   0.067    4.9 -758.5 -752.9 -747.7 -743.2 -739.3   5309  1.001

Samples were drawn using NUTS at Sun Sep  6 22:27:28 2020.
For each parameter, n_eff is a crude measure of effective sample size,
and Rhat is the potential scale reduction factor on split chains (at 
convergence, Rhat=1).