Inference for Stan model: anon_model_97385ca0dcf43ba6c9440f90ffed67f9.
7 chains, each with iter=5000; warmup=1000; thin=1; 
post-warmup draws per chain=4000, total post-warmup draws=28000.

        mean se_mean     sd   2.5%    16%    50%    84%  97.5%  n_eff   Rhat
meanr  3.647   0.002  0.142  3.335  3.521  3.652  3.777  3.928   8363  1.001
sigr   0.558 4.28e-4  0.047  0.484  0.513  0.551  0.602  0.671  12161    1.0
meang  3.653 8.94e-4  0.098  3.457   3.56  3.653  3.747  3.845  11926    1.0
sigg   0.503 3.23e-4  0.039  0.439  0.466  0.499  0.541  0.591  14351    1.0
meani  3.592   0.002  0.254  3.091  3.322  3.593  3.868  4.058  13273    1.0
sigi   0.559 8.59e-4  0.105  0.407  0.445  0.545  0.678  0.777  14890    1.0
c0r    0.746   0.004  0.369  0.407  0.445  0.601  1.114  1.771   9962    1.0
c1r   -2.275   0.012  1.178  -4.52 -3.546 -2.258 -1.052 -0.083   9148  1.001
c2r   -2.188   0.021   1.95 -4.891 -4.291 -2.496  0.059  1.808   8407  1.001
c3r   -2.204   0.015  1.363 -4.259 -3.655 -2.389 -0.653  0.512   8681  1.001
c4r   -0.191   0.009  0.838 -1.553 -1.052 -0.266  0.671  1.596   8815    1.0
c0g    0.706   0.003   0.33  0.407  0.446  0.585  0.991  1.682  11446  1.001
c1g   -2.625   0.013  1.258 -4.786 -3.995 -2.669 -1.265 -0.171  10049    1.0
c2g   -0.769   0.024  2.409  -4.63 -3.472 -0.879  1.894  3.906  10327    1.0
c3g   -1.882   0.018  1.857 -4.801 -3.982 -1.966  0.206   1.66  10475    1.0
c4g    0.698   0.012  1.208 -1.386 -0.552  0.617  1.973  3.186  10709    1.0
c0i    0.739   0.003   0.34  0.408  0.452  0.622  1.054  1.691  16343    1.0
c1i   -1.029   0.017  1.775 -4.521  -3.03 -0.879  0.866  1.897  10613    1.0
c2i    1.086   0.025  2.762 -4.541 -2.308  1.653  3.974  4.841  12699    1.0
c3i    2.123   0.014  1.789  -2.09  0.344  2.377  3.917  4.818  15648    1.0
c4i    1.524   0.012  1.316 -1.028  0.215  1.511  2.823  4.217  12543    1.0
mu     1.094   0.001  0.194   0.71  0.904  1.094  1.281  1.476  19377    1.0
dt    10.843   0.004  0.676  9.364 10.204 10.897 11.495 12.015  23994    1.0
t0    -3.351    0.01  1.205 -4.932 -4.569 -3.586   -2.1 -0.539  15667    1.0
lp__  -723.2   0.061  4.759 -733.5 -727.9 -722.8 -718.5 -715.0   6020  1.001

Samples were drawn using NUTS at Sun Sep  6 21:32:06 2020.
For each parameter, n_eff is a crude measure of effective sample size,
and Rhat is the potential scale reduction factor on split chains (at 
convergence, Rhat=1).