Inference for Stan model: anon_model_97385ca0dcf43ba6c9440f90ffed67f9.
7 chains, each with iter=5000; warmup=1000; thin=1; 
post-warmup draws per chain=4000, total post-warmup draws=28000.

        mean se_mean     sd   2.5%    16%    50%    84%  97.5%  n_eff   Rhat
meanr  3.671 5.69e-4  0.058   3.53  3.622  3.677  3.723  3.769  10254    1.0
sigr   0.516  1.1e-4  0.013  0.493  0.503  0.515  0.529  0.545  15124  1.001
meang  3.669 5.93e-4  0.055  3.538  3.619  3.674  3.721  3.761   8469  1.001
sigg   0.487 1.37e-4  0.014  0.463  0.473  0.486  0.501  0.518  10825  1.001
meani  3.553 2.64e-4  0.032  3.491  3.521  3.552  3.583  3.617  14605    1.0
sigi   0.429 1.36e-4  0.019  0.402   0.41  0.425  0.446  0.474  20129    1.0
c0r    0.822   0.004  0.369  0.426  0.496  0.703  1.189  1.815   7788    1.0
c1r   -2.704   0.016  1.291 -4.844 -4.164 -2.733  -1.27 -0.281   6197    1.0
c2r   -3.008   0.014  1.281 -4.904 -4.405 -3.144 -1.582 -0.354   8103  1.001
c3r   -3.086   0.012  0.999 -4.585 -4.136 -3.218 -1.981 -0.975   7258  1.001
c4r   -0.532   0.004  0.444 -1.372 -0.983 -0.544 -0.076  0.347  11280  1.001
c0g     0.78   0.004  0.354   0.43  0.492  0.651  1.114  1.778   8585  1.001
c1g   -3.019   0.013  1.281 -4.905 -4.431 -3.163 -1.554 -0.474   9033    1.0
c2g   -1.532   0.018   1.67 -4.511 -3.433 -1.485   0.28  1.453   8337  1.001
c3g   -2.773   0.014  1.279 -4.878 -4.241 -2.791 -1.345 -0.402   8573    1.0
c4g    0.255   0.009  0.859 -1.459 -0.625  0.265  1.139  1.891   8238  1.001
c0i    1.173   0.003  0.331  0.642  0.847  1.121   1.54  1.897  12091    1.0
c1i   -3.172   0.009  1.187 -4.912 -4.452 -3.314 -1.878 -0.631  16142    1.0
c2i   -0.661   0.021  2.333  -4.69 -3.262 -0.693  1.849  3.853  12174    1.0
c3i    0.829   0.018   1.92 -2.616 -1.349   0.88  2.889  4.342  11652    1.0
c4i    3.021    0.01  1.114  0.946  1.797  3.037  4.289  4.882  11357    1.0
mu      0.94 2.37e-4  0.044  0.858  0.897  0.939  0.984  1.028  33837    1.0
dt    10.872 8.15e-4  0.151 10.566 10.721 10.875 11.021  11.16  34434    1.0
t0    -4.451   0.003  0.416  -4.98 -4.865 -4.536 -4.027  -3.46  17620  1.001
lp__  -675.8   0.065   4.79 -686.2 -680.5 -675.4 -671.0 -667.5   5488  1.001

Samples were drawn using NUTS at Sun Sep  6 03:05:58 2020.
For each parameter, n_eff is a crude measure of effective sample size,
and Rhat is the potential scale reduction factor on split chains (at 
convergence, Rhat=1).