Inference for Stan model: anon_model_97385ca0dcf43ba6c9440f90ffed67f9.
7 chains, each with iter=5000; warmup=1000; thin=1; 
post-warmup draws per chain=4000, total post-warmup draws=28000.

        mean se_mean     sd   2.5%    16%    50%    84%  97.5%  n_eff   Rhat
meanr  3.727   0.003  0.198  3.301  3.508  3.758  3.921  4.051   5594  1.001
sigr   0.576 9.52e-4  0.079  0.463  0.501  0.559   0.66  0.764   6880    1.0
meang   3.51   0.004  0.272  3.059  3.208    3.5  3.814   4.02   4054  1.001
sigg   0.498 6.65e-4  0.061  0.407  0.437   0.49  0.558   0.64   8449    1.0
meani  3.581   0.002   0.25  3.078  3.309  3.596  3.841  4.032  16404    1.0
sigi   0.629 7.54e-4  0.099  0.445  0.521  0.629  0.744  0.791  17128    1.0
c0r    0.892   0.004  0.398  0.418  0.503  0.783  1.341  1.831   9102  1.001
c1r   -2.262   0.016   1.36 -4.791 -3.876 -2.099 -0.832 -0.078   7070  1.001
c2r    -2.59    0.02  1.775   -4.9 -4.405 -2.978 -0.556  1.266   8209  1.001
c3r   -2.805   0.012  1.187 -4.665 -4.011  -2.96 -1.535 -0.316   9910    1.0
c4r   -0.933   0.011  0.969 -2.473 -1.889 -1.077  0.103   1.18   7435  1.001
c0g    0.791   0.003  0.376   0.41  0.464  0.659  1.171  1.798  13216    1.0
c1g    -1.87   0.015  1.574 -4.732 -3.606 -1.832 -0.312  1.311  10457    1.0
c2g   -1.021   0.022  2.493   -4.7 -3.678 -1.385  1.858  4.122  12554  1.001
c3g    -1.09   0.035  2.676 -4.809  -3.94 -1.491  2.072  4.511   5842  1.001
c4g   -0.367   0.016  1.588 -3.209 -1.947 -0.497  1.326  2.855  10070  1.001
c0i    0.797   0.003  0.366   0.41  0.468  0.679  1.167  1.768  15679    1.0
c1i   -2.361   0.011  1.416 -4.794 -3.921 -2.388 -0.861  0.414  15303    1.0
c2i   -1.098    0.02  2.516 -4.823 -3.851  -1.37  1.728  4.113  15332    1.0
c3i    0.627   0.019  2.342 -3.692 -1.962  0.661  3.247  4.683  15408    1.0
c4i    1.175   0.014  1.619 -1.786 -0.497  1.119  2.909  4.329  13878    1.0
mu     0.637   0.003  0.268  0.126  0.386   0.63  0.878  1.207   9652    1.0
dt     9.961   0.023  1.862  5.837  8.632 10.088  11.35 13.078   6325  1.001
t0    -2.133   0.016  1.833 -4.844 -4.088 -2.354 -0.156  1.819  12628    1.0
lp__  -708.9   0.069   5.01 -719.7 -713.8 -708.6 -703.9 -700.0   5217  1.001

Samples were drawn using NUTS at Sun Sep  6 08:24:46 2020.
For each parameter, n_eff is a crude measure of effective sample size,
and Rhat is the potential scale reduction factor on split chains (at 
convergence, Rhat=1).