Inference for Stan model: anon_model_97385ca0dcf43ba6c9440f90ffed67f9.
7 chains, each with iter=5000; warmup=1000; thin=1; 
post-warmup draws per chain=4000, total post-warmup draws=28000.

        mean se_mean     sd   2.5%    16%    50%    84%  97.5%  n_eff   Rhat
meanr  3.705   0.003  0.229  3.237  3.443  3.738  3.944  4.063   7258  1.001
sigr   0.515 6.06e-4  0.064  0.412   0.45  0.509   0.58  0.655  11229    1.0
meang  3.471   0.003  0.237  3.082  3.226   3.44  3.743  3.941   6136  1.001
sigg   0.458 3.55e-4  0.047  0.402  0.414  0.447  0.503  0.576  17587    1.0
meani  3.704   0.002  0.262  3.128   3.41  3.752  3.975  4.076  13464    1.0
sigi   0.612 7.32e-4  0.096  0.439  0.508  0.608  0.721  0.786  17314    1.0
c0r    0.761   0.003  0.303  0.413  0.474  0.667  1.104  1.491  14449    1.0
c1r   -2.338   0.012  1.372 -4.789 -3.904 -2.288 -0.919  0.222  12528  1.001
c2r   -1.788   0.019   2.17 -4.804 -4.009 -2.172  0.522  3.248  13297    1.0
c3r   -1.776   0.029  2.496 -4.858 -4.167  -2.41  0.914  4.258   7583  1.001
c4r   -0.457   0.014  1.386  -2.67  -1.83 -0.631  0.977  2.627  10252    1.0
c0g    0.706   0.002  0.278  0.408  0.454  0.619  0.992  1.432  16168  1.001
c1g   -1.773   0.017  1.812 -4.762 -3.749 -1.865  0.169   1.91  11694  1.001
c2g   -0.113   0.021  2.699 -4.577 -3.168 -0.219  3.066  4.647  16263    1.0
c3g   -0.349   0.022  2.538 -4.648 -3.235 -0.366   2.42  4.396  13769    1.0
c4g   -0.161   0.019  1.923 -3.995  -2.12  -0.15   1.86  3.457  10051  1.001
c0i    0.755   0.002  0.295   0.41  0.473  0.673  1.075  1.483  14873    1.0
c1i   -2.545   0.011  1.366 -4.846 -4.064 -2.566 -1.106  0.125  14489    1.0
c2i   -1.498   0.021  2.448 -4.856 -4.073 -1.914   1.23  3.918  13639    1.0
c3i   -0.557   0.023  2.528 -4.537 -3.286 -0.817  2.336  4.466  11633    1.0
c4i    0.549   0.015  1.607  -2.16 -1.092  0.406   2.25  3.923  11833    1.0
mu     0.666   0.001  0.164  0.357  0.511  0.663  0.814  0.997  16452    1.0
dt    13.945   0.016  1.458  10.51 12.695  14.14 15.226 16.225   8782  1.001
t0     0.195   0.021  2.303 -4.318 -2.297  0.293  2.654  4.322  12204    1.0
lp__  -758.9   0.064  4.891 -769.4 -763.7 -758.6 -754.1 -750.2   5853  1.001

Samples were drawn using NUTS at Sun Sep  6 14:56:02 2020.
For each parameter, n_eff is a crude measure of effective sample size,
and Rhat is the potential scale reduction factor on split chains (at 
convergence, Rhat=1).