Inference for Stan model: anon_model_97385ca0dcf43ba6c9440f90ffed67f9.
7 chains, each with iter=5000; warmup=1000; thin=1; 
post-warmup draws per chain=4000, total post-warmup draws=28000.

        mean se_mean     sd   2.5%    16%    50%    84%  97.5%  n_eff   Rhat
meanr  3.809   0.002  0.152   3.49  3.661  3.817  3.965  4.072   8285  1.001
sigr   0.543  3.9e-4  0.044  0.468  0.501  0.538  0.587  0.642  12822    1.0
meang  3.724   0.003  0.175  3.198    3.6  3.747  3.873  3.996   4742  1.001
sigg    0.53 5.46e-4  0.054  0.431  0.478  0.528  0.582  0.647   9726  1.001
meani  3.675   0.002  0.207  3.166   3.49  3.703  3.859   4.03  10112    1.0
sigi   0.551   0.001  0.107  0.408  0.444  0.525  0.682  0.781   8456    1.0
c0r    0.772   0.003  0.369  0.409  0.459  0.635  1.143  1.774  11444  1.001
c1r   -2.449   0.013  1.273 -4.747  -3.88 -2.427 -1.065 -0.173   9974  1.001
c2r   -1.673   0.022   2.15 -4.788 -3.991 -1.984  0.837  2.598   9202    1.0
c3r   -2.639   0.016   1.55 -4.859 -4.315 -2.848 -0.866  0.399   9173    1.0
c4r   -0.321   0.012  1.128 -2.062 -1.494 -0.466  0.889   2.06   8812  1.001
c0g    0.753   0.003   0.35   0.41  0.462  0.629  1.075  1.737  12895  1.001
c1g   -2.616   0.013  1.315 -4.819 -4.075 -2.658 -1.191 -0.091  10515  1.001
c2g   -0.888   0.021  2.348 -4.566 -3.455 -1.096  1.708  3.906  11973  1.001
c3g   -2.002    0.02  1.958 -4.851 -4.106 -2.218  0.047  2.177   9597  1.001
c4g    0.519   0.013  1.306 -1.707 -0.786  0.425  1.872  3.254  10632  1.001
c0i    0.854   0.003  0.373  0.416  0.497  0.755  1.248  1.793  15502    1.0
c1i   -2.546   0.011  1.428 -4.854 -4.138 -2.607 -0.997  0.274  15658    1.0
c2i     0.07   0.026  2.802 -4.723 -3.257  0.166  3.274  4.679  11839  1.001
c3i    1.063   0.017  2.138 -3.226 -1.345  1.283  3.311  4.562  15131    1.0
c4i    1.891   0.015  1.575 -1.167  0.196  1.931  3.592  4.685  11342    1.0
mu     0.777   0.002  0.231  0.396  0.565  0.751  0.988  1.323  15735    1.0
dt    10.591   0.007   1.05  8.419  9.603 10.611 11.595 12.596  19668    1.0
t0    -2.972   0.012   1.41 -4.914 -4.446 -3.193  -1.47  0.187  14558    1.0
lp__  -730.6   0.076  5.161 -741.9 -735.7 -730.1 -725.5 -721.8   4627  1.002

Samples were drawn using NUTS at Mon Sep  7 04:13:52 2020.
For each parameter, n_eff is a crude measure of effective sample size,
and Rhat is the potential scale reduction factor on split chains (at 
convergence, Rhat=1).