Inference for Stan model: anon_model_97385ca0dcf43ba6c9440f90ffed67f9.
7 chains, each with iter=5000; warmup=1000; thin=1; 
post-warmup draws per chain=4000, total post-warmup draws=28000.

        mean se_mean     sd   2.5%    16%    50%    84%  97.5%  n_eff   Rhat
meanr   3.77   0.002  0.169  3.397   3.61  3.775  3.944  4.066   9087    1.0
sigr   0.551 4.72e-4  0.054  0.467    0.5  0.543  0.602  0.679  12913    1.0
meang  3.665   0.002  0.137  3.346   3.55  3.675   3.79  3.906   8250  1.001
sigg   0.476 3.44e-4  0.042   0.41  0.434   0.47  0.516  0.573  15009    1.0
meani  3.378   0.002  0.231  3.028  3.136  3.353  3.619  3.897  16682    1.0
sigi   0.597  8.4e-4  0.109  0.415  0.473  0.595  0.723  0.787  16758    1.0
c0r    0.736   0.003   0.35  0.408  0.452  0.607  1.067  1.726  12252    1.0
c1r   -2.533   0.013  1.281  -4.78 -3.961 -2.546 -1.158  -0.15   9495    1.0
c2r   -1.207   0.027  2.483 -4.846  -4.02 -1.427  1.638  3.493   8588    1.0
c3r   -1.724   0.017   1.67 -4.383  -3.57 -1.828  0.161  1.432   9131    1.0
c4r     0.17   0.013  1.179 -1.685 -1.086  0.068  1.427  2.623   8598    1.0
c0g    0.749   0.003  0.346   0.41  0.463  0.628  1.066  1.735  12693    1.0
c1g   -2.652   0.012  1.305 -4.831 -4.096 -2.703 -1.248 -0.111  11158    1.0
c2g    -0.68   0.023  2.507 -4.601 -3.454  -0.86  2.147  4.274  11687    1.0
c3g   -1.855   0.018   1.97  -4.83 -4.037 -2.018   0.31  2.079  11570    1.0
c4g    0.672   0.012  1.329 -1.593 -0.693  0.562  2.105  3.361  11346    1.0
c0i    0.756   0.003  0.345  0.409  0.457  0.642  1.083  1.706  17748    1.0
c1i   -1.516   0.013  1.515 -4.559 -3.154 -1.414  0.017  1.248  13232    1.0
c2i   -1.532   0.018  2.377 -4.851 -4.048 -1.899  1.089  3.696  16888    1.0
c3i    0.745    0.02   2.48 -3.888 -2.044  0.821  3.564  4.776  15608    1.0
c4i    0.018   0.015  1.733 -3.122 -1.747 -0.077  1.808  3.587  12855    1.0
mu     0.829   0.002   0.29  0.333  0.561    0.8  1.101  1.481  14837    1.0
dt    10.118   0.012   1.17   7.63  9.113 10.212 11.171 12.068   9946  1.001
t0    -2.782   0.012  1.541   -4.9 -4.382 -3.033 -1.146   0.68  16445    1.0
lp__  -660.7   0.072  4.956 -671.6 -665.5 -660.2 -655.8 -652.2   4779  1.001

Samples were drawn using NUTS at Sun Sep  6 14:23:09 2020.
For each parameter, n_eff is a crude measure of effective sample size,
and Rhat is the potential scale reduction factor on split chains (at 
convergence, Rhat=1).