Inference for Stan model: anon_model_97385ca0dcf43ba6c9440f90ffed67f9.
7 chains, each with iter=5000; warmup=1000; thin=1; 
post-warmup draws per chain=4000, total post-warmup draws=28000.

        mean se_mean     sd   2.5%    16%    50%    84%  97.5%  n_eff   Rhat
meanr  3.669   0.002  0.193  3.266  3.479  3.677  3.863  4.026   8127  1.001
sigr   0.624 7.36e-4  0.074  0.486  0.547  0.624  0.702   0.77  10136    1.0
meang  3.244   0.002  0.177  3.011  3.065  3.213   3.42  3.654  13029    1.0
sigg   0.514 5.44e-4   0.07  0.409  0.443  0.504  0.584  0.678  16685    1.0
meani  3.335   0.002  0.228  3.016  3.102    3.3  3.567  3.871  20208    1.0
sigi   0.604 6.94e-4  0.105   0.42  0.486  0.601  0.725  0.787  23060    1.0
c0r    0.822   0.004  0.404   0.41  0.465  0.674  1.272  1.848  10601  1.001
c1r   -2.428   0.013  1.254 -4.725 -3.821 -2.401 -1.079 -0.206   9440    1.0
c2r   -2.373    0.02  1.838 -4.889 -4.333 -2.686 -0.271  1.454   8765  1.001
c3r   -2.716   0.014  1.322  -4.72  -4.09 -2.905 -1.248 -0.012   8980    1.0
c4r   -0.545    0.01  0.926 -2.034  -1.48 -0.639   0.41  1.423   8904    1.0
c0g    0.735   0.003  0.338  0.408  0.452  0.617  1.049  1.688  17571    1.0
c1g   -1.777   0.013  1.609 -4.681  -3.52 -1.792 -0.098  1.387  16152    1.0
c2g   -0.672    0.02  2.653 -4.759 -3.631 -0.918  2.396  4.425  17503    1.0
c3g    0.339   0.021  2.574 -4.352 -2.597  0.386  3.249  4.666  14534    1.0
c4g    0.293   0.017  1.872 -3.459 -1.608  0.317  2.211  3.875  11682    1.0
c0i    0.762   0.003  0.356  0.408  0.456  0.638  1.111  1.732  17194    1.0
c1i   -1.636   0.013  1.671  -4.67 -3.453 -1.652  0.099  1.627  16256    1.0
c2i   -0.851   0.019  2.562 -4.776 -3.681 -1.113  2.076  4.215  18973    1.0
c3i    0.914   0.018  2.446 -3.897 -1.833  1.104  3.614  4.772  17674    1.0
c4i    0.483   0.016  1.889 -3.274 -1.427  0.499  2.434  4.085  14595    1.0
mu     0.678   0.002  0.219    0.2  0.475  0.686  0.878  1.094   9168    1.0
dt    11.462   0.021  1.571  7.896 10.429 11.679  12.58 13.379   5524  1.001
t0     1.489   0.024  2.306 -3.739 -0.978  1.852  3.871  4.786   9549    1.0
lp__  -703.3   0.067  4.875 -713.8 -708.1 -702.9 -698.5 -694.9   5263  1.001

Samples were drawn using NUTS at Mon Sep  7 08:20:32 2020.
For each parameter, n_eff is a crude measure of effective sample size,
and Rhat is the potential scale reduction factor on split chains (at 
convergence, Rhat=1).