Inference for Stan model: anon_model_97385ca0dcf43ba6c9440f90ffed67f9.
7 chains, each with iter=5000; warmup=1000; thin=1; 
post-warmup draws per chain=4000, total post-warmup draws=28000.

        mean se_mean     sd   2.5%    16%    50%    84%  97.5%  n_eff   Rhat
meanr  3.882   0.001  0.107  3.681  3.775  3.876    4.0   4.08   9139  1.001
sigr   0.519  3.0e-4  0.031  0.465  0.488  0.516  0.549  0.588  11018    1.0
meang  3.834 8.14e-4   0.08   3.69  3.755  3.829  3.915  4.001   9687  1.001
sigg   0.468 2.82e-4   0.03  0.419  0.439  0.465  0.497  0.535  11178    1.0
meani  3.257   0.004  0.201  3.017  3.085  3.211  3.402  3.842   2981  1.002
sigi    0.73   0.001  0.071  0.502  0.685  0.751  0.786  0.798   2814  1.003
c0r    0.788   0.002  0.274  0.456   0.54  0.704  1.082  1.474  12107  1.001
c1r   -3.201    0.01  1.171 -4.925 -4.496 -3.333 -1.855 -0.897  12766  1.001
c2r   -1.236   0.024  2.207 -4.781 -3.798 -1.279   1.25  2.693   8229    1.0
c3r    -2.32   0.016  1.501 -4.765 -4.062  -2.34 -0.621  0.323   8498    1.0
c4r    0.139   0.011  1.065 -1.673 -1.016  0.107  1.277  2.204   8867    1.0
c0g    0.848   0.002  0.256  0.501  0.609  0.786  1.116  1.483  12191    1.0
c1g   -3.365   0.009  1.088 -4.921 -4.544 -3.502 -2.155 -1.086  14785    1.0
c2g    0.815   0.027  2.469 -3.844 -2.127  1.113  3.479  4.699   8559  1.001
c3g   -1.253    0.02  1.854 -4.753 -3.479 -1.012  0.734  1.591   8990  1.001
c4g     1.59   0.013   1.27 -0.808  0.175  1.645  2.967  3.797   9003  1.001
c0i    0.901   0.003  0.326  0.425  0.551  0.854   1.29  1.546  14479    1.0
c1i   -2.038   0.012   1.16 -4.355  -3.26 -1.983 -0.875  0.119   9587  1.001
c2i   -2.988   0.019   1.67 -4.935 -4.554 -3.403 -1.367  1.219   7862    1.0
c3i    1.403   0.024   2.28 -3.133 -1.164  1.623  3.925  4.838   9008    1.0
c4i   -0.246   0.013  1.277 -2.574 -1.552 -0.267  1.038  2.253   9366    1.0
mu      0.52 6.91e-4  0.099   0.34  0.424  0.514  0.614  0.732  20334    1.0
dt    13.257   0.007  1.019 11.084 12.254 13.318 14.267 15.056  19257    1.0
t0    -3.985   0.008  0.873 -4.966 -4.774  -4.19  -3.21 -1.779  10714    1.0
lp__  -696.0   0.057  4.503 -706.0 -700.4 -695.6 -691.6 -688.4   6309  1.001

Samples were drawn using NUTS at Sun Sep  6 11:58:22 2020.
For each parameter, n_eff is a crude measure of effective sample size,
and Rhat is the potential scale reduction factor on split chains (at 
convergence, Rhat=1).