Inference for Stan model: anon_model_97385ca0dcf43ba6c9440f90ffed67f9.
7 chains, each with iter=5000; warmup=1000; thin=1; 
post-warmup draws per chain=4000, total post-warmup draws=28000.

        mean se_mean     sd   2.5%    16%    50%    84%  97.5%  n_eff   Rhat
meanr  3.796 7.05e-4  0.071  3.663  3.727  3.792  3.868  3.943  10155    1.0
sigr   0.482 1.62e-4  0.019   0.45  0.464   0.48  0.501  0.525  13915    1.0
meang  3.837 7.93e-4  0.079  3.686  3.755  3.838  3.917  3.988   9906    1.0
sigg    0.48 1.95e-4  0.021  0.445  0.459  0.478  0.501  0.526  11825    1.0
meani  3.665   0.004   0.21  3.122  3.427  3.726  3.822  3.944   2294  1.005
sigi   0.509   0.002  0.108  0.405  0.423  0.465  0.656  0.774   2158  1.005
c0r    0.707   0.002  0.261  0.426  0.484   0.62  0.962  1.422  11265    1.0
c1r   -3.237   0.012  1.185 -4.927  -4.53 -3.394 -1.878 -0.792  10363    1.0
c2r   -1.363   0.021  2.014 -4.772 -3.723 -1.291  0.836  2.205   8927    1.0
c3r   -2.125   0.015  1.401 -4.531 -3.767 -2.067 -0.577  0.272   9031    1.0
c4r    0.396   0.009  0.894 -1.199 -0.563  0.394  1.334  2.143   9648    1.0
c0g    0.751   0.002  0.248  0.487  0.542  0.667  0.989  1.436  10279  1.001
c1g   -3.321   0.011   1.16  -4.93 -4.567 -3.507  -1.98 -0.898  11182    1.0
c2g    0.727   0.024  2.271 -3.826 -1.987  1.132  3.013  4.277   8806    1.0
c3g   -1.412   0.017  1.649 -4.737 -3.407 -1.096  0.285  0.978   9185    1.0
c4g      1.3   0.013  1.193 -1.101 -0.032  1.399  2.541  3.346   8865    1.0
c0i     0.79   0.002  0.284  0.419   0.51  0.727  1.093  1.478  15193    1.0
c1i   -2.828   0.015   1.32 -4.888 -4.299 -2.919 -1.376 -0.204   8055  1.001
c2i   -0.257   0.039  2.839 -4.798 -3.601 -0.306  3.032  4.613   5176  1.002
c3i    0.503   0.019  2.114 -3.467 -1.863  0.605  2.781  4.203  12770    1.0
c4i    1.668   0.024  1.663 -1.594 -0.092  1.703  3.469  4.604   4805  1.002
mu      0.95 2.36e-4   0.04  0.873  0.911   0.95  0.989  1.027  28030    1.0
dt    15.721   0.001  0.234 15.244 15.489 15.727 15.953 16.166  31466    1.0
t0    -4.554   0.003  0.401 -4.987 -4.914 -4.667 -4.182 -3.523  25714    1.0
lp__  -749.1    0.06  4.614 -759.2 -753.7 -748.8 -744.5 -741.1   5834  1.001

Samples were drawn using NUTS at Sun Sep  6 19:28:13 2020.
For each parameter, n_eff is a crude measure of effective sample size,
and Rhat is the potential scale reduction factor on split chains (at 
convergence, Rhat=1).