Inference for Stan model: anon_model_97385ca0dcf43ba6c9440f90ffed67f9.
7 chains, each with iter=5000; warmup=1000; thin=1; 
post-warmup draws per chain=4000, total post-warmup draws=28000.

        mean se_mean     sd   2.5%    16%    50%    84%  97.5%  n_eff   Rhat
meanr  3.693   0.002  0.199  3.253  3.485  3.716  3.885  4.039   7153    1.0
sigr   0.562 7.75e-4  0.072  0.458  0.494  0.547  0.637  0.733   8614    1.0
meang  3.635   0.004  0.242  3.078  3.374  3.683  3.858  4.007   3520  1.001
sigg   0.527  8.1e-4  0.066  0.414  0.461   0.52  0.593  0.675   6736    1.0
meani  3.415   0.003  0.284  3.019  3.113  3.363   3.75  3.986   7734  1.001
sigi   0.642   0.001  0.114  0.426  0.502  0.664  0.765  0.795   7930  1.001
c0r    0.799   0.004  0.391  0.408  0.455  0.649  1.232  1.806  10083  1.001
c1r   -2.096   0.013  1.207 -4.516 -3.407 -2.005 -0.852 -0.008   8526  1.001
c2r    -2.21   0.023  2.068 -4.897 -4.341 -2.682  0.254  2.123   8249    1.0
c3r   -2.605   0.015  1.413 -4.699 -4.068 -2.854 -0.953   0.28   9195    1.0
c4r   -0.606   0.012  1.039 -2.151 -1.637 -0.792  0.536  1.646   7963    1.0
c0g    0.744   0.003   0.36  0.408  0.448  0.608  1.091  1.756  13194    1.0
c1g   -1.999   0.014  1.358 -4.536 -3.414 -1.994 -0.671  0.705   8982    1.0
c2g   -1.184   0.021  2.272 -4.581 -3.567 -1.516  1.356  3.635  11884    1.0
c3g    -2.07   0.027  2.146 -4.874 -4.241 -2.467  0.036  3.334   6103    1.0
c4g   -0.046   0.012  1.276 -2.205  -1.31 -0.145  1.275  2.596  11022    1.0
c0i     0.77   0.003  0.354  0.409  0.462   0.65  1.112  1.732  14359    1.0
c1i   -1.846   0.013  1.427 -4.587 -3.382 -1.802 -0.384  0.848  11710    1.0
c2i   -1.496   0.023   2.52 -4.879 -4.126 -1.961  1.343  4.083  11506    1.0
c3i    1.002    0.02  2.294 -3.457 -1.557  1.145  3.551  4.741  13224  1.001
c4i    0.545   0.016  1.539 -2.235 -0.983  0.453  2.111  3.791   9719    1.0
mu     1.082   0.002  0.229   0.65  0.874  1.074  1.285  1.566  16097    1.0
dt    12.362   0.009  1.002 10.119 11.453 12.475 13.288 13.991  12955    1.0
t0    -2.032   0.023  2.104 -4.882 -4.231 -2.429  0.357  2.475   8684    1.0
lp__  -679.6   0.076   5.18 -690.8 -684.8 -679.2 -674.5 -670.7   4647  1.001

Samples were drawn using NUTS at Sun Sep  6 20:22:29 2020.
For each parameter, n_eff is a crude measure of effective sample size,
and Rhat is the potential scale reduction factor on split chains (at 
convergence, Rhat=1).