Inference for Stan model: anon_model_97385ca0dcf43ba6c9440f90ffed67f9.
7 chains, each with iter=5000; warmup=1000; thin=1; 
post-warmup draws per chain=4000, total post-warmup draws=28000.

        mean se_mean     sd   2.5%    16%    50%    84%  97.5%  n_eff   Rhat
meanr  3.534   0.002  0.201  3.135  3.335  3.534  3.726  3.956  11263    1.0
sigr   0.677 4.22e-4  0.058  0.568  0.617  0.675  0.741  0.787  19064    1.0
meang  3.586   0.003  0.204  3.107   3.41  3.581  3.785  3.995   6365  1.001
sigg   0.618 6.29e-4  0.061  0.503  0.561  0.614  0.679  0.752   9358  1.001
meani   3.35   0.001  0.178   3.06  3.183  3.329  3.511  3.786  15771    1.0
sigi   0.649 6.17e-4  0.081  0.502  0.563  0.646  0.743  0.791  17044    1.0
c0r    0.735   0.003  0.301  0.407  0.453  0.637  1.068  1.472  13076    1.0
c1r   -2.302   0.011  1.082 -4.421 -3.457 -2.249 -1.201 -0.294   9849    1.0
c2r   -2.605   0.018  1.829 -4.914 -4.445 -3.012  -0.58   1.53  10155    1.0
c3r   -2.431   0.014  1.425 -4.557 -3.836 -2.644 -0.979  0.715  10949    1.0
c4r   -0.833   0.009  0.932 -2.267 -1.734  -0.98  0.133  1.263  10954    1.0
c0g    0.651   0.002  0.262  0.405  0.436  0.557  0.894  1.398  14517    1.0
c1g   -2.325   0.011  1.188 -4.566 -3.578 -2.329 -1.098 -0.028  10901    1.0
c2g   -0.243   0.028  2.633 -4.512 -3.263 -0.301  2.781  4.379   8750  1.001
c3g   -1.442   0.022  2.113 -4.796 -3.891 -1.472  0.909  2.255   9130  1.001
c4g    0.759   0.013  1.312 -1.577 -0.645  0.734  2.198  3.182   9672  1.001
c0i    0.902   0.002  0.333  0.422  0.536  0.854  1.299  1.548  18251    1.0
c1i   -2.462   0.014  1.595 -4.847 -4.164 -2.669 -0.693   0.89  13764    1.0
c2i   -0.769    0.02  2.512 -4.716 -3.492 -1.019  2.067  4.284  15599    1.0
c3i    2.564   0.012  1.673 -1.193  0.786  2.839  4.296  4.888  21126    1.0
c4i    2.836   0.009  1.227  0.241  1.588  2.902   4.15  4.828  18711    1.0
mu     0.687 8.23e-4  0.116  0.466  0.576  0.684  0.796  0.927  19767    1.0
dt    12.758   0.006  0.852 10.958 11.929 12.799 13.589 14.341  23897    1.0
t0    -3.701   0.006  0.913 -4.948 -4.659 -3.847  -2.72 -1.669  19971    1.0
lp__  -700.0   0.067  4.978 -710.7 -705.0 -699.6 -695.1 -691.5   5551  1.001

Samples were drawn using NUTS at Sun Sep  6 17:23:36 2020.
For each parameter, n_eff is a crude measure of effective sample size,
and Rhat is the potential scale reduction factor on split chains (at 
convergence, Rhat=1).