Inference for Stan model: anon_model_97385ca0dcf43ba6c9440f90ffed67f9.
7 chains, each with iter=5000; warmup=1000; thin=1; 
post-warmup draws per chain=4000, total post-warmup draws=28000.

        mean se_mean     sd   2.5%    16%    50%    84%  97.5%  n_eff   Rhat
meanr  3.739   0.002  0.163  3.371  3.583  3.752  3.897  4.024   8320  1.001
sigr   0.557 5.86e-4  0.064  0.448  0.495  0.551  0.618  0.705  11981    1.0
meang  3.597   0.003  0.186  3.083  3.453  3.621  3.759  3.896   3751  1.001
sigg   0.499  4.5e-4  0.051  0.411  0.445  0.497   0.55  0.606  12867    1.0
meani  3.503   0.002  0.261  3.037  3.198  3.521  3.774  3.986  11308    1.0
sigi   0.586 9.03e-4  0.101  0.421  0.477  0.577  0.704  0.781  12548    1.0
c0r    0.791   0.004  0.379  0.409  0.463  0.654  1.182  1.795  11104    1.0
c1r   -2.245   0.014  1.273 -4.717 -3.679 -2.156 -0.911 -0.054   8763  1.001
c2r   -2.143   0.021  1.973 -4.881 -4.266 -2.462  0.173  1.856   8445  1.001
c3r   -2.656   0.015  1.384 -4.728 -4.127  -2.85 -1.044  0.106   8976  1.001
c4r   -0.461   0.011  0.977 -1.973 -1.468 -0.585  0.578  1.623   8187  1.001
c0g    0.742   0.003  0.346  0.408  0.456   0.62  1.058   1.73  14342    1.0
c1g   -2.452   0.013  1.351 -4.781 -3.922  -2.47 -1.065  0.175  10433    1.0
c2g   -0.909   0.022  2.467 -4.668 -3.581 -1.188  1.878  4.135  12040    1.0
c3g   -1.805   0.024  2.107  -4.83 -4.071  -2.08  0.431  2.733   7954    1.0
c4g    0.504   0.014  1.347  -1.78   -0.8  0.401  1.911  3.251   9092    1.0
c0i    0.728   0.003  0.338  0.407  0.449  0.606   1.04   1.69  16608    1.0
c1i   -1.898   0.011  1.344 -4.583 -3.335 -1.834 -0.543  0.618  14490    1.0
c2i   -1.542    0.02  2.427 -4.854 -4.099 -1.966  1.159  3.798  15275    1.0
c3i   -0.102   0.021  2.396 -4.037 -2.671 -0.305  2.644  4.545  13248    1.0
c4i    0.414   0.014  1.524 -2.142 -1.143  0.271  2.004  3.658  12381    1.0
mu     1.161   0.004  0.366  0.577  0.799  1.119  1.528   1.99   9645    1.0
dt    12.305   0.008  0.932 10.621 11.504 12.257 13.072 14.429  12050    1.0
t0     1.782   0.019  2.261 -3.498 -0.617  2.201  4.087  4.853  14125    1.0
lp__  -675.6   0.084  5.151 -686.7 -680.7 -675.1 -670.5 -666.7   3753  1.002

Samples were drawn using NUTS at Mon Sep  7 09:29:08 2020.
For each parameter, n_eff is a crude measure of effective sample size,
and Rhat is the potential scale reduction factor on split chains (at 
convergence, Rhat=1).