Inference for Stan model: anon_model_97385ca0dcf43ba6c9440f90ffed67f9.
7 chains, each with iter=5000; warmup=1000; thin=1; 
post-warmup draws per chain=4000, total post-warmup draws=28000.

        mean se_mean     sd   2.5%    16%    50%    84%  97.5%  n_eff   Rhat
meanr  3.718   0.003  0.226  3.216  3.433  3.784   3.92  4.036   4547  1.002
sigr   0.468 3.77e-4  0.048  0.404  0.423  0.459  0.513  0.587  15980    1.0
meang  3.749   0.005  0.261  3.129  3.409  3.837   3.97  4.066   2544  1.001
sigg   0.511 7.61e-4  0.062   0.41  0.449  0.505   0.57  0.656   6705  1.001
meani  3.561   0.003  0.277  3.061  3.231  3.595  3.854  4.021   7322  1.001
sigi   0.579   0.002  0.128  0.405  0.436  0.564  0.738  0.791   7157  1.001
c0r    1.344   0.002  0.269   1.01  1.069  1.276  1.664  1.933  23796    1.0
c1r   -1.823   0.012  1.338  -4.32 -3.178 -1.851 -0.527  0.999  11959  1.001
c2r   -0.479   0.027  2.778 -4.753 -3.609 -0.717   2.83  4.587  10727  1.001
c3r   -0.447   0.025  2.471  -4.57 -3.244  -0.52  2.324    4.2  10067  1.001
c4r    0.876   0.014   1.39  -1.83 -0.534   0.86  2.357  3.438   9733  1.001
c0g    1.343   0.002  0.268  1.011  1.071  1.276  1.661  1.932  23302    1.0
c1g   -1.698    0.02   1.53 -4.277 -3.129 -1.859  -0.34  2.081   5850    1.0
c2g   -0.236   0.023  2.582 -4.342 -3.104 -0.402  2.771  4.585  12891  1.001
c3g   -1.321   0.023  2.313 -4.822 -3.895  -1.49  1.301  3.165   9799  1.001
c4g    0.623    0.02  1.565 -2.799 -0.839  0.647   2.23  3.452   5987  1.001
c0i    1.377   0.002  0.276  1.012  1.084  1.323  1.707  1.946  26290    1.0
c1i   -1.234   0.015  1.752 -4.459 -3.126 -1.249   0.65   2.08  14264    1.0
c2i   -0.349   0.024  2.777  -4.75 -3.522 -0.493   2.92  4.613  13431    1.0
c3i    1.634   0.017  2.157 -2.924 -0.778  1.943  3.922  4.794  16855    1.0
c4i    1.468   0.015  1.607 -1.644 -0.186  1.445  3.165  4.513  10977  1.001
mu     0.792  4.4e-4  0.051  0.692  0.741  0.793  0.843  0.889  13260    1.0
dt    39.487   0.006  0.717 38.076 38.767 39.495 40.207 40.875  12838    1.0
t0     -2.39   0.017   1.93 -4.902 -4.324 -2.773 -0.381  2.246  13211    1.0
lp__  -730.6   0.078  4.854 -741.1 -735.4 -730.3 -725.7 -722.2   3897  1.001

Samples were drawn using NUTS at Sun Sep  6 17:48:02 2020.
For each parameter, n_eff is a crude measure of effective sample size,
and Rhat is the potential scale reduction factor on split chains (at 
convergence, Rhat=1).