Inference for Stan model: anon_model_97385ca0dcf43ba6c9440f90ffed67f9.
7 chains, each with iter=5000; warmup=1000; thin=1; 
post-warmup draws per chain=4000, total post-warmup draws=28000.

        mean se_mean     sd   2.5%    16%    50%    84%  97.5%  n_eff   Rhat
meanr  3.937   0.001  0.095  3.755  3.831  3.943  4.042  4.089   7924    1.0
sigr   0.549 2.49e-4  0.026  0.499  0.521  0.549  0.576  0.598  10966    1.0
meang  3.727 8.41e-4   0.07  3.597  3.666  3.728   3.79  3.855   6939  1.001
sigg   0.479 1.82e-4  0.022  0.438  0.458  0.478    0.5  0.524  14417    1.0
meani   3.54   0.002  0.277  3.065  3.232  3.532  3.853  4.054  15363    1.0
sigi   0.604 6.61e-4  0.098  0.436    0.5  0.596  0.719  0.786  21862    1.0
c0r    0.698   0.001  0.191   0.49  0.522  0.638  0.902   1.18  16682    1.0
c1r   -1.747   0.013   1.14 -4.169 -2.918 -1.699 -0.536  0.204   8073    1.0
c2r    1.609   0.036  2.697 -4.425 -1.659  2.428  4.217  4.872   5670  1.001
c3r    0.546   0.028  2.106 -4.135 -1.991  1.155  2.589  3.168   5774    1.0
c4r    1.714   0.013  1.061 -0.598  0.515  1.904  2.772  3.269   6391  1.001
c0g    0.711   0.002  0.196  0.491  0.526  0.651  0.928  1.195  16915    1.0
c1g   -2.232   0.012  1.301 -4.623  -3.62  -2.26 -0.835  0.308  11309    1.0
c2g    0.572    0.03   2.84 -4.495 -2.841  0.789  3.838  4.821   8945    1.0
c3g   -0.457   0.025  2.359 -4.654 -3.286 -0.291  2.243   3.12   9172    1.0
c4g    1.711   0.012  1.165 -0.528    0.4  1.806  2.928  3.713   9702    1.0
c0i    0.724   0.001    0.2  0.491   0.53  0.666  0.949  1.202  23134    1.0
c1i   -1.587   0.011  1.402 -4.408  -3.06 -1.542 -0.163  1.051  15033    1.0
c2i   -1.206    0.02  2.524 -4.808 -3.923 -1.562  1.638   4.13  16316    1.0
c3i     0.32   0.021  2.507 -4.192 -2.489  0.347  3.149  4.663  14235    1.0
c4i    0.508   0.013  1.504 -2.211 -1.079  0.479  2.072  3.474  13744    1.0
mu     1.497 1.57e-4  0.028  1.442  1.468  1.496  1.525  1.552  32511    1.0
dt    47.753   0.001  0.244 47.277  47.51 47.752 47.996 48.233  39247    1.0
t0    -4.632   0.002  0.343  -4.99  -4.93 -4.734 -4.323 -3.722  30157    1.0
lp__  -811.9   0.057   4.51 -821.8 -816.3 -811.5 -807.5 -804.3   6273  1.001

Samples were drawn using NUTS at Sun Sep  6 13:35:04 2020.
For each parameter, n_eff is a crude measure of effective sample size,
and Rhat is the potential scale reduction factor on split chains (at 
convergence, Rhat=1).