Inference for Stan model: anon_model_97385ca0dcf43ba6c9440f90ffed67f9.
7 chains, each with iter=5000; warmup=1000; thin=1; 
post-warmup draws per chain=4000, total post-warmup draws=28000.

        mean se_mean     sd   2.5%    16%    50%    84%  97.5%  n_eff   Rhat
meanr  3.722   0.002  0.147  3.449  3.573  3.718  3.871   4.03   8324    1.0
sigr   0.627 6.99e-4   0.07  0.504  0.554  0.623  0.701  0.772   9974    1.0
meang  3.435   0.003  0.212  3.037  3.174  3.475  3.653  3.764   5576  1.001
sigg   0.477 4.39e-4  0.048  0.405  0.427   0.47  0.527  0.585  12212    1.0
meani  3.399   0.002  0.234  3.031  3.147   3.38  3.642  3.905  16732    1.0
sigi     0.6 7.01e-4  0.104  0.417  0.483    0.6  0.717  0.785  21845    1.0
c0r    1.391   0.002  0.279  1.012  1.089  1.343  1.728  1.949  19484    1.0
c1r   -1.326   0.006   0.59 -2.495 -1.905  -1.33 -0.728 -0.174   8991  1.001
c2r   -2.857    0.02  1.619 -4.929 -4.513 -3.226 -0.978  0.675   6626  1.001
c3r   -2.921   0.014  1.188  -4.57 -4.129 -3.156 -1.563 -0.351   6762  1.001
c4r   -1.118   0.009  0.728  -2.23 -1.841 -1.235 -0.321  0.468   6951  1.001
c0g    1.352   0.002  0.273   1.01  1.071  1.287  1.676  1.942  27533    1.0
c1g   -1.544    0.01  1.154 -3.752 -2.669 -1.588 -0.395  0.841  12328    1.0
c2g   -1.286   0.024  2.501 -4.813 -3.948 -1.678  1.511  4.079  11296    1.0
c3g   -0.891   0.027  2.483 -4.674  -3.56 -1.175  1.893   4.24   8614  1.002
c4g    0.272   0.012  1.183 -1.763 -0.924  0.175  1.522  2.683  10519  1.001
c0i     1.35   0.002   0.27   1.01  1.074  1.288  1.669  1.939  28644    1.0
c1i   -0.994   0.012  1.442 -3.929 -2.528 -0.916  0.515  1.512  13407    1.0
c2i   -0.787    0.02  2.509 -4.764 -3.611 -0.896  2.023  4.075  15540    1.0
c3i    1.394   0.017  2.175 -3.004 -0.993  1.564  3.793    4.8  16251    1.0
c4i     1.08   0.011  1.363 -1.596 -0.326  1.106  2.446  3.723  14440  1.001
mu     0.713 3.78e-4  0.046  0.624  0.667  0.712  0.759  0.804  14745    1.0
dt    26.078   0.003  0.465 25.198 25.617 26.067 26.542 27.024  28130    1.0
t0    -0.049   0.018  1.879 -3.892 -2.014  0.042   1.88  3.326  10660    1.0
lp__  -729.2   0.065   4.78 -739.6 -733.9 -728.8 -724.5 -720.8   5376  1.001

Samples were drawn using NUTS at Sun Sep  6 07:39:11 2020.
For each parameter, n_eff is a crude measure of effective sample size,
and Rhat is the potential scale reduction factor on split chains (at 
convergence, Rhat=1).