Inference for Stan model: anon_model_97385ca0dcf43ba6c9440f90ffed67f9.
7 chains, each with iter=5000; warmup=1000; thin=1; 
post-warmup draws per chain=4000, total post-warmup draws=28000.

        mean se_mean     sd   2.5%    16%    50%    84%  97.5%  n_eff   Rhat
meanr  3.692   0.001  0.142  3.404  3.556  3.693  3.831  3.975  10258  1.001
sigr   0.569 5.23e-4   0.06  0.464  0.508  0.566  0.629  0.697  13124    1.0
meang  3.566   0.002  0.179  3.101  3.414  3.585  3.728  3.871   5745  1.001
sigg    0.52 5.56e-4  0.061  0.417  0.458  0.515  0.581  0.651  11925    1.0
meani  3.949   0.001  0.123  3.654  3.835  3.976  4.064  4.095  14974    1.0
sigi   0.657 6.26e-4  0.077  0.507  0.575  0.657  0.743  0.791  15260    1.0
c0r    0.756   0.003  0.356  0.409  0.462  0.626   1.09  1.761  10856    1.0
c1r    -2.83   0.012  1.253 -4.854 -4.211 -2.915 -1.443 -0.357  10201    1.0
c2r   -1.658   0.021  2.171  -4.84 -4.032 -1.899  0.763  2.794  10639  1.001
c3r   -2.103   0.015  1.585 -4.539 -3.801  -2.26 -0.373  1.137  11031  1.001
c4r    0.191    0.01  1.067 -1.562 -0.877  0.082  1.268  2.539  10913    1.0
c0g    0.744   0.003  0.329  0.411  0.468  0.636  1.037  1.685  12725    1.0
c1g    -2.73   0.012   1.37 -4.862 -4.218 -2.843 -1.257  0.076  12813    1.0
c2g    0.301   0.026  2.754 -4.506 -2.951  0.442  3.451  4.734  11239    1.0
c3g   -0.824    0.02  2.206 -4.669 -3.416 -0.715  1.565  2.902  11831    1.0
c4g    1.353   0.015  1.488 -1.447 -0.217  1.396  2.936  3.971   9831    1.0
c0i     1.04   0.004  0.409  0.456  0.618  0.962   1.52  1.903  10338  1.001
c1i   -2.255   0.013  1.263 -4.759 -3.729 -2.071 -0.939 -0.269   9041  1.001
c2i   -2.986   0.013  1.372 -4.854 -4.315 -3.248 -1.623  0.225  11389  1.001
c3i   -3.512   0.011  1.141 -4.936 -4.606 -3.753 -2.383  -0.85  11228  1.001
c4i   -0.882   0.009  0.945 -2.326 -1.784 -1.018  0.002  1.334  10817  1.001
mu     0.711 9.12e-4  0.141  0.445   0.58  0.705  0.839  1.017  23947    1.0
dt    12.198   0.006  0.713 10.542 11.557 12.278 12.854  13.37  16408    1.0
t0     0.746   0.023  2.344 -4.176 -1.824  0.985  3.204  4.557  10664  1.001
lp__  -723.3   0.074  5.167 -734.5 -728.4 -722.9 -718.2 -714.4   4883  1.001

Samples were drawn using NUTS at Mon Sep  7 06:17:43 2020.
For each parameter, n_eff is a crude measure of effective sample size,
and Rhat is the potential scale reduction factor on split chains (at 
convergence, Rhat=1).