Inference for Stan model: anon_model_97385ca0dcf43ba6c9440f90ffed67f9.
7 chains, each with iter=5000; warmup=1000; thin=1; 
post-warmup draws per chain=4000, total post-warmup draws=28000.

        mean se_mean     sd   2.5%    16%    50%    84%  97.5%  n_eff   Rhat
meanr  3.901  9.9e-4  0.097  3.695  3.807  3.903  4.002  4.075   9675  1.001
sigr   0.532 3.26e-4   0.04  0.469  0.494  0.527   0.57  0.624  15138    1.0
meang  3.685   0.003  0.185   3.25  3.488  3.727  3.844  3.968   3948  1.001
sigg   0.486  4.9e-4  0.047  0.411  0.439   0.48  0.533  0.593   9374    1.0
meani  3.549   0.002  0.208  3.162  3.343  3.537  3.762  3.993  17103    1.0
sigi    0.63 6.58e-4   0.09  0.461  0.532  0.629  0.731  0.788  18762    1.0
c0r    0.907   0.003  0.282  0.533  0.632  0.833  1.237  1.535  12198    1.0
c1r   -3.077    0.01  1.154 -4.908 -4.414 -3.103 -1.754 -1.003  12540    1.0
c2r   -2.023   0.018  1.762 -4.747 -3.937 -2.195 -0.034  1.407   9350  1.001
c3r   -3.067   0.012  1.235 -4.895 -4.406 -3.212 -1.667 -0.583   9983  1.001
c4r   -0.438   0.009  0.928 -2.022 -1.397 -0.505  0.547  1.449   9774  1.001
c0g    0.833   0.002  0.283  0.441  0.564  0.765  1.147  1.499  12824    1.0
c1g   -3.034   0.012  1.268 -4.909 -4.409 -3.153 -1.695 -0.412  12148    1.0
c2g   -0.649   0.022   2.42 -4.494 -3.277 -0.875  2.078  4.188  12587    1.0
c3g   -1.726   0.025  2.222 -4.859 -4.053   -2.0  0.482  3.677   7822  1.001
c4g    0.355   0.014   1.39 -2.219 -1.015  0.274  1.813  3.126  10320    1.0
c0i    0.725   0.002  0.298  0.407  0.453  0.626  1.049  1.477  17301    1.0
c1i   -1.959   0.013  1.543 -4.722 -3.658 -1.969 -0.319  0.976  14417    1.0
c2i   -0.604   0.019  2.504 -4.717 -3.408 -0.695  2.184   4.19  16852    1.0
c3i    1.659   0.018  2.245 -3.135 -0.817  1.978  4.063  4.852  16416    1.0
c4i    0.465   0.014  1.613 -2.676 -1.181  0.477  2.106  3.615  13669    1.0
mu     0.586 3.54e-4  0.048   0.49  0.538  0.587  0.633  0.678  18234    1.0
dt     21.83   0.003  0.468  20.92 21.364 21.828  22.29 22.754  28809    1.0
t0    -3.016    0.01  1.294 -4.895 -4.378 -3.188 -1.662 -0.128  16052    1.0
lp__  -741.6   0.071  4.925 -752.3 -746.5 -741.2 -736.7 -733.1   4817  1.001

Samples were drawn using NUTS at Sun Sep  6 07:03:02 2020.
For each parameter, n_eff is a crude measure of effective sample size,
and Rhat is the potential scale reduction factor on split chains (at 
convergence, Rhat=1).