Inference for Stan model: anon_model_97385ca0dcf43ba6c9440f90ffed67f9.
7 chains, each with iter=5000; warmup=1000; thin=1; 
post-warmup draws per chain=4000, total post-warmup draws=28000.

        mean se_mean     sd   2.5%    16%    50%    84%  97.5%  n_eff   Rhat
meanr  3.889   0.001  0.116  3.644  3.771  3.896   4.01  4.081  10539    1.0
sigr   0.579 2.83e-4  0.039  0.511  0.541  0.577  0.616  0.663  18503    1.0
meang  3.741   0.002  0.119  3.508  3.651  3.742  3.844  3.962   4103  1.001
sigg   0.498 4.02e-4  0.044  0.422  0.456  0.495   0.54  0.594  11706    1.0
meani  3.827   0.002  0.183  3.276    3.7  3.855  3.987  4.076   8609    1.0
sigi   0.548 8.11e-4  0.085   0.42  0.466  0.533  0.631  0.758  11004    1.0
c0r    0.732   0.003  0.299  0.411  0.463  0.632  1.059  1.484  10042    1.0
c1r   -2.797   0.013  1.241 -4.848 -4.202 -2.823 -1.405 -0.515   8975  1.001
c2r   -1.762   0.019  1.879 -4.696 -3.812 -1.919  0.317  1.949   9956    1.0
c3r   -2.889   0.014  1.387 -4.891 -4.408 -3.047 -1.335 -0.068  10413    1.0
c4r   -0.283    0.01  1.001 -1.967 -1.329  -0.35  0.748  1.815  10213    1.0
c0g    0.731   0.002  0.266  0.418  0.489  0.655  0.995  1.427  12336    1.0
c1g   -2.927   0.013  1.325 -4.891 -4.356 -3.083 -1.463 -0.188  11085  1.001
c2g    1.154   0.028  2.628 -4.049 -2.013  1.618  3.964  4.833   9008  1.001
c3g   -0.561   0.021  2.096 -4.658 -3.076 -0.226  1.632  2.572   9803  1.001
c4g    1.963   0.016  1.417 -0.872  0.422  2.109  3.412  4.329   7668  1.001
c0i    0.822   0.002  0.298  0.422  0.521  0.758  1.155  1.502  14553    1.0
c1i   -3.019    0.01   1.25 -4.901 -4.396 -3.147 -1.618   -0.5  16174    1.0
c2i   -0.929   0.024  2.611 -4.813 -3.811 -1.191  2.046  4.313  12186    1.0
c3i   -1.046    0.02  2.247 -4.587 -3.465 -1.262  1.454  3.528  12814    1.0
c4i     1.03   0.015  1.642 -1.835 -0.678  0.905  2.855  4.291  11766    1.0
mu     0.888  5.1e-4  0.088  0.714  0.799  0.888  0.975  1.063  30036    1.0
dt     17.19   0.003  0.558 16.014 16.639 17.216 17.737 18.201  26105    1.0
t0    -3.671   0.007  1.022 -4.947 -4.671 -3.893 -2.642 -1.238  21070    1.0
lp__  -727.7   0.067   4.89 -738.4 -732.5 -727.2 -722.8 -719.3   5383    1.0

Samples were drawn using NUTS at Sun Sep  6 16:58:18 2020.
For each parameter, n_eff is a crude measure of effective sample size,
and Rhat is the potential scale reduction factor on split chains (at 
convergence, Rhat=1).