Inference for Stan model: anon_model_97385ca0dcf43ba6c9440f90ffed67f9.
7 chains, each with iter=5000; warmup=1000; thin=1; 
post-warmup draws per chain=4000, total post-warmup draws=28000.

        mean se_mean     sd   2.5%    16%    50%    84%  97.5%  n_eff   Rhat
meanr  3.877   0.001  0.102  3.671  3.777  3.876  3.983  4.072  10121    1.0
sigr   0.556 4.28e-4  0.049  0.474  0.508  0.552  0.606  0.663  13117    1.0
meang  3.607   0.003  0.157   3.13  3.504   3.64  3.733  3.813   3741  1.002
sigg   0.464 3.51e-4  0.043  0.404  0.421  0.457  0.506  0.565  14912    1.0
meani  3.508   0.003  0.242  3.033  3.187  3.576  3.728  3.884   6266  1.001
sigi   0.568   0.002   0.12  0.407  0.439  0.543  0.722  0.788   6280  1.001
c0r    0.894   0.002  0.252  0.611  0.655  0.817  1.176    1.5  17742    1.0
c1r   -2.085    0.01  0.932 -3.922 -3.044 -2.071 -1.127 -0.318   8732    1.0
c2r   -1.702   0.025   2.15 -4.819 -4.055 -1.947  0.738  2.626   7405    1.0
c3r   -2.333    0.02   1.69 -4.805 -4.168  -2.53 -0.421  1.063   7469    1.0
c4r   -0.021    0.01  0.961  -1.56 -1.007 -0.122  0.984  2.038   8914    1.0
c0g    0.886   0.002  0.246  0.612  0.656  0.809  1.157  1.489  17482    1.0
c1g   -2.084   0.013  1.383 -4.606 -3.549  -2.11 -0.639  0.644  11751    1.0
c2g   -0.221   0.028  2.815 -4.746 -3.474 -0.322  3.104  4.675  10434    1.0
c3g   -0.337   0.024  2.397 -4.365 -3.067 -0.355  2.412  3.816  10158    1.0
c4g    1.551   0.015  1.336 -0.988  0.222  1.558  2.922  4.058   8378    1.0
c0i     0.94   0.002   0.26  0.614  0.674  0.881  1.243  1.519  21256    1.0
c1i   -2.042   0.012  1.462 -4.706 -3.627 -2.056 -0.483  0.769  14049    1.0
c2i   -0.957   0.023  2.573  -4.81 -3.799 -1.229  1.997   4.19  12968    1.0
c3i    1.073   0.017  2.237 -3.299 -1.404  1.211  3.547  4.709  16968    1.0
c4i    1.564   0.018  1.703 -1.606 -0.259  1.548  3.432  4.653   8724  1.001
mu     1.347 3.62e-4  0.063  1.229  1.284  1.345   1.41  1.477  30574    1.0
dt    42.189   0.005  0.853 40.548 41.334 42.183 43.037 43.896  24877    1.0
t0     -1.46   0.018    2.0 -4.703 -3.611 -1.604  0.677  2.703  13018    1.0
lp__  -807.4   0.067  4.945 -818.2 -812.3 -807.0 -802.5 -799.0   5418  1.001

Samples were drawn using NUTS at Sun Sep  6 23:24:25 2020.
For each parameter, n_eff is a crude measure of effective sample size,
and Rhat is the potential scale reduction factor on split chains (at 
convergence, Rhat=1).