Inference for Stan model: anon_model_97385ca0dcf43ba6c9440f90ffed67f9.
7 chains, each with iter=5000; warmup=1000; thin=1; 
post-warmup draws per chain=4000, total post-warmup draws=28000.

        mean se_mean     sd   2.5%    16%    50%    84%  97.5%  n_eff   Rhat
meanr  3.835 4.18e-4  0.043  3.757  3.793  3.832  3.877  3.925  10480  1.001
sigr   0.473 1.12e-4  0.013  0.451   0.46  0.472  0.486  0.502  13995    1.0
meang    3.8 4.06e-4  0.041  3.723  3.758  3.801  3.842  3.878  10037    1.0
sigg   0.458 1.24e-4  0.014  0.434  0.444  0.457  0.472  0.489  13180    1.0
meani  3.762 4.46e-4   0.05   3.67  3.715  3.761  3.808  3.864  12452  1.001
sigi   0.428  2.3e-4  0.027  0.401  0.406  0.421  0.448  0.496  13746    1.0
c0r    1.024   0.002  0.251  0.671  0.765  0.978  1.318  1.546  12460    1.0
c1r   -3.335   0.009  0.965 -4.919 -4.445 -3.352 -2.269 -1.547  12084    1.0
c2r   -2.671   0.015  1.392 -4.753 -4.161 -2.827  -1.15  0.265   8947  1.001
c3r   -3.379   0.011  1.043 -4.903 -4.505 -3.505 -2.244 -1.156   9086  1.001
c4r   -0.235   0.006  0.618 -1.269 -0.861 -0.297  0.406  1.082   9887  1.001
c0g    1.043   0.002   0.22  0.736  0.825  0.994  1.294  1.538  13921    1.0
c1g   -3.651   0.007  0.915 -4.947 -4.649 -3.776 -2.618 -1.763  15674    1.0
c2g    0.212   0.021  2.001 -3.718 -2.039   0.39  2.256   3.73   8847    1.0
c3g   -1.689   0.016  1.515 -4.697 -3.418 -1.532 -0.115  0.846   8999  1.001
c4g    1.438    0.01  1.006 -0.474  0.366  1.449  2.478  3.388   9440    1.0
c0i    1.195   0.002   0.23  0.708  0.959  1.205  1.444  1.571  17114    1.0
c1i   -3.552   0.007  0.966 -4.938 -4.598 -3.673 -2.501 -1.508  18457    1.0
c2i    1.365   0.022  2.314 -3.779 -1.166  1.741  3.742  4.755  11213    1.0
c3i    1.315   0.017  1.795 -2.714 -0.642  1.646  3.096  3.962  11508    1.0
c4i    3.415   0.009  1.037  1.134  2.291  3.567  4.503  4.907  12429    1.0
mu     0.745 7.25e-5  0.012   0.72  0.733  0.745  0.757  0.769  29363    1.0
dt     21.57 7.44e-4  0.136 21.304 21.436 21.571 21.705 21.835  33402    1.0
t0    -4.469   0.003  0.451 -4.982 -4.885 -4.589 -4.038 -3.313  17970    1.0
lp__  -751.1   0.051  4.296 -760.7 -755.3 -750.8 -746.9 -743.8   7190  1.002

Samples were drawn using NUTS at Sun Sep  6 06:05:10 2020.
For each parameter, n_eff is a crude measure of effective sample size,
and Rhat is the potential scale reduction factor on split chains (at 
convergence, Rhat=1).