Inference for Stan model: anon_model_97385ca0dcf43ba6c9440f90ffed67f9.
7 chains, each with iter=5000; warmup=1000; thin=1; 
post-warmup draws per chain=4000, total post-warmup draws=28000.

        mean se_mean     sd   2.5%    16%    50%    84%  97.5%  n_eff   Rhat
meanr  3.849   0.001  0.154  3.506  3.698  3.867  4.007  4.083  11556    1.0
sigr    0.62  6.4e-4  0.074  0.493  0.544  0.614  0.701  0.774  13547  1.001
meang  3.325   0.002  0.205  3.025  3.122  3.294  3.524  3.817  15919    1.0
sigg   0.593 7.34e-4  0.091  0.434  0.497  0.587  0.693  0.775  15471  1.001
meani  3.559   0.002  0.235  3.122  3.321  3.547  3.808  4.031  16020    1.0
sigi   0.592 7.31e-4  0.103  0.417  0.478  0.586   0.71  0.784  19912    1.0
c0r    0.837   0.003  0.308   0.43  0.529  0.766  1.197  1.519  11430    1.0
c1r   -2.533   0.013  1.256 -4.819 -4.011 -2.421 -1.179 -0.463   9743    1.0
c2r   -2.694   0.015  1.556 -4.861 -4.285 -2.951 -1.059  0.825  10436    1.0
c3r   -3.278   0.011  1.184  -4.89 -4.454 -3.475 -2.085 -0.628  11428    1.0
c4r   -1.141    0.01   0.96 -2.648 -2.085  -1.26 -0.188  1.046  10086    1.0
c0g    0.696   0.002  0.278  0.408   0.45  0.603  0.978  1.429  18037    1.0
c1g   -1.831   0.013  1.585 -4.673 -3.532 -1.871 -0.155  1.299  15393    1.0
c2g   -0.655    0.02  2.608 -4.723  -3.52 -0.916  2.364  4.385  16685    1.0
c3g    0.442   0.021  2.617 -4.378 -2.532  0.544  3.395  4.708  15655    1.0
c4g   -0.534   0.015  1.781 -3.906 -2.355 -0.583  1.308   2.97  14751    1.0
c0i    0.738   0.002  0.299  0.409  0.459  0.645  1.064  1.486  19359    1.0
c1i   -1.893   0.013  1.614 -4.736 -3.651 -1.907 -0.234  1.302  14727    1.0
c2i   -1.281   0.018  2.471 -4.813 -3.918 -1.648  1.508  3.993  18058    1.0
c3i    0.746   0.023  2.651 -4.307 -2.332  0.961  3.721  4.806  13753    1.0
c4i    0.015   0.017   1.92 -3.499 -1.973  -0.05  2.033   3.84  12926    1.0
mu     0.475 7.85e-4  0.111  0.276  0.359  0.472  0.586  0.699  19807    1.0
dt    17.046   0.014  1.762 13.183 15.403 17.163 18.702 20.172  16457    1.0
t0    -1.321   0.016  2.023 -4.743 -3.564 -1.367  0.859  2.608  16115    1.0
lp__  -741.7   0.057  4.708 -752.0 -746.3 -741.3 -737.0 -733.6   6850  1.001

Samples were drawn using NUTS at Mon Sep  7 09:52:09 2020.
For each parameter, n_eff is a crude measure of effective sample size,
and Rhat is the potential scale reduction factor on split chains (at 
convergence, Rhat=1).