Inference for Stan model: anon_model_97385ca0dcf43ba6c9440f90ffed67f9.
7 chains, each with iter=5000; warmup=1000; thin=1; 
post-warmup draws per chain=4000, total post-warmup draws=28000.

        mean se_mean     sd   2.5%    16%    50%    84%  97.5%  n_eff   Rhat
meanr  3.801   0.001  0.097  3.624  3.711  3.793  3.897  4.014   9277  1.001
sigr   0.505 2.95e-4  0.035  0.449  0.471    0.5  0.539  0.586  13985    1.0
meang  3.738   0.002  0.121  3.463  3.646  3.739  3.843  3.968   5473  1.001
sigg   0.466 3.28e-4  0.036  0.409   0.43  0.461  0.501  0.551  12365    1.0
meani  3.635   0.002  0.209  3.158  3.421  3.663  3.826  4.007  13418    1.0
sigi   0.568 9.74e-4  0.104  0.412  0.458  0.552  0.689  0.778  11381    1.0
c0r    0.757   0.002  0.273  0.443  0.516  0.671  1.036  1.464  12613    1.0
c1r   -3.238    0.01  1.179 -4.937 -4.522 -3.388 -1.881 -0.849  13014    1.0
c2r    -1.34   0.024  2.222  -4.81 -3.866 -1.445  1.144   2.85   8586    1.0
c3r   -2.022   0.016  1.515 -4.494 -3.725 -2.078 -0.349  0.783   9130    1.0
c4r    0.291   0.011  1.042 -1.456  -0.81  0.226  1.385  2.434   9186    1.0
c0g    0.849   0.002  0.263  0.497  0.604  0.782  1.133  1.486  14445    1.0
c1g   -3.224    0.01  1.167 -4.929 -4.508 -3.346 -1.919 -0.866  14323    1.0
c2g    0.808   0.026  2.648 -4.095 -2.361  1.094  3.737    4.8  10372  1.001
c3g   -1.099   0.019  2.013 -4.769 -3.492 -0.894  1.056  2.049  11648    1.0
c4g    1.337   0.014    1.4 -1.343 -0.229  1.444  2.847  3.618  10062  1.001
c0i    0.778   0.002  0.304  0.412  0.479    0.7   1.12  1.494  18044    1.0
c1i   -2.656    0.01  1.332 -4.858 -4.147 -2.691 -1.238 -0.055  17449    1.0
c2i    -1.03   0.021   2.58 -4.813 -3.853 -1.341  1.922  4.203  14617    1.0
c3i    0.148   0.019  2.378 -4.057 -2.457  0.093  2.837  4.472  15949    1.0
c4i     1.05   0.016   1.77 -2.062 -0.833  0.968  3.009  4.499  12312    1.0
mu     0.833 2.54e-4  0.041  0.753  0.793  0.833  0.873  0.911  25511    1.0
dt    19.824   0.002  0.323 19.193   19.5 19.826 20.145 20.458  35289    1.0
t0    -3.676   0.007  0.979 -4.946 -4.665 -3.875 -2.655 -1.375  18692    1.0
lp__  -680.2   0.064   4.73 -690.6 -684.9 -679.9 -675.6 -672.2   5541  1.001

Samples were drawn using NUTS at Sun Sep  6 10:44:51 2020.
For each parameter, n_eff is a crude measure of effective sample size,
and Rhat is the potential scale reduction factor on split chains (at 
convergence, Rhat=1).