Inference for Stan model: anon_model_97385ca0dcf43ba6c9440f90ffed67f9.
7 chains, each with iter=5000; warmup=1000; thin=1; 
post-warmup draws per chain=4000, total post-warmup draws=28000.

        mean se_mean     sd   2.5%    16%    50%    84%  97.5%  n_eff   Rhat
meanr  3.731   0.001  0.116  3.464  3.628  3.738  3.839  3.945   8974  1.001
sigr   0.525 2.86e-4  0.033  0.471  0.493  0.521  0.557  0.603  13712    1.0
meang  3.702   0.001  0.101  3.477  3.606  3.708  3.799  3.881   9855  1.001
sigg   0.487 2.55e-4   0.03  0.437  0.458  0.484  0.517  0.556  14282    1.0
meani  3.522   0.002  0.195  3.069  3.299  3.569  3.685  3.834   6349  1.002
sigi   0.553   0.002  0.116  0.409  0.441  0.514  0.709  0.786   5318  1.002
c0r    0.804   0.004  0.382  0.414  0.476  0.664  1.199  1.816  10318    1.0
c1r   -2.698   0.014  1.284 -4.833 -4.159 -2.738 -1.259  -0.35   9013    1.0
c2r   -2.369   0.018  1.763 -4.895 -4.306 -2.601 -0.312   1.13   9155  1.001
c3r   -2.675   0.012  1.196 -4.526 -3.961 -2.812 -1.293 -0.311   9280  1.001
c4r   -0.401   0.008  0.757 -1.631 -1.202 -0.472  0.417  1.155   9586  1.001
c0g    0.779   0.004  0.371  0.412  0.469  0.644  1.151    1.8  10928  1.001
c1g    -2.73   0.013  1.297 -4.849 -4.174 -2.795 -1.258 -0.313  10626    1.0
c2g    -1.08   0.021  2.139 -4.566 -3.465 -1.174  1.311  2.935   9928  1.001
c3g    -2.54   0.015  1.543  -4.89 -4.301  -2.63 -0.764  0.306  10546    1.0
c4g    0.078   0.011  1.133 -1.881 -1.148  0.044  1.276  2.305   9785  1.001
c0i    0.808   0.003  0.353  0.411  0.481   0.71  1.158  1.737  14628    1.0
c1i   -2.523   0.011   1.36 -4.821 -4.049 -2.546 -1.062  0.123  14862  1.001
c2i    -0.92   0.024  2.537 -4.804 -3.754 -1.126  1.927  4.135  10813  1.001
c3i    0.929   0.017  2.095 -2.911 -1.363  0.933  3.276  4.622  14791    1.0
c4i    1.538   0.017  1.624 -1.429 -0.158  1.466   3.35  4.602   9196  1.001
mu     0.804   0.002  0.214  0.445    0.6  0.783  1.006  1.288  19429    1.0
dt     8.948   0.004  0.601  7.734  8.383  8.954  9.511 10.145  22688    1.0
t0    -3.443   0.009  1.112 -4.938 -4.581 -3.638 -2.278 -0.882  15970    1.0
lp__  -727.3   0.064  4.827 -737.7 -732.0 -726.9 -722.5 -719.0   5693  1.001

Samples were drawn using NUTS at Mon Sep  7 03:11:23 2020.
For each parameter, n_eff is a crude measure of effective sample size,
and Rhat is the potential scale reduction factor on split chains (at 
convergence, Rhat=1).