Inference for Stan model: anon_model_97385ca0dcf43ba6c9440f90ffed67f9.
7 chains, each with iter=5000; warmup=1000; thin=1; 
post-warmup draws per chain=4000, total post-warmup draws=28000.

        mean se_mean     sd   2.5%    16%    50%    84%  97.5%  n_eff   Rhat
meanr  3.572   0.002  0.155  3.264  3.415  3.577  3.717   3.89   7004  1.001
sigr   0.633  2.5e-4  0.028  0.589  0.607   0.63   0.66  0.699  12404    1.0
meang  3.639   0.002  0.151  3.324  3.483  3.646  3.792  3.907   5510  1.001
sigg   0.608 3.43e-4   0.03  0.559  0.578  0.603  0.639  0.675   7879    1.0
meani  3.595   0.001  0.145   3.32  3.468  3.585  3.726  3.926  12036    1.0
sigi   0.649 5.53e-4  0.066  0.534  0.582  0.644  0.722  0.782  14154    1.0
c0r    0.811   0.004  0.397  0.408  0.455  0.664  1.256  1.807   9100  1.001
c1r   -1.787   0.011  0.964 -3.602  -2.82 -1.754 -0.798   0.06   7773  1.001
c2r   -2.606   0.021   1.68 -4.916 -4.412 -2.909 -0.643  0.812   6629  1.001
c3r   -2.541   0.014  1.148 -4.235 -3.767 -2.719 -1.193  -0.25   6686  1.001
c4r   -0.706   0.007   0.62 -1.654 -1.345 -0.802 -0.014  0.593   7202  1.001
c0g    0.724   0.004  0.373  0.405  0.437   0.57   1.08  1.782   7990    1.0
c1g   -1.748    0.01  0.949 -3.498 -2.721 -1.776 -0.772  0.154   9590    1.0
c2g   -0.811    0.03  2.204 -4.603 -3.532 -0.534  1.582  2.559   5229  1.001
c3g   -2.061   0.023  1.702 -4.866 -4.175 -1.896 -0.139  0.482   5321  1.001
c4g    0.074   0.015  1.078 -1.886 -1.204  0.213  1.212  1.846   5519  1.001
c0i    0.711   0.003  0.333  0.407  0.445  0.588  1.004  1.679  11655    1.0
c1i   -2.491   0.012  1.227 -4.733  -3.82 -2.488 -1.213 -0.106  10207    1.0
c2i   -1.638   0.021  2.206 -4.854 -4.036 -1.891  0.805  2.944  11272  1.001
c3i   -0.975   0.016  1.745 -3.709 -2.782 -1.152  0.821  2.875  11235  1.001
c4i    0.792   0.012  1.186 -1.109 -0.383  0.649  1.958   3.54  10111  1.001
mu     1.223 5.83e-4  0.091  1.045  1.132  1.223  1.314  1.404  24427    1.0
dt    12.424   0.002  0.286 11.837 12.142 12.435 12.708 12.957  28359    1.0
t0    -4.725   0.002  0.255 -4.992 -4.948 -4.798 -4.497  -4.05  27197    1.0
lp__  -717.6    0.06  4.573 -727.5 -722.1 -717.3 -713.1 -709.7   5851  1.001

Samples were drawn using NUTS at Sun Sep  6 09:47:51 2020.
For each parameter, n_eff is a crude measure of effective sample size,
and Rhat is the potential scale reduction factor on split chains (at 
convergence, Rhat=1).