5.497600000000000000e+04 -3.100030632625503824e+00 4.941709899544019180e+00 1.164140563987932975e+00 8.960306590053393761e-19 1.164140563987932975e+00 8.960306590053393761e-19
5.497900000000000000e+04 4.177501194401150642e+00 4.941709899544019180e+00 4.289077145657377521e+00 8.960306586340978904e-19 4.289077145657377521e+00 8.960306586340978904e-19
5.498300000000000000e+04 1.229384293676029216e+01 4.941709899544019180e+00 1.143383206421574805e+01 8.960306577610746169e-19 1.143383206421574805e+01 8.960306577610746169e-19
5.499200000000000000e+04 4.511805981890990580e+01 4.941709899544019180e+00 3.733751665722944324e+01 4.563436508517902723e+00 3.733751665722944324e+01 4.563436508517902723e+00
5.499500000000000000e+04 5.141483966562955743e+01 4.941709899544019180e+00 4.526446668391263017e+01 9.147065651372599859e+00 4.526446668391263017e+01 9.147065651372599859e+00
5.499600000000000000e+04 4.758128302467319060e+01 4.941709899544019180e+00 4.750204251648135312e+01 1.102479628531949452e+01 4.750204251648135312e+01 1.102479628531949452e+01
5.499800000000000000e+04 6.598701809395903695e+01 4.941709899544019180e+00 5.134442274642466941e+01 1.528761230289747708e+01 5.091672227927872996e+01 1.528761230289747708e+01
5.500200000000000000e+04 8.040983625021659975e+01 4.941709899544019180e+00 5.607810177454611278e+01 2.507244594133692317e+01 5.381775602163734362e+01 2.507244594133692317e+01
5.500700000000000000e+04 9.422885760340680861e+01 4.941709899544019180e+00 5.648314457480308448e+01 3.683803356603546320e+01 5.210622193247517231e+01 3.621157334713011267e+01
5.501100000000000000e+04 9.476129418073210786e+01 4.941709899544019180e+00 5.352259368761153979e+01 4.531160430326885091e+01 4.789065290588005297e+01 4.170419171952954684e+01
5.501600000000000000e+04 9.433497804092121441e+01 4.941709899544019180e+00 4.675056931226794177e+01 5.035636541896510465e+01 4.031611703369087962e+01 4.292955278684152631e+01
5.502200000000000000e+04 9.098049412756355991e+01 4.941709899544019180e+00 3.835387450028797218e+01 5.019238619668195867e+01 3.169741694238675578e+01 3.931107941469451816e+01
5.502800000000000000e+04 7.893252456943474726e+01 4.941709899544019180e+00 3.318213401303346188e+01 4.452834494137091070e+01 2.632666932167046880e+01 3.225289362695270512e+01
5.503000000000000000e+04 7.443439743598011660e+01 4.941709899544019180e+00 3.196480405889403187e+01 4.210316183260447787e+01 2.502725028100064719e+01 2.975067964429372225e+01
5.503300000000000000e+04 6.781092285873934600e+01 4.941709899544019180e+00 3.013577213775413455e+01 3.859415838744363469e+01 2.313864568316503068e+01 2.630642654723170537e+01
5.503800000000000000e+04 6.968722391310201658e+01 4.941709899544019180e+00 2.625758423300979061e+01 3.460261381654710533e+01 1.953108020902245556e+01 2.227253721456430569e+01
5.504200000000000000e+04 7.133051782873884861e+01 4.941709899544019180e+00 2.283183582941351375e+01 3.249137740480628622e+01 1.656882135661357935e+01 2.002180022480052202e+01
5.504400000000000000e+04 4.819186274265875625e+01 4.941709899544019180e+00 2.115988347540010395e+01 3.156210011272440141e+01 1.517055024046465839e+01 1.904313992562109448e+01
5.504600000000000000e+04 4.420942443041742820e+01 4.941709899544019180e+00 1.962835676023393106e+01 3.037341190060883633e+01 1.390504162668881349e+01 1.795118906655368463e+01
5.505000000000000000e+04 4.521568987591003719e+01 4.941709899544019180e+00 1.717513203404249822e+01 2.751851077130429246e+01 1.188425964160150627e+01 1.562486416721796978e+01
5.505600000000000000e+04 4.034052252347605361e+01 4.941709899544019180e+00 1.488245412815933477e+01 2.263446095877327480e+01 9.950825172612551839e+00 1.213644019237172778e+01
5.505900000000000000e+04 3.392180460895703931e+01 4.941709899544019180e+00 1.398474837313888308e+01 2.045378419626429789e+01 9.195652533626304859e+00 1.067024059484808518e+01
5.506300000000000000e+04 3.414347953243244405e+01 4.941709899544019180e+00 1.300642276027979527e+01 1.827475582484638750e+01 8.367487622413662507e+00 9.201327136018521813e+00
5.506500000000000000e+04 2.354607745529743568e+01 4.941709899544019180e+00 1.258557091575379161e+01 1.748977498946403131e+01 8.010164788539839265e+00 8.655305087080730431e+00
5.506700000000000000e+04 3.643933804172179691e+01 4.941709899544019180e+00 1.218020759632103456e+01 1.682476650469633128e+01 7.670155917078735897e+00 8.186039266625957822e+00
5.507000000000000000e+04 2.597367865614778282e+01 4.941709899544019180e+00 1.161577501968092108e+01 1.590208951502329349e+01 7.200455628366551508e+00 7.546549693917661727e+00
5.507400000000000000e+04 2.424358514237499662e+01 4.941709899544019180e+00 1.087498681917440635e+01 1.491140450914256554e+01 6.603708294373577203e+00 6.851408063381070335e+00
5.507900000000000000e+04 2.723378135189033600e+01 4.941709899544019180e+00 9.863364215833684057e+00 1.388543665980598263e+01 5.840457257125583723e+00 6.136124733662989605e+00
5.508300000000000000e+04 1.926606124100410256e+01 4.941709899544019180e+00 8.879229105875593220e+00 1.315682900004081191e+01 5.155149271873892936e+00 5.641623000746457173e+00
5.509100000000000000e+04 2.094335194957476531e+01 4.941709899544019180e+00 6.186840476112480225e+00 1.154307972298300378e+01 3.457107999615824934e+00 4.672365805700467334e+00
