5.497500000000000000e+04 -3.931018221038292904e+00 1.200360573632267247e+01 9.676860811788584593e-01 2.279498969297296478e-18 9.676860811788584593e-01 2.279498969297296478e-18
5.497600000000000000e+04 -1.035266934398151406e+01 1.200360573632267247e+01 2.014654457448330049e+00 2.279498936976645219e-18 2.014654457448330049e+00 2.279498936976645219e-18
5.497900000000000000e+04 -5.176906022295816534e+00 1.200360573632267247e+01 7.421511495175619366e+00 2.279498802305776228e-18 7.421511495175619366e+00 2.279498802305776228e-18
5.498000000000000000e+04 1.651122876275289286e+01 1.200360573632267247e+01 1.010928248076253944e+01 2.279498741010288571e-18 1.010928248076253944e+01 2.279498741010288571e-18
5.498100000000000000e+04 3.724857371641876114e+01 1.200360573632267247e+01 1.326427468792255127e+01 2.279498669079372028e-18 1.326427468792255127e+01 2.279498669079372028e-18
5.498200000000000000e+04 1.364240775433200881e+01 1.200360573632267247e+01 1.681188057541250913e+01 2.279498584667664851e-18 1.681188057541250913e+01 2.279498584667664851e-18
5.498400000000000000e+04 2.649504108446317474e+01 1.200360573632267247e+01 2.504964300095078400e+01 2.279498369363932715e-18 2.504964300095078400e+01 2.279498369363932715e-18
5.498500000000000000e+04 3.523379664477111817e+01 1.200360573632267247e+01 2.982457128805857849e+01 2.279498232948373031e-18 2.982457128805857849e+01 2.279498232948373031e-18
5.498700000000000000e+04 3.505128018553686076e+01 1.200360573632267247e+01 4.097582893337165899e+01 2.279497885001649794e-18 4.097582893337165899e+01 2.279497885001649794e-18
5.499000000000000000e+04 4.763092563367090548e+01 1.200360573632267247e+01 6.053040193995693841e+01 2.279497102236597885e-18 6.053040193995693841e+01 2.279497102236597885e-18
5.499200000000000000e+04 8.975569354167780034e+01 1.200360573632267247e+01 7.440742163840896239e+01 2.279496327867838250e-18 7.440742163840896239e+01 2.279496327867838250e-18
5.499300000000000000e+04 8.976643635296265700e+01 1.200360573632267247e+01 8.115791156796579742e+01 2.279495837231172164e-18 8.115791156796579742e+01 2.279495837231172164e-18
5.499400000000000000e+04 8.897807344830083309e+01 1.200360573632267247e+01 8.659722275531558466e+01 2.279495261463979831e-18 8.659722275531558466e+01 2.279495261463979831e-18
5.499600000000000000e+04 8.589188686684995844e+01 1.200360573632267247e+01 9.298895886639343189e+01 3.875042658400934537e-01 9.298895886639343189e+01 3.875042658400934537e-01
5.499700000000000000e+04 9.180817126786092786e+01 1.200360573632267247e+01 1.007174840232974731e+02 1.209607601473573046e+00 9.534931745081652821e+01 1.209607601473573046e+00
5.499800000000000000e+04 1.111476320624338854e+02 1.200360573632267247e+01 1.082079103450156765e+02 2.518318071810412118e+00 9.725679520493949326e+01 2.518318071810412118e+00
5.500000000000000000e+04 1.253190596064935107e+02 1.200360573632267247e+01 1.218170292546442397e+02 6.537636875244362322e+00 9.942624000542298290e+01 6.537636875244362322e+00
5.500200000000000000e+04 1.503245123073344303e+02 1.200360573632267247e+01 1.329470305350309332e+02 1.263660310095317385e+01 9.937735874946248771e+01 1.263660310095317385e+01
5.500300000000000000e+04 1.555125743558793658e+02 1.200360573632267247e+01 1.370248230967384302e+02 1.658034335990318908e+01 9.828909195663038645e+01 1.658034335990318908e+01
5.500400000000000000e+04 1.629580930366626887e+02 1.200360573632267247e+01 1.400189892995651064e+02 2.101485071926563819e+01 9.653818898204983157e+01 2.101485071926563819e+01
5.500500000000000000e+04 1.725332490567298294e+02 1.200360573632267247e+01 1.421957083368124017e+02 2.589679503310846798e+01 9.437559456880096320e+01 2.589679503310846798e+01
5.500900000000000000e+04 1.907739252786567192e+02 1.200360573632267247e+01 1.429706504457306266e+02 5.121978616671457729e+01 8.255133116561614770e+01 5.121978616671457729e+01
5.501200000000000000e+04 2.094727712040026404e+02 1.200360573632267247e+01 1.357667735721228723e+02 7.566300242494617123e+01 7.142612246008147281e+01 7.566300242494617123e+01
5.501300000000000000e+04 1.965979863138446717e+02 1.200360573632267247e+01 1.324079406411986497e+02 8.417417817184538364e+01 6.765517379857884350e+01 8.417417817184538364e+01
5.501400000000000000e+04 2.283307814018851047e+02 1.200360573632267247e+01 1.280902633054828357e+02 9.300927704801119944e+01 6.361888512242121152e+01 9.300927704801119944e+01
5.501600000000000000e+04 2.279160599934609195e+02 1.200360573632267247e+01 1.178599088452674835e+02 1.082465284441444737e+02 5.543739832797152900e+01 1.082465284441444737e+02
5.501700000000000000e+04 2.278309054003234735e+02 1.200360573632267247e+01 1.137203392801227295e+02 1.160972987156968088e+02 5.211031447560955598e+01 1.129241306445840110e+02
5.501800000000000000e+04 2.180383977222371925e+02 1.200360573632267247e+01 1.101912322852155910e+02 1.227686729433559378e+02 4.922327896239417555e+01 1.162361985829917899e+02
5.501900000000000000e+04 2.260009585317305039e+02 1.200360573632267247e+01 1.068581916915459686e+02 1.292340811399004394e+02 4.656333247267679099e+01 1.191866468135206389e+02
5.502000000000000000e+04 2.417191583433269386e+02 1.200360573632267247e+01 1.032275071117537237e+02 1.352355737324683673e+02 4.390417961541074021e+01 1.215709940061743595e+02
5.502100000000000000e+04 2.545098607522918996e+02 1.200360573632267247e+01 9.912403252710180368e+01 1.405799246141102685e+02 4.117301454915962466e+01 1.232616612135995240e+02
5.502200000000000000e+04 2.505519518280756017e+02 1.200360573632267247e+01 9.483523463853184410e+01 1.452368800879216053e+02 3.849145005216814042e+01 1.242828000067787144e+02
5.502500000000000000e+04 2.326509602757463142e+02 1.200360573632267247e+01 8.258936107957680406e+01 1.539330041405777365e+02 3.137059333747742329e+01 1.228613649457879831e+02
5.502900000000000000e+04 2.153958067844875472e+02 1.200360573632267247e+01 6.762269535468655590e+01 1.522185760387698679e+02 2.366167303078713857e+01 1.114909368188455971e+02
5.503100000000000000e+04 2.222067275258957579e+02 1.200360573632267247e+01 6.086013041006714985e+01 1.466833965649041716e+02 2.048817721261307412e+01 1.031891639570201704e+02
5.503200000000000000e+04 1.859225911091363912e+02 1.200360573632267247e+01 5.772802842771708498e+01 1.428326763963881376e+02 1.907229695642826428e+01 9.853247543900947392e+01
5.503300000000000000e+04 1.976053730613263042e+02 1.200360573632267247e+01 5.524021432341789506e+01 1.387226105207671480e+02 1.791710107470335345e+01 9.387738412449559178e+01
5.503400000000000000e+04 1.800631087703818878e+02 1.200360573632267247e+01 5.310459495209928349e+01 1.344418190004883513e+02 1.691552365168480421e+01 8.928265307510184812e+01
5.503500000000000000e+04 1.677116976640058112e+02 1.200360573632267247e+01 5.103131934304351347e+01 1.297203388620501130e+02 1.596874529619285887e+01 8.456896724822354372e+01
5.503600000000000000e+04 1.825629815922358432e+02 1.200360573632267247e+01 4.918220338091001054e+01 1.242158732015274012e+02 1.512367877641758973e+01 7.952360640302650552e+01
5.503700000000000000e+04 1.469341861735419741e+02 1.200360573632267247e+01 4.746711253334140679e+01 1.179735374765507743e+02 1.434788638676704053e+01 7.419252718480018416e+01
5.503900000000000000e+04 1.721678920021479655e+02 1.200360573632267247e+01 4.386177472490541618e+01 1.072365134014950030e+02 1.282170619571031622e+01 6.513789309451193787e+01
5.504000000000000000e+04 1.238959366454024007e+02 1.200360573632267247e+01 4.210760137553040039e+01 1.030243228682909944e+02 1.210962883225882791e+01 6.152909870299270523e+01
5.504200000000000000e+04 1.383246268694120999e+02 1.200360573632267247e+01 3.882523868853088089e+01 9.497571655303728733e+01 1.081543224929825442e+01 5.488022451926343592e+01
5.504400000000000000e+04 1.264276105925353164e+02 1.200360573632267247e+01 3.570367595803113403e+01 8.597065369151752634e+01 9.643386980885679804e+00 4.811431256521017019e+01
5.504500000000000000e+04 9.649999519907530043e+01 1.200360573632267247e+01 3.413110679970237271e+01 8.155528332873723230e+01 9.080561577061848411e+00 4.493651624262341926e+01
5.504600000000000000e+04 1.110249100099348851e+02 1.200360573632267247e+01 3.250850858516157871e+01 7.735986793960950081e+01 8.521234229400151960e+00 4.197496903939745039e+01
5.504700000000000000e+04 1.282992511030047353e+02 1.200360573632267247e+01 3.081572720243602603e+01 7.337189649219251919e+01 7.960046289989414880e+00 3.921324167184678089e+01
5.504800000000000000e+04 1.072930603693918101e+02 1.200360573632267247e+01 2.909972381117184170e+01 6.952047967793667738e+01 7.409034476823465276e+00 3.660513883631880816e+01
5.505000000000000000e+04 7.585717166099308884e+01 1.200360573632267247e+01 2.540556463125815156e+01 6.216573263089124879e+01 6.288194800073795498e+00 3.179182399043226326e+01
5.505200000000000000e+04 8.257838560266434058e+01 1.200360573632267247e+01 2.146071697922408106e+01 5.537150250498808646e+01 5.167770414954748759e+00 2.752609987322931318e+01
5.505400000000000000e+04 7.422305522756492735e+01 1.200360573632267247e+01 1.773266531917983002e+01 4.929711955812796020e+01 4.157327640826142812e+00 2.384037119553533302e+01
5.505600000000000000e+04 8.388002954915455689e+01 1.200360573632267247e+01 1.451534822466905972e+01 4.491071529522316297e+01 3.315520380235053022e+00 2.114440456460600615e+01
5.505800000000000000e+04 4.376596183223885816e+01 1.200360573632267247e+01 1.180950317363293145e+01 4.121580558543204376e+01 2.629827455937498115e+00 1.890459847052198938e+01
5.506000000000000000e+04 5.859541686897163970e+01 1.200360573632267247e+01 9.482079038675969684e+00 3.798058839055724434e+01 2.059888564189253035e+00 1.698291378579737554e+01
5.506100000000000000e+04 4.332005832948419055e+01 1.200360573632267247e+01 8.461461567555799590e+00 3.629344210023251094e+01 1.815959130283463896e+00 1.602713274463789261e+01
5.506200000000000000e+04 3.589523626098613818e+01 1.200360573632267247e+01 7.530249544187156197e+00 3.470316882604574005e+01 1.596812745279095003e+00 1.513703604032353489e+01
5.506400000000000000e+04 4.740865137650263961e+01 1.200360573632267247e+01 5.899906667583375786e+00 3.175410908393967802e+01 1.221917543613490142e+00 1.351929031162281980e+01
5.506500000000000000e+04 2.396199944725672992e+01 1.200360573632267247e+01 5.192616570419675170e+00 3.035901958395069400e+01 1.063036946060080368e+00 1.277252706632618029e+01
5.506700000000000000e+04 4.560570704875836157e+01 1.200360573632267247e+01 3.993015087425249465e+00 2.761739296643647990e+01 7.990344961129509649e-01 1.135070197132731273e+01
5.506800000000000000e+04 4.859051637096233378e+01 1.200360573632267247e+01 3.486116736920612524e+00 2.621557710674956354e+01 6.898283870746817481e-01 1.065154278675018951e+01
5.506900000000000000e+04 1.742072403906932010e+01 1.200360573632267247e+01 3.030619326182967477e+00 2.476867903708831520e+01 5.930877954916861095e-01 9.950057862486769267e+00
5.507100000000000000e+04 2.712462846812053741e+01 1.200360573632267247e+01 2.269430188555907613e+00 2.182891438111474969e+01 4.345486239456022304e-01 8.575491801655763524e+00
5.507300000000000000e+04 3.477015792684129991e+01 1.200360573632267247e+01 1.685630494679967395e+00 1.858919367867913053e+01 3.159510589642119949e-01 7.145018133789109882e+00
5.507400000000000000e+04 2.948947727885043335e+01 1.200360573632267247e+01 1.449856070823029031e+00 1.698775329655999400e+01 2.689201451984696289e-01 6.459713018693435949e+00
5.507500000000000000e+04 9.922512346682600182e+00 1.200360573632267247e+01 1.242585496790556077e+00 1.544980928624988437e+01 2.280935985444418612e-01 5.812788022969217927e+00
5.507800000000000000e+04 1.959567112105915498e+01 1.200360573632267247e+01 7.756789375626312877e-01 1.136477498335070280e+01 1.381047141620609098e-01 4.144400475293815944e+00
5.508000000000000000e+04 -1.217442710154784180e+01 1.200360573632267247e+01 5.643124509315549098e-01 9.199136440869368769e+00 9.849760017656127020e-02 3.287284319921872644e+00
5.508100000000000000e+04 1.442797164355302186e+01 1.200360573632267247e+01 4.812805878463328191e-01 8.234298647726214782e+00 8.318738014801362046e-02 2.913249123554294773e+00
5.508200000000000000e+04 1.267945353675338005e+01 1.200360573632267247e+01 4.099367083052468108e-01 7.350197369168302686e+00 7.017301316464903682e-02 2.574860705236566183e+00
5.508400000000000000e+04 1.811763006390767217e+01 1.200360573632267247e+01 2.969128366737277536e-01 5.810003173697987577e+00 4.986444254227592049e-02 1.996015931598868809e+00
5.508500000000000000e+04 9.456611161668920573e+00 1.200360573632267247e+01 2.526154639548865433e-01 5.141967655947325078e+00 4.202762805578161287e-02 1.749623211387704602e+00
5.508800000000000000e+04 1.279904999584428715e+00 1.200360573632267247e+01 1.568669336761179534e-01 3.486432578737511445e+00 2.538464199561750803e-02 1.153225912522330976e+00
5.508900000000000000e+04 4.433051853700726852e+00 1.200360573632267247e+01 1.338010944307850836e-01 3.047617447486808739e+00 2.145658115601357940e-02 9.987931201411885951e-01
5.509000000000000000e+04 -5.560607772549842842e+00 1.200360573632267247e+01 1.141301762307426332e-01 2.655321918947219029e+00 1.813835800367798873e-02 8.622854838433522406e-01
5.509100000000000000e+04 1.274355710447557932e+01 1.200360573632267247e+01 9.737816523216560882e-02 2.303775405613018190e+00 1.533876746194622574e-02 7.413597443646077201e-01
5.509300000000000000e+04 1.021085189059059850e+01 1.200360573632267247e+01 7.076601919782882222e-02 1.718476851970876851e+00 1.095262713745783802e-02 5.431857799320026770e-01
5.509500000000000000e+04 1.724552222389166545e+01 1.200360573632267247e+01 5.147209957729510788e-02 1.271663518448582497e+00 7.830004347216196550e-03 3.949388237052650075e-01
5.509600000000000000e+04 2.355708716880295928e+00 1.200360573632267247e+01 4.386956887788717036e-02 1.091815789505786949e+00 6.616827885050855125e-03 3.361501814980870639e-01
5.509700000000000000e+04 -7.019590335754727128e+00 1.200360573632267247e+01 3.739503886430139978e-02 9.340717977393075966e-01 5.592785077591702451e-03 2.851169981805523612e-01
5.509800000000000000e+04 4.217019392987832127e+00 1.200360573632267247e+01 3.189839657044741400e-02 7.971332833657648331e-01 4.730874821351913062e-03 2.412484968723941914e-01
5.509900000000000000e+04 -3.009307597482496988e+00 1.200360573632267247e+01 2.718509534479339115e-02 6.799944126428046909e-01 3.998454947828823484e-03 2.040615828835353474e-01
5.510100000000000000e+04 -6.525336130618088148e+00 1.200360573632267247e+01 1.974694033089585687e-02 4.941982799504840984e-01 2.857113554350843541e-03 1.458457370371799289e-01
5.510400000000000000e+04 8.434042614396689785e+00 1.200360573632267247e+01 1.222710364858446176e-02 3.046210501477414345e-01 1.726894476100850886e-03 8.771626645581130644e-02
5.510700000000000000e+04 -3.872334386688007868e+01 1.200360573632267247e+01 7.521370973878796495e-03 1.868705946965259768e-01 1.037530654529236849e-03 5.253453506972701609e-02
5.510800000000000000e+04 -1.438259024604161995e+00 1.200360573632267247e+01 6.398173033286751882e-03 1.590310262013903686e-01 8.757902202812570909e-04 4.435764426012227257e-02
5.510900000000000000e+04 -1.122390998183584898e+01 1.200360573632267247e+01 5.438738439436972306e-03 1.355607511313942082e-01 7.387683124515371895e-04 3.751715914299787180e-02
5.511000000000000000e+04 -7.715567489363784892e-01 1.200360573632267247e+01 4.622271847984409966e-03 1.155445442035519937e-01 6.230988444615148105e-04 3.173080249452188417e-02
5.511100000000000000e+04 2.897181384988592967e+01 1.200360573632267247e+01 3.930534049939267416e-03 9.841865568998979519e-02 5.258591276927242816e-04 2.682072644501697772e-02
5.511400000000000000e+04 -2.444088646051813285e+01 1.200360573632267247e+01 2.415711267348778172e-03 6.083392774032592154e-02 3.160519228810185948e-04 1.620595869261173133e-02
