5.497400000000000000e+04 3.634154621650186101e+00 7.226674510840764398e+00 2.872527343123094101e-01 1.361878388963412926e-18 2.872527343123094101e-01 1.361878388963412926e-18
5.497600000000000000e+04 -5.099009733452278148e+00 7.226674510840764398e+00 1.958814406946931541e+00 1.361878181083838162e-18 1.958814406946931541e+00 1.361878181083838162e-18
5.498000000000000000e+04 1.046537628818655818e+01 7.226674510840764398e+00 9.740658635389692677e+00 1.361877500567910188e-18 9.740658635389692677e+00 1.361877500567910188e-18
5.498100000000000000e+04 7.365074396270104629e+00 7.226674510840764398e+00 1.261836908227294352e+01 1.361877250779591196e-18 1.261836908227294352e+01 1.361877250779591196e-18
5.498500000000000000e+04 2.988234322214785976e+01 7.226674510840764398e+00 2.761301931683333422e+01 -1.940482729049532867e-02 2.761301931683333422e+01 -1.940482729049532867e-02
5.498700000000000000e+04 3.355810828143522428e+01 7.226674510840764398e+00 3.698113532148148863e+01 1.172809985443463487e+00 3.698113532148148863e+01 1.172809985443463487e+00
5.498800000000000000e+04 5.003149354028606410e+01 7.226674510840764398e+00 4.209516568424355398e+01 2.448518008683664426e+00 4.209516568424355398e+01 2.448518008683664426e+00
5.498900000000000000e+04 5.433818705763111723e+01 7.226674510840764398e+00 4.711547825657126509e+01 4.188406388058739438e+00 4.711547825657126509e+01 4.188406388058739438e+00
5.499300000000000000e+04 8.242871757900869056e+01 7.226674510840764398e+00 6.549985504210982867e+01 1.577296135284117895e+01 6.549985504210982867e+01 1.577296135284117895e+01
5.499500000000000000e+04 8.816407098159129418e+01 7.226674510840764398e+00 6.925870503056015082e+01 2.434500671405781702e+01 6.925870503056015082e+01 2.434500671405781702e+01
5.499700000000000000e+04 1.143011516948914306e+02 7.226674510840764398e+00 7.110834207998198053e+01 3.451627414604166688e+01 6.841287481237441170e+01 3.451627414604166688e+01
5.499900000000000000e+04 1.178360745606854749e+02 7.226674510840764398e+00 7.017357670051271157e+01 4.622641915185185724e+01 6.504780932565140006e+01 4.622641915185185724e+01
5.500000000000000000e+04 1.339297122849152117e+02 7.226674510840764398e+00 6.943396820842724537e+01 5.261895710530443893e+01 6.320798198309262261e+01 5.261895710530443893e+01
5.500200000000000000e+04 1.288959856507189556e+02 7.226674510840764398e+00 6.729682250908874153e+01 6.489662410672829651e+01 5.914124484496770862e+01 6.489662410672829651e+01
5.500300000000000000e+04 1.257883217485323684e+02 7.226674510840764398e+00 6.515522698831216530e+01 7.085966617111323274e+01 5.628475033544589223e+01 7.085966617111323274e+01
5.500500000000000000e+04 1.451344594981649720e+02 7.226674510840764398e+00 5.985753464190068485e+01 8.187481880263729295e+01 5.000629460476246635e+01 8.187481880263729295e+01
5.500700000000000000e+04 1.499837803136615264e+02 7.226674510840764398e+00 5.508587266984689990e+01 8.944761754696841649e+01 4.455343955827151348e+01 8.657338128820018142e+01
5.500900000000000000e+04 1.424929500993809768e+02 7.226674510840764398e+00 5.023816412538496934e+01 9.403349642960863264e+01 3.937777404403901471e+01 8.551609351546802884e+01
5.501000000000000000e+04 1.426581353387916522e+02 7.226674510840764398e+00 4.775776239886082664e+01 9.474148505708926393e+01 3.686434766411487374e+01 8.363478553768472068e+01
5.501300000000000000e+04 1.337692387024552545e+02 7.226674510840764398e+00 4.061066408398885130e+01 9.455571964817352182e+01 2.997981993502793685e+01 7.672486177229268378e+01
5.501600000000000000e+04 1.156082001394920979e+02 7.226674510840764398e+00 3.222010329498021974e+01 8.831603120752647840e+01 2.279133005233092391e+01 6.630332673237724350e+01
5.501700000000000000e+04 1.107069295423300446e+02 7.226674510840764398e+00 2.970552306125449604e+01 8.533574174302714255e+01 2.072381963252022885e+01 6.250786825595308471e+01
5.501800000000000000e+04 1.101571251004563265e+02 7.226674510840764398e+00 2.739256748737363978e+01 8.254995578585815963e+01 1.885112345149930135e+01 5.903171895441801809e+01
5.501900000000000000e+04 9.695572359733061774e+01 7.226674510840764398e+00 2.516937763677919193e+01 7.972838008952686550e+01 1.708947422377729097e+01 5.569179944783939362e+01
5.502000000000000000e+04 9.578138444652707051e+01 7.226674510840764398e+00 2.305394554567231680e+01 7.679885405040033675e+01 1.544652967884242400e+01 5.242958359530334889e+01
5.502200000000000000e+04 7.847872850531199163e+01 7.226674510840764398e+00 1.925447615555451364e+01 7.055836142911587672e+01 1.256901635586821442e+01 4.608043458014359572e+01
5.502300000000000000e+04 8.195301227761473228e+01 7.226674510840764398e+00 1.755278691267416136e+01 6.737431170584011397e+01 1.131270102647213349e+01 4.306718978895430183e+01
5.502400000000000000e+04 7.837766571991640774e+01 7.226674510840764398e+00 1.599731428165993918e+01 6.433890862703832170e+01 1.018094207449878574e+01 4.027222623124582412e+01
5.502500000000000000e+04 7.232230602418373167e+01 7.226674510840764398e+00 1.459398545142108716e+01 6.111386293755445109e+01 9.172838121572022274e+00 3.747477491878492373e+01
5.502800000000000000e+04 5.207588874426058823e+01 7.226674510840764398e+00 1.108268373988066280e+01 4.929764690319178300e+01 6.716370971383953226e+00 2.848916256541365399e+01
5.502900000000000000e+04 5.298126064725753537e+01 7.226674510840764398e+00 1.013826309091270517e+01 4.568566037989084805e+01 6.071543353043900915e+00 2.590477454065029050e+01
5.503100000000000000e+04 4.845731484004814149e+01 7.226674510840764398e+00 8.556997304992252751e+00 3.909217228689055901e+01 5.006434182654020404e+00 2.136184277972161283e+01
5.503300000000000000e+04 3.082062647536991307e+01 7.226674510840764398e+00 7.330568121558389549e+00 3.305489884516193655e+01 4.192249869357422831e+00 1.743034109109994390e+01
5.503400000000000000e+04 4.784785643890378992e+01 7.226674510840764398e+00 6.851751815341720508e+00 3.031646745035413204e+01 3.874767751706000407e+00 1.571127044483526802e+01
5.503500000000000000e+04 3.399248941758836651e+01 7.226674510840764398e+00 6.432751438317453108e+00 2.775571196844937560e+01 3.597735703756966164e+00 1.414087628309016509e+01
5.503700000000000000e+04 3.300068836512880210e+01 7.226674510840764398e+00 5.747802926755404940e+00 2.326690389536743808e+01 3.145344712025503142e+00 1.146604765196502740e+01
5.503800000000000000e+04 3.547651324098429626e+01 7.226674510840764398e+00 5.473129997060764751e+00 2.128922618264734723e+01 2.963093496324381348e+00 1.032254954550394999e+01
5.503900000000000000e+04 3.342641746082943399e+01 7.226674510840764398e+00 5.231066728134925015e+00 1.948656019971632958e+01 2.802157021713587159e+00 9.298797575737893339e+00
5.504000000000000000e+04 2.474312347833739167e+01 7.226674510840764398e+00 5.005798030804699650e+00 1.787226315485270334e+01 2.653484246384680389e+00 8.395463714229940422e+00
5.504100000000000000e+04 1.996877158886774239e+01 7.226674510840764398e+00 4.791239468101768040e+00 1.640834591160114542e+01 2.513503025968822246e+00 7.589429191304875921e+00
5.504300000000000000e+04 2.372762251524597943e+01 7.226674510840764398e+00 4.390741025079166526e+00 1.394542241578277242e+01 2.256754227528354306e+00 6.258042728317525949e+00
5.504400000000000000e+04 1.786632623273901999e+01 7.226674510840764398e+00 4.186032538318625207e+00 1.290696067224345533e+01 2.129971270706062736e+00 5.707004188293002933e+00
5.504500000000000000e+04 1.173203952556460550e+01 7.226674510840764398e+00 3.975952597606819960e+00 1.202546875025176476e+01 2.002998789726357476e+00 5.240312336696778317e+00
5.504600000000000000e+04 9.143242706723315294e+00 7.226674510840764398e+00 3.773784200808672828e+00 1.127557415746446168e+01 1.882468299899572761e+00 4.843459689632500620e+00
5.504700000000000000e+04 8.080669822003249791e+00 7.226674510840764398e+00 3.579229791445574627e+00 1.061871692963868696e+01 1.768044749775525615e+00 4.497169629696206705e+00
5.504900000000000000e+04 -1.850512293615265591e+00 7.226674510840764398e+00 3.201060776111258832e+00 9.544548528641389140e+00 1.551051834533994978e+00 3.931680890031879372e+00
5.505000000000000000e+04 4.862871453030357394e+00 7.226674510840764398e+00 2.997479971440168089e+00 9.114475594693796978e+00 1.438675292267899364e+00 3.703866870405477130e+00
5.505100000000000000e+04 1.293265862157381640e+01 7.226674510840764398e+00 2.786963344703833112e+00 8.735724515192107020e+00 1.325106192803267691e+00 3.502696277141983838e+00
5.505300000000000000e+04 1.891405689751969987e+00 7.226674510840764398e+00 2.375651335520641894e+00 8.044466434613214645e+00 1.108770342350714921e+00 3.141878782461027253e+00
5.505400000000000000e+04 2.287073541716921454e+00 7.226674510840764398e+00 2.175075936700149981e+00 7.721817831384369946e+00 1.005908494057323077e+00 2.977258571631851591e+00
5.505500000000000000e+04 2.122347495671731821e+01 7.226674510840764398e+00 1.985184534025907555e+00 7.410052506089351176e+00 9.098004280595362037e-01 2.820942784410442883e+00
5.505700000000000000e+04 7.935445897150241734e+00 7.226674510840764398e+00 1.636924953162859353e+00 6.743095425613782723e+00 7.368888778080757707e-01 2.503748487157946734e+00
5.505800000000000000e+04 7.889701228576330827e+00 7.226674510840764398e+00 1.473320615716376070e+00 6.415451966057744038e+00 6.574095826676078502e-01 2.353085374874466229e+00
5.505900000000000000e+04 -5.404102132012734927e+00 7.226674510840764398e+00 1.318057836963791196e+00 6.098870364350675644e+00 5.830050588127172473e-01 2.210055937219407074e+00
5.506100000000000000e+04 1.250566174090030813e+01 7.226674510840764398e+00 1.036246446044319036e+00 5.479090605491337307e+00 4.505027589097987395e-01 1.938814793167494166e+00
5.506300000000000000e+04 4.454639580871701199e+00 7.226674510840764398e+00 7.990864005203597298e-01 4.790921440080214033e+00 3.415482990769190819e-01 1.656382741004084558e+00
5.506400000000000000e+04 1.101920741349421817e+01 7.226674510840764398e+00 6.996054778646820793e-01 4.441976694396566394e+00 2.965309531914898100e-01 1.518313062071563468e+00
5.506700000000000000e+04 1.278637421254118678e+01 7.226674510840764398e+00 4.594787666860262187e-01 3.440410318707135762e+00 1.899928740845295005e-01 1.137250535074420199e+00
5.506800000000000000e+04 -8.496743628833092643e+00 7.226674510840764398e+00 3.974127102476212037e-01 3.139647467307998596e+00 1.630009885761951050e-01 1.026565350283807909e+00
5.506900000000000000e+04 6.355075721440771375e+00 7.226674510840764398e+00 3.429086124388208145e-01 2.847707068289309085e+00 1.395185175518027509e-01 9.211110972600947688e-01
5.507000000000000000e+04 -1.140241054201541182e+01 7.226674510840764398e+00 2.952076860710064476e-01 2.567841829899676576e+00 1.191554736916271978e-01 8.217619783345098128e-01
5.507200000000000000e+04 7.848347803627563124e+00 7.226674510840764398e+00 2.179558136320879913e-01 2.049117044333386595e+00 8.659693020465177027e-02 6.421148923080304272e-01
5.507400000000000000e+04 1.028914250167819411e+01 7.226674510840764398e+00 1.600232845198373832e-01 1.600544242684609042e+00 6.259957145868536021e-02 4.913262041639884781e-01
5.507600000000000000e+04 -2.329888405814643626e+00 7.226674510840764398e+00 1.157334126866377960e-01 1.232086110510640431e+00 4.458659039435906163e-02 3.706636914893623458e-01
5.507800000000000000e+04 8.803355376443384728e+00 7.226674510840764398e+00 8.342093838569977771e-02 9.369351424141447726e-01 3.165759871947924908e-02 2.763494403062012883e-01
5.508000000000000000e+04 3.483078656116270988e+00 7.226674510840764398e+00 5.998708844385153977e-02 7.043272716377390053e-01 2.242927217941729015e-02 2.037512357202438951e-01
5.508200000000000000e+04 7.542372795274613573e+00 7.226674510840764398e+00 4.301935445517933443e-02 5.247607061379262472e-01 1.585148843184322476e-02 1.489443421145340285e-01
5.508300000000000000e+04 -1.515056092850072034e+01 7.226674510840764398e+00 3.642317765300992494e-02 4.520143640628093706e-01 1.332425287277213925e-02 1.270988539148603380e-01
5.508400000000000000e+04 -7.693859057133265900e+00 7.226674510840764398e+00 3.080313499442044814e-02 3.885604258282724932e-01 1.118771474028273233e-02 1.082461627558146955e-01
5.508600000000000000e+04 1.884850877833184768e+01 7.226674510840764398e+00 2.209094301872473187e-02 2.860800415661921003e-01 7.910245647124551638e-03 7.824946432335670721e-02
5.508900000000000000e+04 9.129175638176157292e+00 7.226674510840764398e+00 1.356985958392552954e-02 1.765186651558386943e-01 4.758348966942117439e-03 4.700145520178898584e-02
5.509000000000000000e+04 -9.368464144282830475e+00 7.226674510840764398e+00 1.153136654546905136e-02 1.499303875354537352e-01 4.015798901434460173e-03 3.957199839934906482e-02
5.509200000000000000e+04 -5.204103407441362350e+00 7.226674510840764398e+00 8.326165124615416899e-03 1.080866626326119351e-01 2.860340487345981557e-03 2.803659022427161529e-02
5.509300000000000000e+04 9.408624801723144415e+00 7.226674510840764398e+00 7.075697348176182046e-03 9.163425463884185274e-02 2.414419350363810127e-03 2.356605663996549915e-02
5.509500000000000000e+04 -3.264819022079292310e+00 7.226674510840764398e+00 5.107153826105314924e-03 6.586844407654907085e-02 1.719580412830072277e-03 1.665531609096517277e-02
5.509600000000000000e+04 6.374791457776984416e+00 7.226674510840764398e+00 4.340587843493616017e-03 5.577075798030942111e-02 1.451847290194205504e-03 1.398464342535341541e-02
5.509700000000000000e+04 5.159094586282016337e+00 7.226674510840764398e+00 3.688424691132600412e-03 4.721465187595996066e-02 1.225634575374692737e-03 1.174143337211776446e-02
5.509800000000000000e+04 2.703726677938758982e+00 7.226674510840764398e+00 3.132560080880771210e-03 4.008912493962722701e-02 1.034155386379047173e-03 9.887807058905687813e-03
5.510000000000000000e+04 -3.377551586181803067e+00 7.226674510840764398e+00 2.262632874150900635e-03 2.904904868586388397e-02 7.373742460977353481e-04 7.049371162362620333e-03
5.510100000000000000e+04 1.244887286558140183e+01 7.226674510840764398e+00 1.922178549313258589e-03 2.470772701084694711e-02 6.224268341795411233e-04 5.947936208677647232e-03
5.510200000000000000e+04 1.475966578714349442e+00 7.226674510840764398e+00 1.634147279332364821e-03 2.101869145010796386e-02 5.258043306838589264e-04 5.019748626793075000e-03
5.510600000000000000e+04 -2.487304014227802174e-01 7.226674510840764398e+00 8.503376016606508259e-04 1.100701882764788808e-02 2.668395524086519138e-04 2.547921024918492483e-03
5.510900000000000000e+04 5.835803199227036053e+00 7.226674510840764398e+00 5.205895182106584250e-04 6.771018211657489454e-03 1.603886617199637324e-04 1.532043219218365976e-03
5.511100000000000000e+04 -1.090796713721031175e+01 7.226674510840764398e+00 3.755627761777575579e-04 4.897642876077172407e-03 1.143196079927424701e-04 1.091761675451888552e-03
5.511200000000000000e+04 -9.179031057266660909e+00 7.226674510840764398e+00 3.187770176241309017e-04 4.165427116206106561e-03 9.645587389153405797e-05 9.217178076221691852e-04
5.511400000000000000e+04 1.350922614552590595e+01 7.226674510840764398e+00 2.299815061283639163e-04 3.013910423479879488e-03 6.876820444588222371e-05 6.572554133548237122e-04
5.511500000000000000e+04 -2.055240408896018778e+01 7.226674510840764398e+00 1.952486336525641197e-04 2.563219616460277617e-03 5.804061642466235168e-05 5.549535845804704675e-04
5.511700000000000000e+04 -3.205836237332526206e+00 7.226674510840764398e+00 1.408916753739815971e-04 1.852579342164644306e-03 4.139733072045060849e-05 3.954109412969871438e-04
5.511800000000000000e+04 6.708439407753373773e-01 7.226674510840764398e+00 1.196172177333896576e-04 1.573819680106228669e-03 3.494412016400036890e-05 3.335494405108148787e-04
5.511900000000000000e+04 1.921449661085090854e+00 7.226674510840764398e+00 1.016626712379262886e-04 1.337659840555912791e-03 2.952906681710418518e-05 2.815177709731275248e-04
5.512000000000000000e+04 1.510103517427457520e+00 7.226674510840764398e+00 8.712731720832596609e-05 1.137081115416833281e-03 2.516312410348764490e-05 2.376444397711154283e-04
