5.497600000000000000e+04 -4.599503940932128998e+00 6.679436118802240863e+00 1.164140563987932975e+00 8.960306592350573665e-19 1.164140563987932975e+00 8.960306592350573665e-19
5.497900000000000000e+04 4.138266099691420230e+00 6.679436118802240863e+00 4.289077145657377521e+00 8.960306590053393761e-19 4.289077145657377521e+00 8.960306590053393761e-19
5.498300000000000000e+04 1.259626122363821921e+01 6.679436118802240863e+00 1.143383206421574805e+01 8.960306584651271971e-19 1.143383206421574805e+01 8.960306584651271971e-19
5.499200000000000000e+04 4.327313399041256758e+01 6.679436118802240863e+00 3.733751665722944324e+01 1.587232095280796784e+00 3.733751665722944324e+01 1.587232095280796784e+00
5.499500000000000000e+04 4.577743935267844222e+01 6.679436118802240863e+00 4.526446668391263017e+01 4.563436508517902723e+00 4.526446668391263017e+01 4.563436508517902723e+00
5.499600000000000000e+04 3.860694175293977537e+01 6.679436118802240863e+00 4.750204251648135312e+01 5.899401966142534093e+00 4.750204251648135312e+01 5.899401966142534093e+00
5.499800000000000000e+04 6.225204917430513518e+01 6.679436118802240863e+00 5.397681728826338343e+01 9.147065651372599859e+00 5.091672227927872996e+01 9.147065651372599859e+00
5.500200000000000000e+04 8.662566196227554371e+01 6.679436118802240863e+00 6.998999170613936371e+01 1.763684900154167678e+01 5.381775602163734362e+01 1.763684900154167678e+01
5.500700000000000000e+04 1.145189347973583267e+02 6.679436118802240863e+00 8.342206131389274049e+01 2.987001332578356028e+01 5.210622193247517231e+01 2.987001332578356028e+01
5.501100000000000000e+04 1.217996113631437254e+02 6.679436118802240863e+00 8.818584826088752493e+01 3.911888205317273304e+01 4.789065290588005297e+01 3.800163401318508249e+01
5.501600000000000000e+04 1.298420217373179639e+02 6.679436118802240863e+00 8.635309107446248333e+01 4.723563130158233037e+01 4.031611703369087962e+01 4.282857131343035206e+01
5.502200000000000000e+04 1.322639814295175142e+02 6.679436118802240863e+00 7.932278589832286286e+01 4.965097675501694852e+01 3.169741694238675578e+01 4.168497754598013927e+01
5.502800000000000000e+04 1.229660281866372173e+02 6.679436118802240863e+00 7.537588693487474245e+01 4.593836974234810100e+01 2.632666932167046880e+01 3.590898908961783320e+01
5.503000000000000000e+04 1.189987598038882481e+02 6.679436118802240863e+00 7.466379576330923840e+01 4.383967877636208499e+01 2.502725028100064719e+01 3.349864657779635024e+01
5.503300000000000000e+04 1.122059670413461419e+02 6.679436118802240863e+00 7.320141948326089221e+01 4.024671942280053827e+01 2.313864568316503068e+01 2.975067964429372225e+01
5.503800000000000000e+04 1.145045340479851177e+02 6.679436118802240863e+00 6.765761495207469522e+01 3.491591614893348350e+01 1.953108020902245556e+01 2.448006460697853726e+01
5.504200000000000000e+04 1.151645009086498987e+02 6.679436118802240863e+00 6.137919871557500784e+01 3.214911337447077955e+01 1.656882135661357935e+01 2.164777683285353405e+01
5.504400000000000000e+04 8.299717549417178475e+01 6.679436118802240863e+00 5.802280350470517334e+01 3.109748593440598441e+01 1.517055024046465839e+01 2.053316997979926484e+01
5.504600000000000000e+04 7.716850203166694655e+01 6.679436118802240863e+00 5.485399871312469600e+01 3.014369484368798524e+01 1.390504162668881349e+01 1.952438295465249141e+01
5.505000000000000000e+04 7.832074741644990468e+01 6.679436118802240863e+00 4.973919187799478436e+01 2.787593336926287790e+01 1.188425964160150627e+01 1.739310748690514785e+01
5.505600000000000000e+04 7.245593456321910253e+01 6.679436118802240863e+00 4.523545615217939542e+01 2.340396431362027840e+01 9.950825172612551839e+00 1.384112857863875767e+01
5.505900000000000000e+04 6.381878411612947133e+01 6.679436118802240863e+00 4.346049300442464869e+01 2.105672373376494733e+01 9.195652533626304859e+00 1.213644019237172778e+01
5.506300000000000000e+04 6.380368828083479116e+01 6.679436118802240863e+00 4.155796402547969137e+01 1.837691027821666268e+01 8.367487622413662507e+00 1.024468183644590624e+01
5.506500000000000000e+04 4.925476072995783738e+01 6.679436118802240863e+00 4.074610624634445344e+01 1.733390574285429864e+01 8.010164788539839265e+00 9.507407713281207151e+00
5.506700000000000000e+04 6.650785019976297008e+01 6.679436118802240863e+00 3.993850186022897475e+01 1.652072953444304204e+01 7.670155917078735897e+00 8.917591241737580887e+00
5.507000000000000000e+04 5.223028458634976801e+01 6.679436118802240863e+00 3.879101460669912171e+01 1.552646067700945487e+01 7.200455628366551508e+00 8.186039266625957822e+00
5.507400000000000000e+04 4.946404214873698635e+01 6.679436118802240863e+00 3.716368916824617941e+01 1.438567882360499262e+01 6.603708294373577203e+00 7.356522026901044953e+00
5.507900000000000000e+04 5.262049938717510145e+01 6.679436118802240863e+00 3.462339871169188399e+01 1.328664519760556395e+01 5.840457257125583723e+00 6.548371216168340503e+00
5.508300000000000000e+04 4.059892647049255743e+01 6.679436118802240863e+00 3.180005379848130431e+01 1.254292432307466498e+01 5.155149271873892936e+00 6.007723116713606260e+00
5.509100000000000000e+04 3.845964623784894343e+01 6.679436118802240863e+00 2.298769393264546679e+01 1.112853423012834320e+01 3.457107999615824934e+00 5.046038918168288312e+00
