5.497500000000000000e+04 -3.916589958103676050e+00 1.196825124888223790e+01 9.676860811788584593e-01 1.458878869086958948e-18 9.676860811788584593e-01 1.458878869086958948e-18
5.497600000000000000e+04 -1.031624358961952481e+01 1.196825124888223790e+01 2.014654457448330049e+00 1.458878766632481191e-18 2.014654457448330049e+00 1.458878766632481191e-18
5.497900000000000000e+04 -5.139799622462724038e+00 1.196825124888223790e+01 7.421511495175619366e+00 1.458878339734227992e-18 7.421511495175619366e+00 1.458878339734227992e-18
5.498000000000000000e+04 1.649237296771989847e+01 1.196825124888223790e+01 1.010928248076253944e+01 1.458878145431422993e-18 1.010928248076253944e+01 1.458878145431422993e-18
5.498100000000000000e+04 3.717793222607018322e+01 1.196825124888223790e+01 1.326427468792255127e+01 1.458877917415035206e-18 1.326427468792255127e+01 1.458877917415035206e-18
5.498200000000000000e+04 1.365174287325436708e+01 1.196825124888223790e+01 1.681188057541250913e+01 1.458877649835416619e-18 1.681188057541250913e+01 1.458877649835416619e-18
5.498400000000000000e+04 2.649078392128133785e+01 1.196825124888223790e+01 2.504964300095078400e+01 1.458876967336947338e-18 2.504964300095078400e+01 1.458876967336947338e-18
5.498500000000000000e+04 3.522259267567432062e+01 1.196825124888223790e+01 2.982457128805857849e+01 4.727942875087466634e-03 2.982457128805857849e+01 4.727942875087466634e-03
5.498700000000000000e+04 3.584287875591818562e+01 1.196825124888223790e+01 4.097582893337165899e+01 7.741488649430867675e-01 4.097582893337165899e+01 7.741488649430867675e-01
5.499000000000000000e+04 5.185300634881930648e+01 1.196825124888223790e+01 6.053040193995693841e+01 4.184087600156392028e+00 6.053040193995693841e+01 4.184087600156392028e+00
5.499200000000000000e+04 9.779791391905979481e+01 1.196825124888223790e+01 7.440742163840896239e+01 8.087425984610032259e+00 7.440742163840896239e+01 8.087425984610032259e+00
5.499300000000000000e+04 1.003525012234356524e+02 1.196825124888223790e+01 8.115791156796579742e+01 1.061141975033804385e+01 8.115791156796579742e+01 1.061141975033804385e+01
5.499400000000000000e+04 1.024205655360344878e+02 1.196825124888223790e+01 8.659722275531558466e+01 1.344950446033000979e+01 8.659722275531558466e+01 1.344950446033000979e+01
5.499600000000000000e+04 1.055661414910168219e+02 1.196825124888223790e+01 9.298895886639343189e+01 2.003971440076062649e+01 9.298895886639343189e+01 2.003971440076062649e+01
5.499700000000000000e+04 1.137442995023156129e+02 1.196825124888223790e+01 9.997375934718112944e+01 2.385965703044686492e+01 9.534931745081652821e+01 2.385965703044686492e+01
5.499800000000000000e+04 1.351896479776613376e+02 1.196825124888223790e+01 1.066907043398186232e+02 2.807878116178207151e+01 9.725679520493949326e+01 2.807878116178207151e+01
5.500000000000000000e+04 1.535889438497477215e+02 1.196825124888223790e+01 1.187149305664750472e+02 3.790067896713478035e+01 9.942624000542298290e+01 3.790067896713478035e+01
5.500200000000000000e+04 1.814474069532845988e+02 1.196825124888223790e+01 1.282961701455560615e+02 4.842432155196556209e+01 9.937735874946248771e+01 4.842432155196556209e+01
5.500300000000000000e+04 1.874315026741386134e+02 1.196825124888223790e+01 1.316582386759064320e+02 5.387147402998105150e+01 9.828909195663038645e+01 5.387147402998105150e+01
5.500400000000000000e+04 1.954395290903545401e+02 1.196825124888223790e+01 1.339950063070851627e+02 5.952593731072717276e+01 9.653818898204983157e+01 5.952593731072717276e+01
5.500500000000000000e+04 2.049245371120437937e+02 1.196825124888223790e+01 1.355705415980825705e+02 6.492632925437264646e+01 9.437559456880096320e+01 6.492632925437264646e+01
5.500900000000000000e+04 2.221186059798057215e+02 1.196825124888223790e+01 1.345999454655371608e+02 9.092510912109864307e+01 8.255133116561614770e+01 7.627945396065322825e+01
5.501200000000000000e+04 2.349862856398658266e+02 1.196825124888223790e+01 1.268527934891047124e+02 1.100847329340043359e+02 7.142612246008147281e+01 7.954099200433840622e+01
5.501300000000000000e+04 2.190366915021772627e+02 1.196825124888223790e+01 1.234368645955070747e+02 1.155250996951316864e+02 6.765517379857884350e+01 7.978252741376498136e+01
5.501400000000000000e+04 2.465749676906489753e+02 1.196825124888223790e+01 1.191581718342949046e+02 1.202068531433498322e+02 6.361888512242121152e+01 7.950188699956999017e+01
5.501600000000000000e+04 2.376740714325299564e+02 1.196825124888223790e+01 1.092116747061039064e+02 1.266581039444494081e+02 5.543739832797152900e+01 7.723055118563988231e+01
5.501700000000000000e+04 2.318565992574933148e+02 1.196825124888223790e+01 1.051846697690178729e+02 1.286528105161895041e+02 5.211031447560955598e+01 7.550047565504078761e+01
5.501800000000000000e+04 2.168954142160463903e+02 1.196825124888223790e+01 1.017445176152687623e+02 1.300284554585714147e+02 4.922327896239417555e+01 7.354550648109243127e+01
5.501900000000000000e+04 2.191640313204543418e+02 1.196825124888223790e+01 9.850472984594773607e+01 1.307208936013601033e+02 4.656333247267679099e+01 7.135419956406119013e+01
5.502000000000000000e+04 2.287969278882965511e+02 1.196825124888223790e+01 9.500864468774885552e+01 1.305417958990530849e+02 4.390417961541074021e+01 6.885115817460605570e+01
5.502100000000000000e+04 2.352980774109697393e+02 1.196825124888223790e+01 9.109529469001569169e+01 1.294404872676861373e+02 4.117301454915962466e+01 6.604106493249292953e+01
5.502200000000000000e+04 2.251131665565216622e+02 1.196825124888223790e+01 8.702916856795215494e+01 1.276350273846753254e+02 3.849145005216814042e+01 6.306078428096606103e+01
5.502500000000000000e+04 1.915724225675974992e+02 1.196825124888223790e+01 7.549333286663943454e+01 1.199390921101205976e+02 3.137059333747742329e+01 5.412413903886307764e+01
5.502900000000000000e+04 1.601531673405255276e+02 1.196825124888223790e+01 6.153218071656195320e+01 1.030533579069654593e+02 2.366167303078713857e+01 4.168825158048764479e+01
5.503100000000000000e+04 1.667386022738067766e+02 1.196825124888223790e+01 5.526685803102376582e+01 9.685173154316774458e+01 2.048817721261307412e+01 3.725066597814144131e+01
5.503200000000000000e+04 1.313461152862388133e+02 1.196825124888223790e+01 5.237252744235200907e+01 9.356858759636338618e+01 1.907229695642826428e+01 3.512334369232860354e+01
5.503300000000000000e+04 1.435571456440582381e+02 1.196825124888223790e+01 5.006933895325852291e+01 8.985598695208597064e+01 1.791710107470335345e+01 3.293841163932770399e+01
5.503400000000000000e+04 1.266040721415536439e+02 1.196825124888223790e+01 4.809083374173989966e+01 8.597450283652275971e+01 1.691552365168480421e+01 3.079316004173451304e+01
5.503500000000000000e+04 1.153088352181096781e+02 1.196825124888223790e+01 4.617362702394164131e+01 8.213676184891680521e+01 1.596874529619285887e+01 2.875937039527899231e+01
5.503600000000000000e+04 1.320443491543536254e+02 1.196825124888223790e+01 4.446361560266771562e+01 7.844282214082596738e+01 1.512367877641758973e+01 2.686398018521436981e+01
5.503700000000000000e+04 9.931458254602883073e+01 1.196825124888223790e+01 4.287865846685330240e+01 7.488788041522612104e+01 1.434788638676704053e+01 2.509647466998194432e+01
5.503900000000000000e+04 1.285522919289935544e+02 1.196825124888223790e+01 3.956137446686417292e+01 6.798337036015155377e+01 1.282170619571031622e+01 2.184555602832633170e+01
5.504000000000000000e+04 8.139946910524790269e+01 1.196825124888223790e+01 3.795157676029916161e+01 6.462133311591225038e+01 1.210962883225882791e+01 2.034676735387665047e+01
5.504200000000000000e+04 9.766059930242013820e+01 1.196825124888223790e+01 3.494466159748265710e+01 5.820558974793578955e+01 1.081543224929825442e+01 1.761670391886676512e+01
5.504400000000000000e+04 8.919737139466928966e+01 1.196825124888223790e+01 3.209319187238754267e+01 5.236489852356945107e+01 9.643386980885679804e+00 1.525783756514261391e+01
5.504500000000000000e+04 6.164117963781352216e+01 1.196825124888223790e+01 3.066051616494933896e+01 5.011054828573033859e+01 9.080561577061848411e+00 1.433368085976268347e+01
5.504600000000000000e+04 7.851376571701386808e+01 1.196825124888223790e+01 2.918522723569551758e+01 4.817541135999833557e+01 8.521234229400151960e+00 1.353241892134784763e+01
5.504700000000000000e+04 9.798641804591377991e+01 1.196825124888223790e+01 2.764922078827823526e+01 4.629658636272234418e+01 7.960046289989414880e+00 1.277499623695428888e+01
5.504800000000000000e+04 7.936283381097928213e+01 1.196825124888223790e+01 2.609461942737224405e+01 4.462090186194247110e+01 7.409034476823465276e+00 1.209894302113407427e+01
5.505000000000000000e+04 5.255370461968465179e+01 1.196825124888223790e+01 2.275697698146706927e+01 4.147635136422577773e+01 6.288194800073795498e+00 1.086906482291032106e+01
5.505200000000000000e+04 6.314097756086188440e+01 1.196825124888223790e+01 1.920343486197184646e+01 3.820830089154306108e+01 5.167770414954748759e+00 9.687703065807063751e+00
5.505400000000000000e+04 5.825632624059761611e+01 1.196825124888223790e+01 1.585189029447008302e+01 3.523235209531400614e+01 4.157327640826142812e+00 8.652345799438604601e+00
5.505600000000000000e+04 6.974740616072618593e+01 1.196825124888223790e+01 1.296368468671905738e+01 3.240178025577588983e+01 3.315520380235053022e+00 7.714709584708543844e+00
5.505800000000000000e+04 3.080956484581157540e+01 1.196825124888223790e+01 1.053771861594155546e+01 2.950392139587509277e+01 2.629827455937498115e+00 6.816987383520122457e+00
5.506000000000000000e+04 4.596546867516579482e+01 1.196825124888223790e+01 8.453782667432696130e+00 2.641172610298028900e+01 2.059888564189253035e+00 5.927227581458772931e+00
5.506100000000000000e+04 3.091733371597399938e+01 1.196825124888223790e+01 7.540770288502083751e+00 2.480718268382979730e+01 1.815959130283463896e+00 5.488314753059690076e+00
5.506200000000000000e+04 2.344876419349556329e+01 1.196825124888223790e+01 6.708210342917478641e+00 2.306006797083062665e+01 1.596812745279095003e+00 5.030555840059037109e+00
5.506400000000000000e+04 3.445813403798400998e+01 1.196825124888223790e+01 5.251801602450779427e+00 1.948042735621342203e+01 1.221917543613490142e+00 4.134216331963799895e+00
5.506500000000000000e+04 1.083258897669974452e+01 1.196825124888223790e+01 4.620490086050140555e+00 1.776760038252863083e+01 1.063036946060080368e+00 3.720184334700300077e+00
5.506700000000000000e+04 3.205941438640560648e+01 1.196825124888223790e+01 3.550509783477897585e+00 1.455482627400504825e+01 7.990344961129509649e-01 2.967949892741649442e+00
5.506800000000000000e+04 3.510910217136602540e+01 1.196825124888223790e+01 3.098709114739470749e+00 1.317720419920619612e+01 6.898283870746817481e-01 2.652416304188042862e+00
5.506900000000000000e+04 4.251567571267740320e+00 1.196825124888223790e+01 2.692915135430000717e+00 1.190665851382645890e+01 5.930877954916861095e-01 2.366188098932125783e+00
5.507100000000000000e+04 1.465330366622532487e+01 1.196825124888223790e+01 2.015219243547730077e+00 9.620713905625704498e+00 4.345486239456022304e-01 1.864479439074748779e+00
5.507300000000000000e+04 2.363074411740918990e+01 1.196825124888223790e+01 1.495870288666061754e+00 7.682233504751167175e+00 3.159510589642119949e-01 1.452767304226771250e+00
5.507400000000000000e+04 1.914247510332047142e+01 1.196825124888223790e+01 1.286245054484280281e+00 6.836913450186974828e+00 2.689201451984696289e-01 1.277450196223276269e+00
5.507500000000000000e+04 4.167052308369800784e-01 1.196825124888223790e+01 1.102034221367470979e+00 6.064613960240517798e+00 2.280935985444418612e-01 1.119758855288131238e+00
5.507800000000000000e+04 1.225967253234524890e+01 1.196825124888223790e+01 6.873471623845771594e-01 4.139066187152150356e+00 1.381047141620609098e-01 7.380645840142919800e-01
5.508000000000000000e+04 -1.820800055245998195e+01 1.196825124888223790e+01 4.997768232958718082e-01 3.165484502608300055e+00 9.849760017656127020e-02 5.518627096597454873e-01
5.508100000000000000e+04 8.873622297226917865e+00 1.196825124888223790e+01 4.261273548081997986e-01 2.751927371081424045e+00 8.318738014801362046e-02 4.744702363933489542e-01
5.508200000000000000e+04 7.651334069350434142e+00 1.196825124888223790e+01 3.628646510744002462e-01 2.383638940212265300e+00 7.017301316464903682e-02 4.064868588356523871e-01
5.508400000000000000e+04 1.401559102450973882e+01 1.196825124888223790e+01 2.626858833127094783e-01 1.777566511386584391e+00 4.986444254227592049e-02 2.966566274009653781e-01
5.508500000000000000e+04 5.804223635093258338e+00 1.196825124888223790e+01 2.234398845585629234e-01 1.530719690469814376e+00 4.202762805578161287e-02 2.527608471713695959e-01
5.508800000000000000e+04 -1.253097450315587835e+00 1.196825124888223790e+01 1.386509145800628173e-01 9.646851894135802796e-01 2.538464199561750803e-02 1.543990379983322947e-01
5.508900000000000000e+04 2.190526833904124171e+00 1.196825124888223790e+01 1.182364904602128258e-01 8.243434951429601254e-01 2.145658115601357940e-02 1.305994130454626312e-01
5.509000000000000000e+04 -7.500249498648080326e+00 1.196825124888223790e+01 1.008311321424459200e-01 7.044445259978403540e-01 1.813835800367798873e-02 1.104837713296487195e-01
5.509100000000000000e+04 1.099907175036788765e+01 1.196825124888223790e+01 8.601213854286343663e-02 6.011177897724409025e-01 1.533876746194622574e-02 9.334127170379516447e-02
5.509300000000000000e+04 8.896383698481416857e+00 1.196825124888223790e+01 6.247926150562824188e-02 4.370997702497228521e-01 1.095262713745783802e-02 6.654990411841091302e-02
5.509500000000000000e+04 1.623779169464957306e+01 1.196825124888223790e+01 4.542577022037475737e-02 3.168758786174807329e-01 7.830004347216196550e-03 4.732315988911003218e-02
5.509600000000000000e+04 1.524805344910365568e+00 1.196825124888223790e+01 3.870844312754750244e-02 2.696669052686281876e-01 6.616827885050855125e-03 3.989155403382074055e-02
5.509700000000000000e+04 -7.705094663748956130e+00 1.196825124888223790e+01 3.298904278017466413e-02 2.294372270821229687e-01 5.592785077591702451e-03 3.362210244462529585e-02
5.509800000000000000e+04 3.601686200256335013e+00 1.196825124888223790e+01 2.813451256257982688e-02 1.955426903447822218e-01 4.730874821351913062e-03 2.838889232647826000e-02
5.509900000000000000e+04 -3.514643770715844440e+00 1.196825124888223790e+01 2.397273663970770838e-02 1.669243458317576090e-01 3.998454947828823484e-03 2.401098185151864448e-02
5.510100000000000000e+04 -6.879611358689325940e+00 1.196825124888223790e+01 1.740696432988251413e-02 1.215300756676609556e-01 2.857113554350843541e-03 1.716526492481086630e-02
5.510400000000000000e+04 8.179482902861650473e+00 1.196825124888223790e+01 1.077236774191710732e-02 7.542382823211042642e-02 1.726894476100850886e-03 1.037181356327150986e-02
5.510700000000000000e+04 -3.874973295914367100e+01 1.196825124888223790e+01 6.623076933187383580e-03 4.675452195809735173e-02 1.037530654529236849e-03 6.264003477772957240e-03
5.510800000000000000e+04 -1.553482578227885824e+00 1.196825124888223790e+01 5.633082696849044807e-03 3.984918425493027411e-02 8.757902202812570909e-04 5.293462308040685488e-03
5.510900000000000000e+04 -1.129268022281067729e+01 1.196825124888223790e+01 4.787588048842187846e-03 3.396833944726097149e-02 7.387683124515371895e-04 4.474228062073362308e-03
5.511000000000000000e+04 -8.560532772411992841e-01 1.196825124888223790e+01 4.068212355489229937e-03 2.897566210581620574e-02 6.230988444615148105e-04 3.784699857081531057e-03
5.511100000000000000e+04 2.881258807878108641e+01 1.196825124888223790e+01 3.458838412398894217e-03 2.469445775779081226e-02 5.258591276927242816e-04 3.198763958263059048e-03
5.511400000000000000e+04 -2.441453898132099454e+01 1.196825124888223790e+01 2.124817077529088383e-03 1.529972307035218880e-02 3.160519228810185948e-04 1.933736485130459161e-03
