5.497500000000000000e+04 -2.610688812621515531e+00 8.768318876175994703e+00 9.676860811788584593e-01 1.458879340350270093e-18 9.676860811788584593e-01 1.458879340350270093e-18
5.497600000000000000e+04 -7.019350917096648601e+00 8.768318876175994703e+00 2.014654457448330049e+00 1.458879319665053140e-18 2.014654457448330049e+00 1.458879319665053140e-18
5.497900000000000000e+04 -1.781301772351182144e+00 8.768318876175994703e+00 7.421511495175619366e+00 1.458879233475697024e-18 7.421511495175619366e+00 1.458879233475697024e-18
5.498000000000000000e+04 1.478573617823607833e+01 8.768318876175994703e+00 1.010928248076253944e+01 1.458879194246585025e-18 1.010928248076253944e+01 1.458879194246585025e-18
5.498100000000000000e+04 3.078417550131258551e+01 8.768318876175994703e+00 1.326427468792255127e+01 1.458879148210798260e-18 1.326427468792255127e+01 1.458879148210798260e-18
5.498200000000000000e+04 1.449666388343869095e+01 8.768318876175994703e+00 1.681188057541250913e+01 1.458879094187306028e-18 1.681188057541250913e+01 1.458879094187306028e-18
5.498400000000000000e+04 2.610546835690194811e+01 8.768318876175994703e+00 2.504964300095078400e+01 1.458878956392917053e-18 2.504964300095078400e+01 1.458878956392917053e-18
5.498500000000000000e+04 3.377586841015837393e+01 8.768318876175994703e+00 2.982457128805857849e+01 1.458878869086958948e-18 2.982457128805857849e+01 1.458878869086958948e-18
5.498700000000000000e+04 3.664810160213567514e+01 8.768318876175994703e+00 4.097582893337165899e+01 1.458878646401056061e-18 4.097582893337165899e+01 1.458878646401056061e-18
5.499000000000000000e+04 5.110767313048478400e+01 8.768318876175994703e+00 6.053040193995693841e+01 1.458878145431422993e-18 6.053040193995693841e+01 1.458878145431422993e-18
5.499200000000000000e+04 8.561893134660287785e+01 8.768318876175994703e+00 7.440742163840896239e+01 1.458877649835416619e-18 7.440742163840896239e+01 1.458877649835416619e-18
5.499300000000000000e+04 8.744621293560476261e+01 8.768318876175994703e+00 8.115791156796579742e+01 1.458877335827950478e-18 8.115791156796579742e+01 1.458877335827950478e-18
5.499400000000000000e+04 8.833637168533155659e+01 8.768318876175994703e+00 8.659722275531558466e+01 1.458876967336947338e-18 8.659722275531558466e+01 1.458876967336947338e-18
5.499600000000000000e+04 8.776967511698975954e+01 8.768318876175994703e+00 9.298895886639343189e+01 2.480027301376598325e-01 9.298895886639343189e+01 2.480027301376598325e-01
5.499700000000000000e+04 9.295583539625378933e+01 8.768318876175994703e+00 9.957329221388769724e+01 7.741488649430867675e-01 9.534931745081652821e+01 7.741488649430867675e-01
5.499800000000000000e+04 1.077932951266400039e+02 8.768318876175994703e+00 1.058737472600971330e+02 1.611723565958664173e+00 9.725679520493949326e+01 1.611723565958664173e+00
5.500000000000000000e+04 1.190112264588172906e+02 8.768318876175994703e+00 1.170445697343839413e+02 4.184087600156392028e+00 9.942624000542298290e+01 4.184087600156392028e+00
5.500200000000000000e+04 1.373423741033117551e+02 8.768318876175994703e+00 1.257918607050696238e+02 8.087425984610032259e+00 9.937735874946248771e+01 8.087425984610032259e+00
5.500300000000000000e+04 1.407732705205476407e+02 8.768318876175994703e+00 1.287685393723814684e+02 1.061141975033804385e+01 9.828909195663038645e+01 1.061141975033804385e+01
5.500400000000000000e+04 1.456064439323676822e+02 8.768318876175994703e+00 1.307513231572883114e+02 1.344950446033000979e+01 9.653818898204983157e+01 1.344950446033000979e+01
5.500500000000000000e+04 1.518209410919758398e+02 8.768318876175994703e+00 1.320031441233819294e+02 1.657394882118942192e+01 9.437559456880096320e+01 1.657394882118942192e+01
5.500900000000000000e+04 1.603776340902482787e+02 8.768318876175994703e+00 1.300926427838944903e+02 3.278066314669732861e+01 8.255133116561614770e+01 3.278066314669732861e+01
5.501200000000000000e+04 1.690477389849820895e+02 8.768318876175994703e+00 1.220529580597872155e+02 4.842432155196556209e+01 7.142612246008147281e+01 4.842432155196556209e+01
5.501300000000000000e+04 1.578798750416421797e+02 8.768318876175994703e+00 1.186062851862885452e+02 5.387147402998105150e+01 6.765517379857884350e+01 5.387147402998105150e+01
5.501400000000000000e+04 1.791567531837575871e+02 8.768318876175994703e+00 1.143485841190398844e+02 5.952593731072717276e+01 6.361888512242121152e+01 5.952593731072717276e+01
5.501600000000000000e+04 1.751545933305701794e+02 8.768318876175994703e+00 1.045549332465542989e+02 6.927777820425247057e+01 5.543739832797152900e+01 6.927777820425247057e+01
5.501700000000000000e+04 1.730131536869587876e+02 8.768318876175994703e+00 1.005885400322690941e+02 7.387586966073202177e+01 5.211031447560955598e+01 7.227144361253377269e+01
5.501800000000000000e+04 1.639906520316986018e+02 8.768318876175994703e+00 9.719628663914353695e+01 7.769413491204905142e+01 4.922327896239417555e+01 7.439116709311475972e+01
5.501900000000000000e+04 1.679949373410193232e+02 8.768318876175994703e+00 9.400671192908716023e+01 8.135966559443272672e+01 4.656333247267679099e+01 7.627945396065322825e+01
5.502000000000000000e+04 1.776761414135826840e+02 8.768318876175994703e+00 9.058310338251546057e+01 8.471455889531050332e+01 4.390417961541074021e+01 7.780543616395159745e+01
5.502100000000000000e+04 1.852314236604729274e+02 8.768318876175994703e+00 8.677212816235392268e+01 8.764397158931781462e+01 4.117301454915962466e+01 7.888746317670370445e+01
5.502200000000000000e+04 1.806170002515081876e+02 8.768318876175994703e+00 8.282590222225537957e+01 9.013585213931627038e+01 3.849145005216814042e+01 7.954099200433840622e+01
5.502500000000000000e+04 1.631862369405839672e+02 8.768318876175994703e+00 7.167239459813467306e+01 9.434180202365212153e+01 3.137059333747742329e+01 7.863127356530432621e+01
5.502900000000000000e+04 1.469523991965812115e+02 8.768318876175994703e+00 5.825267283449485944e+01 9.194702155824924716e+01 2.366167303078713857e+01 7.135419956406119013e+01
5.503100000000000000e+04 1.509989186053282140e+02 8.768318876175994703e+00 5.225509598076965290e+01 8.803273955501306602e+01 2.048817721261307412e+01 6.604106493249292953e+01
5.503200000000000000e+04 1.242560132056550657e+02 8.768318876175994703e+00 4.948879614254007464e+01 8.545997485756521428e+01 1.907229695642826428e+01 6.306078428096606103e+01
5.503300000000000000e+04 1.327021009876172286e+02 8.768318876175994703e+00 4.728502144624961545e+01 8.275629369157135784e+01 1.791710107470335345e+01 6.008152583967718385e+01
5.503400000000000000e+04 1.198991589763870991e+02 8.768318876175994703e+00 4.539111616693100615e+01 7.997440079610402108e+01 1.691552365168480421e+01 5.714089796806518251e+01
5.503500000000000000e+04 1.109862985748259518e+02 8.768318876175994703e+00 4.355794654442525626e+01 7.695370088545551823e+01 1.596874529619285887e+01 5.412413903886307764e+01
5.503600000000000000e+04 1.221100961776196527e+02 8.768318876175994703e+00 4.192283756822956775e+01 7.349253609342098059e+01 1.512367877641758973e+01 5.089510809793696922e+01
5.503700000000000000e+04 9.650935977277255517e+01 8.768318876175994703e+00 4.040795243105201706e+01 6.961989334934658302e+01 1.434788638676704053e+01 4.748321739827211729e+01
5.503900000000000000e+04 1.156108396852072673e+02 8.768318876175994703e+00 3.724577432791889464e+01 6.297427283748464077e+01 1.282170619571031622e+01 4.168825158048764479e+01
5.504000000000000000e+04 8.056093948557253270e+01 8.768318876175994703e+00 3.571371735209773135e+01 6.035955359484623273e+01 1.210962883225882791e+01 3.937862316991534328e+01
5.504200000000000000e+04 9.155608112884837624e+01 8.768318876175994703e+00 3.285512008691823382e+01 5.539653767154066344e+01 1.081543224929825442e+01 3.512334369232860354e+01
5.504400000000000000e+04 8.355542032820025611e+01 8.768318876175994703e+00 3.014908505704098118e+01 4.993418832367667193e+01 9.643386980885679804e+00 3.079316004173451304e+01
5.504500000000000000e+04 6.205123182637575496e+01 8.768318876175994703e+00 2.879173659239000571e+01 4.727465305575961452e+01 9.080561577061848411e+00 2.875937039527899231e+01
5.504600000000000000e+04 7.299597638611251682e+01 8.768318876175994703e+00 2.739576804752148931e+01 4.475539098856714304e+01 8.521234229400151960e+00 2.686398018521436981e+01
5.504700000000000000e+04 8.592495826314095098e+01 8.768318876175994703e+00 2.594417887296250314e+01 4.236786853786352225e+01 7.960046289989414880e+00 2.509647466998194432e+01
5.504800000000000000e+04 7.088181543006680840e+01 8.768318876175994703e+00 2.447648629763399697e+01 4.007003485800940012e+01 7.409034476823465276e+00 2.342728885524403992e+01
5.505000000000000000e+04 4.847846051663091771e+01 8.768318876175994703e+00 2.133081440081033264e+01 3.570450735258274477e+01 6.288194800073795498e+00 2.034676735387665047e+01
5.505200000000000000e+04 5.388137245450618451e+01 8.768318876175994703e+00 1.798797526037448691e+01 3.169597369082508109e+01 5.167770414954748759e+00 1.761670391886676512e+01
5.505400000000000000e+04 4.822300977205810568e+01 8.768318876175994703e+00 1.483916528116483491e+01 2.812934933509691859e+01 4.157327640826142812e+00 1.525783756514261391e+01
5.505600000000000000e+04 5.554036070233026123e+01 8.768318876175994703e+00 1.212817355089982385e+01 2.554920692350473033e+01 3.315520380235053022e+00 1.353241892134784763e+01
5.505800000000000000e+04 2.646919918335126098e+01 8.768318876175994703e+00 9.852911546415430877e+00 2.337999749403948258e+01 2.629827455937498115e+00 1.209894302113407427e+01
5.506000000000000000e+04 3.751823317622559273e+01 8.768318876175994703e+00 7.900084621378622884e+00 2.148596734192911839e+01 2.059888564189253035e+00 1.086906482291032106e+01
5.506100000000000000e+04 2.650136914151135414e+01 8.768318876175994703e+00 7.045013445934697138e+00 2.050447254817993681e+01 1.815959130283463896e+00 1.025736495656825298e+01
5.506200000000000000e+04 2.121648364333759318e+01 8.768318876175994703e+00 6.265573849926113326e+00 1.958078543660923998e+01 1.596812745279095003e+00 9.687703065807063751e+00
5.506400000000000000e+04 2.990061268428462427e+01 8.768318876175994703e+00 4.902821951994766891e+00 1.787228548332038258e+01 1.221917543613490142e+00 8.652345799438604601e+00
5.506500000000000000e+04 1.291304509719015670e+01 8.768318876175994703e+00 4.312421979081927148e+00 1.706654848580851080e+01 1.063036946060080368e+00 8.174417322448755741e+00
5.506700000000000000e+04 2.902469492879725976e+01 8.768318876175994703e+00 3.312237696737015291e+00 1.548925871568902224e+01 7.990344961129509649e-01 7.264449261649479794e+00
5.506800000000000000e+04 3.137441162336438083e+01 8.768318876175994703e+00 2.890105010488086990e+00 1.468651761905574915e+01 6.898283870746817481e-01 6.816987383520122457e+00
5.506900000000000000e+04 8.790467731821021147e+00 8.768318876175994703e+00 2.511074417332249897e+00 1.386066940383277313e+01 5.930877954916861095e-01 6.368037031991533148e+00
5.507100000000000000e+04 1.627850443648510037e+01 8.768318876175994703e+00 1.878336427004865472e+00 1.218954706654557185e+01 4.345486239456022304e-01 5.488314753059690076e+00
5.507300000000000000e+04 2.234139990837086032e+01 8.768318876175994703e+00 1.393691716197035246e+00 1.035924741138294713e+01 3.159510589642119949e-01 4.572811605625031639e+00
5.507400000000000000e+04 1.872867947570541958e+01 8.768318876175994703e+00 1.198146814917261604e+00 9.457433281000389158e+00 2.689201451984696289e-01 4.134216331963799895e+00
5.507500000000000000e+04 4.674013142345709859e+00 8.768318876175994703e+00 1.026352765370425191e+00 8.592881776290752782e+00 2.280935985444418612e-01 3.720184334700300077e+00
5.507800000000000000e+04 1.238882645720806863e+01 8.768318876175994703e+00 6.397838988271632443e-01 6.303202105272466049e+00 1.381047141620609098e-01 2.652416304188042862e+00
5.508000000000000000e+04 -1.046698659393329933e+01 8.768318876175994703e+00 4.650268699535810568e-01 5.093029044266796923e+00 9.849760017656127020e-02 2.103861964749998759e+00
5.508100000000000000e+04 9.124105424176956802e+00 8.768318876175994703e+00 3.964294600953588432e-01 4.554923269659611584e+00 8.318738014801362046e-02 1.864479439074748779e+00
5.508200000000000000e+04 7.993381714324007348e+00 8.768318876175994703e+00 3.375181587193289423e-01 4.062429830751479010e+00 7.017301316464903682e-02 1.647910851351402695e+00
5.508400000000000000e+04 1.222365631308640843e+01 8.768318876175994703e+00 2.442559853490843813e-01 3.205889012441934138e+00 4.986444254227592049e-02 1.277450196223276269e+00
5.508500000000000000e+04 6.009940276666139169e+00 8.768318876175994703e+00 2.077299571913117926e-01 2.835005469818490553e+00 4.202762805578161287e-02 1.119758855288131238e+00
5.508800000000000000e+04 3.202316553505357710e-01 8.768318876175994703e+00 1.288422889129562099e-01 1.917787015102736303e+00 2.538464199561750803e-02 7.380645840142919800e-01
5.508900000000000000e+04 2.699300667115447361e+00 8.768318876175994703e+00 1.098555498606739317e-01 1.675159840410879619e+00 2.145658115601357940e-02 6.392275968903607941e-01
5.509000000000000000e+04 -4.532757178240330198e+00 8.768318876175994703e+00 9.367010840259386295e-02 1.458462769088775701e+00 1.813835800367798873e-02 5.518627096597454873e-01
5.509100000000000000e+04 8.899209426687479052e+00 8.768318876175994703e+00 7.989197032554690159e-02 1.264463179988274844e+00 1.533876746194622574e-02 4.744702363933489542e-01
5.509300000000000000e+04 7.151674302314241061e+00 8.768318876175994703e+00 5.801716120982790270e-02 9.418928333745716364e-01 1.095262713745783802e-02 3.476388991564817732e-01
5.509500000000000000e+04 1.236910830234797487e+01 8.768318876175994703e+00 4.217005441280226308e-02 6.960528209405176803e-01 7.830004347216196550e-03 2.527608471713695959e-01
5.509600000000000000e+04 1.524342269653459425e+00 8.768318876175994703e+00 3.592937541582614386e-02 5.972178584567614523e-01 6.616827885050855125e-03 2.151361161587757309e-01
5.509700000000000000e+04 -5.296039696829478061e+00 8.768318876175994703e+00 3.061658335026025413e-02 5.106012059576459095e-01 5.592785077591702451e-03 1.824748788355535223e-01
5.509800000000000000e+04 2.936410936746396860e+00 8.768318876175994703e+00 2.610780578911267233e-02 4.354670467704964687e-01 4.730874821351913062e-03 1.543990379983322947e-01
5.509900000000000000e+04 -2.321311370151908804e+00 8.768318876175994703e+00 2.224300502927696252e-02 3.712418915230320526e-01 3.998454947828823484e-03 1.305994130454626312e-01
5.510100000000000000e+04 -4.856387005566426218e+00 8.768318876175994703e+00 1.614697725241379112e-02 2.694762514088566152e-01 2.857113554350843541e-03 9.334127170379516447e-02
5.510400000000000000e+04 6.105196921642901842e+00 8.768318876175994703e+00 9.989048407557760481e-03 1.658104093464859152e-01 1.726894476100850886e-03 5.613841053171924472e-02
5.510700000000000000e+04 -2.832069951775963901e+01 8.768318876175994703e+00 6.139380142045851481e-03 1.015454738032573051e-01 1.037530654529236849e-03 3.362210244462529585e-02
5.510800000000000000e+04 -1.079860671094245550e+00 8.768318876175994703e+00 5.221110977228741665e-03 8.637036601407745151e-02 8.757902202812570909e-04 2.838889232647826000e-02
5.510900000000000000e+04 -8.223746997882509291e+00 8.768318876175994703e+00 4.436968607752687054e-03 7.358405498216402663e-02 7.387683124515371895e-04 2.401098185151864448e-02
5.511000000000000000e+04 -5.849249320688120202e-01 8.768318876175994703e+00 3.769872628761057175e-03 6.268585032965771908e-02 6.230988444615148105e-04 2.030771359649400851e-02
5.511100000000000000e+04 2.114495772085807346e+01 8.768318876175994703e+00 3.204848453723308215e-03 5.336680865123697576e-02 5.258591276927242816e-04 1.716526492481086630e-02
5.511400000000000000e+04 -1.786472323431101117e+01 8.768318876175994703e+00 1.968181744549255853e-03 3.293673115152500469e-02 3.160519228810185948e-04 1.037181356327150986e-02
