5.497400000000000000e+04 2.674737182237041377e+00 5.155087775390355453e+00 2.872527343123094101e-01 8.716024236303062206e-19 2.872527343123094101e-01 8.716024236303062206e-19
5.497600000000000000e+04 -3.075825369958416822e+00 5.155087775390355453e+00 1.958814406946931541e+00 8.716023866393842389e-19 1.958814406946931541e+00 8.716023866393842389e-19
5.498000000000000000e+04 1.025762990716045664e+01 5.155087775390355453e+00 9.740658635389692677e+00 8.716022655456037539e-19 9.740658635389692677e+00 8.716022655456037539e-19
5.498100000000000000e+04 8.870975287836548873e+00 5.155087775390355453e+00 1.261836908227294352e+01 8.716022210972289233e-19 1.261836908227294352e+01 8.716022210972289233e-19
5.498500000000000000e+04 2.924566480168776650e+01 5.155087775390355453e+00 2.761301931683333422e+01 8.716019515982127606e-19 2.761301931683333422e+01 8.716019515982127606e-19
5.498700000000000000e+04 3.370273344628314049e+01 5.155087775390355453e+00 3.698113532148148863e+01 8.716017365910701769e-19 3.698113532148148863e+01 8.716017365910701769e-19
5.498800000000000000e+04 4.600984890615264078e+01 5.155087775390355453e+00 4.209516568424355398e+01 8.716016003634627670e-19 4.209516568424355398e+01 8.716016003634627670e-19
5.498900000000000000e+04 4.927997248592042467e+01 5.155087775390355453e+00 4.711547825657126509e+01 8.716014404989387201e-19 4.711547825657126509e+01 8.716014404989387201e-19
5.499300000000000000e+04 6.631198838745417845e+01 5.155087775390355453e+00 6.549985504210982867e+01 -1.241908946591701104e-02 6.549985504210982867e+01 -1.241908946591701104e-02
5.499500000000000000e+04 6.612898121247032179e+01 5.155087775390355453e+00 6.925870503056015082e+01 7.505983906838168407e-01 6.925870503056015082e+01 7.505983906838168407e-01
5.499700000000000000e+04 8.253689764085484626e+01 5.155087775390355453e+00 7.366698359796477291e+01 2.680580088357593205e+00 6.841287481237441170e+01 2.680580088357593205e+00
5.499900000000000000e+04 8.185345715595880733e+01 5.155087775390355453e+00 7.503915283807144476e+01 5.789889591216336839e+00 6.504780932565140006e+01 5.789889591216336839e+00
5.500000000000000000e+04 9.160864800991649304e+01 5.155087775390355453e+00 7.534391452384639365e+01 7.792526908311754319e+00 6.320798198309262261e+01 7.792526908311754319e+00
5.500200000000000000e+04 8.537892665853574670e+01 5.155087775390355453e+00 7.503841145929503398e+01 1.269273137910385429e+01 5.914124484496770862e+01 1.269273137910385429e+01
5.500300000000000000e+04 8.186119081544192966e+01 5.155087775390355453e+00 7.357542563849486328e+01 1.558080429699700353e+01 5.628475033544589223e+01 1.558080429699700353e+01
5.500500000000000000e+04 9.372599106434878991e+01 5.155087775390355453e+00 6.920871173299124735e+01 2.209041545346666879e+01 5.000629460476246635e+01 2.209041545346666879e+01
5.500700000000000000e+04 9.855649158582762936e+01 5.155087775390355453e+00 6.508366450672302506e+01 2.958490825718519801e+01 4.455343955827151348e+01 2.958490825718519801e+01
5.500900000000000000e+04 9.697081975958106170e+01 5.155087775390355453e+00 6.054726537011438836e+01 3.769238260525701634e+01 3.937777404403901471e+01 3.769238260525701634e+01
5.501000000000000000e+04 9.974539268829222749e+01 5.155087775390355453e+00 5.809821191864504186e+01 4.153383942830611630e+01 3.686434766411487374e+01 4.153383942830611630e+01
5.501300000000000000e+04 1.021051137949022092e+02 5.155087775390355453e+00 5.070187147411923689e+01 5.239988403368787573e+01 2.997981993502793685e+01 5.239988403368787573e+01
5.501600000000000000e+04 9.545169492706463643e+01 5.155087775390355453e+00 4.117025860653058089e+01 5.779673705181703980e+01 2.279133005233092391e+01 5.535025574776578594e+01
5.501700000000000000e+04 9.349835940708560145e+01 5.155087775390355453e+00 3.823130245807331562e+01 5.835891872994788798e+01 2.072381963252022885e+01 5.473029984989954499e+01
5.501800000000000000e+04 9.391150447180541505e+01 5.155087775390355453e+00 3.550043568386348625e+01 5.825798437069828140e+01 1.885112345149930135e+01 5.352626274411823459e+01
5.501900000000000000e+04 8.496222390185801032e+01 5.155087775390355453e+00 3.283913366841044734e+01 5.778847380490871188e+01 1.708947422377729097e+01 5.203824746052112715e+01
5.502000000000000000e+04 8.464237656639227225e+01 5.155087775390355453e+00 3.027519817053115148e+01 5.727148831524058181e+01 1.544652967884242400e+01 5.056638558647409809e+01
5.502200000000000000e+04 7.319341421466607756e+01 5.155087775390355453e+00 2.560057251363238251e+01 5.567793354684641827e+01 1.256901635586821442e+01 4.731299587597417400e+01
5.502300000000000000e+04 7.533840731354671050e+01 5.155087775390355453e+00 2.347611717013496602e+01 5.398382974173287607e+01 1.131270102647213349e+01 4.502780026835672089e+01
5.502400000000000000e+04 7.193339043282139755e+01 5.155087775390355453e+00 2.151843916866063111e+01 5.181207164174887936e+01 1.018094207449878574e+01 4.243412910872144295e+01
5.502500000000000000e+04 6.705515918706963419e+01 5.155087775390355453e+00 1.973994763762299343e+01 4.973025985854420128e+01 9.172838121572022274e+00 4.000503568380997876e+01
5.502800000000000000e+04 5.324028207178508865e+01 5.155087775390355453e+00 1.522735626632169925e+01 4.393682992620174588e+01 6.716370971383953226e+00 3.355493350099414585e+01
5.502900000000000000e+04 5.391596553426287386e+01 5.155087775390355453e+00 1.399855035477801835e+01 4.194520491171036980e+01 6.071543353043900915e+00 3.150221923523121603e+01
5.503100000000000000e+04 5.042223356070209661e+01 5.155087775390355453e+00 1.192732879675493862e+01 3.791842111530525017e+01 5.006434182654020404e+00 2.756300146493076042e+01
5.503300000000000000e+04 3.754125903207054904e+01 5.155087775390355453e+00 1.030958087872377327e+01 3.405467706059694422e+01 4.192249869357422831e+00 2.398385594802235588e+01
5.503400000000000000e+04 4.912069630687862087e+01 5.155087775390355453e+00 9.677619936660905253e+00 3.182484658075906125e+01 3.874767751706000407e+00 2.206993521550558768e+01
5.503500000000000000e+04 3.839701213897411236e+01 5.155087775390355453e+00 9.123857744727663643e+00 2.941295079913404820e+01 3.597735703756966164e+00 2.008944115779936368e+01
5.503700000000000000e+04 3.606771295619405038e+01 5.155087775390355453e+00 8.218156663580234778e+00 2.500618972138421725e+01 3.145344712025503142e+00 1.657905570601618450e+01
5.503800000000000000e+04 3.715173194418092351e+01 5.155087775390355453e+00 7.855753477455198919e+00 2.307980746413963047e+01 2.963093496324381348e+00 1.508089876119944250e+01
5.503900000000000000e+04 3.497415134607455656e+01 5.155087775390355453e+00 7.536681525600863907e+00 2.122512698593140001e+01 2.802157021713587159e+00 1.367157937902183562e+01
5.504000000000000000e+04 2.802681610598326145e+01 5.155087775390355453e+00 7.238705024137408905e+00 1.945768450584422737e+01 2.653484246384680389e+00 1.235722374307394134e+01
5.504100000000000000e+04 2.388722045210202438e+01 5.155087775390355453e+00 6.953354771040149096e+00 1.781185639690194478e+01 2.513503025968822246e+00 1.115541829830396736e+01
5.504300000000000000e+04 2.511276471563796164e+01 5.155087775390355453e+00 6.416403619708617612e+00 1.485040889147050081e+01 2.256754227528354306e+00 9.050160821177707149e+00
5.504400000000000000e+04 2.023410118818950920e+01 5.155087775390355453e+00 6.137725213666590740e+00 1.354472533591318495e+01 2.129971270706062736e+00 8.144753659599029305e+00
5.504500000000000000e+04 1.516894829251677379e+01 5.155087775390355453e+00 5.848756466000962995e+00 1.236571961492881400e+01 2.002998789726357476e+00 7.338270497257618707e+00
5.504600000000000000e+04 1.263451626610761025e+01 5.155087775390355453e+00 5.569094218422895537e+00 1.127850021381398093e+01 1.882468299899572761e+00 6.606431709122529305e+00
5.504700000000000000e+04 1.122623104602419986e+01 5.155087775390355453e+00 5.298476506127295593e+00 1.029146281454306688e+01 1.768044749775525615e+00 5.951230448472252910e+00
5.504900000000000000e+04 2.969597454562027394e+00 5.155087775390355453e+00 4.767312918623687779e+00 8.614305709298688996e+00 1.551051834533994978e+00 4.857234682435121798e+00
5.505000000000000000e+04 7.213682343060318303e+00 5.155087775390355453e+00 4.477157509537701863e+00 7.907598311119879320e+00 1.438675292267899364e+00 4.403875201113765847e+00
5.505100000000000000e+04 1.246056172231107162e+01 5.155087775390355453e+00 4.174614549807413866e+00 7.280156331048170948e+00 1.325106192803267691e+00 4.005147346123217211e+00
5.505300000000000000e+04 3.738778296608784579e+00 5.155087775390355453e+00 3.578223648834227166e+00 6.244440025405268990e+00 1.108770342350714921e+00 3.353799895485938709e+00
5.505400000000000000e+04 3.696543168914657507e+00 5.155087775390355453e+00 3.284894778193594433e+00 5.840049955371285684e+00 1.005908494057323077e+00 3.099814201364801125e+00
5.505500000000000000e+04 1.692967035027952960e+01 5.155087775390355453e+00 3.005980614308707111e+00 5.486115219944922572e+00 9.098004280595362037e-01 2.878188563005573020e+00
5.505700000000000000e+04 7.081633066183039560e+00 5.155087775390355453e+00 2.491273918093542150e+00 4.907492633490671885e+00 7.368888778080757707e-01 2.516275769620402780e+00
5.505800000000000000e+04 6.924001777200881946e+00 5.155087775390355453e+00 2.247814845057084732e+00 4.675524489720167765e+00 6.574095826676078502e-01 2.370474797059505256e+00
5.505900000000000000e+04 -2.658854641674972541e+00 5.155087775390355453e+00 2.015798291350851201e+00 4.471121743846200758e+00 5.830050588127172473e-01 2.241725617370870172e+00
5.506100000000000000e+04 9.964827824753786700e+00 5.155087775390355453e+00 1.592256951090792683e+00 4.099422895234111408e+00 4.505027589097987395e-01 2.010802420775057886e+00
5.506300000000000000e+04 4.183968476941725356e+00 5.155087775390355453e+00 1.233399217626569788e+00 3.760474704415047942e+00 3.415482990769190819e-01 1.805403382022683800e+00
5.506400000000000000e+04 8.861845757029776394e+00 5.155087775390355453e+00 1.082219366767661395e+00 3.586871619869009820e+00 2.965309531914898100e-01 1.703977016564850455e+00
5.506700000000000000e+04 1.012554941050166946e+01 5.155087775390355453e+00 7.152851723534366934e-01 3.071164452150079605e+00 1.899928740845295005e-01 1.414435799820420669e+00
5.506800000000000000e+04 -5.053305874147893562e+00 5.155087775390355453e+00 6.199253597529851278e-01 2.910981989027722872e+00 1.630009885761951050e-01 1.327155096666236656e+00
5.506900000000000000e+04 5.542399692219156293e+00 5.155087775390355453e+00 5.359743370270053653e-01 2.749084271528053236e+00 1.395185175518027509e-01 1.240841467627196382e+00
5.507000000000000000e+04 -7.138479426043722320e+00 5.155087775390355453e+00 4.623232379235135969e-01 2.575343867182921631e+00 1.191554736916271978e-01 1.150940233814319757e+00
5.507200000000000000e+04 6.541274017741428359e+00 5.155087775390355453e+00 3.426467334337660597e-01 2.217271516822332256e+00 8.659693020465177027e-02 9.717203597258007308e-01
5.507400000000000000e+04 8.208083731456330412e+00 5.155087775390355453e+00 2.525016314357532710e-01 1.871794525741867110e+00 6.259957145868536021e-02 8.047267952458585505e-01
5.507600000000000000e+04 -8.829677240899722612e-01 5.155087775390355453e+00 1.832687211569734853e-01 1.557225723675316420e+00 4.458659039435906163e-02 6.570018241816371063e-01
5.507800000000000000e+04 6.954293858690079766e+00 5.155087775390355453e+00 1.325566973582035235e-01 1.269799757114138394e+00 3.165759871947924908e-02 5.259276661340864800e-01
5.508000000000000000e+04 3.045416522729301079e+00 5.155087775390355453e+00 9.563841657303531751e-02 1.010370351506255426e+00 2.242927217941729015e-02 4.109535310771395000e-01
5.508200000000000000e+04 5.831077874484674517e+00 5.155087775390355453e+00 6.880814098494507369e-02 7.870023832202436287e-01 1.585148843184322476e-02 3.144487706649526926e-01
5.508300000000000000e+04 -1.040769885261243743e+01 5.155087775390355453e+00 5.834956818044373383e-02 6.899002402714504711e-01 1.332425287277213925e-02 2.732386392615352988e-01
5.508400000000000000e+04 -5.133865128376331022e+00 5.155087775390355453e+00 4.942284863667299744e-02 6.042114702229798295e-01 1.118771474028273233e-02 2.372247625531919146e-01
5.508600000000000000e+04 1.371943566009236548e+01 5.155087775390355453e+00 3.555180803643658016e-02 4.582890686217145348e-01 7.910245647124551638e-03 1.768636417959688623e-01
5.508900000000000000e+04 6.695173426354014801e+00 5.155087775390355453e+00 2.193408539801638274e-02 2.966163683151326613e-01 4.758348966942117439e-03 1.116148140414422174e-01
5.509000000000000000e+04 -6.523996235439465607e+00 5.155087775390355453e+00 1.866543329386737005e-02 2.554312058432674504e-01 4.015798901434460173e-03 9.532437895330177213e-02
5.509200000000000000e+04 -3.593133012386295455e+00 5.155087775390355453e+00 1.351453673461229348e-02 1.886981747931444076e-01 2.860340487345981557e-03 6.927754416372142177e-02
5.509300000000000000e+04 6.814471104402926471e+00 5.155087775390355453e+00 1.150036224965290087e-02 1.618209076333015362e-01 2.414419350363810127e-03 5.893182841083124957e-02
5.509500000000000000e+04 -2.253173497204374431e+00 5.155087775390355453e+00 8.322769198097549476e-03 1.180649053212010635e-01 1.719580412830072277e-03 4.231565367592597660e-02
5.509600000000000000e+04 4.611916023719227375e+00 5.155087775390355453e+00 7.082691820483410713e-03 1.003091276056132380e-01 1.451847290194205504e-03 3.566927231548724930e-02
5.509700000000000000e+04 3.735170241884411713e+00 5.155087775390355453e+00 6.026200080202289908e-03 8.525838366619555020e-02 1.225634575374692737e-03 3.008093132914495954e-02
5.509800000000000000e+04 1.975314827155910669e+00 5.155087775390355453e+00 5.124446770585453469e-03 7.234141198585643251e-02 1.034155386379047173e-03 2.532607897558340412e-02
5.510000000000000000e+04 -2.375926935308853238e+00 5.155087775390355453e+00 3.710467206363804362e-03 5.204667750689423444e-02 7.373742460977353481e-04 1.794341774353383490e-02
5.510100000000000000e+04 8.908539963770008896e+00 5.155087775390355453e+00 3.155953020023944278e-03 4.408096879464138557e-02 6.224268341795411233e-04 1.508227624957792119e-02
5.510200000000000000e+04 1.076738991924036881e+00 5.155087775390355453e+00 2.686229164597698366e-03 3.734357050727354910e-02 5.258043306838589264e-04 1.268119074547458328e-02
5.510600000000000000e+04 -1.652891938187120990e-01 5.155087775390355453e+00 1.404216460595289571e-03 1.919468567748655249e-02 2.668395524086519138e-04 6.328196517699642178e-03
5.510900000000000000e+04 4.170381267598649799e+00 5.155087775390355453e+00 8.625060672652767619e-04 1.179880209842967820e-02 1.603886617199637324e-04 3.806679173553694298e-03
5.511100000000000000e+04 -7.775718430096294043e+00 5.155087775390355453e+00 6.235448698356145254e-04 8.526680318364175323e-03 1.143196079927424701e-04 2.712307255261054220e-03
5.511200000000000000e+04 -6.543209720583234912e+00 5.155087775390355453e+00 5.298128241114183779e-04 7.244212731871927519e-03 9.645587389153405797e-05 2.288272389876785419e-03
5.511400000000000000e+04 9.639996856526447999e+00 5.155087775390355453e+00 3.830113914817855699e-04 5.234448953592551329e-03 6.876820444588222371e-05 1.630669455947835432e-03
5.511500000000000000e+04 -1.465808138800573523e+01 5.155087775390355453e+00 3.254917769095064185e-04 4.446284681846462104e-03 5.804061642466235168e-05 1.375664330264058039e-03
5.511700000000000000e+04 -2.284830700278102533e+00 5.155087775390355453e+00 2.353355456796176034e-04 3.212437247440085627e-03 4.139733072045060849e-05 9.805076602997543633e-04
5.511800000000000000e+04 4.802617498731642232e-01 5.155087775390355453e+00 1.999921885226068870e-04 2.728846501146119444e-03 3.494412016400036890e-05 8.273243091032378470e-04
5.511900000000000000e+04 1.372113563870229314e+00 5.155087775390355453e+00 1.701346713734274547e-04 2.320124571736317809e-03 2.952906681710418518e-05 6.987274722892087252e-04
5.512000000000000000e+04 1.078464169668061023e+00 5.155087775390355453e+00 1.459461198002283194e-04 1.971797724005032535e-03 2.516312410348764490e-05 5.898993968781883653e-04
