5.497500000000000000e+04 -3.998542546009596688e+00 1.216906487093506506e+01 9.676860811788584593e-01 2.279498584667664851e-18 9.676860811788584593e-01 2.279498584667664851e-18
5.497600000000000000e+04 -1.052314201182862519e+01 1.216906487093506506e+01 2.014654457448330049e+00 2.279498485609617514e-18 2.014654457448330049e+00 2.279498485609617514e-18
5.497900000000000000e+04 -5.350564113515749121e+00 1.216906487093506506e+01 7.421511495175619366e+00 2.279498072863251428e-18 7.421511495175619366e+00 2.279498072863251428e-18
5.498000000000000000e+04 1.659947395464951114e+01 1.216906487093506506e+01 1.010928248076253944e+01 2.279497885001649794e-18 1.010928248076253944e+01 2.279497885001649794e-18
5.498100000000000000e+04 3.757917615777780895e+01 1.216906487093506506e+01 1.326427468792255127e+01 2.279497664544057483e-18 1.326427468792255127e+01 2.279497664544057483e-18
5.498200000000000000e+04 1.359871936255431102e+01 1.216906487093506506e+01 1.681188057541250913e+01 2.279497405834730840e-18 1.681188057541250913e+01 2.279497405834730840e-18
5.498400000000000000e+04 2.651496462421629019e+01 1.216906487093506506e+01 2.504964300095078400e+01 2.279496745960992233e-18 2.504964300095078400e+01 2.279496745960992233e-18
5.498500000000000000e+04 3.530835805291007290e+01 1.216906487093506506e+01 2.982457128805857849e+01 2.279496327867838250e-18 2.982457128805857849e+01 2.279496327867838250e-18
5.498700000000000000e+04 3.496961549824882809e+01 1.216906487093506506e+01 4.097582893337165899e+01 2.279495261463979831e-18 4.097582893337165899e+01 2.279495261463979831e-18
5.499000000000000000e+04 4.866272531363530618e+01 1.216906487093506506e+01 6.053040193995693841e+01 1.209607601473573046e+00 6.053040193995693841e+01 1.209607601473573046e+00
5.499200000000000000e+04 9.426956636487113883e+01 1.216906487093506506e+01 7.440742163840896239e+01 4.302310410807026031e+00 7.440742163840896239e+01 4.302310410807026031e+00
5.499300000000000000e+04 9.642273416163845923e+01 1.216906487093506506e+01 8.115791156796579742e+01 6.537636875244362322e+00 8.115791156796579742e+01 6.537636875244362322e+00
5.499400000000000000e+04 9.828778074747864935e+01 1.216906487093506506e+01 8.659722275531558466e+01 9.276889368969523986e+00 8.659722275531558466e+01 9.276889368969523986e+00
5.499600000000000000e+04 1.019815576680672109e+02 1.216906487093506506e+01 9.298895886639343189e+01 1.658034335990318908e+01 9.298895886639343189e+01 1.658034335990318908e+01
5.499700000000000000e+04 1.101962531254871749e+02 1.216906487093506506e+01 9.943980316945653897e+01 2.101485071926563819e+01 9.534931745081652821e+01 2.101485071926563819e+01
5.499800000000000000e+04 1.319254355904031684e+02 1.216906487093506506e+01 1.056014282335233219e+02 2.589679503310846798e+01 9.725679520493949326e+01 2.589679503310846798e+01
5.500000000000000000e+04 1.506910472142839694e+02 1.216906487093506506e+01 1.164877827903535632e+02 3.728071411007321956e+01 9.942624000542298290e+01 3.728071411007321956e+01
5.500200000000000000e+04 1.809831045672711980e+02 1.216906487093506506e+01 1.249570908915741256e+02 5.121978616671457729e+01 9.937735874946248771e+01 5.121978616671457729e+01
5.500300000000000000e+04 1.889588169948060568e+02 1.216906487093506506e+01 1.278053062712065042e+02 5.921981088614808897e+01 9.828909195663038645e+01 5.921981088614808897e+01
5.500400000000000000e+04 1.990845344532145020e+02 1.216906487093506506e+01 1.296700954406893516e+02 6.746366186135364273e+01 9.653818898204983157e+01 6.746366186135364273e+01
5.500500000000000000e+04 2.109789715123097551e+02 1.216906487093506506e+01 1.308140116318149921e+02 7.566300242494617123e+01 9.437559456880096320e+01 7.566300242494617123e+01
5.500900000000000000e+04 2.333731320669048728e+02 1.216906487093506506e+01 1.285902085566802668e+02 1.082465284441444737e+02 8.255133116561614770e+01 1.082465284441444737e+02
5.501200000000000000e+04 2.411955227597774751e+02 1.216906487093506506e+01 1.204530129166813879e+02 1.227264902238822089e+02 7.142612246008147281e+01 1.191866468135206389e+02
5.501300000000000000e+04 2.231217012511734197e+02 1.216906487093506506e+01 1.169960920498823924e+02 1.263852053688188875e+02 6.765517379857884350e+01 1.215709940061743595e+02
5.501400000000000000e+04 2.494394189959870971e+02 1.216906487093506506e+01 1.127453882139548682e+02 1.293631134436727166e+02 6.361888512242121152e+01 1.232616612135995240e+02
5.501600000000000000e+04 2.381364037333579518e+02 1.216906487093506506e+01 1.030026860933710964e+02 1.332991508805295098e+02 5.543739832797152900e+01 1.246601990840077718e+02
5.501700000000000000e+04 2.311024357849173043e+02 1.216906487093506506e+01 9.905649678668619629e+01 1.340600569530248833e+02 5.211031447560955598e+01 1.242216984368281061e+02
5.501800000000000000e+04 2.143613348622387491e+02 1.216906487093506506e+01 9.568020964710179044e+01 1.338083125624577008e+02 4.922327896239417555e+01 1.228613649457879831e+02
5.501900000000000000e+04 2.148962955567054962e+02 1.216906487093506506e+01 9.250737262346697776e+01 1.326193371140909392e+02 4.656333247267679099e+01 1.206727362275622966e+02
5.502000000000000000e+04 2.232252536292213279e+02 1.216906487093506506e+01 8.910792294743765751e+01 1.308163710216792595e+02 4.390417961541074021e+01 1.179694932110012076e+02
5.502100000000000000e+04 2.289078011245647986e+02 1.216906487093506506e+01 8.533107265313331879e+01 1.285667385172596937e+02 4.117301454915962466e+01 1.149148538767069141e+02
5.502200000000000000e+04 2.178889262552345087e+02 1.216906487093506506e+01 8.142481344035648760e+01 1.258398203874310468e+02 3.849145005216814042e+01 1.114909368188455971e+02
5.502500000000000000e+04 1.806139992048022407e+02 1.216906487093506506e+01 7.039874850863309064e+01 1.141400195485485796e+02 3.137059333747742329e+01 9.853247543900947392e+01
5.502900000000000000e+04 1.479220425874033253e+02 1.216906487093506506e+01 5.715950354047249959e+01 9.526928047082574835e+01 2.366167303078713857e+01 7.952360640302650552e+01
5.503100000000000000e+04 1.505060747601037860e+02 1.216906487093506506e+01 5.125117529735160815e+01 8.438957960475465825e+01 2.048817721261307412e+01 6.929674790996440947e+01
5.503200000000000000e+04 1.136574565059684971e+02 1.216906487093506506e+01 4.852755237593608229e+01 7.996979135213230450e+01 1.907229695642826428e+01 6.513789309451193787e+01
5.503300000000000000e+04 1.261980857020637217e+02 1.216906487093506506e+01 4.635691561057997490e+01 7.614841255482377846e+01 1.791710107470335345e+01 6.152909870299270523e+01
5.503400000000000000e+04 1.095144509289524564e+02 1.216906487093506506e+01 4.449121030866137971e+01 7.260969657458038284e+01 1.691552365168480421e+01 5.820416559084598873e+01
5.503500000000000000e+04 9.847274244771267604e+01 1.216906487093506506e+01 4.268605305125313265e+01 6.900639431052184136e+01 1.596874529619285887e+01 5.488022451926343592e+01
5.503600000000000000e+04 1.155903483841139376e+02 1.216906487093506506e+01 4.107591155675017802e+01 6.522320167268750879e+01 1.512367877641758973e+01 5.146626818644953261e+01
5.503700000000000000e+04 8.227442461733086532e+01 1.216906487093506506e+01 3.958438375245158625e+01 6.145160000828643376e+01 1.434788638676704053e+01 4.811431256521017019e+01
5.503900000000000000e+04 1.122754722701634194e+02 1.216906487093506506e+01 3.647390761493713285e+01 5.444153484409849852e+01 1.282170619571031622e+01 4.197496903939745039e+01
5.504000000000000000e+04 6.468684277006960315e+01 1.216906487093506506e+01 3.496776421603059504e+01 5.124778554093656169e+01 1.210962883225882791e+01 3.921324167184678089e+01
5.504200000000000000e+04 8.202978768081355554e+01 1.216906487093506506e+01 3.215860625006342843e+01 4.528515497309459192e+01 1.081543224929825442e+01 3.413368129425988684e+01
5.504400000000000000e+04 7.414540360688089038e+01 1.216906487093506506e+01 2.950104945192546424e+01 3.982555341994360987e+01 9.643386980885679804e+00 2.957709128848392055e+01
5.504500000000000000e+04 4.605434944846562928e+01 1.216906487093506506e+01 2.816881006820356248e+01 3.733640186804824168e+01 9.080561577061848411e+00 2.752609987322931318e+01
5.504600000000000000e+04 6.296300258926002158e+01 1.216906487093506506e+01 2.679928165146347752e+01 3.499124565699155909e+01 8.521234229400151960e+00 2.561022151576634798e+01
5.504700000000000000e+04 8.262893536647857218e+01 1.216906487093506506e+01 2.537583156785726146e+01 3.280911883929572070e+01 7.960046289989414880e+00 2.384037119553533302e+01
5.504800000000000000e+04 6.377313041227610313e+01 1.216906487093506506e+01 2.393710858772125150e+01 3.104361724955790081e+01 7.409034476823465276e+00 2.239637634337918826e+01
5.505000000000000000e+04 3.704290613179792757e+01 1.216906487093506506e+01 2.085542687392474903e+01 2.806307376489692729e+01 6.288194800073795498e+00 1.996093162024107315e+01
5.505200000000000000e+04 4.897792104513845857e+01 1.216906487093506506e+01 1.758282205984203728e+01 2.556972702701721190e+01 5.167770414954748759e+00 1.793485798345880156e+01
5.505400000000000000e+04 4.496123390669289677e+01 1.216906487093506506e+01 1.450159027672975398e+01 2.316722038237407588e+01 4.157327640826142812e+00 1.602713274463789261e+01
5.505600000000000000e+04 5.760640808730096296e+01 1.216906487093506506e+01 1.184966983896007875e+01 2.096569583170611750e+01 3.315520380235053022e+00 1.430812518372081854e+01
5.505800000000000000e+04 1.920614359907713364e+01 1.216906487093506506e+01 9.624642523240055425e+00 1.896847994620101119e+01 2.629827455937498115e+00 1.277252706632618029e+01
5.506000000000000000e+04 3.608339458986256432e+01 1.216906487093506506e+01 7.715518606027266024e+00 1.708167139665047429e+01 2.059888564189253035e+00 1.135070197132731273e+01
5.506100000000000000e+04 2.156009476069072406e+01 1.216906487093506506e+01 6.879761165078902785e+00 1.613495701336918842e+01 1.815959130283463896e+00 1.065154278675018951e+01
5.506200000000000000e+04 1.486333320702260608e+01 1.216906487093506506e+01 6.118028352262324887e+00 1.517085322293357841e+01 1.596812745279095003e+00 9.950057862486769267e+00
5.506400000000000000e+04 2.792043717656669344e+01 1.216906487093506506e+01 4.786495401842763009e+00 1.324484708765732854e+01 1.221917543613490142e+00 8.575491801655763524e+00
5.506500000000000000e+04 4.678305463433375166e+00 1.216906487093506506e+01 4.209732610092524752e+00 1.221796249654338595e+01 1.063036946060080368e+00 7.860243500092245483e+00
5.506700000000000000e+04 2.758990576902944269e+01 1.216906487093506506e+01 3.232813667823387416e+00 1.016888023402720620e+01 7.990344961129509649e-01 6.459713018693435949e+00
5.506800000000000000e+04 3.117779612845239967e+01 1.216906487093506506e+01 2.820570309070959070e+00 9.208037507185538928e+00 6.898283870746817481e-01 5.812788022969217927e+00
5.506900000000000000e+04 2.123023371662995373e-01 1.216906487093506506e+01 2.450460844632999624e+00 8.283475324346090574e+00 5.930877954916861095e-01 5.196659551032679403e+00
5.507100000000000000e+04 1.158894086554206204e+01 1.216906487093506506e+01 1.832708821490577122e+00 6.688233487029159541e+00 4.345486239456022304e-01 4.144400475293815944e+00
5.507300000000000000e+04 2.142487902164232949e+01 1.216906487093506506e+01 1.359632192040693299e+00 5.370107665024370647e+00 3.159510589642119949e-01 3.287284319921872644e+00
5.507400000000000000e+04 1.716091384789451624e+01 1.216906487093506506e+01 1.168780735061588638e+00 4.787924934561483603e+00 2.689201451984696289e-01 2.913249123554294773e+00
5.507500000000000000e+04 -1.604799000725604330e+00 1.216906487093506506e+01 1.001125613371409928e+00 4.257274690038138409e+00 2.280935985444418612e-01 2.574860705236566183e+00
5.507800000000000000e+04 1.112670110885915875e+01 1.216906487093506506e+01 6.239294776413586430e-01 2.944790827086645635e+00 1.381047141620609098e-01 1.749623211387704602e+00
5.508000000000000000e+04 -1.952401972378341455e+01 1.216906487093506506e+01 4.534435521728174545e-01 2.262807019307139011e+00 9.849760017656127020e-02 1.328796182575100682e+00
5.508100000000000000e+04 8.152908211776034975e+00 1.216906487093506506e+01 3.865301618577452469e-01 1.975245342968248607e+00 8.318738014801362046e-02 1.153225912522330976e+00
5.508200000000000000e+04 7.036818182038916625e+00 1.216906487093506506e+01 3.290693279343052113e-01 1.720620908067225674e+00 7.017301316464903682e-02 9.987931201411885951e-01
5.508400000000000000e+04 1.370620321062470204e+01 1.216906487093506506e+01 2.381126860278759694e-01 1.291819354555328925e+00 4.986444254227592049e-02 7.413597443646077201e-01
5.508500000000000000e+04 5.433524666355856070e+00 1.216906487093506506e+01 2.024933147355613972e-01 1.113011830349370346e+00 4.202762805578161287e-02 6.351357169307066952e-01
5.508800000000000000e+04 -1.566578600217020778e+00 1.216906487093506506e+01 1.255727470239206833e-01 7.038204777251526600e-01 2.538464199561750803e-02 3.949388237052650075e-01
5.508900000000000000e+04 1.978329003027368138e+00 1.216906487093506506e+01 1.070619029941609485e-01 6.023811252445719910e-01 2.145658115601357940e-02 3.361501814980870639e-01
5.509000000000000000e+04 -7.839846987982071802e+00 1.216906487093506506e+01 9.128310048930984855e-02 5.137523190215372848e-01 1.813835800367798873e-02 2.851169981805523612e-01
5.509100000000000000e+04 1.099991039963197181e+01 1.216906487093506506e+01 7.785191425310805657e-02 4.370940266334037982e-01 1.533876746194622574e-02 2.412484968723941914e-01
5.509300000000000000e+04 8.910414021142859298e+00 1.216906487093506506e+01 5.652979444456113223e-02 3.161907430740383829e-01 1.095262713745783802e-02 1.726308927025761164e-01
5.509500000000000000e+04 1.641089557087668283e+01 1.216906487093506506e+01 4.108481581027809831e-02 2.279480712086069116e-01 7.830004347216196550e-03 1.231220002207015773e-01
5.509600000000000000e+04 1.465389163980815646e+00 1.216906487093506506e+01 3.500301951191903127e-02 1.935458383368721669e-01 6.616827885050855125e-03 1.039842251850170152e-01
5.509700000000000000e+04 -7.907246417163626084e+00 1.216906487093506506e+01 2.982576354028879106e-02 1.641346777921141031e-01 5.592785077591702451e-03 8.771626645581130644e-02
5.509800000000000000e+04 3.599213495909274307e+00 1.216906487093506506e+01 2.543223686462361965e-02 1.390931188553201081e-01 4.730874821351913062e-03 7.394243732673441705e-02
5.509900000000000000e+04 -3.628182103568227124e+00 1.216906487093506506e+01 2.166642782580004145e-02 1.178670760593047012e-01 3.998454947828823484e-03 6.233055317784489541e-02
5.510100000000000000e+04 -7.035826077266920109e+00 1.216906487093506506e+01 1.572698155992421909e-02 8.475858665224163258e-02 2.857113554350843541e-03 4.435764426012227257e-02
5.510400000000000000e+04 8.290856399808385291e+00 1.216906487093506506e+01 9.727941962771312692e-03 5.204561966655543714e-02 1.726894476100850886e-03 2.682072644501697772e-02
5.510700000000000000e+04 -3.941627542206547474e+01 1.216906487093506506e+01 5.978147878332009182e-03 3.192897981618363773e-02 1.037530654529236849e-03 1.620595869261173133e-02
5.510800000000000000e+04 -1.593600745470614699e+00 1.216906487093506506e+01 5.083787070688641774e-03 2.710912124360033079e-02 8.757902202812570909e-04 1.369078392182229709e-02
5.510900000000000000e+04 -1.149421825249024920e+01 1.216906487093506506e+01 4.320095460722854323e-03 2.302639249682557343e-02 7.387683124515371895e-04 1.157105150594250030e-02
5.511000000000000000e+04 -8.807707309023120601e-01 1.216906487093506506e+01 3.670426053184999444e-03 1.957403211749709007e-02 6.230988444615148105e-04 9.787505434020245254e-03
5.511100000000000000e+04 2.928714811881322433e+01 1.216906487093506506e+01 3.120185134164779259e-03 1.662312585421901398e-02 5.258591276927242816e-04 8.271034856313568689e-03
5.511400000000000000e+04 -2.482979450608717897e+01 1.216906487093506506e+01 1.915969966889310809e-03 1.019356108262110643e-02 3.160519228810185948e-04 4.998068684786028705e-03
