5.497600000000000000e+04 -6.602645613073248043e+00 9.000859104650128728e+00 1.164140563987932975e+00 1.400047904695842546e-18 1.164140563987932975e+00 1.400047904695842546e-18
5.497900000000000000e+04 4.085852060182959988e+00 9.000859104650128728e+00 4.289077145657377521e+00 1.400047904115777677e-18 4.289077145657377521e+00 1.400047904115777677e-18
5.498300000000000000e+04 1.300026086104879042e+01 9.000859104650128728e+00 1.143383206421574805e+01 1.400047902751678668e-18 1.143383206421574805e+01 1.400047902751678668e-18
5.499200000000000000e+04 5.032754293971669313e+01 9.000859104650128728e+00 3.733751665722944324e+01 7.130369544559223449e+00 3.733751665722944324e+01 7.130369544559223449e+00
5.499500000000000000e+04 5.409856333562890285e+01 9.000859104650128728e+00 4.526446668391263017e+01 1.429229008026968373e+01 4.526446668391263017e+01 1.429229008026968373e+01
5.499600000000000000e+04 4.479198786538870536e+01 9.000859104650128728e+00 4.750204251648135312e+01 1.722624419581170585e+01 4.750204251648135312e+01 1.722624419581170585e+01
5.499800000000000000e+04 7.709620766204012909e+01 9.000859104650128728e+00 5.438415106649760844e+01 2.388689422327730227e+01 5.091672227927872996e+01 2.388689422327730227e+01
5.500200000000000000e+04 1.099692625659004221e+02 9.000859104650128728e+00 7.214270194700485206e+01 3.917569678333893535e+01 5.381775602163734362e+01 3.917569678333893535e+01
5.500700000000000000e+04 1.475501028591916111e+02 9.000859104650128728e+00 8.759055906849076223e+01 5.830629114721495654e+01 5.210622193247517231e+01 5.658058335489079127e+01
5.501100000000000000e+04 1.612313172325044945e+02 9.000859104650128728e+00 9.354960138634608313e+01 7.510012649493404524e+01 4.789065290588005297e+01 6.516279956176489918e+01
5.501600000000000000e+04 1.749683240821364620e+02 9.000859104650128728e+00 9.248114086358350505e+01 8.753604122941904109e+01 4.031611703369087962e+01 6.707742622943986532e+01
5.502200000000000000e+04 1.814942558306187550e+02 9.000859104650128728e+00 8.566226928680018204e+01 9.139825963916474905e+01 3.169741694238675578e+01 6.142356158546017753e+01
5.502800000000000000e+04 1.683410313596916694e+02 9.000859104650128728e+00 8.190490092664900601e+01 8.421028945412183475e+01 2.632666932167046880e+01 5.039514629211360131e+01
5.503000000000000000e+04 1.624511871676358510e+02 9.000859104650128728e+00 8.127098983749340277e+01 8.051277678736987298e+01 2.502725028100064719e+01 4.648543694420893502e+01
5.503300000000000000e+04 1.531442273040550504e+02 9.000859104650128728e+00 7.986534944001242309e+01 7.495276376387032258e+01 2.313864568316503068e+01 4.110379148004953720e+01
5.503800000000000000e+04 1.589078640718416864e+02 9.000859104650128728e+00 7.406380926063404502e+01 6.876645864996729074e+01 1.953108020902245556e+01 3.480083939775672519e+01
5.504200000000000000e+04 1.621337357993976127e+02 9.000859104650128728e+00 6.734397440395589740e+01 6.563396386192420096e+01 1.656882135661357935e+01 3.128406285125081610e+01
5.504400000000000000e+04 1.197165843262623497e+02 9.000859104650128728e+00 6.372693039511988644e+01 6.424084234283739647e+01 1.517055024046465839e+01 2.975490613378295279e+01
5.504600000000000000e+04 1.120227526913411253e+02 9.000859104650128728e+00 6.030477503078671475e+01 6.226818707460808611e+01 1.390504162668881349e+01 2.804873291649012756e+01
5.505000000000000000e+04 1.129062148434931458e+02 9.000859104650128728e+00 5.477811796603382533e+01 5.717723731191325243e+01 1.188425964160150627e+01 2.441385026127807123e+01
5.505600000000000000e+04 1.029572298100771377e+02 9.000859104650128728e+00 4.993224563365252777e+01 4.788204919646657487e+01 9.950825172612551839e+00 1.896318780058082254e+01
5.505900000000000000e+04 9.070330991051574188e+01 9.000859104650128728e+00 4.802153666110328345e+01 4.362294455690626904e+01 9.195652533626304859e+00 1.667225092945013287e+01
5.506300000000000000e+04 9.056102524585038793e+01 9.000859104650128728e+00 4.597599749011411063e+01 3.937161619060425011e+01 8.367487622413662507e+00 1.437707365002894022e+01
5.506500000000000000e+04 7.107138622385889448e+01 9.000859104650128728e+00 4.510363589131011963e+01 3.786019779887890735e+01 8.010164788539839265e+00 1.352391419856364152e+01
5.506700000000000000e+04 9.436254113830948143e+01 9.000859104650128728e+00 4.423378917379307040e+01 3.658775831591179895e+01 7.670155917078735897e+00 1.279068635410305710e+01
5.507000000000000000e+04 7.499195203147297661e+01 9.000859104650128728e+00 4.299608069366518492e+01 3.480846046319520326e+01 7.200455628366551508e+00 1.179148389674634423e+01
5.507400000000000000e+04 7.132966668675912558e+01 9.000859104650128728e+00 4.123157347758030511e+01 3.290816935442720137e+01 6.603708294373577203e+00 1.070532509903292251e+01
5.507900000000000000e+04 7.573699993012185416e+01 9.000859104650128728e+00 3.845473867236626120e+01 3.093469758306817852e+01 5.840457257125583723e+00 9.587694896348420315e+00
5.508300000000000000e+04 5.981865596465094370e+01 9.000859104650128728e+00 3.534679649753053354e+01 2.951714784062422936e+01 5.155149271873892936e+00 8.815035938666337501e+00
5.509100000000000000e+04 5.766770576747882870e+01 9.000859104650128728e+00 2.558743914835656952e+01 2.622730337027956793e+01 3.457107999615824934e+00 7.300571571406979210e+00
