5.497400000000000000e+04 3.333411637091411084e+00 6.577306308848511307e+00 2.872527343123094101e-01 8.716023034220134351e-19 2.872527343123094101e-01 8.716023034220134351e-19
5.497600000000000000e+04 -4.464813940469850806e+00 6.577306308848511307e+00 1.958814406946931541e+00 8.716022210972289233e-19 1.958814406946931541e+00 8.716022210972289233e-19
5.498000000000000000e+04 1.040025524275372604e+01 6.577306308848511307e+00 9.740658635389692677e+00 8.716019515982127606e-19 9.740658635389692677e+00 8.716019515982127606e-19
5.498100000000000000e+04 7.837120358720438773e+00 6.577306308848511307e+00 1.261836908227294352e+01 8.716018526766135158e-19 1.261836908227294352e+01 8.716018526766135158e-19
5.498500000000000000e+04 2.969608946336114030e+01 6.577306308848511307e+00 2.761301931683333422e+01 8.716012528962566048e-19 2.761301931683333422e+01 8.716012528962566048e-19
5.498700000000000000e+04 3.279826700260983330e+01 6.577306308848511307e+00 3.698113532148148863e+01 8.716007743899730289e-19 3.698113532148148863e+01 8.716007743899730289e-19
5.498800000000000000e+04 4.707743762128617249e+01 6.577306308848511307e+00 4.209516568424355398e+01 -1.241908946591701104e-02 4.209516568424355398e+01 -1.241908946591701104e-02
5.498900000000000000e+04 5.010692916281259812e+01 6.577306308848511307e+00 4.711547825657126509e+01 2.298021874498475392e-01 4.711547825657126509e+01 2.298021874498475392e-01
5.499300000000000000e+04 7.063979308693404846e+01 6.577306308848511307e+00 6.549985504210982867e+01 4.087902819091672413e+00 6.549985504210982867e+01 4.087902819091672413e+00
5.499500000000000000e+04 7.210038166121599090e+01 6.577306308848511307e+00 6.925870503056015082e+01 7.792526908311754319e+00 6.925870503056015082e+01 7.792526908311754319e+00
5.499700000000000000e+04 9.832032666902922813e+01 6.577306308848511307e+00 7.773070836181982202e+01 1.269273137910385429e+01 6.841287481237441170e+01 1.269273137910385429e+01
5.499900000000000000e+04 1.028143102732799861e+02 6.577306308848511307e+00 8.276683258595882364e+01 1.874044088442200007e+01 6.504780932565140006e+01 1.874044088442200007e+01
5.500000000000000000e+04 1.176302883297879021e+02 6.577306308848511307e+00 8.473029984833564754e+01 2.209041545346666879e+01 6.320798198309262261e+01 2.209041545346666879e+01
5.500200000000000000e+04 1.139176239200310334e+02 6.577306308848511307e+00 8.733387626256380543e+01 2.958490825718519801e+01 5.914124484496770862e+01 2.958490825718519801e+01
5.500300000000000000e+04 1.113171737703888056e+02 6.577306308848511307e+00 8.694868231819680204e+01 3.367613254739485029e+01 5.628475033544589223e+01 3.367613254739485029e+01
5.500500000000000000e+04 1.286908232402547583e+02 6.577306308848511307e+00 8.406058123060572029e+01 4.153383942830611630e+01 5.000629460476246635e+01 4.153383942830611630e+01
5.500700000000000000e+04 1.350365086244588895e+02 6.577306308848511307e+00 8.096251036529099565e+01 4.911345556622313779e+01 4.455343955827151348e+01 4.911345556622313779e+01
5.500900000000000000e+04 1.298361850854389843e+02 6.577306308848511307e+00 7.692054381762579851e+01 5.453452191392029391e+01 3.937777404403901471e+01 5.453452191392029391e+01
5.501000000000000000e+04 1.316907368513053882e+02 6.577306308848511307e+00 7.452127880300821516e+01 5.702484737396201098e+01 3.686434766411487374e+01 5.540696402444812918e+01
5.501300000000000000e+04 1.252356118512666967e+02 6.577306308848511307e+00 6.672908321138518772e+01 5.977813023263124848e+01 2.997981993502793685e+01 5.352626274411823459e+01
5.501600000000000000e+04 1.100408378679425425e+02 6.577306308848511307e+00 5.538521116016937640e+01 5.914075105187156822e+01 2.279133005233092391e+01 4.910391153426733268e+01
5.501700000000000000e+04 1.061926935663180132e+02 6.577306308848511307e+00 5.177224620596203408e+01 5.836531171260175199e+01 2.072381963252022885e+01 4.731299587597417400e+01
5.501800000000000000e+04 1.054340626162619685e+02 6.577306308848511307e+00 4.837763811358266253e+01 5.686110617888086693e+01 1.885112345149930135e+01 4.502780026835672089e+01
5.501900000000000000e+04 9.261701993593699456e+01 6.577306308848511307e+00 4.502051089511889614e+01 5.482489480846809471e+01 1.708947422377729097e+01 4.243412910872144295e+01
5.502000000000000000e+04 9.089333011701648957e+01 6.577306308848511307e+00 4.174424645707163961e+01 5.285465314544974547e+01 1.544652967884242400e+01 4.000503568380997876e+01
5.502200000000000000e+04 7.453674828921930384e+01 6.577306308848511307e+00 3.567966672940310247e+01 4.917274017167310518e+01 1.256901635586821442e+01 3.564275164661721362e+01
5.502300000000000000e+04 7.744910617008251563e+01 6.577306308848511307e+00 3.288375934374918330e+01 4.727219031620055745e+01 1.131270102647213349e+01 3.355493350099414585e+01
5.502400000000000000e+04 7.380490896897342168e+01 6.577306308848511307e+00 3.028728457742643698e+01 4.530019126026248699e+01 1.018094207449878574e+01 3.150221923523121603e+01
5.502500000000000000e+04 6.810151586019293291e+01 6.577306308848511307e+00 2.791294640394366411e+01 4.326989671423148565e+01 9.172838121572022274e+00 2.949147813129190610e+01
5.502800000000000000e+04 5.154194206650695520e+01 6.577306308848511307e+00 2.181007145537510894e+01 3.729009922798515930e+01 6.716370971383953226e+00 2.398385594802235588e+01
5.502900000000000000e+04 5.250114290197231526e+01 6.577306308848511307e+00 2.012959483268174665e+01 3.495877738136085355e+01 6.071543353043900915e+00 2.206993521550558768e+01
5.503100000000000000e+04 4.796172024599190564e+01 6.577306308848511307e+00 1.728020822484862151e+01 2.994598438235864890e+01 5.006434182654020404e+00 1.823306404186474339e+01
5.503300000000000000e+04 3.198517528006107824e+01 6.577306308848511307e+00 1.504095408128055844e+01 2.564959261304801785e+01 4.192249869357422831e+00 1.508089876119944250e+01
5.503400000000000000e+04 4.753759141940249577e+01 6.577306308848511307e+00 1.416576342346196782e+01 2.365183232570777250e+01 3.874767751706000407e+00 1.367157937902183562e+01
5.503500000000000000e+04 3.495843143986406432e+01 6.577306308848511307e+00 1.339796776079093910e+01 2.173882800881567334e+01 3.597735703756966164e+00 1.235722374307394134e+01
5.503700000000000000e+04 3.404582765741338335e+01 6.577306308848511307e+00 1.214165965736084907e+01 1.827635530274085696e+01 3.145344712025503142e+00 1.005521308469457331e+01
5.503800000000000000e+04 3.628488513850710717e+01 6.577306308848511307e+00 1.163992018161106579e+01 1.671383700455099230e+01 2.963093496324381348e+00 9.050160821177707149e+00
5.503900000000000000e+04 3.440434183184039085e+01 6.577306308848511307e+00 1.119854032157617851e+01 1.527955786540777794e+01 2.802157021713587159e+00 8.144753659599029305e+00
5.504000000000000000e+04 2.646343282607760727e+01 6.577306308848511307e+00 1.078508671943053621e+01 1.398087295137521657e+01 2.653484246384680389e+00 7.338270497257618707e+00
5.504100000000000000e+04 2.204656770228060125e+01 6.577306308848511307e+00 1.038730260511875514e+01 1.277948149812662137e+01 2.513503025968822246e+00 6.606431709122529305e+00
5.504300000000000000e+04 2.524813776097212781e+01 6.577306308848511307e+00 9.633632446473038513e+00 1.070750725741915410e+01 2.256754227528354306e+00 5.373096777107163824e+00
5.504400000000000000e+04 1.976264447118172285e+01 6.577306308848511307e+00 9.237472403925123032e+00 9.821328527883816051e+00 2.129971270706062736e+00 4.857234682435121798e+00
5.504500000000000000e+04 1.397069103927036871e+01 6.577306308848511307e+00 8.823209668744603107e+00 9.033228812524555451e+00 2.002998789726357476e+00 4.403875201113765847e+00
5.504600000000000000e+04 1.137736841780455954e+01 6.577306308848511307e+00 8.420468952280778296e+00 8.332308538874741544e+00 1.882468299899572761e+00 4.005147346123217211e+00
5.504700000000000000e+04 1.016672630242024766e+01 6.577306308848511307e+00 8.029044817680617285e+00 7.705277462798669319e+00 1.768044749775525615e+00 3.652482680507522339e+00
5.504900000000000000e+04 6.907309784356741034e-01 6.577306308848511307e+00 7.254889850849307820e+00 6.720397188558887791e+00 1.551051834533994978e+00 3.099814201364801125e+00
5.505000000000000000e+04 6.553487261435668287e+00 6.577306308848511307e+00 6.827233599457316338e+00 6.323955910635843836e+00 1.438675292267899364e+00 2.878188563005573020e+00
5.505100000000000000e+04 1.363846995096156789e+01 6.577306308848511307e+00 6.378531169677808421e+00 5.976663939976855744e+00 1.325106192803267691e+00 2.684452003223524841e+00
5.505300000000000000e+04 3.141905732426384823e+00 6.577306308848511307e+00 5.488191440567568691e+00 5.416060816321557780e+00 1.108770342350714921e+00 2.370474797059505256e+00
5.505400000000000000e+04 3.308877659382806868e+00 6.577306308848511307e+00 5.047548232330241191e+00 5.187353078596194322e+00 1.005908494057323077e+00 2.241725617370870172e+00
5.505500000000000000e+04 2.036674685793188644e+01 6.577306308848511307e+00 4.627244977110800406e+00 4.974115428902868175e+00 9.098004280595362037e-01 2.122787397107745111e+00
5.505700000000000000e+04 8.019672680073201221e+00 6.577306308848511307e+00 3.848181097689333363e+00 4.576117878803875882e+00 7.368888778080757707e-01 1.905445485844385223e+00
5.505800000000000000e+04 7.867313657476691091e+00 6.577306308848511307e+00 3.477893915186445639e+00 4.388574541020739517e+00 6.574095826676078502e-01 1.805403382022683800e+00
5.505900000000000000e+04 -4.353211627482525437e+00 6.577306308848511307e+00 3.123974307142064255e+00 4.191783460749531898e+00 5.830050588127172473e-01 1.703977016564850455e+00
5.506100000000000000e+04 1.172003032132501232e+01 6.577306308848511307e+00 2.475332459105779925e+00 3.792646533173667400e+00 4.505027589097987395e-01 1.505974639919658298e+00
5.506300000000000000e+04 4.309656084559819966e+00 6.577306308848511307e+00 1.923190162442315554e+00 3.419813253089558192e+00 3.415482990769190819e-01 1.327155096666236656e+00
5.506400000000000000e+04 1.027301184320284655e+01 6.577306308848511307e+00 1.689900249142981536e+00 3.233632864636473148e+00 2.965309531914898100e-01 1.240841467627196382e+00
5.506700000000000000e+04 1.182696300874384576e+01 6.577306308848511307e+00 1.121565934295794875e+00 2.617425960957417086e+00 1.899928740845295005e-01 9.717203597258007308e-01
5.506800000000000000e+04 -7.563985068040497417e+00 6.577306308848511307e+00 9.733278030850337492e-01 2.415167910522022066e+00 1.630009885761951050e-01 8.870162738805721370e-01
5.506900000000000000e+04 5.937327031570447389e+00 6.577306308848511307e+00 8.426081349023575306e-01 2.214608140516602930e+00 1.395185175518027509e-01 8.047267952458585505e-01
5.507000000000000000e+04 -1.023159520029709846e+01 6.577306308848511307e+00 7.277420555716130890e-01 2.024269560415346003e+00 1.191554736916271978e-01 7.278403424476290740e-01
5.507200000000000000e+04 7.294418598755930461e+00 6.577306308848511307e+00 5.406852531187841260e-01 1.673975725939049752e+00 8.659693020465177027e-02 5.895111022464607498e-01
5.507400000000000000e+04 9.513239672798134094e+00 6.577306308848511307e+00 3.993790059492666744e-01 1.351638928351404090e+00 6.259957145868536021e-02 4.664040470501739089e-01
5.507600000000000000e+04 -1.991215897467545126e+00 6.577306308848511307e+00 2.905306816686830107e-01 1.065493085152743324e+00 4.458659039435906163e-02 3.604022071278390471e-01
5.507800000000000000e+04 8.117997040980489132e+00 6.577306308848511307e+00 2.105958439615917832e-01 8.237598496456766117e-01 3.165759871947924908e-02 2.732386392615352988e-01
5.508000000000000000e+04 3.257537589424563507e+00 6.577306308848511307e+00 1.522611141899742615e-01 6.308125250793820138e-01 2.242927217941729015e-02 2.052624382010224402e-01
5.508200000000000000e+04 6.933628026139258438e+00 6.577306308848511307e+00 1.097668019439847764e-01 4.759853475864901928e-01 1.585148843184322476e-02 1.519942992676236448e-01
5.508300000000000000e+04 -1.372837835911582260e+01 6.577306308848511307e+00 9.317383548872100463e-02 4.121708197533100471e-01 1.332425287277213925e-02 1.304007908609561006e-01
5.508400000000000000e+04 -6.949145159206692846e+00 6.577306308848511307e+00 7.899533500966232635e-02 3.560512567922006211e-01 1.118771474028273233e-02 1.116148140414422174e-01
5.508600000000000000e+04 1.719552262062431680e+01 6.577306308848511307e+00 5.693082894692010759e-02 2.642354669165007386e-01 7.910245647124551638e-03 8.134326650551063076e-02
5.508900000000000000e+04 8.338130616822754249e+00 6.577306308848511307e+00 3.521844404392539263e-02 1.670657363089395053e-01 4.758348966942117439e-03 5.007965716694829511e-02
5.509000000000000000e+04 -8.501197498617159454e+00 6.577306308848511307e+00 2.999600989426469411e-02 1.424006377502261000e-01 4.015798901434460173e-03 4.231565367592597660e-02
5.509200000000000000e+04 -4.717689969390022497e+00 6.577306308848511307e+00 2.175489164460733121e-02 1.029850764984606704e-01 2.860340487345981557e-03 3.008093132914495954e-02
5.509300000000000000e+04 8.579326314846943191e+00 6.577306308848511307e+00 1.852777121082180289e-02 8.744588548689437302e-02 2.414419350363810127e-03 2.532607897558340412e-02
5.509500000000000000e+04 -2.959616851140053129e+00 6.577306308848511307e+00 1.342992302420286527e-02 6.300292838109600169e-02 1.719580412830072277e-03 1.794341774353383490e-02
5.509600000000000000e+04 5.812096194532672122e+00 6.577306308848511307e+00 1.143779813687896725e-02 5.339729083400567011e-02 1.451847290194205504e-03 1.508227624957792119e-02
5.509700000000000000e+04 4.704190017605387908e+00 6.577306308848511307e+00 9.739137462842384352e-03 4.526677848504606638e-02 1.225634575374692737e-03 1.268119074547458328e-02
5.509800000000000000e+04 2.468088749082745892e+00 6.577306308848511307e+00 8.288031513057595931e-03 3.836105699082590498e-02 1.034155386379047173e-03 1.065940229821771279e-02
5.510000000000000000e+04 -3.069060549942652649e+00 6.577306308848511307e+00 6.009968792819590441e-03 2.748209288224581770e-02 7.373742460977353481e-04 7.514517358155370884e-03
5.510100000000000000e+04 1.133445965013583212e+01 6.577306308848511307e+00 5.115477179387975179e-03 2.332826364284796075e-02 6.224268341795411233e-04 6.328196517699642178e-03
5.510200000000000000e+04 1.346934067852477046e+00 6.577306308848511307e+00 4.357182747077933613e-03 1.985374095387566415e-02 5.258043306838589264e-04 5.343347226255695630e-03
5.510600000000000000e+04 -2.244935381258548190e-01 6.577306308848511307e+00 2.283906413020891837e-03 1.039464632506246350e-02 2.668395524086519138e-04 2.712307255261054220e-03
5.510900000000000000e+04 5.312576065365044897e+00 6.577306308848511307e+00 1.405549998116730186e-03 6.392224267315514512e-03 1.603886617199637324e-04 1.630669455947835432e-03
5.511100000000000000e+04 -9.926969708249878011e+00 6.577306308848511307e+00 1.017398783292210694e-03 4.620823407446902203e-03 1.143196079927424701e-04 1.161477832155364534e-03
5.511200000000000000e+04 -8.353516503707739460e+00 6.577306308848511307e+00 8.649873402971099395e-04 3.929482499417295480e-03 9.645587389153405797e-05 9.805076602997543633e-04
5.511400000000000000e+04 1.229584058940690916e+01 6.577306308848511307e+00 6.260588564548670706e-04 2.841025902327922945e-03 6.876820444588222371e-05 6.987274722892087252e-04
5.511500000000000000e+04 -1.870518662106678320e+01 6.577306308848511307e+00 5.323485338470030411e-04 2.415756010095557443e-03 5.804061642466235168e-05 5.898993968781883653e-04
5.511700000000000000e+04 -2.917450830771817660e+00 6.577306308848511307e+00 3.853346338120983258e-04 1.747184694342781338e-03 4.139733072045060849e-05 4.206434645470872170e-04
5.511800000000000000e+04 6.108358156060745836e-01 6.577306308848511307e+00 3.276465538937166052e-04 1.485606306293242931e-03 3.494412016400036890e-05 3.551702941315011404e-04
5.511900000000000000e+04 1.749025418395945275e+00 6.577306308848511307e+00 2.788843186474587559e-04 1.262806394744427465e-03 2.952906681710418518e-05 2.998115846971575321e-04
5.512000000000000000e+04 1.374608405850288317e+00 6.577306308848511307e+00 2.393642180344262009e-04 1.073290805906420555e-03 2.516312410348764490e-05 2.530630024300718631e-04
