5.497400000000000000e+04 3.057241701242416898e+00 5.980996556354419624e+00 2.872527343123094101e-01 1.361878828892547995e-18 2.872527343123094101e-01 1.361878828892547995e-18
5.497600000000000000e+04 -3.882436892770405379e+00 5.980996556354419624e+00 1.958814406946931541e+00 1.361878786922353313e-18 1.958814406946931541e+00 1.361878786922353313e-18
5.498000000000000000e+04 1.034045509490991321e+01 5.980996556354419624e+00 9.740658635389692677e+00 1.361878649528380196e-18 9.740658635389692677e+00 1.361878649528380196e-18
5.498100000000000000e+04 8.270596482391106008e+00 5.980996556354419624e+00 1.261836908227294352e+01 1.361878599096895607e-18 1.261836908227294352e+01 1.361878599096895607e-18
5.498500000000000000e+04 2.950723478863925209e+01 5.980996556354419624e+00 2.761301931683333422e+01 1.361878293321106731e-18 2.761301931683333422e+01 1.361878293321106731e-18
5.498700000000000000e+04 3.317749294326370091e+01 5.980996556354419624e+00 3.698113532148148863e+01 1.361878049372206945e-18 3.698113532148148863e+01 1.361878049372206945e-18
5.498800000000000000e+04 4.663702954565641079e+01 5.980996556354419624e+00 4.209516568424355398e+01 1.361877894807208667e-18 4.209516568424355398e+01 1.361877894807208667e-18
5.498900000000000000e+04 4.962675121564441127e+01 5.980996556354419624e+00 4.711547825657126509e+01 1.361877713423546935e-18 4.711547825657126509e+01 1.361877713423546935e-18
5.499300000000000000e+04 6.645651096883851494e+01 5.980996556354419624e+00 6.549985504210982867e+01 1.361876613660269607e-18 6.549985504210982867e+01 1.361876613660269607e-18
5.499500000000000000e+04 6.473730241401504770e+01 5.980996556354419624e+00 6.925870503056015082e+01 -1.940482729049532867e-02 6.925870503056015082e+01 -1.940482729049532867e-02
5.499700000000000000e+04 7.946209382259719689e+01 5.980996556354419624e+00 7.110834207998198053e+01 1.172809985443463487e+00 6.841287481237441170e+01 1.172809985443463487e+00
5.499900000000000000e+04 7.555052171671037797e+01 5.980996556354419624e+00 7.017357670051271157e+01 4.188406388058739438e+00 6.504780932565140006e+01 4.188406388058739438e+00
5.500000000000000000e+04 8.565087515529209838e+01 5.980996556354419624e+00 6.943396820842724537e+01 6.387348154830737812e+00 6.320798198309262261e+01 6.387348154830737812e+00
5.500200000000000000e+04 7.674357551693344703e+01 5.980996556354419624e+00 6.729682250908874153e+01 1.217582329423711585e+01 5.914124484496770862e+01 1.217582329423711585e+01
5.500300000000000000e+04 7.246439378390439856e+01 5.980996556354419624e+00 6.515522698831216530e+01 1.577296135284117895e+01 5.628475033544589223e+01 1.577296135284117895e+01
5.500500000000000000e+04 8.701821882428387767e+01 5.980996556354419624e+00 5.985753464190068485e+01 2.434500671405781702e+01 5.000629460476246635e+01 2.434500671405781702e+01
5.500700000000000000e+04 9.411295828961264931e+01 5.980996556354419624e+00 5.508587266984689990e+01 3.451627414604166688e+01 4.455343955827151348e+01 3.451627414604166688e+01
5.500900000000000000e+04 9.499247309795423178e+01 5.980996556354419624e+00 5.023816412538496934e+01 4.622641915185185724e+01 3.937777404403901471e+01 4.622641915185185724e+01
5.501000000000000000e+04 1.005082195293422842e+02 5.980996556354419624e+00 4.775776239886082664e+01 5.261895710530443893e+01 3.686434766411487374e+01 5.261895710530443893e+01
5.501300000000000000e+04 1.103140142208223295e+02 5.980996556354419624e+00 4.061066408398885130e+01 7.085966617111323274e+01 2.997981993502793685e+01 7.085966617111323274e+01
5.501600000000000000e+04 1.133517984262505109e+02 5.980996556354419624e+00 3.222010329498021974e+01 8.521019049050045169e+01 2.279133005233092391e+01 8.521019049050045169e+01
5.501700000000000000e+04 1.155659243530934219e+02 5.980996556354419624e+00 2.970552306125449604e+01 8.944761754696841649e+01 2.072381963252022885e+01 8.657338128820018142e+01
5.501800000000000000e+04 1.197975415601709699e+02 5.980996556354419624e+00 2.739256748737363978e+01 9.222736363971473850e+01 1.885112345149930135e+01 8.648477460588402721e+01
5.501900000000000000e+04 1.126298260199323522e+02 5.980996556354419624e+00 2.516937763677919193e+01 9.403349642960863264e+01 1.708947422377729097e+01 8.551609351546802884e+01
5.502000000000000000e+04 1.144258143356400694e+02 5.980996556354419624e+00 2.305394554567231680e+01 9.474148505708926393e+01 1.544652967884242400e+01 8.363478553768472068e+01
5.502200000000000000e+04 1.046228176531024445e+02 5.980996556354419624e+00 1.925447615555451364e+01 9.474876499265583618e+01 1.256901635586821442e+01 7.900997747886577827e+01
5.502300000000000000e+04 1.096470700956329836e+02 5.980996556354419624e+00 1.755278691267416136e+01 9.455571964817352182e+01 1.131270102647213349e+01 7.672486177229268378e+01
5.502400000000000000e+04 1.079378072952461167e+02 5.980996556354419624e+00 1.599731428165993918e+01 9.356144934473893215e+01 1.018094207449878574e+01 7.392655605620964820e+01
5.502500000000000000e+04 1.031703087216521908e+02 5.980996556354419624e+00 1.459398545142108716e+01 9.137829216959640632e+01 9.172838121572022274e+00 7.035593791930737950e+01
5.502800000000000000e+04 8.675965274257450233e+01 5.980996556354419624e+00 1.108268373988066280e+01 8.254995578585815963e+01 6.716370971383953226e+00 5.903171895441801809e+01
5.502900000000000000e+04 8.751397646866213620e+01 5.980996556354419624e+00 1.013826309091270517e+01 7.972838008952686550e+01 6.071543353043900915e+00 5.569179944783939362e+01
5.503100000000000000e+04 8.296072265722281713e+01 5.980996556354419624e+00 8.556997304992252751e+00 7.373488189746305466e+01 5.006434182654020404e+00 4.922221755504877194e+01
5.503300000000000000e+04 6.678875215968228929e+01 5.980996556354419624e+00 7.330568121558389549e+00 6.737431170584011397e+01 4.192249869357422831e+00 4.306718978895430183e+01
5.503400000000000000e+04 8.002942480906799005e+01 5.980996556354419624e+00 6.851751815341720508e+00 6.433890862703832170e+01 3.874767751706000407e+00 4.027222623124582412e+01
5.503500000000000000e+04 6.738442085897098366e+01 5.980996556354419624e+00 6.432751438317453108e+00 6.111386293755445109e+01 3.597735703756966164e+00 3.747477491878492373e+01
5.503700000000000000e+04 6.232139873840372246e+01 5.980996556354419624e+00 5.747802926755404940e+00 5.327468677033918709e+01 3.145344712025503142e+00 3.138975180906150086e+01
5.503800000000000000e+04 6.198285533229482525e+01 5.980996556354419624e+00 5.473129997060764751e+00 4.929764690319178300e+01 2.963093496324381348e+00 2.848916256541365399e+01
5.503900000000000000e+04 5.812436405218565483e+01 5.980996556354419624e+00 5.231066728134925015e+00 4.568566037989084805e+01 2.802157021713587159e+00 2.590477454065029050e+01
5.504000000000000000e+04 4.888899866105699488e+01 5.980996556354419624e+00 5.005798030804699650e+00 4.233962327206742771e+01 2.653484246384680389e+00 2.356390431437412758e+01
5.504100000000000000e+04 4.286475607409018096e+01 5.980996556354419624e+00 4.791239468101768040e+00 3.909217228689055901e+01 2.513503025968822246e+00 2.136184277972161283e+01
5.504300000000000000e+04 4.190776115565999760e+01 5.980996556354419624e+00 4.390741025079166526e+00 3.305489884516193655e+01 2.256754227528354306e+00 1.743034109109994390e+01
5.504400000000000000e+04 3.514253187825308089e+01 5.980996556354419624e+00 4.186032538318625207e+00 3.031646745035413204e+01 2.129971270706062736e+00 1.571127044483526802e+01
5.504500000000000000e+04 2.819820558176168390e+01 5.980996556354419624e+00 3.975952597606819960e+00 2.775571196844937560e+01 2.002998789726357476e+00 1.414087628309016509e+01
5.504600000000000000e+04 2.428716931268202828e+01 5.980996556354419624e+00 3.773784200808672828e+00 2.540145047587446570e+01 1.882468299899572761e+00 1.272617759312348085e+01
5.504700000000000000e+04 2.178330540905053070e+01 5.980996556354419624e+00 3.579229791445574627e+00 2.326690389536743808e+01 1.768044749775525615e+00 1.146604765196502740e+01
5.504900000000000000e+04 1.060746531294132566e+01 5.980996556354419624e+00 3.201060776111258832e+00 1.948656019971632958e+01 1.551051834533994978e+00 9.298797575737893339e+00
5.505000000000000000e+04 1.487019976064708437e+01 5.980996556354419624e+00 2.997479971440168089e+00 1.787226315485270334e+01 1.438675292267899364e+00 8.395463714229940422e+00
5.505100000000000000e+04 2.036224022261671251e+01 5.980996556354419624e+00 2.786963344703833112e+00 1.640834591160114542e+01 1.325106192803267691e+00 7.589429191304875921e+00
5.505300000000000000e+04 9.262474736447856571e+00 5.980996556354419624e+00 2.375651335520641894e+00 1.394542241578277242e+01 1.108770342350714921e+00 6.258042728317525949e+00
5.505400000000000000e+04 8.783938016000941928e+00 5.980996556354419624e+00 2.175075936700149981e+00 1.290696067224345533e+01 1.005908494057323077e+00 5.707004188293002933e+00
5.505500000000000000e+04 2.380003153022099127e+01 5.980996556354419624e+00 1.985184534025907555e+00 1.202546875025176476e+01 9.098004280595362037e-01 5.240312336696778317e+00
5.505700000000000000e+04 1.188769969311778851e+01 5.980996556354419624e+00 1.636924953162859353e+00 1.061871692963868696e+01 7.368888778080757707e-01 4.497169629696206705e+00
5.505800000000000000e+04 1.151729524666438564e+01 5.980996556354419624e+00 1.473320615716376070e+00 1.004320605706001146e+01 6.574095826676078502e-01 4.194456255036756787e+00
5.505900000000000000e+04 2.515655393560187747e-01 5.980996556354419624e+00 1.318057836963791196e+00 9.544548528641389140e+00 5.830050588127172473e-01 3.931680890031879372e+00
5.506100000000000000e+04 1.472973006395911533e+01 5.980996556354419624e+00 1.036246446044319036e+00 8.735724515192107020e+00 4.505027589097987395e-01 3.502696277141983838e+00
5.506300000000000000e+04 7.903890526910637426e+00 5.980996556354419624e+00 7.990864005203597298e-01 8.044466434613214645e+00 3.415482990769190819e-01 3.141878782461027253e+00
5.506400000000000000e+04 1.328590921831019500e+01 5.980996556354419624e+00 6.996054778646820793e-01 7.721817831384369946e+00 2.965309531914898100e-01 2.977258571631851591e+00
5.506700000000000000e+04 1.455727611831522772e+01 5.980996556354419624e+00 4.594787666860262187e-01 6.743095425613782723e+00 1.899928740845295005e-01 2.503748487157946734e+00
5.506800000000000000e+04 -3.146645609910914132e+00 5.980996556354419624e+00 3.974127102476212037e-01 6.415451966057744038e+00 1.630009885761951050e-01 2.353085374874466229e+00
5.506900000000000000e+04 9.060774003870287530e+00 5.980996556354419624e+00 3.429086124388208145e-01 6.098870364350675644e+00 1.395185175518027509e-01 2.210055937219407074e+00
5.507000000000000000e+04 -5.719910248322494617e+00 5.980996556354419624e+00 2.952076860710064476e-01 5.791373053077288446e+00 1.191554736916271978e-01 2.073679838540994247e+00
5.507200000000000000e+04 9.978999481092479584e+00 5.980996556354419624e+00 2.179558136320879913e-01 5.141825494565471999e+00 8.659693020465177027e-02 1.798344115334874260e+00
5.507400000000000000e+04 1.166048552111407233e+01 5.980996556354419624e+00 1.600232845198373832e-01 4.441976694396566394e+00 6.259957145868536021e-02 1.518313062071563468e+00
5.507600000000000000e+04 8.340579448322702483e-01 5.980996556354419624e+00 1.157334126866377960e-01 3.762097767774388757e+00 4.458659039435906163e-02 1.257385617571653791e+00
5.507800000000000000e+04 9.664494806664560400e+00 5.980996556354419624e+00 8.342093838569977771e-02 3.139647467307998596e+00 3.165759871947924908e-02 1.026565350283807909e+00
5.508000000000000000e+04 4.877953767294410881e+00 5.980996556354419624e+00 5.998708844385153977e-02 2.567841829899676576e+00 2.242927217941729015e-02 8.217619783345098128e-01
5.508200000000000000e+04 7.864503075263033161e+00 5.980996556354419624e+00 4.301935445517933443e-02 2.049117044333386595e+00 1.585148843184322476e-02 6.421148923080304272e-01
5.508300000000000000e+04 -1.109109498198045429e+01 5.980996556354419624e+00 3.642317765300992494e-02 1.815751369785943536e+00 1.332425287277213925e-02 5.631284486372484244e-01
5.508400000000000000e+04 -5.083381017260937718e+00 5.980996556354419624e+00 3.080313499442044814e-02 1.600544242684609042e+00 1.118771474028273233e-02 4.913262041639884781e-01
5.508600000000000000e+04 1.659867559593666542e+01 5.980996556354419624e+00 2.209094301872473187e-02 1.232086110510640431e+00 7.910245647124551638e-03 3.706636914893623458e-01
5.508900000000000000e+04 8.224881155191468451e+00 5.980996556354419624e+00 1.356985958392552954e-02 8.130745046447440671e-01 4.758348966942117439e-03 2.374910926056618965e-01
5.509000000000000000e+04 -7.171372742574675385e+00 5.980996556354419624e+00 1.153136654546905136e-02 7.043272716377390053e-01 4.015798901434460173e-03 2.037512357202438951e-01
5.509200000000000000e+04 -3.870320149908019314e+00 5.980996556354419624e+00 8.326165124615416899e-03 5.247607061379262472e-01 2.860340487345981557e-03 1.489443421145340285e-01
5.509300000000000000e+04 8.164234187204252535e+00 5.980996556354419624e+00 7.075697348176182046e-03 4.520143640628093706e-01 2.414419350363810127e-03 1.270988539148603380e-01
5.509500000000000000e+04 -2.422098148921993932e+00 5.980996556354419624e+00 5.107153826105314924e-03 3.335909811980616313e-01 1.719580412830072277e-03 9.208098189192380489e-02
5.509600000000000000e+04 5.516625289300713497e+00 5.980996556354419624e+00 4.340587843493616017e-03 2.860800415661921003e-01 1.451847290194205504e-03 7.824946432335670721e-02
5.509700000000000000e+04 4.475292901587762273e+00 5.980996556354419624e+00 3.688424691132600412e-03 2.439232961581657977e-01 1.225634575374692737e-03 6.611820886863432889e-02
5.509800000000000000e+04 2.412501796642395391e+00 5.980996556354419624e+00 3.132560080880771210e-03 2.074614051049526731e-01 1.034155386379047173e-03 5.573323799294881836e-02
5.510000000000000000e+04 -2.669076906008440275e+00 5.980996556354419624e+00 2.262632874150900635e-03 1.499303875354537352e-01 7.373742460977353481e-04 3.957199839934906482e-02
5.510100000000000000e+04 1.041023686227389611e+01 5.980996556354419624e+00 1.922178549313258589e-03 1.273213645110002623e-01 6.224268341795411233e-04 3.331275889874418111e-02
5.510200000000000000e+04 1.312523628983566004e+00 5.980996556354419624e+00 1.634147279332364821e-03 1.080866626326119351e-01 5.258043306838589264e-04 2.803659022427161529e-02
5.510600000000000000e+04 -1.590485710127324259e-01 5.980996556354419624e+00 8.503376016606508259e-04 5.577075798030942111e-02 2.668395524086519138e-04 1.398464342535341541e-02
5.510900000000000000e+04 4.858485968672083821e+00 5.980996556354419624e+00 5.205895182106584250e-04 3.412729081569183809e-02 1.603886617199637324e-04 8.348980041024522958e-03
5.511100000000000000e+04 -9.007017548768006421e+00 5.980996556354419624e+00 3.755627761777575579e-04 2.470772701084694711e-02 1.143196079927424701e-04 5.947936208677647232e-03
5.511200000000000000e+04 -7.579194847090276355e+00 5.980996556354419624e+00 3.187770176241309017e-04 2.101869145010796386e-02 9.645587389153405797e-05 5.019748626793075000e-03
5.511400000000000000e+04 1.119336447285686020e+01 5.980996556354419624e+00 2.299815061283639163e-04 1.520843037121858733e-02 6.876820444588222371e-05 3.575425609182477163e-03
5.511500000000000000e+04 -1.699889056655595709e+01 5.980996556354419624e+00 1.952486336525641197e-04 1.293766608892447413e-02 5.804061642466235168e-05 3.018024187954762658e-03
5.511700000000000000e+04 -2.645390980180054807e+00 5.980996556354419624e+00 1.408916753739815971e-04 9.357096816414839022e-03 4.139733072045060849e-05 2.149475516037590347e-03
5.511800000000000000e+04 5.618876395276750646e-01 5.980996556354419624e+00 1.196172177333896576e-04 7.960478692134828616e-03 3.494412016400036890e-05 1.814809112742756881e-03
5.511900000000000000e+04 1.595926568109338639e+00 5.980996556354419624e+00 1.016626712379262886e-04 6.771018211657489454e-03 2.952906681710418518e-05 1.532043219218365976e-03
5.512000000000000000e+04 1.254633663594888926e+00 5.980996556354419624e+00 8.712731720832596609e-05 5.756108880585775536e-03 2.516312410348764490e-05 1.292694232973808696e-03
