5.497400000000000000e+04 3.193885511004375566e+00 6.276039664969821352e+00 2.872527343123094101e-01 8.716023034220134351e-19 2.872527343123094101e-01 8.716023034220134351e-19
5.497600000000000000e+04 -4.170586355060487804e+00 6.276039664969821352e+00 1.958814406946931541e+00 8.716022210972289233e-19 1.958814406946931541e+00 8.716022210972289233e-19
5.498000000000000000e+04 1.037004310926269568e+01 6.276039664969821352e+00 9.740658635389692677e+00 8.716019515982127606e-19 9.740658635389692677e+00 8.716019515982127606e-19
5.498100000000000000e+04 8.056120461324161042e+00 6.276039664969821352e+00 1.261836908227294352e+01 8.716018526766135158e-19 1.261836908227294352e+01 8.716018526766135158e-19
5.498500000000000000e+04 2.960067661157346208e+01 6.276039664969821352e+00 2.761301931683333422e+01 8.716012528962566048e-19 2.761301931683333422e+01 8.716012528962566048e-19
5.498700000000000000e+04 3.298985891593119391e+01 6.276039664969821352e+00 3.698113532148148863e+01 8.716007743899730289e-19 3.698113532148148863e+01 8.716007743899730289e-19
5.498800000000000000e+04 4.684866101698801089e+01 6.276039664969821352e+00 4.209516568424355398e+01 -1.241908946591701104e-02 4.209516568424355398e+01 -1.241908946591701104e-02
5.498900000000000000e+04 4.998043472846294577e+01 6.276039664969821352e+00 4.711547825657126509e+01 2.298021874498475392e-01 4.711547825657126509e+01 2.298021874498475392e-01
5.499300000000000000e+04 7.059160571252634497e+01 6.276039664969821352e+00 6.549985504210982867e+01 4.087902819091672413e+00 6.549985504210982867e+01 4.087902819091672413e+00
5.499500000000000000e+04 7.232715018581529876e+01 6.276039664969821352e+00 6.925870503056015082e+01 7.792526908311754319e+00 6.925870503056015082e+01 7.792526908311754319e+00
5.499700000000000000e+04 9.622093099327446453e+01 6.276039664969821352e+00 7.599302134158550359e+01 1.269273137910385429e+01 6.841287481237441170e+01 1.269273137910385429e+01
5.499900000000000000e+04 9.945001410429831878e+01 6.276039664969821352e+00 7.946240387221574508e+01 1.874044088442200007e+01 6.504780932565140006e+01 1.874044088442200007e+01
5.500000000000000000e+04 1.131214602745459530e+02 6.276039664969821352e+00 8.071659299240927510e+01 2.209041545346666879e+01 6.320798198309262261e+01 2.209041545346666879e+01
5.500200000000000000e+04 1.087974322791404092e+02 6.276039664969821352e+00 8.207621959584616889e+01 2.958490825718519801e+01 5.914124484496770862e+01 2.958490825718519801e+01
5.500300000000000000e+04 1.060249699125755996e+02 6.276039664969821352e+00 8.123015168411551201e+01 3.367613254739485029e+01 5.628475033544589223e+01 3.367613254739485029e+01
5.500500000000000000e+04 1.221981963401580202e+02 6.276039664969821352e+00 7.770978181580086641e+01 4.153383942830611630e+01 5.000629460476246635e+01 4.153383942830611630e+01
5.500700000000000000e+04 1.280193519602227639e+02 6.276039664969821352e+00 7.417256617661041673e+01 4.911345556622313779e+01 4.455343955827151348e+01 4.911345556622313779e+01
5.500900000000000000e+04 1.229089679970887090e+02 6.276039664969821352e+00 6.991917559259566417e+01 5.453452191392029391e+01 3.937777404403901471e+01 5.453452191392029391e+01
5.501000000000000000e+04 1.256587802328747046e+02 6.276039664969821352e+00 6.749862057299434071e+01 5.802217272640206858e+01 3.686434766411487374e+01 5.540696402444812918e+01
5.501300000000000000e+04 1.222943603141542042e+02 6.276039664969821352e+00 5.987569637423779767e+01 6.363202115020775551e+01 2.997981993502793685e+01 5.352626274411823459e+01
5.501600000000000000e+04 1.103549194310804182e+02 6.276039664969821352e+00 4.930676343521272997e+01 6.532784390518925477e+01 2.279133005233092391e+01 4.910391153426733268e+01
5.501700000000000000e+04 1.073962201574153141e+02 6.276039664969821352e+00 4.598201100063588598e+01 6.517838311874201906e+01 2.072381963252022885e+01 4.731299587597417400e+01
5.501800000000000000e+04 1.072132067477887887e+02 6.276039664969821352e+00 4.287122495339971096e+01 6.415560982235466270e+01 1.885112345149930135e+01 4.502780026835672089e+01
5.501900000000000000e+04 9.537738009037758502e+01 6.276039664969821352e+00 3.981163915171157441e+01 6.246303804803795856e+01 1.708947422377729097e+01 4.243412910872144295e+01
5.502000000000000000e+04 9.407978374829227164e+01 6.276039664969821352e+00 3.683997328403917493e+01 6.077565021084412678e+01 1.544652967884242400e+01 4.000503568380997876e+01
5.502200000000000000e+04 7.903973443159920009e+01 6.276039664969821352e+00 3.136975102097589385e+01 5.751314405698153109e+01 1.256901635586821442e+01 3.564275164661721362e+01
5.502300000000000000e+04 8.200613706541572867e+01 6.276039664969821352e+00 2.886096285873570366e+01 5.572803355845108797e+01 1.131270102647213349e+01 3.355493350099414585e+01
5.502400000000000000e+04 7.864251580954429244e+01 6.276039664969821352e+00 2.653764361138853545e+01 5.380579045377491809e+01 1.018094207449878574e+01 3.150221923523121603e+01
5.502500000000000000e+04 7.324134721354126043e+01 6.276039664969821352e+00 2.441809507962472026e+01 5.176344241604355290e+01 9.172838121572022274e+00 2.949147813129190610e+01
5.502800000000000000e+04 5.727578649200820138e+01 6.276039664969821352e+00 1.899524038126809700e+01 4.549257796220879158e+01 6.716370971383953226e+00 2.398385594802235588e+01
5.502900000000000000e+04 5.794313249535830579e+01 6.276039664969821352e+00 1.750790241283739235e+01 4.290395405894286540e+01 6.071543353043900915e+00 2.206993521550558768e+01
5.503100000000000000e+04 5.285938182320413148e+01 6.276039664969821352e+00 1.499126651653919851e+01 3.716627774293709052e+01 5.006434182654020404e+00 1.823306404186474339e+01
5.503300000000000000e+04 3.687568420069753472e+01 6.276039664969821352e+00 1.301777429432866739e+01 3.216454087788617500e+01 4.192249869357422831e+00 1.508089876119944250e+01
5.503400000000000000e+04 5.132541542576977633e+01 6.276039664969821352e+00 1.224659095604198278e+01 2.980404304626759782e+01 3.874767751706000407e+00 1.367157937902183562e+01
5.503500000000000000e+04 3.892213220589301415e+01 6.276039664969821352e+00 1.157031802328240211e+01 2.752200872057428072e+01 3.597735703756966164e+00 1.235722374307394134e+01
5.503700000000000000e+04 3.726976001223847845e+01 6.276039664969821352e+00 1.046393278796644388e+01 2.334418269742691976e+01 3.145344712025503142e+00 1.005521308469457331e+01
5.503800000000000000e+04 3.902764669895645966e+01 6.276039664969821352e+00 1.002177482326832170e+01 2.143802095320575418e+01 2.963093496324381348e+00 9.050160821177707149e+00
5.503900000000000000e+04 3.687361015502931139e+01 6.276039664969821352e+00 9.632694977842625406e+00 1.967772484159125312e+01 2.802157021713587159e+00 8.144753659599029305e+00
5.504000000000000000e+04 2.896397053228535867e+01 6.276039664969821352e+00 9.268620472621689643e+00 1.807562788884496996e+01 2.653484246384680389e+00 7.338270497257618707e+00
5.504100000000000000e+04 2.443479424087155749e+01 6.276039664969821352e+00 8.918914137347767834e+00 1.658478616258119231e+01 2.513503025968822246e+00 6.606431709122529305e+00
5.504300000000000000e+04 2.693599569201028388e+01 6.276039664969821352e+00 8.257915069371753347e+00 1.399584248500874040e+01 2.256754227528354306e+00 5.373096777107163824e+00
5.504400000000000000e+04 2.146498238137047210e+01 6.276039664969821352e+00 7.911991282164740014e+00 1.288138637781794316e+01 2.129971270706062736e+00 4.857234682435121798e+00
5.504500000000000000e+04 1.573048054008716612e+01 6.276039664969821352e+00 7.551305437268367449e+00 1.188693994284627919e+01 2.002998789726357476e+00 4.403875201113765847e+00
5.504600000000000000e+04 1.307173682915873414e+01 6.276039664969821352e+00 7.201194234435823738e+00 1.099973667139280309e+01 1.882468299899572761e+00 4.005147346123217211e+00
5.504700000000000000e+04 1.175242562020083525e+01 6.276039664969821352e+00 6.861428064928858817e+00 1.020357561626581244e+01 1.768044749775525615e+00 3.652482680507522339e+00
5.504900000000000000e+04 2.467371066713962335e+00 6.276039664969821352e+00 6.191178502725894539e+00 8.952263413541544423e+00 1.551051834533994978e+00 3.099814201364801125e+00
5.505000000000000000e+04 7.974876587877768763e+00 6.276039664969821352e+00 5.822318907808187838e+00 8.448059070133957960e+00 1.438675292267899364e+00 2.878188563005573020e+00
5.505100000000000000e+04 1.466672107766387434e+01 6.276039664969821352e+00 5.436115645356124126e+00 8.006109654413840815e+00 1.325106192803267691e+00 2.684452003223524841e+00
5.505300000000000000e+04 4.558147710413797071e+00 6.276039664969821352e+00 4.671471206392032727e+00 7.293476855592685659e+00 1.108770342350714921e+00 2.370474797059505256e+00
5.505400000000000000e+04 4.688187452296715740e+00 6.276039664969821352e+00 4.293820997733088340e+00 7.003150828666598215e+00 1.005908494057323077e+00 2.241725617370870172e+00
5.505500000000000000e+04 2.093804961719330748e+01 6.276039664969821352e+00 3.933977050929433616e+00 6.731783393708080432e+00 9.098004280595362037e-01 2.122787397107745111e+00
5.505700000000000000e+04 9.104284762233490369e+00 6.276039664969821352e+00 3.267954795303254834e+00 6.222422778573425184e+00 7.368888778080757707e-01 1.905445485844385223e+00
5.505800000000000000e+04 8.933647319767214157e+00 6.276039664969821352e+00 2.951900508094092768e+00 5.980940323964746064e+00 6.574095826676078502e-01 1.805403382022683800e+00
5.505900000000000000e+04 -2.759013872302134018e+00 6.276039664969821352e+00 2.650107795339088135e+00 5.725362775657896641e+00 5.830050588127172473e-01 1.703977016564850455e+00
5.506100000000000000e+04 1.250228565663996250e+01 6.276039664969821352e+00 2.097721046587586624e+00 5.202238796138467514e+00 4.505027589097987395e-01 1.505974639919658298e+00
5.506300000000000000e+04 5.352021122348826765e+00 6.276039664969821352e+00 1.628229051359488366e+00 4.709808007049141487e+00 3.415482990769190819e-01 1.327155096666236656e+00
5.506400000000000000e+04 1.099656753750404548e+01 6.276039664969821352e+00 1.430050174861278833e+00 4.462065917587398012e+00 2.965309531914898100e-01 1.240841467627196382e+00
5.506700000000000000e+04 1.229724851323662627e+01 6.276039664969821352e+00 9.478364502329007513e-01 3.631902016511153519e+00 1.899928740845295005e-01 9.717203597258007308e-01
5.506800000000000000e+04 -6.271425062018231245e+00 6.276039664969821352e+00 8.222095865760433719e-01 3.357179193383188931e+00 1.630009885761951050e-01 8.870162738805721370e-01
5.506900000000000000e+04 6.543392003432307646e+00 6.276039664969821352e+00 7.114886321071732800e-01 3.083713079382130129e+00 1.395185175518027509e-01 8.047267952458585505e-01
5.507000000000000000e+04 -8.951221547300015402e+00 6.276039664969821352e+00 6.142464668803382377e-01 2.823438256422842407e+00 1.191554736916271978e-01 7.278403424476290740e-01
5.507200000000000000e+04 7.645568059929850335e+00 6.276039664969821352e+00 4.560021150716552230e-01 2.342481315886536297e+00 8.659693020465177027e-02 5.895111022464607498e-01
5.507400000000000000e+04 9.640585800601289890e+00 6.276039664969821352e+00 3.365728559047677093e-01 1.897331663400107393e+00 6.259957145868536021e-02 4.664040470501739089e-01
5.507600000000000000e+04 -1.449120245394226902e+00 6.276039664969821352e+00 2.446644561300058696e-01 1.500138146948917006e+00 4.458659039435906163e-02 3.604022071278390471e-01
5.507800000000000000e+04 8.099530364805046290e+00 6.276039664969821352e+00 1.772255691513887343e-01 1.163122239608503472e+00 3.165759871947924908e-02 2.732386392615352988e-01
5.508000000000000000e+04 3.382310350071096039e+00 6.276039664969821352e+00 1.280487148722933011e-01 8.931379211002887786e-01 2.242927217941729015e-02 2.052624382010224402e-01
5.508200000000000000e+04 6.825076403182666951e+00 6.276039664969821352e+00 9.225249237564120408e-02 6.757058568241476326e-01 1.585148843184322476e-02 1.519942992676236448e-01
5.508300000000000000e+04 -1.291761487861679747e+01 6.276039664969821352e+00 7.828265047811086563e-02 5.858646731801036012e-01 1.332425287277213925e-02 1.304007908609561006e-01
5.508400000000000000e+04 -6.472885445653190573e+00 6.276039664969821352e+00 6.634986103872077268e-02 5.067312557481477020e-01 1.118771474028273233e-02 1.116148140414422174e-01
5.508600000000000000e+04 1.652621025502524787e+01 6.276039664969821352e+00 4.778895805253825790e-02 3.769772342931383968e-01 7.910245647124551638e-03 8.134326650551063076e-02
5.508900000000000000e+04 8.031910859996729712e+00 6.276039664969821352e+00 2.953792704718989290e-02 2.391804426293450692e-01 4.758348966942117439e-03 5.007965716694829511e-02
5.509000000000000000e+04 -8.047061418743966854e+00 6.276039664969821352e+00 2.515094851968402434e-02 2.040968608097261938e-01 4.015798901434460173e-03 4.231565367592597660e-02
5.509200000000000000e+04 -4.454470267239214465e+00 6.276039664969821352e+00 1.823123819824581937e-02 1.479259879042032488e-01 2.860340487345981557e-03 3.008093132914495954e-02
5.509300000000000000e+04 8.226501293908283330e+00 6.276039664969821352e+00 1.552278488735900699e-02 1.257389168979765048e-01 2.414419350363810127e-03 2.532607897558340412e-02
5.509500000000000000e+04 -2.794961222865506745e+00 6.276039664969821352e+00 1.124605589990867321e-02 9.077933904808636878e-02 1.719580412830072277e-03 1.794341774353383490e-02
5.509600000000000000e+04 5.570605464093893566e+00 6.276039664969821352e+00 9.575513617746863118e-03 7.701613544084469354e-02 1.451847290194205504e-03 1.508227624957792119e-02
5.509700000000000000e+04 4.509738316145800674e+00 6.276039664969821352e+00 8.151450433902005660e-03 6.535378462587780601e-02 1.225634575374692737e-03 1.268119074547458328e-02
5.509800000000000000e+04 2.372900819034137410e+00 6.276039664969821352e+00 6.935252852135165638e-03 5.543741947257068564e-02 1.034155386379047173e-03 1.065940229821771279e-02
5.510000000000000000e+04 -2.915625878063738519e+00 6.276039664969821352e+00 5.026680235648261705e-03 3.979087231490430893e-02 7.373742460977353481e-04 7.514517358155370884e-03
5.510100000000000000e+04 1.082624098572566851e+01 6.276039664969821352e+00 4.277566175215478418e-03 3.380775707615856635e-02 6.224268341795411233e-04 6.328196517699642178e-03
5.510200000000000000e+04 1.294578363892829875e+00 6.276039664969821352e+00 3.642667242111638070e-03 2.879850421062769492e-02 5.258043306838589264e-04 5.343347226255695630e-03
5.510600000000000000e+04 -2.092705935371808046e-01 6.276039664969821352e+00 1.907742695990415722e-03 1.513033479274826509e-02 2.668395524086519138e-04 2.712307255261054220e-03
5.510900000000000000e+04 5.072299232190215612e+00 6.276039664969821352e+00 1.173339293678566731e-03 9.327429288021618636e-03 1.603886617199637324e-04 1.630669455947835432e-03
5.511100000000000000e+04 -9.470052921370433197e+00 6.276039664969821352e+00 8.489831367973027466e-04 6.753296707284152031e-03 1.143196079927424701e-04 1.161477832155364534e-03
5.511200000000000000e+04 -7.968998264436407908e+00 6.276039664969821352e+00 7.216635572816795623e-04 5.747343701613040479e-03 9.645587389153405797e-05 9.805076602997543633e-04
5.511400000000000000e+04 1.173401792893925766e+01 6.276039664969821352e+00 5.221294690758054077e-04 4.161620824954526988e-03 6.876820444588222371e-05 6.987274722892087252e-04
5.511500000000000000e+04 -1.784724298101281903e+01 6.276039664969821352e+00 4.438946344158176387e-04 3.541284059339140384e-03 5.804061642466235168e-05 5.898993968781883653e-04
5.511700000000000000e+04 -2.782968775765400249e+00 6.276039664969821352e+00 3.211936095938321719e-04 2.564915589422319189e-03 4.139733072045060849e-05 4.206434645470872170e-04
5.511800000000000000e+04 5.835824312988503459e-01 6.276039664969821352e+00 2.730603437855316632e-04 2.182450423379248168e-03 3.494412016400036890e-05 3.551702941315011404e-04
5.511900000000000000e+04 1.669530876485015858e+00 6.276039664969821352e+00 2.323819442238831193e-04 1.856433332444799768e-03 2.952906681710418518e-05 2.998115846971575321e-04
5.512000000000000000e+04 1.312171702144858898e+00 6.276039664969821352e+00 1.994177585201395940e-04 1.578910684761704363e-03 2.516312410348764490e-05 2.530630024300718631e-04
