5.497500000000000000e+04 -3.296598933018639155e+00 1.044904793183143710e+01 9.676860811788584593e-01 1.458879233475697024e-18 9.676860811788584593e-01 1.458879233475697024e-18
5.497600000000000000e+04 -8.751007296884587561e+00 1.044904793183143710e+01 2.014654457448330049e+00 1.458879194246585025e-18 2.014654457448330049e+00 1.458879194246585025e-18
5.497900000000000000e+04 -3.545315589701000469e+00 1.044904793183143710e+01 7.421511495175619366e+00 1.458879030790155216e-18 7.421511495175619366e+00 1.458879030790155216e-18
5.498000000000000000e+04 1.568212825951938427e+01 1.044904793183143710e+01 1.010928248076253944e+01 1.458878956392917053e-18 1.010928248076253944e+01 1.458878956392917053e-18
5.498100000000000000e+04 3.414242544239000665e+01 1.044904793183143710e+01 1.326427468792255127e+01 1.458878869086958948e-18 1.326427468792255127e+01 1.458878869086958948e-18
5.498200000000000000e+04 1.405287847607723783e+01 1.044904793183143710e+01 1.681188057541250913e+01 1.458878766632481191e-18 1.681188057541250913e+01 1.458878766632481191e-18
5.498400000000000000e+04 2.630785109166612656e+01 1.044904793183143710e+01 2.504964300095078400e+01 1.458878505308197166e-18 2.504964300095078400e+01 1.458878505308197166e-18
5.498500000000000000e+04 3.453326101579056484e+01 1.044904793183143710e+01 2.982457128805857849e+01 1.458878339734227992e-18 2.982457128805857849e+01 1.458878339734227992e-18
5.498700000000000000e+04 3.581855409442291460e+01 1.044904793183143710e+01 4.097582893337165899e+01 1.458877917415035206e-18 4.097582893337165899e+01 1.458877917415035206e-18
5.499000000000000000e+04 4.930150545829033604e+01 1.044904793183143710e+01 6.053040193995693841e+01 1.458876967336947338e-18 6.053040193995693841e+01 1.458876967336947338e-18
5.499200000000000000e+04 8.801597888115833257e+01 1.044904793183143710e+01 7.440742163840896239e+01 2.480027301376598325e-01 7.440742163840896239e+01 2.480027301376598325e-01
5.499300000000000000e+04 8.942571609577370850e+01 1.044904793183143710e+01 8.115791156796579742e+01 7.741488649430867675e-01 8.115791156796579742e+01 7.741488649430867675e-01
5.499400000000000000e+04 9.028145882760037466e+01 1.044904793183143710e+01 8.659722275531558466e+01 1.611723565958664173e+00 8.659722275531558466e+01 1.611723565958664173e+00
5.499600000000000000e+04 9.065777948224784666e+01 1.044904793183143710e+01 9.298895886639343189e+01 4.184087600156392028e+00 9.298895886639343189e+01 4.184087600156392028e+00
5.499700000000000000e+04 9.804648321085193174e+01 1.044904793183143710e+01 1.009177175899442176e+02 5.937209196140496026e+00 9.534931745081652821e+01 5.937209196140496026e+00
5.499800000000000000e+04 1.170706435531610907e+02 1.044904793183143710e+01 1.086163888848764287e+02 8.087425984610032259e+00 9.725679520493949326e+01 8.087425984610032259e+00
5.500000000000000000e+04 1.334592416305149243e+02 1.044904793183143710e+01 1.226522096706897997e+02 1.344950446033000979e+01 9.942624000542298290e+01 1.344950446033000979e+01
5.500200000000000000e+04 1.583657986532282962e+02 1.044904793183143710e+01 1.341991852552741307e+02 2.003971440076062649e+01 9.937735874946248771e+01 2.003971440076062649e+01
5.500300000000000000e+04 1.639897139170555249e+02 1.044904793183143710e+01 1.384696727485008978e+02 2.385965703044686492e+01 9.828909195663038645e+01 2.385965703044686492e+01
5.500400000000000000e+04 1.713946597225799735e+02 1.044904793183143710e+01 1.416408308744635178e+02 2.807878116178207151e+01 9.653818898204983157e+01 2.807878116178207151e+01
5.500500000000000000e+04 1.806257057268755943e+02 1.044904793183143710e+01 1.439794070741627365e+02 3.278066314669732861e+01 9.437559456880096320e+01 3.278066314669732861e+01
5.500900000000000000e+04 1.961217285618505457e+02 1.044904793183143710e+01 1.452243017865519050e+02 5.387147402998105150e+01 8.255133116561614770e+01 5.387147402998105150e+01
5.501200000000000000e+04 2.057409116322736509e+02 1.044904793183143710e+01 1.381666912867816279e+02 6.927777820425247057e+01 7.142612246008147281e+01 6.927777820425247057e+01
5.501300000000000000e+04 1.915849225665391202e+02 1.044904793183143710e+01 1.348232303458079002e+02 7.415772829082089856e+01 6.765517379857884350e+01 7.227144361253377269e+01
5.501400000000000000e+04 2.150641837740239168e+02 1.044904793183143710e+01 1.304950571631103458e+02 7.827438601537534169e+01 6.361888512242121152e+01 7.439116709311475972e+01
5.501600000000000000e+04 2.076918661403942110e+02 1.044904793183143710e+01 1.201882795750422872e+02 8.592832369946815163e+01 5.543739832797152900e+01 7.780543616395159745e+01
5.501700000000000000e+04 2.034712455840106031e+02 1.044904793183143710e+01 1.160184041484970976e+02 8.918227712126353879e+01 5.211031447560955598e+01 7.888746317670370445e+01
5.501800000000000000e+04 1.914733997900104328e+02 1.044904793183143710e+01 1.124653477732781965e+02 9.199711135221778591e+01 4.922327896239417555e+01 7.954099200433840622e+01
5.501900000000000000e+04 1.946815831108260966e+02 1.044904793183143710e+01 1.091072006499762495e+02 9.435879517225984614e+01 4.656333247267679099e+01 7.978252741376498136e+01
5.502000000000000000e+04 2.043765495854495384e+02 1.044904793183143710e+01 1.054402777643704496e+02 9.610188100508021591e+01 4.390417961541074021e+01 7.950188699956999017e+01
5.502100000000000000e+04 2.112758025364605032e+02 1.044904793183143710e+01 1.012856157909326811e+02 9.710175972579430947e+01 4.117301454915962466e+01 7.863127356530432621e+01
5.502200000000000000e+04 2.034472117260070547e+02 1.044904793183143710e+01 9.693686781138021047e+01 9.738772504509189787e+01 3.849145005216814042e+01 7.723055118563988231e+01
5.502500000000000000e+04 1.766944809905796205e+02 1.044904793183143710e+01 8.449983021382919901e+01 9.556467947614716252e+01 3.137059333747742329e+01 7.135419956406119013e+01
5.502900000000000000e+04 1.521324048584263835e+02 1.044904793183143710e+01 6.926244929572011699e+01 8.673969885474195962e+01 2.366167303078713857e+01 6.008152583967718385e+01
5.503100000000000000e+04 1.560945161094926164e+02 1.044904793183143710e+01 6.236601143519420276e+01 8.096429958823527784e+01 2.048817721261307412e+01 5.412413903886307764e+01
5.503200000000000000e+04 1.238898814174238225e+02 1.044904793183143710e+01 5.916989407762305575e+01 7.746235452506007846e+01 1.907229695642826428e+01 5.089510809793696922e+01
5.503300000000000000e+04 1.333119525818358113e+02 1.044904793183143710e+01 5.663237307692235589e+01 7.350876885426507101e+01 1.791710107470335345e+01 4.748321739827211729e+01
5.503400000000000000e+04 1.177559351818007656e+02 1.044904793183143710e+01 5.445445373950371248e+01 6.981564195831423092e+01 1.691552365168480421e+01 4.434991866237722746e+01
5.503500000000000000e+04 1.077016816423939787e+02 1.044904793183143710e+01 5.233915958280171310e+01 6.671370900425438322e+01 1.596874529619285887e+01 4.168825158048764479e+01
5.503600000000000000e+04 1.224759655586979363e+02 1.044904793183143710e+01 5.045259239812908447e+01 6.404539272355030732e+01 1.512367877641758973e+01 3.937862316991534328e+01
5.503700000000000000e+04 9.414945439578602304e+01 1.044904793183143710e+01 4.870246555124204235e+01 6.155672552887872939e+01 1.434788638676704053e+01 3.725066597814144131e+01
5.503900000000000000e+04 1.195106158028081893e+02 1.044904793183143710e+01 4.501957479437805887e+01 5.615011032156193949e+01 1.282170619571031622e+01 3.293841163932770399e+01
5.504000000000000000e+04 7.803756602185785596e+01 1.044904793183143710e+01 4.322653107963110841e+01 5.329680140023409507e+01 1.210962883225882791e+01 3.079316004173451304e+01
5.504200000000000000e+04 9.170630802402652648e+01 1.044904793183143710e+01 3.987000944381308898e+01 4.789847667023722266e+01 1.081543224929825442e+01 2.686398018521436981e+01
5.504400000000000000e+04 8.380718495362188492e+01 1.044904793183143710e+01 3.667572936570441300e+01 4.299376050714385400e+01 9.643386980885679804e+00 2.342728885524403992e+01
5.504500000000000000e+04 5.902501846746020675e+01 1.044904793183143710e+01 3.506549658598203933e+01 4.066113343552379433e+01 9.080561577061848411e+00 2.184555602832633170e+01
5.504600000000000000e+04 7.281248052737714715e+01 1.044904793183143710e+01 3.340323817924858929e+01 3.840248870370678702e+01 8.521234229400151960e+00 2.034676735387665047e+01
5.504700000000000000e+04 8.887852638095998259e+01 1.044904793183143710e+01 3.166824816009389210e+01 3.622128907552895782e+01 7.960046289989414880e+00 1.892933842462971228e+01
5.504800000000000000e+04 7.162780556192298320e+01 1.044904793183143710e+01 2.990879037604096169e+01 3.416935892103397521e+01 7.409034476823465276e+00 1.761670391886676512e+01
5.505000000000000000e+04 4.631214911844028137e+01 1.044904793183143710e+01 2.611864592158651632e+01 3.039056086225106057e+01 6.288194800073795498e+00 1.525783756514261391e+01
5.505200000000000000e+04 5.473070516560134280e+01 1.044904793183143710e+01 2.206844678002276083e+01 2.766026427523499720e+01 5.167770414954748759e+00 1.353241892134784763e+01
5.505400000000000000e+04 4.986251957696658366e+01 1.044904793183143710e+01 1.823902782583245497e+01 2.536180436090124601e+01 4.157327640826142812e+00 1.209894302113407427e+01
5.505600000000000000e+04 5.957119498159576665e+01 1.044904793183143710e+01 1.493310379257867737e+01 2.335109886554053560e+01 3.315520380235053022e+00 1.086906482291032106e+01
5.505800000000000000e+04 2.541047466410066846e+01 1.044904793183143710e+01 1.215190670839599285e+01 2.131875936661502280e+01 2.629827455937498115e+00 9.687703065807063751e+00
5.506000000000000000e+04 3.894190679630482776e+01 1.044904793183143710e+01 9.758928061703006307e+00 1.949200461697529008e+01 2.059888564189253035e+00 8.652345799438604601e+00
5.506100000000000000e+04 2.608899761907711223e+01 1.044904793183143710e+01 8.709339988839492008e+00 1.862867963612847078e+01 1.815959130283463896e+00 8.174417322448755741e+00
5.506200000000000000e+04 2.001663383438775412e+01 1.044904793183143710e+01 7.751567790682838854e+00 1.778240559275319299e+01 1.596812745279095003e+00 7.714709584708543844e+00
5.506400000000000000e+04 3.063473562679597251e+01 1.044904793183143710e+01 6.074396492811381165e+00 1.606900266043363246e+01 1.221917543613490142e+00 6.816987383520122457e+00
5.506500000000000000e+04 1.043490225679380146e+01 1.044904793183143710e+01 5.346650623903781430e+00 1.517694265834542122e+01 1.063036946060080368e+00 6.368037031991533148e+00
5.506700000000000000e+04 2.966174354911346356e+01 1.044904793183143710e+01 4.112151130795689724e+00 1.336679058107687545e+01 7.990344961129509649e-01 5.488314753059690076e+00
5.506800000000000000e+04 3.241621207546027961e+01 1.044904793183143710e+01 3.590418789046303516e+00 1.238321625588932484e+01 6.898283870746817481e-01 5.030555840059037109e+00
5.506900000000000000e+04 5.462852728243056788e+00 1.044904793183143710e+01 3.121539685231842221e+00 1.137578343131339231e+01 5.930877954916861095e-01 4.572811605625031639e+00
5.507100000000000000e+04 1.442112501459059892e+01 1.044904793183143710e+01 2.337871596827339804e+00 9.448896191705292935e+00 4.345486239456022304e-01 3.720184334700300077e+00
5.507300000000000000e+04 2.204802100745232352e+01 1.044904793183143710e+01 1.736719780914480538e+00 7.693222916975629211e+00 3.159510589642119949e-01 2.967949892741649442e+00
5.507400000000000000e+04 1.805902891773332897e+01 1.044904793183143710e+01 1.493905190606538813e+00 6.944556367625132509e+00 2.689201451984696289e-01 2.652416304188042862e+00
5.507500000000000000e+04 1.644205998764816101e+00 1.044904793183143710e+01 1.280426224789079193e+00 6.256911190006220203e+00 2.280935985444418612e-01 2.366188098932125783e+00
5.507800000000000000e+04 1.177577279347745964e+01 1.044904793183143710e+01 7.994605693413380232e-01 4.486602083889328796e+00 1.381047141620609098e-01 1.647910851351402695e+00
5.508000000000000000e+04 -1.497039876074633824e+01 1.044904793183143710e+01 5.816874276027002022e-01 3.544668804480346491e+00 9.849760017656127020e-02 1.277450196223276269e+00
5.508100000000000000e+04 8.605056464008326245e+00 1.044904793183143710e+01 4.961295352027533245e-01 3.136332577776526964e+00 8.318738014801362046e-02 1.119758855288131238e+00
5.508200000000000000e+04 7.468329023492588981e+00 1.044904793183143710e+01 4.226099544827823240e-01 2.763488716636269160e+00 7.017301316464903682e-02 9.775340348907921584e-01
5.508400000000000000e+04 1.288639900410847972e+01 1.044904793183143710e+01 3.061277856555403298e-01 2.125035550293949083e+00 4.986444254227592049e-02 7.380645840142919800e-01
5.508500000000000000e+04 5.653583027604384803e+00 1.044904793183143710e+01 2.604704276385121364e-01 1.857147937245565705e+00 4.202762805578161287e-02 6.392275968903607941e-01
5.508800000000000000e+04 -6.827515951036340347e-01 1.044904793183143710e+01 1.617712465096712848e-01 1.212794192022052187e+00 2.538464199561750803e-02 4.064868588356523871e-01
5.508900000000000000e+04 2.273817683154830682e+00 1.044904793183143710e+01 1.379915647305545445e-01 1.046288794791263133e+00 2.145658115601357940e-02 3.476388991564817732e-01
5.509000000000000000e+04 -6.232953182665761815e+00 1.044904793183143710e+01 1.177106881006686895e-01 9.005901894638504990e-01 1.813835800367798873e-02 2.966566274009653781e-01
5.509100000000000000e+04 9.877350676200306268e+00 1.044904793183143710e+01 1.004382493408238763e-01 7.739284379540166681e-01 1.533876746194622574e-02 2.527608471713695959e-01
5.509300000000000000e+04 7.972188993323585215e+00 1.044904793183143710e+01 7.299706934572898487e-02 5.682450201817972335e-01 1.095262713745783802e-02 1.824748788355535223e-01
5.509500000000000000e+04 1.432693389445160825e+01 1.044904793183143710e+01 5.309995748108135155e-02 4.135169215258482911e-01 7.830004347216196550e-03 1.305994130454626312e-01
5.509600000000000000e+04 1.459988592896069637e+00 1.044904793183143710e+01 4.525910273374784965e-02 3.527083915927705648e-01 6.616827885050855125e-03 1.104837713296487195e-01
5.509700000000000000e+04 -6.617154628443848274e+00 1.044904793183143710e+01 3.858126857925859438e-02 3.004188829786647030e-01 5.592785077591702451e-03 9.334127170379516447e-02
5.509800000000000000e+04 3.237797659524874305e+00 1.044904793183143710e+01 3.291174995718098434e-02 2.556682508262965725e-01 4.730874821351913062e-03 7.879808014124903282e-02
5.509900000000000000e+04 -2.989459160706023688e+00 1.044904793183143710e+01 2.804996115000875714e-02 2.176647714000865819e-01 3.998454947828823484e-03 6.654990411841091302e-02
5.510100000000000000e+04 -5.950014070051016013e+00 1.044904793183143710e+01 2.037693386963021838e-02 1.572501279955237363e-01 2.857113554350843541e-03 4.732315988911003218e-02
5.510400000000000000e+04 7.175131398513222791e+00 1.044904793183143710e+01 1.261876331576413345e-02 9.655630058081784983e-02 1.726894476100850886e-03 2.838889232647826000e-02
5.510700000000000000e+04 -3.381010469464373358e+01 1.044904793183143710e+01 7.763219369449561244e-03 5.972653930587940724e-02 1.037530654529236849e-03 1.716526492481086630e-02
5.510800000000000000e+04 -1.338525638540511764e+00 1.044904793183143710e+01 6.604158893096903453e-03 5.086866225415485887e-02 8.757902202812570909e-04 1.451068640294239306e-02
5.510900000000000000e+04 -9.844116079655471196e+00 1.044904793183143710e+01 5.614048159981721402e-03 4.333754003628439294e-02 7.387683124515371895e-04 1.227101396955698233e-02
5.511000000000000000e+04 -7.345663333881566892e-01 1.044904793183143710e+01 4.771441711348495263e-03 3.690083829540737742e-02 6.230988444615148105e-04 1.037181356327150986e-02
5.511100000000000000e+04 2.516611048376504556e+01 1.044904793183143710e+01 4.057529029277060634e-03 3.140249631834812066e-02 5.258591276927242816e-04 8.762101709966271107e-03
5.511400000000000000e+04 -2.130878524327877699e+01 1.044904793183143710e+01 2.494028933838694437e-03 1.938571766450659928e-02 3.160519228810185948e-04 5.293462308040685488e-03
