5.497400000000000000e+04 3.353167901795729655e+00 6.619964295062048976e+00 2.872527343123094101e-01 8.716021689365841492e-19 2.872527343123094101e-01 8.716021689365841492e-19
5.497600000000000000e+04 -4.506475228027092328e+00 6.619964295062048976e+00 1.958814406946931541e+00 8.716020358936565545e-19 1.958814406946931541e+00 8.716020358936565545e-19
5.498000000000000000e+04 1.040453314341126045e+01 6.619964295062048976e+00 9.740658635389692677e+00 8.716016003634627670e-19 9.740658635389692677e+00 8.716016003634627670e-19
5.498100000000000000e+04 7.806110940494255246e+00 6.619964295062048976e+00 1.261836908227294352e+01 8.716014404989387201e-19 1.261836908227294352e+01 8.716014404989387201e-19
5.498500000000000000e+04 2.969718039964434553e+01 6.619964295062048976e+00 2.761301931683333422e+01 -1.241908946591701104e-02 2.761301931683333422e+01 -1.241908946591701104e-02
5.498700000000000000e+04 3.352173684998109593e+01 6.619964295062048976e+00 3.698113532148148863e+01 7.505983906838168407e-01 3.698113532148148863e+01 7.505983906838168407e-01
5.498800000000000000e+04 4.868930196269927535e+01 6.619964295062048976e+00 4.209516568424355398e+01 1.567051525557545455e+00 4.209516568424355398e+01 1.567051525557545455e+00
5.498900000000000000e+04 5.257561810016003534e+01 6.619964295062048976e+00 4.711547825657126509e+01 2.680580088357593205e+00 4.711547825657126509e+01 2.680580088357593205e+00
5.499300000000000000e+04 7.665340864665687093e+01 6.619964295062048976e+00 6.549985504210982867e+01 1.009469526581835552e+01 6.549985504210982867e+01 1.009469526581835552e+01
5.499500000000000000e+04 7.985654965846156017e+01 6.619964295062048976e+00 6.925870503056015082e+01 1.558080429699700353e+01 6.925870503056015082e+01 1.558080429699700353e+01
5.499700000000000000e+04 1.060315400232494198e+02 6.619964295062048976e+00 7.599302134158550359e+01 2.209041545346666879e+01 6.841287481237441170e+01 2.209041545346666879e+01
5.499900000000000000e+04 1.103628258916053966e+02 6.619964295062048976e+00 7.946240387221574508e+01 2.958490825718519801e+01 6.504780932565140006e+01 2.958490825718519801e+01
5.500000000000000000e+04 1.252724054771458384e+02 6.619964295062048976e+00 8.071659299240927510e+01 3.367613254739485029e+01 6.320798198309262261e+01 3.367613254739485029e+01
5.500200000000000000e+04 1.205894340021501989e+02 6.619964295062048976e+00 8.207621959584616889e+01 4.153383942830611630e+01 5.914124484496770862e+01 4.153383942830611630e+01
5.500300000000000000e+04 1.172123310064043551e+02 6.619964295062048976e+00 8.123015168411551201e+01 4.535018634951246952e+01 5.628475033544589223e+01 4.535018634951246952e+01
5.500500000000000000e+04 1.332261505575297917e+02 6.619964295062048976e+00 7.770978181580086641e+01 5.239988403368787573e+01 5.000629460476246635e+01 5.239988403368787573e+01
5.500700000000000000e+04 1.371874538488326323e+02 6.619964295062048976e+00 7.417256617661041673e+01 5.802217272640206858e+01 4.455343955827151348e+01 5.540696402444812918e+01
5.500900000000000000e+04 1.307699057915175445e+02 6.619964295062048976e+00 6.991917559259566417e+01 6.248011030864532245e+01 3.937777404403901471e+01 5.473029984989954499e+01
5.501000000000000000e+04 1.312761902891090244e+02 6.619964295062048976e+00 6.749862057299434071e+01 6.363202115020775551e+01 3.686434766411487374e+01 5.352626274411823459e+01
5.501300000000000000e+04 1.239236915470937959e+02 6.619964295062048976e+00 5.987569637423779767e+01 6.532784390518925477e+01 2.997981993502793685e+01 4.910391153426733268e+01
5.501600000000000000e+04 1.072555882745848663e+02 6.619964295062048976e+00 4.930676343521272997e+01 6.246303804803795856e+01 2.279133005233092391e+01 4.243412910872144295e+01
5.501700000000000000e+04 1.027872119219893392e+02 6.619964295062048976e+00 4.598201100063588598e+01 6.077565021084412678e+01 2.072381963252022885e+01 4.000503568380997876e+01
5.501800000000000000e+04 1.022468721648363470e+02 6.619964295062048976e+00 4.287122495339971096e+01 5.917906212492825091e+01 1.885112345149930135e+01 3.778030013082754124e+01
5.501900000000000000e+04 9.004951679326063640e+01 6.619964295062048976e+00 3.981163915171157441e+01 5.751314405698153109e+01 1.708947422377729097e+01 3.564275164661721362e+01
5.502000000000000000e+04 8.883840439811079648e+01 6.619964295062048976e+00 3.683997328403917493e+01 5.572803355845108797e+01 1.544652967884242400e+01 3.355493350099414585e+01
5.502200000000000000e+04 7.275063126279444248e+01 6.619964295062048976e+00 3.136975102097589385e+01 5.176344241604355290e+01 1.256901635586821442e+01 2.949147813129190610e+01
5.502300000000000000e+04 7.581611761934929916e+01 6.619964295062048976e+00 2.886096285873570366e+01 4.967955384039120048e+01 1.131270102647213349e+01 2.756300146493076042e+01
5.502400000000000000e+04 7.241552183838449253e+01 6.619964295062048976e+00 2.653764361138853545e+01 4.767200616787987144e+01 1.018094207449878574e+01 2.577422478799732986e+01
5.502500000000000000e+04 6.680936143014807271e+01 6.619964295062048976e+00 2.441809507962472026e+01 4.549257796220879158e+01 9.172838121572022274e+00 2.398385594802235588e+01
5.502800000000000000e+04 4.855426962033479299e+01 6.619964295062048976e+00 1.899524038126809700e+01 3.716627774293709052e+01 6.716370971383953226e+00 1.823306404186474339e+01
5.502900000000000000e+04 4.948117186482588181e+01 6.619964295062048976e+00 1.750790241283739235e+01 3.457727858046735747e+01 6.071543353043900915e+00 1.657905570601618450e+01
5.503100000000000000e+04 4.553560756295239287e+01 6.619964295062048976e+00 1.499126651653919851e+01 2.980404304626759782e+01 5.006434182654020404e+00 1.367157937902183562e+01
5.503300000000000000e+04 2.962782642502989816e+01 6.619964295062048976e+00 1.301777429432866739e+01 2.537188337766254165e+01 4.192249869357422831e+00 1.115541829830396736e+01
5.503400000000000000e+04 4.537380963562063840e+01 6.619964295062048976e+00 1.224659095604198278e+01 2.334418269742691976e+01 3.874767751706000407e+00 1.005521308469457331e+01
5.503500000000000000e+04 3.282881784139674863e+01 6.619964295062048976e+00 1.157031802328240211e+01 2.143802095320575418e+01 3.597735703756966164e+00 9.050160821177707149e+00
5.503700000000000000e+04 3.219090203110825144e+01 6.619964295062048976e+00 1.046393278796644388e+01 1.807562788884496996e+01 3.145344712025503142e+00 7.338270497257618707e+00
5.503800000000000000e+04 3.458912731295806964e+01 6.619964295062048976e+00 1.002177482326832170e+01 1.658478616258119231e+01 2.963093496324381348e+00 6.606431709122529305e+00
5.503900000000000000e+04 3.283121231465577949e+01 6.619964295062048976e+00 9.632694977842625406e+00 1.522086699501263318e+01 2.802157021713587159e+00 5.951230448472252910e+00
5.504000000000000000e+04 2.497294529858640288e+01 6.619964295062048976e+00 9.268620472621689643e+00 1.399584248500874040e+01 2.653484246384680389e+00 5.373096777107163824e+00
5.504100000000000000e+04 2.067281880321424126e+01 6.619964295062048976e+00 8.918914137347767834e+00 1.288138637781794316e+01 2.513503025968822246e+00 4.857234682435121798e+00
5.504300000000000000e+04 2.419647477993284923e+01 6.619964295062048976e+00 8.257915069371753347e+00 1.099973667139280309e+01 2.256754227528354306e+00 4.005147346123217211e+00
5.504400000000000000e+04 1.882397530776517058e+01 6.619964295062048976e+00 7.911991282164740014e+00 1.020357561626581244e+01 2.129971270706062736e+00 3.652482680507522339e+00
5.504500000000000000e+04 1.316783121162748138e+01 6.619964295062048976e+00 7.551305437268367449e+00 9.527474743096453480e+00 2.002998789726357476e+00 3.353799895485938709e+00
5.504600000000000000e+04 1.074318565120825397e+01 6.619964295062048976e+00 7.201194234435823738e+00 8.952263413541544423e+00 1.882468299899572761e+00 3.099814201364801125e+00
5.504700000000000000e+04 9.705781780106573109e+00 6.619964295062048976e+00 6.861428064928858817e+00 8.448059070133957960e+00 1.768044749775525615e+00 2.878188563005573020e+00
5.504900000000000000e+04 4.437727756550096103e-01 6.619964295062048976e+00 6.191178502725894539e+00 7.623309071641973134e+00 1.551051834533994978e+00 2.516275769620402780e+00
5.505000000000000000e+04 6.475303247976328613e+00 6.619964295062048976e+00 5.822318907808187838e+00 7.293476855592685659e+00 1.438675292267899364e+00 2.370474797059505256e+00
5.505100000000000000e+04 1.373086416330387927e+01 6.619964295062048976e+00 5.436115645356124126e+00 7.003150828666598215e+00 1.325106192803267691e+00 2.241725617370870172e+00
5.505300000000000000e+04 3.330347472365125405e+00 6.619964295062048976e+00 4.671471206392032727e+00 6.471566511022446733e+00 1.108770342350714921e+00 2.010802420775057886e+00
5.505400000000000000e+04 3.545300486301663945e+00 6.619964295062048976e+00 4.293820997733088340e+00 6.222422778573425184e+00 1.005908494057323077e+00 1.905445485844385223e+00
5.505500000000000000e+04 2.075012415831064772e+01 6.619964295062048976e+00 3.933977050929433616e+00 5.980940323964746064e+00 9.098004280595362037e-01 1.805403382022683800e+00
5.505700000000000000e+04 8.320398222838198521e+00 6.619964295062048976e+00 3.267954795303254834e+00 5.459693981084517311e+00 7.368888778080757707e-01 1.602399031781086114e+00
5.505800000000000000e+04 8.154989987166201715e+00 6.619964295062048976e+00 2.951900508094092768e+00 5.202238796138467514e+00 6.574095826676078502e-01 1.505974639919658298e+00
5.505900000000000000e+04 -4.141753841052251417e+00 6.619964295062048976e+00 2.650107795339088135e+00 4.952788396651184755e+00 5.830050588127172473e-01 1.414435799820420669e+00
5.506100000000000000e+04 1.204719829008082321e+01 6.619964295062048976e+00 2.097721046587586624e+00 4.462065917587398012e+00 4.505027589097987395e-01 1.240841467627196382e+00
5.506300000000000000e+04 4.500317325330672524e+00 6.619964295062048976e+00 1.628229051359488366e+00 3.912137515136943744e+00 3.415482990769190819e-01 1.060084954242614286e+00
5.506400000000000000e+04 1.044612566955374078e+01 6.619964295062048976e+00 1.430050174861278833e+00 3.631902016511153519e+00 2.965309531914898100e-01 9.717203597258007308e-01
5.506700000000000000e+04 1.191170142188574488e+01 6.619964295062048976e+00 9.478364502329007513e-01 2.823438256422842407e+00 1.899928740845295005e-01 7.278403424476290740e-01
5.506800000000000000e+04 -7.621652989016379109e+00 6.619964295062048976e+00 8.222095865760433719e-01 2.579651962466780191e+00 1.630009885761951050e-01 6.570018241816371063e-01
5.506900000000000000e+04 5.952760041728135221e+00 6.619964295062048976e+00 7.114886321071732800e-01 2.342481315886536297e+00 1.395185175518027509e-01 5.895111022464607498e-01
5.507000000000000000e+04 -1.033891728119450804e+01 6.619964295062048976e+00 6.142464668803382377e-01 2.114649959991934391e+00 1.191554736916271978e-01 5.259276661340864800e-01
5.507200000000000000e+04 7.259861142840352777e+00 6.619964295062048976e+00 4.560021150716552230e-01 1.691155971088644572e+00 8.659693020465177027e-02 4.109535310771395000e-01
5.507400000000000000e+04 9.472841050664218443e+00 6.619964295062048976e+00 3.365728559047677093e-01 1.323703544991184922e+00 6.259957145868536021e-02 3.144487706649526926e-01
5.507600000000000000e+04 -2.103268793761621680e+00 6.619964295062048976e+00 2.446644561300058696e-01 1.021015378028938159e+00 4.458659039435906163e-02 2.372247625531919146e-01
5.507800000000000000e+04 8.084725847383765540e+00 6.619964295062048976e+00 1.772255691513887343e-01 7.779170420753893644e-01 3.165759871947924908e-02 1.768636417959688623e-01
5.508000000000000000e+04 3.204425800011733827e+00 6.619964295062048976e+00 1.280487148722933011e-01 5.858646731801036012e-01 2.242927217941729015e-02 1.304007908609561006e-01
5.508200000000000000e+04 6.918570345051191062e+00 6.619964295062048976e+00 9.225249237564120408e-02 4.372719911345859245e-01 1.585148843184322476e-02 9.532437895330177213e-02
5.508300000000000000e+04 -1.387077781459632142e+01 6.619964295062048976e+00 7.828265047811086563e-02 3.769772342931383968e-01 1.332425287277213925e-02 8.134326650551063076e-02
5.508400000000000000e+04 -7.041403287218163776e+00 6.619964295062048976e+00 6.634986103872077268e-02 3.243297507568781435e-01 1.118771474028273233e-02 6.927754416372142177e-02
5.508600000000000000e+04 1.727076658552490329e+01 6.619964295062048976e+00 4.778895805253825790e-02 2.391804426293450692e-01 7.910245647124551638e-03 5.007965716694829511e-02
5.508900000000000000e+04 8.366076454872400703e+00 6.619964295062048976e+00 2.953792704718989290e-02 1.479259879042032488e-01 4.758348966942117439e-03 3.008093132914495954e-02
5.509000000000000000e+04 -8.578958017881490150e+00 6.619964295062048976e+00 2.515094851968402434e-02 1.257389168979765048e-01 4.015798901434460173e-03 2.532607897558340412e-02
5.509200000000000000e+04 -4.764825577332999273e+00 6.619964295062048976e+00 1.823123819824581937e-02 9.077933904808636878e-02 2.860340487345981557e-03 1.794341774353383490e-02
5.509300000000000000e+04 8.620846622974523754e+00 6.619964295062048976e+00 1.552278488735900699e-02 7.701613544084469354e-02 2.414419350363810127e-03 1.508227624957792119e-02
5.509500000000000000e+04 -2.989056927327822244e+00 6.619964295062048976e+00 1.124605589990867321e-02 5.543741947257068564e-02 1.719580412830072277e-03 1.065940229821771279e-02
5.509600000000000000e+04 5.841081739486373436e+00 6.619964295062048976e+00 9.575513617746863118e-03 4.697050156560303447e-02 1.451847290194205504e-03 8.950171792226187251e-03
5.509700000000000000e+04 4.727279320135959750e+00 6.619964295062048976e+00 8.151450433902005660e-03 3.979087231490430893e-02 1.225634575374692737e-03 7.514517358155370884e-03
5.509800000000000000e+04 2.477887236298614404e+00 6.619964295062048976e+00 6.935252852135165638e-03 3.380775707615856635e-02 1.034155386379047173e-03 6.328196517699642178e-03
5.510000000000000000e+04 -3.093119291384653469e+00 6.619964295062048976e+00 5.026680235648261705e-03 2.452865352674118288e-02 7.373742460977353481e-04 4.511597543912077707e-03
5.510100000000000000e+04 1.140449595911478298e+01 6.619964295062048976e+00 4.277566175215478418e-03 2.087582858776846143e-02 6.224268341795411233e-04 3.806679173553694298e-03
5.510200000000000000e+04 1.352714256037718776e+00 6.619964295062048976e+00 3.642667242111638070e-03 1.776974950689142949e-02 5.258043306838589264e-04 3.212639121147568746e-03
5.510600000000000000e+04 -2.274751297077689804e-01 6.619964295062048976e+00 1.907742695990415722e-03 9.327429288021618636e-03 2.668395524086519138e-04 1.630669455947835432e-03
5.510900000000000000e+04 5.346103812273592659e+00 6.619964295062048976e+00 1.173339293678566731e-03 5.747343701613040479e-03 1.603886617199637324e-04 9.805076602997543633e-04
5.511100000000000000e+04 -9.992016563209743296e+00 6.619964295062048976e+00 8.489831367973027466e-04 4.161620824954526988e-03 1.143196079927424701e-04 6.987274722892087252e-04
5.511200000000000000e+04 -8.408256952432914488e+00 6.619964295062048976e+00 7.216635572816795623e-04 3.541284059339140384e-03 9.645587389153405797e-05 5.898993968781883653e-04
5.511400000000000000e+04 1.237518435682010676e+01 6.619964295062048976e+00 5.221294690758054077e-04 2.564915589422319189e-03 6.876820444588222371e-05 4.206434645470872170e-04
5.511500000000000000e+04 -1.882684245193903649e+01 6.619964295062048976e+00 4.438946344158176387e-04 2.182450423379248168e-03 5.804061642466235168e-05 3.551702941315011404e-04
5.511700000000000000e+04 -2.936618588094646487e+00 6.619964295062048976e+00 3.211936095938321719e-04 1.578910684761704363e-03 4.139733072045060849e-05 2.530630024300718631e-04
5.511800000000000000e+04 6.145874872506886799e-01 6.619964295062048976e+00 2.730603437855316632e-04 1.341968129809399364e-03 3.494412016400036890e-05 2.134716419269215202e-04
5.511900000000000000e+04 1.760190778874731743e+00 6.619964295062048976e+00 2.323819442238831193e-04 1.141133410710656361e-03 2.952906681710418518e-05 1.801713734228016527e-04
5.512000000000000000e+04 1.383372330472844469e+00 6.619964295062048976e+00 1.994177585201395940e-04 9.704714504265813269e-04 2.516312410348764490e-05 1.520924414535138741e-04
