5.497500000000000000e+04 -5.502096637005839952e+00 1.585331878750344892e+01 9.676860811788584593e-01 2.279497885001649794e-18 9.676860811788584593e-01 2.279497885001649794e-18
5.497600000000000000e+04 -1.431903152651090494e+01 1.585331878750344892e+01 2.014654457448330049e+00 2.279497664544057483e-18 2.014654457448330049e+00 2.279497664544057483e-18
5.497900000000000000e+04 -9.217382976189210098e+00 1.585331878750344892e+01 7.421511495175619366e+00 2.279496745960992233e-18 7.421511495175619366e+00 2.279496745960992233e-18
5.498000000000000000e+04 1.856441650451279202e+01 1.585331878750344892e+01 1.010928248076253944e+01 2.279496327867838250e-18 1.010928248076253944e+01 2.279496327867838250e-18
5.498100000000000000e+04 4.494065149884936972e+01 1.585331878750344892e+01 1.326427468792255127e+01 2.279495837231172164e-18 1.326427468792255127e+01 2.279495837231172164e-18
5.498200000000000000e+04 1.262591644724461659e+01 1.585331878750344892e+01 1.681188057541250913e+01 2.279495261463979831e-18 1.681188057541250913e+01 2.279495261463979831e-18
5.498400000000000000e+04 2.734610338348755221e+01 1.585331878750344892e+01 2.504964300095078400e+01 3.875042658400934537e-01 2.504964300095078400e+01 3.875042658400934537e-01
5.498500000000000000e+04 3.817821342858074729e+01 1.585331878750344892e+01 2.982457128805857849e+01 1.209607601473573046e+00 2.982457128805857849e+01 1.209607601473573046e+00
5.498700000000000000e+04 3.745351047559481117e+01 1.585331878750344892e+01 4.097582893337165899e+01 4.302310410807026031e+00 4.097582893337165899e+01 4.302310410807026031e+00
5.499000000000000000e+04 5.613049829722487516e+01 1.585331878750344892e+01 6.053040193995693841e+01 1.263660310095317385e+01 6.053040193995693841e+01 1.263660310095317385e+01
5.499200000000000000e+04 1.156929354121531901e+02 1.585331878750344892e+01 7.440742163840896239e+01 2.101485071926563819e+01 7.440742163840896239e+01 2.101485071926563819e+01
5.499300000000000000e+04 1.184240976577726059e+02 1.585331878750344892e+01 8.115791156796579742e+01 2.589679503310846798e+01 8.115791156796579742e+01 2.589679503310846798e+01
5.499400000000000000e+04 1.210536970956550107e+02 1.585331878750344892e+01 8.659722275531558466e+01 3.131205375118847201e+01 8.659722275531558466e+01 3.131205375118847201e+01
5.499600000000000000e+04 1.269770768565265655e+02 1.585331878750344892e+01 9.298895886639343189e+01 4.387309556528447985e+01 9.298895886639343189e+01 4.387309556528447985e+01
5.499700000000000000e+04 1.378293553091115484e+02 1.585331878750344892e+01 9.997375934718112944e+01 5.121978616671457729e+01 9.534931745081652821e+01 5.121978616671457729e+01
5.499800000000000000e+04 1.664670685216003108e+02 1.585331878750344892e+01 1.066907043398186232e+02 5.921981088614808897e+01 9.725679520493949326e+01 5.921981088614808897e+01
5.500000000000000000e+04 1.903687678300577772e+02 1.585331878750344892e+01 1.187149305664750472e+02 7.566300242494617123e+01 9.942624000542298290e+01 7.566300242494617123e+01
5.500200000000000000e+04 2.275667875408567227e+02 1.585331878750344892e+01 1.282961701455560615e+02 9.300927704801119944e+01 9.937735874946248771e+01 9.300927704801119944e+01
5.500300000000000000e+04 2.356247666471292348e+02 1.585331878750344892e+01 1.316582386759064320e+02 1.014473894599572503e+02 9.828909195663038645e+01 1.014473894599572503e+02
5.500400000000000000e+04 2.447829208305137740e+02 1.585331878750344892e+01 1.339950063070851627e+02 1.082465284441444737e+02 9.653818898204983157e+01 1.082465284441444737e+02
5.500500000000000000e+04 2.615867674006778998e+02 1.585331878750344892e+01 1.355705415980825705e+02 1.201512750058373769e+02 9.437559456880096320e+01 1.129241306445840110e+02
5.500900000000000000e+04 2.927931071508190826e+02 1.585331878750344892e+01 1.345999454655371608e+02 1.627053928019513762e+02 8.255133116561614770e+01 1.232616612135995240e+02
5.501200000000000000e+04 3.120913597492204872e+02 1.585331878750344892e+01 1.268527934891047124e+02 1.878232080364840897e+02 7.142612246008147281e+01 1.242216984368281061e+02
5.501300000000000000e+04 2.906730710913830080e+02 1.585331878750344892e+01 1.234368645955070747e+02 1.936295111545618681e+02 6.765517379857884350e+01 1.228613649457879831e+02
5.501400000000000000e+04 3.266118536946029849e+02 1.585331878750344892e+01 1.191581718342949046e+02 1.979032874132021789e+02 6.361888512242121152e+01 1.206727362275622966e+02
5.501600000000000000e+04 3.147711286876422605e+02 1.585331878750344892e+01 1.092116747061039064e+02 2.031694616540177947e+02 5.543739832797152900e+01 1.149148538767069141e+02
5.501700000000000000e+04 3.068121623480478206e+02 1.585331878750344892e+01 1.051846697690178729e+02 2.042513962521251187e+02 5.211031447560955598e+01 1.114909368188455971e+02
5.501800000000000000e+04 2.860090439629489651e+02 1.585331878750344892e+01 1.017445176152687623e+02 2.039715560922703901e+02 4.922327896239417555e+01 1.075799346478219434e+02
5.501900000000000000e+04 2.874277606770209559e+02 1.585331878750344892e+01 9.850472984594773607e+01 2.022507613557595505e+02 4.656333247267679099e+01 1.031891639570201704e+02
5.502000000000000000e+04 2.987387190332507316e+02 1.585331878750344892e+01 9.500864468774885552e+01 1.994297302885551630e+02 4.390417961541074021e+01 9.853247543900947392e+01
5.502100000000000000e+04 3.066656229130307452e+02 1.585331878750344892e+01 9.109529469001569169e+01 1.960159780519468029e+02 4.117301454915962466e+01 9.387738412449559178e+01
5.502200000000000000e+04 2.930062956463978026e+02 1.585331878750344892e+01 8.702916856795215494e+01 1.921362694176191894e+02 3.849145005216814042e+01 8.928265307510184812e+01
5.502500000000000000e+04 2.442876015415485824e+02 1.585331878750344892e+01 7.549333286663943454e+01 1.739072837211716376e+02 3.137059333747742329e+01 7.419252718480018416e+01
5.502900000000000000e+04 2.069918281139076157e+02 1.585331878750344892e+01 6.153218071656195320e+01 1.513308305361995849e+02 2.366167303078713857e+01 5.820416559084598873e+01
5.503100000000000000e+04 2.150327180203752846e+02 1.585331878750344892e+01 5.526685803102376582e+01 1.403999796126343256e+02 2.048817721261307412e+01 5.146626818644953261e+01
5.503200000000000000e+04 1.673749402594243350e+02 1.585331878750344892e+01 5.237252744235200907e+01 1.343351606820667712e+02 1.907229695642826428e+01 4.811431256521017019e+01
5.503300000000000000e+04 1.832187903213234961e+02 1.585331878750344892e+01 5.006933895325852291e+01 1.283386903889324913e+02 1.791710107470335345e+01 4.493651624262341926e+01
5.503400000000000000e+04 1.607744444977743399e+02 1.585331878750344892e+01 4.809083374173989966e+01 1.225669095950405421e+02 1.691552365168480421e+01 4.197496903939745039e+01
5.503500000000000000e+04 1.459638940663045616e+02 1.585331878750344892e+01 4.617362702394164131e+01 1.170123131487907955e+02 1.596874529619285887e+01 3.921324167184678089e+01
5.503600000000000000e+04 1.681402884581851538e+02 1.585331878750344892e+01 4.446361560266771562e+01 1.115724631730997203e+02 1.512367877641758973e+01 3.660513883631880816e+01
5.503700000000000000e+04 1.246609462879814316e+02 1.585331878750344892e+01 4.287865846685330240e+01 1.062240161877367797e+02 1.434788638676704053e+01 3.413368129425988684e+01
5.503900000000000000e+04 1.632180511166696988e+02 1.585331878750344892e+01 3.956137446686417292e+01 9.582977577468791708e+01 1.282170619571031622e+01 2.957709128848392055e+01
5.504000000000000000e+04 1.008511647118747874e+02 1.585331878750344892e+01 3.795157676029916161e+01 9.094623398114966051e+01 1.210962883225882791e+01 2.752609987322931318e+01
5.504200000000000000e+04 1.227392877101336097e+02 1.585331878750344892e+01 3.494466159748265710e+01 8.182015394307725842e+01 1.081543224929825442e+01 2.384037119553533302e+01
5.504400000000000000e+04 1.136449923117200740e+02 1.585331878750344892e+01 3.209319187238754267e+01 7.527408024999738245e+01 9.643386980885679804e+00 2.114440456460600615e+01
5.504500000000000000e+04 7.765921011992996625e+01 1.585331878750344892e+01 3.066051616494933896e+01 7.233841619175365167e+01 9.080561577061848411e+00 1.996093162024107315e+01
5.504600000000000000e+04 1.004328352658847479e+02 1.585331878750344892e+01 2.918522723569551758e+01 6.972015915928508889e+01 8.521234229400151960e+00 1.890459847052198938e+01
5.504700000000000000e+04 1.267853490065572259e+02 1.585331878750344892e+01 2.764922078827823526e+01 6.729158715393742796e+01 7.960046289989414880e+00 1.793485798345880156e+01
5.504800000000000000e+04 1.023557737286904228e+02 1.585331878750344892e+01 2.609461942737224405e+01 6.480679900660277326e+01 7.409034476823465276e+00 1.698291378579737554e+01
5.505000000000000000e+04 6.698644853030248214e+01 1.585331878750344892e+01 2.275697698146706927e+01 5.970047014303601429e+01 6.288194800073795498e+00 1.513703604032353489e+01
5.505200000000000000e+04 8.184302161230377237e+01 1.585331878750344892e+01 1.920343486197184646e+01 5.505055014892811727e+01 5.167770414954748759e+00 1.351929031162281980e+01
5.505400000000000000e+04 7.597991799454194961e+01 1.585331878750344892e+01 1.585189029447008302e+01 5.062778164964981187e+01 4.157327640826142812e+00 1.205423372610709798e+01
5.505600000000000000e+04 9.136023401750753692e+01 1.585331878750344892e+01 1.296368468671905738e+01 4.609987718105482202e+01 3.315520380235053022e+00 1.065154278675018951e+01
5.505800000000000000e+04 3.957710029679502384e+01 1.585331878750344892e+01 1.053771861594155546e+01 4.126832203590669224e+01 2.629827455937498115e+00 9.261293096029330485e+00
5.506000000000000000e+04 5.918830638055797522e+01 1.585331878750344892e+01 8.453782667432696130e+00 3.603135620442284193e+01 2.059888564189253035e+00 7.860243500092245483e+00
5.506100000000000000e+04 3.885579560600619686e+01 1.585331878750344892e+01 7.540770288502083751e+00 3.321004428585178658e+01 1.815959130283463896e+00 7.145018133789109882e+00
5.506200000000000000e+04 2.877545823855193419e+01 1.585331878750344892e+01 6.708210342917478641e+00 3.043816774408346504e+01 1.596812745279095003e+00 6.459713018693435949e+00
5.506400000000000000e+04 4.328670843350658970e+01 1.585331878750344892e+01 5.251801602450779427e+00 2.515183222699816312e+01 1.221917543613490142e+00 5.196659551032679403e+00
5.506500000000000000e+04 1.205582165238600467e+01 1.585331878750344892e+01 4.620490086050140555e+00 2.274191605313288278e+01 1.063036946060080368e+00 4.637421707408826421e+00
5.506700000000000000e+04 4.063843778441236054e+01 1.585331878750344892e+01 3.550509783477897585e+00 1.860415392785383659e+01 7.990344961129509649e-01 3.697168904581446203e+00
5.506800000000000000e+04 4.479742448999498805e+01 1.585331878750344892e+01 3.098709114739470749e+00 1.675200089432186346e+01 6.898283870746817481e-01 3.287284319921872644e+00
5.506900000000000000e+04 4.018162024137087229e+00 1.585331878750344892e+01 2.692915135430000717e+00 1.503236547754016250e+01 5.930877954916861095e-01 2.913249123554294773e+00
5.507100000000000000e+04 1.801556174362493934e+01 1.585331878750344892e+01 2.015219243547730077e+00 1.200348985117369693e+01 4.345486239456022304e-01 2.269948912854329759e+00
5.507300000000000000e+04 3.011600610759327168e+01 1.585331878750344892e+01 1.495870288666061754e+00 9.475959312875810170e+00 3.159510589642119949e-01 1.749623211387704602e+00
5.507400000000000000e+04 2.425272644674788580e+01 1.585331878750344892e+01 1.286245054484280281e+00 8.370135173752407454e+00 2.689201451984696289e-01 1.527396929516862567e+00
5.507500000000000000e+04 -4.721918481900058140e-01 1.585331878750344892e+01 1.102034221367470979e+00 7.366846036196358583e+00 2.280935985444418612e-01 1.328796182575100682e+00
5.507800000000000000e+04 1.547961937215728767e+01 1.585331878750344892e+01 6.873471623845771594e-01 4.946069535325468003e+00 1.381047141620609098e-01 8.622854838433522406e-01
5.508000000000000000e+04 -2.474942652762508288e+01 1.585331878750344892e+01 4.997768232958718082e-01 3.724435844081663838e+00 9.849760017656127020e-02 6.351357169307066952e-01
5.508100000000000000e+04 1.119056387935686558e+01 1.585331878750344892e+01 4.261273548081997986e-01 3.220005303436912047e+00 8.318738014801362046e-02 5.431857799320026770e-01
5.508200000000000000e+04 9.637321750337518367e+00 1.585331878750344892e+01 3.628646510744002462e-01 2.777447674041537695e+00 7.017301316464903682e-02 4.635259803140082679e-01
5.508400000000000000e+04 1.818263182891791985e+01 1.585331878750344892e+01 2.626858833127094783e-01 2.057239110768292800e+00 4.986444254227592049e-02 3.361501814980870639e-01
5.508500000000000000e+04 7.351376860588847428e+00 1.585331878750344892e+01 2.234398845585629234e-01 1.763163516748535997e+00 4.202762805578161287e-02 2.851169981805523612e-01
5.508800000000000000e+04 -1.882020497699338213e+00 1.585331878750344892e+01 1.386509145800628173e-01 1.100694571871625227e+00 2.538464199561750803e-02 1.726308927025761164e-01
5.508900000000000000e+04 2.710531490305102764e+00 1.585331878750344892e+01 1.182364904602128258e-01 9.392465465194387297e-01 2.145658115601357940e-02 1.458457370371799289e-01
5.509000000000000000e+04 -1.010000218388399773e+01 1.585331878750344892e+01 1.008311321424459200e-01 8.007854894354430320e-01 1.813835800367798873e-02 1.231220002207015773e-01
5.509100000000000000e+04 1.442832788312039405e+01 1.585331878750344892e+01 8.601213854286343663e-02 6.829683910151919113e-01 1.533876746194622574e-02 1.039842251850170152e-01
5.509300000000000000e+04 1.168012678700543816e+01 1.585331878750344892e+01 6.247926150562824188e-02 4.951185603398135515e-01 1.095262713745783802e-02 7.394243732673441705e-02
5.509500000000000000e+04 2.143282527405919424e+01 1.585331878750344892e+01 4.542577022037475737e-02 3.584956673158171125e-01 7.830004347216196550e-03 5.253453506972701609e-02
5.509600000000000000e+04 1.955544672184183597e+00 1.585331878750344892e+01 3.870844312754750244e-02 3.055354536637222007e-01 6.616827885050855125e-03 4.435764426012227257e-02
5.509700000000000000e+04 -1.026008518730356300e+01 1.585331878750344892e+01 3.298904278017466413e-02 2.608192903621212588e-01 5.592785077591702451e-03 3.751715914299787180e-02
5.509800000000000000e+04 4.725317421287486219e+00 1.585331878750344892e+01 2.813451256257982688e-02 2.226233103015655135e-01 4.730874821351913062e-03 3.173080249452188417e-02
5.509900000000000000e+04 -4.694549554254535018e+00 1.585331878750344892e+01 2.397273663970770838e-02 1.898907432307201659e-01 3.998454947828823484e-03 2.682072644501697772e-02
5.510100000000000000e+04 -9.141261509681214648e+00 1.585331878750344892e+01 1.740696432988251413e-02 1.382022948321354749e-01 2.857113554350843541e-03 1.917345932743277914e-02
5.510400000000000000e+04 1.081688283247209270e+01 1.585331878750344892e+01 1.077236774191710732e-02 8.562578114397449702e-02 1.726894476100850886e-03 1.157105150594250030e-02
5.510700000000000000e+04 -5.133946312741770868e+01 1.585331878750344892e+01 6.623076933187383580e-03 5.307553038634526404e-02 1.037530654529236849e-03 6.990981346989627414e-03
5.510800000000000000e+04 -2.067104416561607927e+00 1.585331878750344892e+01 5.633082696849044807e-03 4.527447204033781258e-02 8.757902202812570909e-04 5.913593526689891328e-03
5.510900000000000000e+04 -1.496641161478014048e+01 1.585331878750344892e+01 4.787588048842187846e-03 3.858509024654813852e-02 7.387683124515371895e-04 4.998068684786028705e-03
5.511000000000000000e+04 -1.140765920916495757e+00 1.585331878750344892e+01 4.068212355489229937e-03 3.287681930494418953e-02 6.230988444615148105e-04 4.223640712351514441e-03
5.511100000000000000e+04 3.815976595254396386e+01 1.585331878750344892e+01 3.458838412398894217e-03 2.802828396818177192e-02 5.258591276927242816e-04 3.571391942938554210e-03
5.511400000000000000e+04 -3.234345230987364772e+01 1.585331878750344892e+01 2.124817077529088383e-03 1.735528948481354986e-02 3.160519228810185948e-04 2.158618095126063445e-03
