5.497600000000000000e+04 -3.134785367698305070e+00 4.981986851487621770e+00 1.164140563987932975e+00 8.960306590053393761e-19 1.164140563987932975e+00 8.960306590053393761e-19
5.497900000000000000e+04 4.176591804874415281e+00 4.981986851487621770e+00 4.289077145657377521e+00 8.960306586340978904e-19 4.289077145657377521e+00 8.960306586340978904e-19
5.498300000000000000e+04 1.230085237626374273e+01 4.981986851487621770e+00 1.143383206421574805e+01 8.960306577610746169e-19 1.143383206421574805e+01 8.960306577610746169e-19
5.499200000000000000e+04 4.514428055074178303e+01 4.981986851487621770e+00 3.733751665722944324e+01 4.563436508517902723e+00 3.733751665722944324e+01 4.563436508517902723e+00
5.499500000000000000e+04 5.139041539769416289e+01 4.981986851487621770e+00 4.526446668391263017e+01 9.147065651372599859e+00 4.526446668391263017e+01 9.147065651372599859e+00
5.499600000000000000e+04 4.749207227920388164e+01 4.981986851487621770e+00 4.750204251648135312e+01 1.102479628531949452e+01 4.750204251648135312e+01 1.102479628531949452e+01
5.499800000000000000e+04 6.592575254809287344e+01 4.981986851487621770e+00 5.128841435191746712e+01 1.528761230289747708e+01 5.091672227927872996e+01 1.528761230289747708e+01
5.500200000000000000e+04 8.010780149143543838e+01 4.981986851487621770e+00 5.578210411642709943e+01 2.507244594133692317e+01 5.381775602163734362e+01 2.507244594133692317e+01
5.500700000000000000e+04 9.393105276287970185e+01 4.981986851487621770e+00 5.590997613354585383e+01 3.710599920880422076e+01 5.210622193247517231e+01 3.621157334713011267e+01
5.501100000000000000e+04 9.553363739176987224e+01 4.981986851487621770e+00 5.278507763286099674e+01 4.685465939689143511e+01 4.789065290588005297e+01 4.170419171952954684e+01
5.501600000000000000e+04 9.664656552313391558e+01 4.981986851487621770e+00 4.590796246626380395e+01 5.353315232519138078e+01 4.031611703369087962e+01 4.292955278684152631e+01
5.502200000000000000e+04 9.478308695999635347e+01 4.981986851487621770e+00 3.748219553437233742e+01 5.484681799938179125e+01 3.169741694238675578e+01 3.931107941469451816e+01
5.502800000000000000e+04 8.329551639840182986e+01 4.981986851487621770e+00 3.228439458916449922e+01 4.977911602383881018e+01 2.632666932167046880e+01 3.225289362695270512e+01
5.503000000000000000e+04 7.881261552220125566e+01 4.981986851487621770e+00 3.105631487369370092e+01 4.738688253743103473e+01 2.502725028100064719e+01 2.975067964429372225e+01
5.503300000000000000e+04 7.214316622637781506e+01 4.981986851487621770e+00 2.921948176870079550e+01 4.385018241158053343e+01 2.313864568316503068e+01 2.630642654723170537e+01
5.503800000000000000e+04 7.415245287037819821e+01 4.981986851487621770e+00 2.537673251558288001e+01 3.987675062895593214e+01 1.953108020902245556e+01 2.227253721456430569e+01
5.504200000000000000e+04 7.597463481504365745e+01 4.981986851487621770e+00 2.201167917226113957e+01 3.782518498469314494e+01 1.656882135661357935e+01 2.002180022480052202e+01
5.504400000000000000e+04 5.272555390909057849e+01 4.981986851487621770e+00 2.037556602796808392e+01 3.691703105980905519e+01 1.517055024046465839e+01 1.904313992562109448e+01
5.504600000000000000e+04 4.872628468163200921e+01 4.981986851487621770e+00 1.887887501655540490e+01 3.568696386430872280e+01 1.390504162668881349e+01 1.795118906655368463e+01
5.505000000000000000e+04 4.961454820827584911e+01 4.981986851487621770e+00 1.648227969693713035e+01 3.260596654415046203e+01 1.188425964160150627e+01 1.562486416721796978e+01
5.505600000000000000e+04 4.420821039361621985e+01 4.981986851487621770e+00 1.423664557445677836e+01 2.712494382995081210e+01 9.950825172612551839e+00 1.213644019237172778e+01
5.505900000000000000e+04 3.747531792375581716e+01 4.981986851487621770e+00 1.335760487034556832e+01 2.463865255756371297e+01 9.195652533626304859e+00 1.067024059484808518e+01
5.506300000000000000e+04 3.744044863758303876e+01 4.981986851487621770e+00 1.239894315889256760e+01 2.215587561081899892e+01 8.367487622413662507e+00 9.201327136018521813e+00
5.506500000000000000e+04 2.667260712826670144e+01 4.981986851487621770e+00 1.198641058957101535e+01 2.126868119048348049e+01 8.010164788539839265e+00 8.655305087080730431e+00
5.506700000000000000e+04 3.960450726046613568e+01 4.981986851487621770e+00 1.158960559070597185e+01 2.051994462965128818e+01 7.670155917078735897e+00 8.186039266625957822e+00
5.507000000000000000e+04 2.895694225927731935e+01 4.981986851487621770e+00 1.103757843272308925e+01 1.947613545006269931e+01 7.200455628366551508e+00 7.546549693917661727e+00
5.507400000000000000e+04 2.711930508744060475e+01 4.981986851487621770e+00 1.031565272664096611e+01 1.835903304663591484e+01 6.603708294373577203e+00 6.851408063381070335e+00
5.507900000000000000e+04 3.005011070120733763e+01 4.981986851487621770e+00 9.336554971240957457e+00 1.720017124093072525e+01 5.840457257125583723e+00 6.136124733662989605e+00
5.508300000000000000e+04 2.197040430107736952e+01 4.981986851487621770e+00 8.391551984756324245e+00 1.637142578586614405e+01 5.155149271873892936e+00 5.641623000746457173e+00
5.509100000000000000e+04 2.355099585407569762e+01 4.981986851487621770e+00 5.829375508952204576e+00 1.448199781476859727e+01 3.457107999615824934e+00 4.672365805700467334e+00
