5.497600000000000000e+04 -5.435601738380803738e+00 7.648382385762737101e+00 1.164140563987932975e+00 1.400047905447296692e-18 1.164140563987932975e+00 1.400047905447296692e-18
5.497900000000000000e+04 4.116388833795608271e+00 7.648382385762737101e+00 4.289077145657377521e+00 1.400047905330183781e-18 4.289077145657377521e+00 1.400047905330183781e-18
5.498300000000000000e+04 1.276488794221074663e+01 7.648382385762737101e+00 1.143383206421574805e+01 1.400047905054776955e-18 1.143383206421574805e+01 1.400047905054776955e-18
5.499200000000000000e+04 4.231669640661923637e+01 7.648382385762737101e+00 3.733751665722944324e+01 1.400047903178349573e-18 3.733751665722944324e+01 1.400047903178349573e-18
5.499500000000000000e+04 4.062731553547887131e+01 7.648382385762737101e+00 4.526446668391263017e+01 8.895087593276518713e-04 4.526446668391263017e+01 8.895087593276518713e-04
5.499600000000000000e+04 3.078236921067652787e+01 7.648382385762737101e+00 4.750204251648135312e+01 2.209803768185407968e-01 4.750204251648135312e+01 2.209803768185407968e-01
5.499800000000000000e+04 5.443368746333997166e+01 7.648382385762737101e+00 5.397681728826338343e+01 1.455175704984916107e+00 5.091672227927872996e+01 1.455175704984916107e+00
5.500200000000000000e+04 7.597394742995641082e+01 7.648382385762737101e+00 6.998999170613936371e+01 7.130369544559223449e+00 5.381775602163734362e+01 7.130369544559223449e+00
5.500700000000000000e+04 1.052581831505286374e+02 7.648382385762737101e+00 8.342206131389274049e+01 2.043128833678469647e+01 5.210622193247517231e+01 2.043128833678469647e+01
5.501100000000000000e+04 1.171510679874711656e+02 7.648382385762737101e+00 8.818584826088752493e+01 3.526893370285700513e+01 4.789065290588005297e+01 3.526893370285700513e+01
5.501600000000000000e+04 1.355064411065271486e+02 7.648382385762737101e+00 8.635309107446248333e+01 5.344356235841644320e+01 4.031611703369087962e+01 5.344356235841644320e+01
5.502200000000000000e+04 1.551767368661289197e+02 7.648382385762737101e+00 7.932278589832286286e+01 7.208643962621454193e+01 3.169741694238675578e+01 6.624374161570899844e+01
5.502800000000000000e+04 1.548590319418883894e+02 7.648382385762737101e+00 7.537588693487474245e+01 7.759176078037998536e+01 2.632666932167046880e+01 6.595695408056781162e+01
5.503000000000000000e+04 1.524865778355381565e+02 7.648382385762737101e+00 7.466379576330923840e+01 7.725564870597047218e+01 2.502725028100064719e+01 6.407003541712595052e+01
5.503300000000000000e+04 1.466022119314804968e+02 7.648382385762737101e+00 7.320141948326089221e+01 7.482315883382435118e+01 2.313864568316503068e+01 5.986331613235006444e+01
5.503800000000000000e+04 1.480123144884991859e+02 7.648382385762737101e+00 6.765761495207469522e+01 6.669293660298313853e+01 1.953108020902245556e+01 5.039514629211360131e+01
5.504200000000000000e+04 1.452605369189523401e+02 7.648382385762737101e+00 6.137919871557500784e+01 5.910651552194975977e+01 1.656882135661357935e+01 4.276263603092878185e+01
5.504400000000000000e+04 1.069415378529368894e+02 7.648382385762737101e+00 5.802280350470517334e+01 5.593009219484142847e+01 1.517055024046465839e+01 3.962177117798344028e+01
5.504600000000000000e+04 9.917671945953217971e+01 7.648382385762737101e+00 5.485399871312469600e+01 5.328764675073393420e+01 1.390504162668881349e+01 3.697962994499231826e+01
5.505000000000000000e+04 9.990309779000168078e+01 7.648382385762737101e+00 4.973919187799478436e+01 4.935592331080171391e+01 1.188425964160150627e+01 3.290833665208808867e+01
5.505600000000000000e+04 9.414699723388676489e+01 7.648382385762737101e+00 4.523545615217939542e+01 4.454138787138632694e+01 9.950825172612551839e+00 2.804873291649012756e+01
5.505900000000000000e+04 8.403366745662086146e+01 7.648382385762737101e+00 4.346049300442464869e+01 4.137292456121658546e+01 9.195652533626304859e+00 2.534950343803479100e+01
5.506300000000000000e+04 8.255669818957676398e+01 7.648382385762737101e+00 4.155796402547969137e+01 3.656869424003168234e+01 8.367487622413662507e+00 2.162676340412305720e+01
5.506500000000000000e+04 6.473240393253600189e+01 7.648382385762737101e+00 4.074610624634445344e+01 3.409177591527483031e+01 8.010164788539839265e+00 1.981734343735094583e+01
5.506700000000000000e+04 8.320402704765487556e+01 7.648382385762737101e+00 3.993850186022897475e+01 3.175921272285160768e+01 7.670155917078735897e+00 1.815123319589164907e+01
5.507000000000000000e+04 6.511496981717351673e+01 7.648382385762737101e+00 3.879101460669912171e+01 2.871392230971353499e+01 7.200455628366551508e+00 1.600731536944672584e+01
5.507400000000000000e+04 6.058949734418743560e+01 7.648382385762737101e+00 3.716368916824617941e+01 2.581363989756724919e+01 6.603708294373577203e+00 1.393373631521496847e+01
5.507900000000000000e+04 6.333560668132007976e+01 7.648382385762737101e+00 3.462339871169188399e+01 2.331843459338404756e+01 5.840457257125583723e+00 1.210655448490942732e+01
5.508300000000000000e+04 4.926599634292545460e+01 7.648382385762737101e+00 3.180005379848130431e+01 2.175312161016957546e+01 5.155149271873892936e+00 1.095930354686360708e+01
5.509100000000000000e+04 4.728722503313173320e+01 7.648382385762737101e+00 2.298769393264546679e+01 1.932603907083793260e+01 3.457107999615824934e+00 9.191932970672024084e+00
