5.497500000000000000e+04 -1.909992322890671446e+00 7.051357842265954190e+00 9.676860811788584593e-01 1.458879295390727262e-18 9.676860811788584593e-01 1.458879295390727262e-18
5.497600000000000000e+04 -5.250364703516762432e+00 7.051357842265954190e+00 2.014654457448330049e+00 1.458879266904542626e-18 2.014654457448330049e+00 1.458879266904542626e-18
5.497900000000000000e+04 2.073941773665755051e-02 7.051357842265954190e+00 7.421511495175619366e+00 1.458879148210798260e-18 7.421511495175619366e+00 1.458879148210798260e-18
5.498000000000000000e+04 1.387002030512126538e+01 7.051357842265954190e+00 1.010928248076253944e+01 1.458879094187306028e-18 1.010928248076253944e+01 1.458879094187306028e-18
5.498100000000000000e+04 2.735353076320991050e+01 7.051357842265954190e+00 1.326427468792255127e+01 1.458879030790155216e-18 1.326427468792255127e+01 1.458879030790155216e-18
5.498200000000000000e+04 1.495001610537690162e+01 7.051357842265954190e+00 1.681188057541250913e+01 1.458878956392917053e-18 1.681188057541250913e+01 1.458878956392917053e-18
5.498400000000000000e+04 2.589872279707658009e+01 7.051357842265954190e+00 2.504964300095078400e+01 1.458878766632481191e-18 2.504964300095078400e+01 1.458878766632481191e-18
5.498500000000000000e+04 3.300214846590779416e+01 7.051357842265954190e+00 2.982457128805857849e+01 1.458878646401056061e-18 2.982457128805857849e+01 1.458878646401056061e-18
5.498700000000000000e+04 3.749553191324227441e+01 7.051357842265954190e+00 4.097582893337165899e+01 1.458878339734227992e-18 4.097582893337165899e+01 1.458878339734227992e-18
5.499000000000000000e+04 5.295277689865670112e+01 7.051357842265954190e+00 6.053040193995693841e+01 1.458877649835416619e-18 6.053040193995693841e+01 1.458877649835416619e-18
5.499200000000000000e+04 8.342355894145738660e+01 7.051357842265954190e+00 7.440742163840896239e+01 1.458876967336947338e-18 7.440742163840896239e+01 1.458876967336947338e-18
5.499300000000000000e+04 8.621960240069539338e+01 7.051357842265954190e+00 8.115791156796579742e+01 4.727942875087466634e-03 8.115791156796579742e+01 4.727942875087466634e-03
5.499400000000000000e+04 8.824382442097517298e+01 7.051357842265954190e+00 8.659722275531558466e+01 2.480027301376598325e-01 8.659722275531558466e+01 2.480027301376598325e-01
5.499600000000000000e+04 9.020396808632440866e+01 7.051357842265954190e+00 9.298895886639343189e+01 1.611723565958664173e+00 9.298895886639343189e+01 1.611723565958664173e+00
5.499700000000000000e+04 9.283555167534710506e+01 7.051357842265954190e+00 9.602629760471731402e+01 2.753478662916496678e+00 9.534931745081652821e+01 2.753478662916496678e+00
5.499800000000000000e+04 1.030694772393900678e+02 7.051357842265954190e+00 9.863784169684963388e+01 4.184087600156392028e+00 9.725679520493949326e+01 4.184087600156392028e+00
5.500000000000000000e+04 1.085541447045031163e+02 7.051357842265954190e+00 1.022499452215769935e+02 8.087425984610032259e+00 9.942624000542298290e+01 8.087425984610032259e+00
5.500200000000000000e+04 1.198453045380154833e+02 7.051357842265954190e+00 1.036108342321895606e+02 1.344950446033000979e+01 9.937735874946248771e+01 1.344950446033000979e+01
5.500300000000000000e+04 1.208684899387811669e+02 7.051357842265954190e+00 1.031740598268749380e+02 1.657394882118942192e+01 9.828909195663038645e+01 1.657394882118942192e+01
5.500400000000000000e+04 1.231916492476040048e+02 7.051357842265954190e+00 1.020215581162302669e+02 2.003971440076062649e+01 9.653818898204983157e+01 2.003971440076062649e+01
5.500500000000000000e+04 1.268745088251820050e+02 7.051357842265954190e+00 1.004061950617473542e+02 2.385965703044686492e+01 9.437559456880096320e+01 2.385965703044686492e+01
5.500900000000000000e+04 1.313405786791527987e+02 7.051357842265954190e+00 9.017081903220253025e+01 4.317674359126633732e+01 8.255133116561614770e+01 4.317674359126633732e+01
5.501200000000000000e+04 1.379164509588067347e+02 7.051357842265954190e+00 7.954012997154671893e+01 5.952593731072717276e+01 7.142612246008147281e+01 5.952593731072717276e+01
5.501300000000000000e+04 1.290080708474400524e+02 7.051357842265954190e+00 7.582115327606729238e+01 6.492632925437264646e+01 6.765517379857884350e+01 6.492632925437264646e+01
5.501400000000000000e+04 1.452750528022475294e+02 7.051357842265954190e+00 7.174937864106662744e+01 6.927777820425247057e+01 6.361888512242121152e+01 6.927777820425247057e+01
5.501600000000000000e+04 1.396415304394022030e+02 7.051357842265954190e+00 6.330950889054347641e+01 7.526898286481350908e+01 5.543739832797152900e+01 7.439116709311475972e+01
5.501700000000000000e+04 1.363424831357875462e+02 7.051357842265954190e+00 5.987996236392293525e+01 7.762960029575680210e+01 5.211031447560955598e+01 7.627945396065322825e+01
5.501800000000000000e+04 1.277881593348330824e+02 7.051357842265954190e+00 5.691195513632015235e+01 7.964164445742086684e+01 4.922327896239417555e+01 7.780543616395159745e+01
5.501900000000000000e+04 1.294537602231239930e+02 7.051357842265954190e+00 5.416712466546491811e+01 8.121464334041647248e+01 4.656333247267679099e+01 7.888746317670370445e+01
5.502000000000000000e+04 1.356549341744201058e+02 7.051357842265954190e+00 5.138545182187672822e+01 8.235674312129198427e+01 4.390417961541074021e+01 7.954099200433840622e+01
5.502100000000000000e+04 1.402563007224988780e+02 7.051357842265954190e+00 4.848122463163545603e+01 8.307754579595346911e+01 4.117301454915962466e+01 7.978252741376498136e+01
5.502200000000000000e+04 1.350075881104885980e+02 7.051357842265954190e+00 4.559697173179837648e+01 8.325437606594968543e+01 3.849145005216814042e+01 7.950188699956999017e+01
5.502500000000000000e+04 1.159560499114389245e+02 7.051357842265954190e+00 3.782979850566403002e+01 8.040045652505291685e+01 3.137059333747742329e+01 7.550047565504078761e+01
5.502900000000000000e+04 9.847987340014519475e+01 7.051357842265954190e+00 2.920560302190056490e+01 7.188569917901855888e+01 2.366167303078713857e+01 6.604106493249292953e+01
5.503100000000000000e+04 1.003008934198334856e+02 7.051357842265954190e+00 2.557948924994742157e+01 6.610770288139680417e+01 2.048817721261307412e+01 6.008152583967718385e+01
5.503200000000000000e+04 7.855747302894091888e+01 7.051357842265954190e+00 2.394717605849132980e+01 6.320926133227371224e+01 1.907229695642826428e+01 5.714089796806518251e+01
5.503300000000000000e+04 8.495514484412501588e+01 7.051357842265954190e+00 2.262392352702791953e+01 6.019145502511963031e+01 1.791710107470335345e+01 5.412413903886307764e+01
5.503400000000000000e+04 7.398409512120854004e+01 7.051357842265954190e+00 2.147933193290936416e+01 5.690073085349352766e+01 1.691552365168480421e+01 5.089510809793696922e+01
5.503500000000000000e+04 6.609672827422001262e+01 7.051357842265954190e+00 2.039049086870866034e+01 5.336638803391803521e+01 1.596874529619285887e+01 4.748321739827211729e+01
5.503600000000000000e+04 7.490914267430486007e+01 7.051357842265954190e+00 1.941880354892018801e+01 5.010653810475378833e+01 1.512367877641758973e+01 4.434991866237722746e+01
5.503700000000000000e+04 5.499852846779253213e+01 7.051357842265954190e+00 1.852455611395492596e+01 4.734534731995981360e+01 1.434788638676704053e+01 4.168825158048764479e+01
5.503900000000000000e+04 7.185836965029960766e+01 7.051357842265954190e+00 1.673617309726067148e+01 4.274513920991729776e+01 1.282170619571031622e+01 3.725066597814144131e+01
5.504000000000000000e+04 4.392914425578378967e+01 7.051357842265954190e+00 1.589267687945648433e+01 4.051126461473180740e+01 1.210962883225882791e+01 3.512334369232860354e+01
5.504200000000000000e+04 5.288531297184891145e+01 7.051357842265954190e+00 1.434775242191906663e+01 3.588019008062904902e+01 1.081543224929825442e+01 3.079316004173451304e+01
5.504400000000000000e+04 4.734100933626447016e+01 7.051357842265954190e+00 1.292985326397151802e+01 3.161890467799731397e+01 9.643386980885679804e+00 2.686398018521436981e+01
5.504500000000000000e+04 3.065551743284047603e+01 7.051357842265954190e+00 1.223968894972166765e+01 2.968661988712164401e+01 9.080561577061848411e+00 2.509647466998194432e+01
5.504600000000000000e+04 4.007602351851168976e+01 7.051357842265954190e+00 1.154627238083720364e+01 2.785036099111411545e+01 8.521234229400151960e+00 2.342728885524403992e+01
5.504700000000000000e+04 5.110531826979564585e+01 7.051357842265954190e+00 1.084237905159458393e+01 2.609888578704147122e+01 7.960046289989414880e+00 2.184555602832633170e+01
5.504800000000000000e+04 3.966753281059532554e+01 7.051357842265954190e+00 1.014445000566668753e+01 2.442832888506431033e+01 7.409034476823465276e+00 2.034676735387665047e+01
5.505000000000000000e+04 2.317627391383672730e+01 7.051357842265954190e+00 8.699088686422088657e+00 2.135849183123406547e+01 6.288194800073795498e+00 1.761670391886676512e+01
5.505200000000000000e+04 2.927662920657216716e+01 7.051357842265954190e+00 7.222475931940756766e+00 1.867864474724758850e+01 5.167770414954748759e+00 1.525783756514261391e+01
5.505400000000000000e+04 2.682097552763717374e+01 7.051357842265954190e+00 5.869315163318349349e+00 1.672606978678593848e+01 4.157327640826142812e+00 1.353241892134784763e+01
5.505600000000000000e+04 3.419014884493000039e+01 7.051357842265954190e+00 4.727932062215185915e+00 1.509706110177109828e+01 3.315520380235053022e+00 1.209894302113407427e+01
5.505800000000000000e+04 1.203887188977188316e+01 7.051357842265954190e+00 3.787477502041184607e+00 1.369067405093784018e+01 2.629827455937498115e+00 1.086906482291032106e+01
5.506000000000000000e+04 2.185263254960448975e+01 7.051357842265954190e+00 2.995901927756850380e+00 1.231694567786709982e+01 2.059888564189253035e+00 9.687703065807063751e+00
5.506100000000000000e+04 1.350763525217617733e+01 7.051357842265954190e+00 2.654024268909282558e+00 1.169649171018662592e+01 1.815959130283463896e+00 9.157200117581325571e+00
5.506200000000000000e+04 9.724488914696269859e+00 7.051357842265954190e+00 2.345079197716878561e+00 1.110269012983961723e+01 1.596812745279095003e+00 8.652345799438604601e+00
5.506400000000000000e+04 1.753263863859950078e+01 7.051357842265954190e+00 1.811859333670083227e+00 9.990548912197562359e+00 1.221917543613490142e+00 7.714709584708543844e+00
5.506500000000000000e+04 4.225963524443052677e+00 7.051357842265954190e+00 1.583818745934913563e+00 9.450322044479808170e+00 1.063036946060080368e+00 7.264449261649479794e+00
5.506700000000000000e+04 1.778250143891605717e+01 7.051357842265954190e+00 1.201827785603489351e+00 8.359322211895285903e+00 7.990344961129509649e-01 6.368037031991533148e+00
5.506800000000000000e+04 1.995409741892007460e+01 7.051357842265954190e+00 1.042468658547259119e+00 7.815642288911538671e+00 6.898283870746817481e-01 5.927227581458772931e+00
5.506900000000000000e+04 2.073003243480929569e+00 7.051357842265954190e+00 9.004851998950269554e-01 7.269272890427559197e+00 5.930877954916861095e-01 5.488314753059690076e+00
5.507100000000000000e+04 8.554343964987459970e+00 7.051357842265954190e+00 6.659457661966353692e-01 6.110648148596729889e+00 4.345486239456022304e-01 4.572811605625031639e+00
5.507300000000000000e+04 1.401895218525305609e+01 7.051357842265954190e+00 4.886815028999467181e-01 5.015180501609474817e+00 3.159510589642119949e-01 3.720184334700300077e+00
5.507400000000000000e+04 1.141333759278816373e+01 7.051357842265954190e+00 4.178481216093821726e-01 4.503217300542878831e+00 2.689201451984696289e-01 3.325862112660915137e+00
5.507500000000000000e+04 4.152693538599727674e-01 7.051357842265954190e+00 3.560312979680194112e-01 4.036115059139369521e+00 2.280935985444418612e-01 2.967949892741649442e+00
5.507800000000000000e+04 7.496257276727215313e+00 7.051357842265954190e+00 2.185092787472127651e-01 2.898280242639598381e+00 1.381047141620609098e-01 2.103861964749998759e+00
5.508000000000000000e+04 -1.044026329419416399e+01 7.051357842265954190e+00 1.572415689218624180e-01 2.289607336867639287e+00 9.849760017656127020e-02 1.647910851351402695e+00
5.508100000000000000e+04 5.516105795980895010e+00 7.051357842265954190e+00 1.333909640673398289e-01 2.027046219587613773e+00 8.318738014801362046e-02 1.452767304226771250e+00
5.508200000000000000e+04 4.792772372653980817e+00 7.051357842265954190e+00 1.130206550029837359e-01 1.789963214948054659e+00 7.017301316464903682e-02 1.277450196223276269e+00
5.508400000000000000e+04 8.517808865801377749e+00 7.051357842265954190e+00 8.101974624268991343e-02 1.381255591300689201e+00 4.986444254227592049e-02 9.775340348907921584e-01
5.508500000000000000e+04 3.661443495860345454e+00 7.051357842265954190e+00 6.858488622423000725e-02 1.206674498211718793e+00 4.202762805578161287e-02 8.504295568480645384e-01
5.508800000000000000e+04 -5.535726768294749744e-01 7.051357842265954190e+00 4.196589014715486343e-02 7.928059686971903330e-01 2.538464199561750803e-02 5.518627096597454873e-01
5.508900000000000000e+04 1.455302947028420002e+00 7.051357842265954190e+00 3.562436169332934555e-02 6.844233159974058012e-01 2.145658115601357940e-02 4.744702363933489542e-01
5.509000000000000000e+04 -4.274382929544484178e+00 7.051357842265954190e+00 3.024389813533267732e-02 5.887555663375587667e-01 1.813835800367798873e-02 4.064868588356523871e-01
5.509100000000000000e+04 6.606762816258271442e+00 7.051357842265954190e+00 2.568476611502895288e-02 5.055712510432714968e-01 1.533876746194622574e-02 3.476388991564817732e-01
5.509300000000000000e+04 5.336230099725757903e+00 7.051357842265954190e+00 1.849570144702505220e-02 3.705726780379449692e-01 1.095262713745783802e-02 2.527608471713695959e-01
5.509500000000000000e+04 9.636406653737498829e+00 7.051357842265954190e+00 1.333371440287446121e-02 2.696796234310645524e-01 7.830004347216196550e-03 1.824748788355535223e-01
5.509600000000000000e+04 9.570984927995201952e-01 7.051357842265954190e+00 1.131477568343696241e-02 2.290972925819255157e-01 6.616827885050855125e-03 1.543990379983322947e-01
5.509700000000000000e+04 -4.490082472245242151e+00 7.051357842265954190e+00 9.603371256732710914e-03 1.945539456138256906e-01 5.592785077591702451e-03 1.305994130454626312e-01
5.509800000000000000e+04 2.163624627108339027e+00 7.051357842265954190e+00 8.156974366974970372e-03 1.652395284006226428e-01 4.730874821351913062e-03 1.104837713296487195e-01
5.509900000000000000e+04 -2.036126259715402842e+00 7.051357842265954190e+00 6.922525051176041389e-03 1.401519194632484255e-01 3.998454947828823484e-03 9.334127170379516447e-02
5.510100000000000000e+04 -4.029434735277019897e+00 7.051357842265954190e+00 4.987091709119397670e-03 1.007099699023912276e-01 2.857113554350843541e-03 6.654990411841091302e-02
5.510400000000000000e+04 4.832462500502410663e+00 7.051357842265954190e+00 3.051077160374982954e-03 6.107396922577955356e-02 1.726894476100850886e-03 3.989155403382074055e-02
5.510700000000000000e+04 -2.282266302462914709e+01 7.051357842265954190e+00 1.855208563363728398e-03 3.718580759344691788e-02 1.037530654529236849e-03 2.401098185151864448e-02
5.510800000000000000e+04 -9.089226344158560789e-01 7.051357842265954190e+00 1.572218603448912594e-03 3.157037155710958748e-02 8.757902202812570909e-04 2.030771359649400851e-02
5.510900000000000000e+04 -6.648046375280448395e+00 7.051357842265954190e+00 1.331482129531405718e-03 2.678639591516735613e-02 7.387683124515371895e-04 1.716526492481086630e-02
5.511000000000000000e+04 -4.999741221275794123e-01 7.051357842265954190e+00 1.127435049168664999e-03 2.272953918156896472e-02 6.230988444615148105e-04 1.451068640294239306e-02
5.511100000000000000e+04 1.697923030655525167e+01 7.051357842265954190e+00 9.552231054538337608e-04 1.929371526433443923e-02 5.258591276927242816e-04 1.227101396955698233e-02
5.511400000000000000e+04 -1.438227187629778570e+01 7.051357842265954190e+00 5.808402238707360788e-04 1.177470201244708824e-02 3.160519228810185948e-04 7.405472963803201060e-03
