5.497400000000000000e+04 3.889315068408868203e+00 7.777620298568170831e+00 2.872527343123094101e-01 1.361878388963412926e-18 2.872527343123094101e-01 1.361878388963412926e-18
5.497600000000000000e+04 -5.637082739900904471e+00 7.777620298568170831e+00 1.958814406946931541e+00 1.361878181083838162e-18 1.958814406946931541e+00 1.361878181083838162e-18
5.498000000000000000e+04 1.052062716983359536e+01 7.777620298568170831e+00 9.740658635389692677e+00 1.361877500567910188e-18 9.740658635389692677e+00 1.361877500567910188e-18
5.498100000000000000e+04 6.964574750879640952e+00 7.777620298568170831e+00 1.261836908227294352e+01 1.361877250779591196e-18 1.261836908227294352e+01 1.361877250779591196e-18
5.498500000000000000e+04 3.005683087239249573e+01 7.777620298568170831e+00 2.761301931683333422e+01 -1.940482729049532867e-02 2.761301931683333422e+01 -1.940482729049532867e-02
5.498700000000000000e+04 3.320773176365005952e+01 7.777620298568170831e+00 3.698113532148148863e+01 1.172809985443463487e+00 3.698113532148148863e+01 1.172809985443463487e+00
5.498800000000000000e+04 5.044987210634930364e+01 7.777620298568170831e+00 4.209516568424355398e+01 2.448518008683664426e+00 4.209516568424355398e+01 2.448518008683664426e+00
5.498900000000000000e+04 5.456951560724633055e+01 7.777620298568170831e+00 4.711547825657126509e+01 4.188406388058739438e+00 4.711547825657126509e+01 4.188406388058739438e+00
5.499300000000000000e+04 8.251684094577031203e+01 7.777620298568170831e+00 6.549985504210982867e+01 1.577296135284117895e+01 6.549985504210982867e+01 1.577296135284117895e+01
5.499500000000000000e+04 8.774936472069022386e+01 7.777620298568170831e+00 6.925870503056015082e+01 2.434500671405781702e+01 6.925870503056015082e+01 2.434500671405781702e+01
5.499700000000000000e+04 1.172339391404901079e+02 7.777620298568170831e+00 7.337964952375278926e+01 3.451627414604166688e+01 6.841287481237441170e+01 3.451627414604166688e+01
5.499900000000000000e+04 1.222647325855711529e+02 7.777620298568170831e+00 7.449275123973598056e+01 4.622641915185185724e+01 6.504780932565140006e+01 4.622641915185185724e+01
5.500000000000000000e+04 1.400814349349347196e+02 7.777620298568170831e+00 7.468023071302394555e+01 5.261895710530443893e+01 6.320798198309262261e+01 5.261895710530443893e+01
5.500200000000000000e+04 1.355168071222354911e+02 7.777620298568170831e+00 7.416903516007400299e+01 6.489662410672829651e+01 5.914124484496770862e+01 6.489662410672829651e+01
5.500300000000000000e+04 1.324832852564553605e+02 7.777620298568170831e+00 7.262984183285938400e+01 7.085966617111323274e+01 5.628475033544589223e+01 7.085966617111323274e+01
5.500500000000000000e+04 1.536948734936687231e+02 7.777620298568170831e+00 6.815857954629125004e+01 8.187481880263729295e+01 5.000629460476246635e+01 8.187481880263729295e+01
5.500700000000000000e+04 1.599929026810762593e+02 7.777620298568170831e+00 6.396091782985457996e+01 9.016617661166051789e+01 4.455343955827151348e+01 8.657338128820018142e+01
5.500900000000000000e+04 1.536380905384356481e+02 7.777620298568170831e+00 5.938955881321963659e+01 9.616284715814379069e+01 3.937777404403901471e+01 8.551609351546802884e+01
5.501000000000000000e+04 1.546261460501190470e+02 7.777620298568170831e+00 5.693698496722542046e+01 9.751815993694037843e+01 3.686434766411487374e+01 8.363478553768472068e+01
5.501300000000000000e+04 1.470784081004697157e+02 7.777620298568170831e+00 4.956863428057519627e+01 9.901343411714368870e+01 2.997981993502793685e+01 7.672486177229268378e+01
5.501600000000000000e+04 1.286807390253406425e+02 7.777620298568170831e+00 4.016516095122278784e+01 9.381920732631380133e+01 2.279133005233092391e+01 6.630332673237724350e+01
5.501700000000000000e+04 1.236517966460434934e+02 7.777620298568170831e+00 3.727386199105087883e+01 9.104271011479568187e+01 2.072381963252022885e+01 6.250786825595308471e+01
5.501800000000000000e+04 1.232504040139268966e+02 7.777620298568170831e+00 3.458992642115606486e+01 8.842951499371818613e+01 1.885112345149930135e+01 5.903171895441801809e+01
5.501900000000000000e+04 1.091678320551339993e+02 7.777620298568170831e+00 3.197782416753206647e+01 8.573752524994873170e+01 1.708947422377729097e+01 5.569179944783939362e+01
5.502000000000000000e+04 1.079736161309046878e+02 7.777620298568170831e+00 2.946425536239192411e+01 8.289117166417459259e+01 1.544652967884242400e+01 5.242958359530334889e+01
5.502200000000000000e+04 8.936755577304364806e+01 7.777620298568170831e+00 2.488790928625465071e+01 7.667784314135894874e+01 1.256901635586821442e+01 4.608043458014359572e+01
5.502300000000000000e+04 9.306119838536771738e+01 7.777620298568170831e+00 2.281093034977840972e+01 7.345109218506156878e+01 1.131270102647213349e+01 4.306718978895430183e+01
5.502400000000000000e+04 8.914612573639894322e+01 7.777620298568170831e+00 2.089841979632365110e+01 7.035557922598644609e+01 1.018094207449878574e+01 4.027222623124582412e+01
5.502500000000000000e+04 8.254204510155221897e+01 7.777620298568170831e+00 1.916205883596395410e+01 6.702363494224682938e+01 9.172838121572022274e+00 3.747477491878492373e+01
5.502800000000000000e+04 6.032412544129418563e+01 7.777620298568170831e+00 1.476191175800478916e+01 5.449976798763631791e+01 6.716370971383953226e+00 2.848916256541365399e+01
5.502900000000000000e+04 6.113654280717896228e+01 7.777620298568170831e+00 1.356504215937068558e+01 5.063088183970097589e+01 6.071543353043900915e+00 2.590477454065029050e+01
5.503100000000000000e+04 5.594335350262220885e+01 7.777620298568170831e+00 1.154884237254629475e+01 4.352475466368279200e+01 5.006434182654020404e+00 2.136184277972161283e+01
5.503300000000000000e+04 3.664203470633724180e+01 7.777620298568170831e+00 9.975039339149049056e+00 3.696103828367743205e+01 4.192249869357422831e+00 1.743034109109994390e+01
5.503400000000000000e+04 5.482187240769713554e+01 7.777620298568170831e+00 9.360276457796185667e+00 3.396776670173385071e+01 3.874767751706000407e+00 1.571127044483526802e+01
5.503500000000000000e+04 3.977015421984201993e+01 7.777620298568170831e+00 8.821647945612079766e+00 3.115942088978918179e+01 3.597735703756966164e+00 1.414087628309016509e+01
5.503700000000000000e+04 3.844771923485458842e+01 7.777620298568170831e+00 7.940737259979585794e+00 2.621711795621803276e+01 3.145344712025503142e+00 1.146604765196502740e+01
5.503800000000000000e+04 4.099758672732503584e+01 7.777620298568170831e+00 7.588186134737108901e+00 2.403089534193319565e+01 2.963093496324381348e+00 1.032254954550394999e+01
5.503900000000000000e+04 3.868399266253499746e+01 7.777620298568170831e+00 7.277762216794528172e+00 2.203350085571094041e+01 2.802157021713587159e+00 9.298797575737893339e+00
5.504000000000000000e+04 2.923666432220089817e+01 7.777620298568170831e+00 6.987950762854056030e+00 2.024146301500838874e+01 2.653484246384680389e+00 8.395463714229940422e+00
5.504100000000000000e+04 2.399897714025200202e+01 7.777620298568170831e+00 6.710550378731560350e+00 1.861307509167520990e+01 2.513503025968822246e+00 7.589429191304875921e+00
5.504300000000000000e+04 2.785868220042085142e+01 7.777620298568170831e+00 6.188922793573758518e+00 1.586726733764908737e+01 2.256754227528354306e+00 6.258042728317525949e+00
5.504400000000000000e+04 2.145779119591971451e+01 7.777620298568170831e+00 5.918551169910934995e+00 1.470694979323106999e+01 2.129971270706062736e+00 5.707004188293002933e+00
5.504500000000000000e+04 1.476532933411174753e+01 7.777620298568170831e+00 5.638441593079695835e+00 1.372175785364051492e+01 2.002998789726357476e+00 5.240312336696778317e+00
5.504600000000000000e+04 1.189469970481794192e+01 7.777620298568170831e+00 5.367481863503651418e+00 1.288360277442245483e+01 1.882468299899572761e+00 4.843459689632500620e+00
5.504700000000000000e+04 1.067086512384551256e+01 7.777620298568170831e+00 5.105406019451808497e+00 1.214910375462430281e+01 1.768044749775525615e+00 4.497169629696206705e+00
5.504900000000000000e+04 -1.697087625171374015e-01 7.777620298568170831e+00 4.591423640587532162e+00 1.094776543829376791e+01 1.551051834533994978e+00 3.931680890031879372e+00
5.505000000000000000e+04 6.976379929372923172e+00 7.777620298568170831e+00 4.310990513280760439e+00 1.046712777576587605e+01 1.438675292267899364e+00 3.703866870405477130e+00
5.505100000000000000e+04 1.558022747108566364e+01 7.777620298568170831e+00 4.018782061533750394e+00 1.004398157470463993e+01 1.325106192803267691e+00 3.502696277141983838e+00
5.505300000000000000e+04 3.534366416948135026e+00 7.777620298568170831e+00 3.443175421135909797e+00 9.270113347651260938e+00 1.108770342350714921e+00 3.141878782461027253e+00
5.505400000000000000e+04 3.878244160425442288e+00 7.777620298568170831e+00 3.160262715779892151e+00 8.907957646322500977e+00 1.005908494057323077e+00 2.977258571631851591e+00
5.505500000000000000e+04 2.417867248564798288e+01 7.777620298568170831e+00 2.891345760373205565e+00 8.557329936509077584e+00 9.098004280595362037e-01 2.820942784410442883e+00
5.505700000000000000e+04 9.719795283053684898e+00 7.777620298568170831e+00 2.395330986202931278e+00 7.802932160227740610e+00 7.368888778080757707e-01 2.503748487157946734e+00
5.505800000000000000e+04 9.592882615917902811e+00 7.777620298568170831e+00 2.160839557270160416e+00 7.431043613853563379e+00 6.574095826676078502e-01 2.353085374874466229e+00
5.505900000000000000e+04 -4.789961135600520947e+00 7.777620298568170831e+00 1.937442411446422152e+00 7.071073971133492897e+00 5.830050588127172473e-01 2.210055937219407074e+00
5.506100000000000000e+04 1.434099071023722516e+01 7.777620298568170831e+00 1.529817268705894628e+00 6.364159558572298536e+00 4.505027589097987395e-01 1.938814793167494166e+00
5.506300000000000000e+04 5.537255993917198360e+00 7.777620298568170831e+00 1.184626120518386116e+00 5.574556114849246846e+00 3.415482990769190819e-01 1.656382741004084558e+00
5.506400000000000000e+04 1.253786711063012405e+01 7.777620298568170831e+00 1.039252031650214292e+00 5.172892602477817015e+00 2.965309531914898100e-01 1.518313062071563468e+00
5.506700000000000000e+04 1.426672974407164318e+01 7.777620298568170831e+00 6.865582497918558680e-01 4.016200264615314985e+00 1.899928740845295005e-01 1.137250535074420199e+00
5.506800000000000000e+04 -8.688379265593834333e+00 7.777620298568170831e+00 5.949373082042545002e-01 3.667917996564045158e+00 1.630009885761951050e-01 1.026565350283807909e+00
5.506900000000000000e+04 7.249360742354793885e+00 7.777620298568170831e+00 5.142931593994553019e-01 3.329356061046612414e+00 1.395185175518027509e-01 9.211110972600947688e-01
5.507000000000000000e+04 -1.190510934803212706e+01 7.777620298568170831e+00 4.435562508170823315e-01 3.004361792790968266e+00 1.191554736916271978e-01 8.217619783345098128e-01
5.507200000000000000e+04 8.736290677636869617e+00 7.777620298568170831e+00 3.286440098196738435e-01 2.400867582339726081e+00 8.659693020465177027e-02 6.421148923080304272e-01
5.507400000000000000e+04 1.129873990812320272e+01 7.777620298568170831e+00 2.421163625307574119e-01 1.877848752314764003e+00 6.259957145868536021e-02 4.913262041639884781e-01
5.507600000000000000e+04 -2.334962044211242649e+00 7.777620298568170831e+00 1.756845421308929622e-01 1.447441715265959994e+00 4.458659039435906163e-02 3.706636914893623458e-01
5.507800000000000000e+04 9.605478408563199011e+00 7.777620298568170831e+00 1.270387779013982810e-01 1.102081567941130658e+00 3.165759871947924908e-02 2.763494403062012883e-01
5.508000000000000000e+04 3.847142984954660783e+00 7.777620298568170831e+00 9.163479148900932625e-02 8.294712806171127273e-01 2.242927217941729015e-02 2.037512357202438951e-01
5.508200000000000000e+04 8.190947232809550727e+00 7.777620298568170831e+00 6.591207404844731665e-02 6.187147971437743088e-01 1.585148843184322476e-02 1.489443421145340285e-01
5.508300000000000000e+04 -1.624215086691054211e+01 7.777620298568170831e+00 5.588724624955546116e-02 5.332432415997965247e-01 1.332425287277213925e-02 1.270988539148603380e-01
5.508400000000000000e+04 -8.225786029278578937e+00 7.777620298568170831e+00 4.733186475171415053e-02 4.586389915963868802e-01 1.118771474028273233e-02 1.082461627558146955e-01
5.508600000000000000e+04 2.032589026005388178e+01 7.777620298568170831e+00 3.404016009327107822e-02 3.380376858769010284e-01 7.910245647124551638e-03 7.824946432335670721e-02
5.508900000000000000e+04 9.850476230777372777e+00 7.777620298568170831e+00 2.099478731194201475e-02 2.088979676443511457e-01 4.758348966942117439e-03 4.700145520178898584e-02
5.509000000000000000e+04 -1.006108224540800933e+01 7.777620298568170831e+00 1.786428141303119874e-02 1.775199848194799201e-01 4.015798901434460173e-03 3.957199839934906482e-02
5.509200000000000000e+04 -5.585109637702188934e+00 7.777620298568170831e+00 1.293188537733991512e-02 1.280991807346970324e-01 2.860340487345981557e-03 2.803659022427161529e-02
5.509300000000000000e+04 1.013933708291495073e+01 7.777620298568170831e+00 1.100347474734802815e-02 1.086513041385609307e-01 2.414419350363810127e-03 2.356605663996549915e-02
5.509500000000000000e+04 -3.503974889695692596e+00 7.777620298568170831e+00 7.961657311403233517e-03 7.817172607294504971e-02 1.719580412830072277e-03 1.665531609096517277e-02
5.509600000000000000e+04 6.869089491987243612e+00 7.777620298568170831e+00 6.774755010233220881e-03 6.621728661904842383e-02 1.451847290194205504e-03 1.398464342535341541e-02
5.509700000000000000e+04 5.559475433392455201e+00 7.777620298568170831e+00 5.763669154157030801e-03 5.608295650192050841e-02 1.225634575374692737e-03 1.174143337211776446e-02
5.509800000000000000e+04 2.915876261828320715e+00 7.777620298568170831e+00 4.900758960511665714e-03 4.763945440980760226e-02 1.034155386379047173e-03 9.887807058905687813e-03
5.510000000000000000e+04 -3.630650669761717353e+00 7.777620298568170831e+00 3.547876185099253787e-03 3.454896806673920379e-02 7.373742460977353481e-04 7.049371162362620333e-03
5.510100000000000000e+04 1.340170254718624676e+01 7.777620298568170831e+00 3.017400806735578891e-03 2.939767471138927946e-02 6.224268341795411233e-04 5.947936208677647232e-03
5.510200000000000000e+04 1.591697694683490427e+00 7.777620298568170831e+00 2.568080931493035412e-03 2.501842715593668651e-02 5.258043306838589264e-04 5.019748626793075000e-03
5.510600000000000000e+04 -2.659905865610634468e-01 7.777620298568170831e+00 1.342016160928833106e-03 1.312179327833023698e-02 2.668395524086519138e-04 2.547921024918492483e-03
5.510900000000000000e+04 6.281769380994369101e+00 7.777620298568170831e+00 8.241090216495175263e-04 8.080761959767271407e-03 1.603886617199637324e-04 1.532043219218365976e-03
5.511100000000000000e+04 -1.173879700046127539e+01 7.777620298568170831e+00 5.956966133285825256e-04 5.849113176233492611e-03 1.143196079927424701e-04 1.091761675451888552e-03
5.511200000000000000e+04 -9.878163820718910415e+00 7.777620298568170831e+00 5.061136158962683228e-04 4.976354443352091692e-03 9.645587389153405797e-05 9.217178076221691852e-04
5.511400000000000000e+04 1.453961756840703146e+01 7.777620298568170831e+00 3.658262171907596572e-04 3.603074176011143107e-03 6.876820444588222371e-05 6.572554133548237122e-04
5.511500000000000000e+04 -2.211886683928443631e+01 7.777620298568170831e+00 3.108655415704915360e-04 3.065286124430229107e-03 5.804061642466235168e-05 5.549535845804704675e-04
5.511700000000000000e+04 -3.449945996731885067e+00 7.777620298568170831e+00 2.247295495490381483e-04 2.216871442381558935e-03 4.139733072045060849e-05 3.954109412969871438e-04
5.511800000000000000e+04 7.222399215340474798e-01 7.777620298568170831e+00 1.909661222842456236e-04 1.883887240005082536e-03 3.494412016400036890e-05 3.335494405108148787e-04
5.511900000000000000e+04 2.068151849190327685e+00 7.777620298568170831e+00 1.624453023742535322e-04 1.601695357951609527e-03 2.952906681710418518e-05 2.815177709731275248e-04
5.512000000000000000e+04 1.625414233593987623e+00 7.777620298568170831e+00 1.393407997230628143e-04 1.361940284328262609e-03 2.516312410348764490e-05 2.376444397711154283e-04
