5.497400000000000000e+04 2.648495280127126428e+00 5.098425915713153067e+00 2.872527343123094101e-01 8.716024236303062206e-19 2.872527343123094101e-01 8.716024236303062206e-19
5.497600000000000000e+04 -3.020487407736682783e+00 5.098425915713153067e+00 1.958814406946931541e+00 8.716023866393842389e-19 1.958814406946931541e+00 8.716023866393842389e-19
5.498000000000000000e+04 1.025194764626898092e+01 5.098425915713153067e+00 9.740658635389692677e+00 8.716022655456037539e-19 9.740658635389692677e+00 8.716022655456037539e-19
5.498100000000000000e+04 8.912164557658339703e+00 5.098425915713153067e+00 1.261836908227294352e+01 8.716022210972289233e-19 1.261836908227294352e+01 8.716022210972289233e-19
5.498500000000000000e+04 2.922771966992743842e+01 5.098425915713153067e+00 2.761301931683333422e+01 8.716019515982127606e-19 2.761301931683333422e+01 8.716019515982127606e-19
5.498700000000000000e+04 3.373876781759001631e+01 5.098425915713153067e+00 3.698113532148148863e+01 8.716017365910701769e-19 3.698113532148148863e+01 8.716017365910701769e-19
5.498800000000000000e+04 4.596682088392197585e+01 5.098425915713153067e+00 4.209516568424355398e+01 8.716016003634627670e-19 4.209516568424355398e+01 8.716016003634627670e-19
5.498900000000000000e+04 4.925618156835719930e+01 5.098425915713153067e+00 4.711547825657126509e+01 8.716014404989387201e-19 4.711547825657126509e+01 8.716014404989387201e-19
5.499300000000000000e+04 6.630292536536931891e+01 5.098425915713153067e+00 6.549985504210982867e+01 -1.241908946591701104e-02 6.549985504210982867e+01 -1.241908946591701104e-02
5.499500000000000000e+04 6.617163155754212767e+01 5.098425915713153067e+00 6.925870503056015082e+01 7.505983906838168407e-01 6.925870503056015082e+01 7.505983906838168407e-01
5.499700000000000000e+04 8.218153384778896964e+01 5.098425915713153067e+00 7.337964952375278926e+01 2.680580088357593205e+00 6.841287481237441170e+01 2.680580088357593205e+00
5.499900000000000000e+04 8.129579576030796773e+01 5.098425915713153067e+00 7.449275123973598056e+01 5.789889591216336839e+00 6.504780932565140006e+01 5.789889591216336839e+00
5.500000000000000000e+04 9.085184241316500220e+01 5.098425915713153067e+00 7.468023071302394555e+01 7.792526908311754319e+00 6.320798198309262261e+01 7.792526908311754319e+00
5.500200000000000000e+04 8.453540461222387137e+01 5.098425915713153067e+00 7.416903516007400299e+01 1.269273137910385429e+01 5.914124484496770862e+01 1.269273137910385429e+01
5.500300000000000000e+04 8.099579002529907257e+01 5.098425915713153067e+00 7.262984183285938400e+01 1.558080429699700353e+01 5.628475033544589223e+01 1.558080429699700353e+01
5.500500000000000000e+04 9.264918413873139968e+01 5.098425915713153067e+00 6.815857954629125004e+01 2.209041545346666879e+01 5.000629460476246635e+01 2.209041545346666879e+01
5.500700000000000000e+04 9.739101106613782122e+01 5.098425915713153067e+00 6.396091782985457996e+01 2.958490825718519801e+01 4.455343955827151348e+01 2.958490825718519801e+01
5.500900000000000000e+04 9.582705945723132857e+01 5.098425915713153067e+00 5.938955881321963659e+01 3.769238260525701634e+01 3.937777404403901471e+01 3.769238260525701634e+01
5.501000000000000000e+04 9.858291995184268330e+01 5.098425915713153067e+00 5.693698496722542046e+01 4.153383942830611630e+01 3.686434766411487374e+01 4.153383942830611630e+01
5.501300000000000000e+04 1.009828311331422128e+02 5.098425915713153067e+00 4.956863428057519627e+01 5.239988403368787573e+01 2.997981993502793685e+01 5.239988403368787573e+01
5.501600000000000000e+04 9.663282542663691288e+01 5.098425915713153067e+00 4.016516095122278784e+01 5.994432697483033934e+01 2.279133005233092391e+01 5.535025574776578594e+01
5.501700000000000000e+04 9.576020641759529894e+01 5.098425915713153067e+00 3.727386199105087883e+01 6.154422218121203514e+01 2.072381963252022885e+01 5.473029984989954499e+01
5.501800000000000000e+04 9.715295057921012756e+01 5.098425915713153067e+00 3.458992642115606486e+01 6.241162235964186067e+01 1.885112345149930135e+01 5.352626274411823459e+01
5.501900000000000000e+04 8.921089515210012166e+01 5.098425915713153067e+00 3.197782416753206647e+01 6.283618380857926411e+01 1.708947422377729097e+01 5.203824746052112715e+01
5.502000000000000000e+04 8.974928360096397739e+01 5.098425915713153067e+00 2.946425536239192411e+01 6.315741559750616574e+01 1.544652967884242400e+01 5.056638558647409809e+01
5.502200000000000000e+04 7.991259478318977472e+01 5.098425915713153067e+00 2.488790928625465071e+01 6.302091050679760542e+01 1.256901635586821442e+01 4.731299587597417400e+01
5.502300000000000000e+04 8.255839320417797467e+01 5.098425915713153067e+00 2.281093034977840972e+01 6.184568366858795230e+01 1.131270102647213349e+01 4.502780026835672089e+01
5.502400000000000000e+04 7.956094847826031469e+01 5.098425915713153067e+00 2.089841979632365110e+01 6.004429268884084081e+01 1.018094207449878574e+01 4.243412910872144295e+01
5.502500000000000000e+04 7.504088986908783454e+01 5.098425915713153067e+00 1.916205883596395410e+01 5.826733447346924066e+01 9.172838121572022274e+00 4.000503568380997876e+01
5.502800000000000000e+04 6.195346976398246852e+01 5.098425915713153067e+00 1.476191175800478916e+01 5.305034986507175176e+01 6.716370971383953226e+00 3.355493350099414585e+01
5.502900000000000000e+04 6.267189147401774818e+01 5.098425915713153067e+00 1.356504215937068558e+01 5.111235070916264078e+01 6.071543353043900915e+00 3.150221923523121603e+01
5.503100000000000000e+04 5.912768863176599154e+01 5.098425915713153067e+00 1.154884237254629475e+01 4.700869899843940658e+01 5.006434182654020404e+00 2.756300146493076042e+01
5.503300000000000000e+04 4.612216140676595444e+01 5.098425915713153067e+00 9.975039339149049056e+00 4.289512636303798132e+01 4.192249869357422831e+00 2.398385594802235588e+01
5.503400000000000000e+04 5.728275234392567938e+01 5.098425915713153067e+00 9.360276457796185667e+00 4.038798144437522808e+01 3.874767751706000407e+00 2.206993521550558768e+01
5.503500000000000000e+04 4.628077723193098336e+01 5.098425915713153067e+00 8.821647945612079766e+00 3.759738912682151124e+01 3.597735703756966164e+00 2.008944115779936368e+01
5.503700000000000000e+04 4.315661550358358056e+01 5.098425915713153067e+00 7.940737259979585794e+00 3.240376437740863480e+01 3.145344712025503142e+00 1.657905570601618450e+01
5.503800000000000000e+04 4.383750636790695410e+01 5.098425915713153067e+00 7.588186134737108901e+00 3.010147392735409255e+01 2.963093496324381348e+00 1.508089876119944250e+01
5.503900000000000000e+04 4.127766541641895515e+01 5.098425915713153067e+00 7.277762216794528172e+00 2.785584298475698972e+01 2.802157021713587159e+00 1.367157937902183562e+01
5.504000000000000000e+04 3.399442219122172304e+01 5.098425915713153067e+00 6.987950762854056030e+00 2.569066816185072000e+01 2.653484246384680389e+00 1.235722374307394134e+01
5.504100000000000000e+04 2.949727455041448110e+01 5.098425915713153067e+00 6.710550378731560350e+00 2.365506450155355722e+01 2.513503025968822246e+00 1.115541829830396736e+01
5.504300000000000000e+04 2.993463179841076993e+01 5.098425915713153067e+00 6.188922793573758518e+00 1.994202936946507876e+01 2.256754227528354306e+00 9.050160821177707149e+00
5.504400000000000000e+04 2.474911033710319330e+01 5.098425915713153067e+00 5.918551169910934995e+00 1.828497196579981932e+01 2.129971270706062736e+00 8.144753659599029305e+00
5.504500000000000000e+04 1.940534404542043134e+01 5.098425915713153067e+00 5.638441593079695835e+00 1.677895549197954850e+01 2.002998789726357476e+00 7.338270497257618707e+00
5.504600000000000000e+04 1.658048452982402665e+01 5.098425915713153067e+00 5.367481863503651418e+00 1.537977301883725012e+01 1.882468299899572761e+00 6.606431709122529305e+00
5.504700000000000000e+04 1.489110174850704738e+01 5.098425915713153067e+00 5.105406019451808497e+00 1.410144054765500243e+01 1.768044749775525615e+00 5.951230448472252910e+00
5.504900000000000000e+04 6.206213675732268342e+00 5.098425915713153067e+00 4.591423640587532162e+00 1.191236805867213633e+01 1.551051834533994978e+00 4.857234682435121798e+00
5.505000000000000000e+04 1.018001935289238524e+01 5.098425915713153067e+00 4.310990513280760439e+00 1.098326475157773174e+01 1.438675292267899364e+00 4.403875201113765847e+00
5.505100000000000000e+04 1.516856890516457668e+01 5.098425915713153067e+00 4.018782061533750394e+00 1.015505109609541634e+01 1.325106192803267691e+00 4.005147346123217211e+00
5.505300000000000000e+04 6.208085756539076350e+00 5.098425915713153067e+00 3.443175421135909797e+00 8.781925026329929551e+00 1.108770342350714921e+00 3.353799895485938709e+00
5.505400000000000000e+04 6.037032899703524969e+00 5.098425915713153067e+00 3.160262715779892151e+00 8.245505775630370238e+00 1.005908494057323077e+00 3.099814201364801125e+00
5.505500000000000000e+04 1.901160554980402395e+01 5.098425915713153067e+00 2.891345760373205565e+00 7.775426402959556782e+00 9.098004280595362037e-01 2.878188563005573020e+00
5.505700000000000000e+04 9.088253136321455372e+00 5.098425915713153067e+00 2.395330986202931278e+00 7.006569880508012993e+00 7.368888778080757707e-01 2.516275769620402780e+00
5.505800000000000000e+04 8.860456494985008646e+00 5.098425915713153067e+00 2.160839557270160416e+00 6.698961776490161668e+00 6.574095826676078502e-01 2.370474797059505256e+00
5.505900000000000000e+04 -6.796587855030438163e-01 5.098425915713153067e+00 1.937442411446422152e+00 6.428148207810970405e+00 5.830050588127172473e-01 2.241725617370870172e+00
5.506100000000000000e+04 1.168886972202863817e+01 5.098425915713153067e+00 1.529817268705894628e+00 5.932872542496808066e+00 4.505027589097987395e-01 2.010802420775057886e+00
5.506300000000000000e+04 5.860313865298921066e+00 5.098425915713153067e+00 1.184626120518386116e+00 5.476691159365810968e+00 3.415482990769190819e-01 1.805403382022683800e+00
5.506400000000000000e+04 1.042565169783821943e+01 5.098425915713153067e+00 1.039252031650214292e+00 5.239729325936915316e+00 2.965309531914898100e-01 1.703977016564850455e+00
5.506700000000000000e+04 1.148146951568051577e+01 5.098425915713153067e+00 6.865582497918558680e-01 4.525487341525435525e+00 1.899928740845295005e-01 1.414435799820420669e+00
5.506800000000000000e+04 -3.593613345708593698e+00 5.098425915713153067e+00 5.949373082042545002e-01 4.301309668295273170e+00 1.630009885761951050e-01 1.327155096666236656e+00
5.506900000000000000e+04 6.819884921967389602e+00 5.098425915713153067e+00 5.142931593994553019e-01 4.073062117486272449e+00 1.395185175518027509e-01 1.240841467627196382e+00
5.507000000000000000e+04 -5.795014396271568557e+00 5.098425915713153067e+00 4.435562508170823315e-01 3.825725337198798481e+00 1.191554736916271978e-01 1.150940233814319757e+00
5.507200000000000000e+04 7.576890193095152881e+00 5.098425915713153067e+00 3.286440098196738435e-01 3.310651265585803582e+00 8.659693020465177027e-02 9.717203597258007308e-01
5.507400000000000000e+04 9.067530840513651214e+00 5.098425915713153067e+00 2.421163625307574119e-01 2.808496515408046346e+00 6.259957145868536021e-02 8.047267952458585505e-01
5.507600000000000000e+04 -7.147447092548464553e-02 5.098425915713153067e+00 1.756845421308929622e-01 2.347467517800989167e+00 4.458659039435906163e-02 6.570018241816371063e-01
5.507800000000000000e+04 7.540743919273420026e+00 5.098425915713153067e+00 1.270387779013982810e-01 1.922791547386219824e+00 3.165759871947924908e-02 5.259276661340864800e-01
5.508000000000000000e+04 3.546280906702142133e+00 5.098425915713153067e+00 9.163479148900932625e-02 1.536555252697424878e+00 2.242927217941729015e-02 4.109535310771395000e-01
5.508200000000000000e+04 6.188317252302477200e+00 5.098425915713153067e+00 6.591207404844731665e-02 1.201823201481449388e+00 1.585148843184322476e-02 3.144487706649526926e-01
5.508300000000000000e+04 -9.921783944718027826e+00 5.098425915713153067e+00 5.588724624955546116e-02 1.055657482786941603e+00 1.332425287277213925e-02 2.732386392615352988e-01
5.508400000000000000e+04 -4.750191907428456872e+00 5.098425915713153067e+00 4.733186475171415053e-02 9.263626977702145160e-01 1.118771474028273233e-02 2.372247625531919146e-01
5.508600000000000000e+04 1.381959875981299746e+01 5.098425915713153067e+00 3.404016009327107822e-02 7.053322034823237274e-01 7.910245647124551638e-03 1.768636417959688623e-01
5.508900000000000000e+04 6.786545387050771261e+00 5.098425915713153067e+00 2.099478731194201475e-02 4.590159227454312374e-01 4.758348966942117439e-03 1.116148140414422174e-01
5.509000000000000000e+04 -6.309530264431064239e+00 5.098425915713153067e+00 1.786428141303119874e-02 3.959774701720156220e-01 4.015798901434460173e-03 9.532437895330177213e-02
5.509200000000000000e+04 -3.447168553135651070e+00 5.098425915713153067e+00 1.293188537733991512e-02 2.935289546216876544e-01 2.860340487345981557e-03 6.927754416372142177e-02
5.509300000000000000e+04 6.831297309231391779e+00 5.098425915713153067e+00 1.100347474734802815e-02 2.521398278557415162e-01 2.414419350363810127e-03 5.893182841083124957e-02
5.509500000000000000e+04 -2.160884977043122213e+00 5.098425915713153067e+00 7.961657311403233517e-03 1.845597235075511766e-01 1.719580412830072277e-03 4.231565367592597660e-02
5.509600000000000000e+04 4.618839538827564262e+00 5.098425915713153067e+00 6.774755010233220881e-03 1.570518060050903886e-01 1.451847290194205504e-03 3.566927231548724930e-02
5.509700000000000000e+04 3.743292460668095067e+00 5.098425915713153067e+00 5.763669154157030801e-03 1.336946992923847555e-01 1.225634575374692737e-03 3.008093132914495954e-02
5.509800000000000000e+04 1.995502416590623884e+00 5.098425915713153067e+00 4.900758960511665714e-03 1.136127902844671633e-01 1.034155386379047173e-03 2.532607897558340412e-02
5.510000000000000000e+04 -2.319425008266621013e+00 5.098425915713153067e+00 3.547876185099253787e-03 8.198347567020611293e-02 7.373742460977353481e-04 1.794341774353383490e-02
5.510100000000000000e+04 8.836458759403484464e+00 5.098425915713153067e+00 3.017400806735578891e-03 6.953683464867901898e-02 6.224268341795411233e-04 1.508227624957792119e-02
5.510200000000000000e+04 1.086875241283707494e+00 5.098425915713153067e+00 2.568080931493035412e-03 5.899289934794776230e-02 5.258043306838589264e-04 1.268119074547458328e-02
5.510600000000000000e+04 -1.520136503377077508e-01 5.098425915713153067e+00 1.342016160928833106e-03 3.048925082227686711e-02 2.668395524086519138e-04 6.328196517699642178e-03
5.510900000000000000e+04 4.131659233297929390e+00 5.098425915713153067e+00 8.241090216495175263e-04 1.881451181528913733e-02 1.603886617199637324e-04 3.806679173553694298e-03
5.511100000000000000e+04 -7.685075309058630566e+00 5.098425915713153067e+00 5.956966133285825256e-04 1.363070011131442549e-02 1.143196079927424701e-04 2.712307255261054220e-03
5.511200000000000000e+04 -6.466878183962154303e+00 5.098425915713153067e+00 5.061136158962683228e-04 1.159467619950567234e-02 9.645587389153405797e-05 2.288272389876785419e-03
5.511400000000000000e+04 9.537247426472420742e+00 5.098425915713153067e+00 3.658262171907596572e-04 8.397947698131352431e-03 6.876820444588222371e-05 1.630669455947835432e-03
5.511500000000000000e+04 -1.449423460504611505e+01 5.098425915713153067e+00 3.108655415704915360e-04 7.141761370565858323e-03 5.804061642466235168e-05 1.375664330264058039e-03
5.511700000000000000e+04 -2.257730570695337668e+00 5.098425915713153067e+00 2.247295495490381483e-04 5.171687654251054707e-03 4.139733072045060849e-05 9.805076602997543633e-04
5.511800000000000000e+04 4.766753552704405816e-01 5.098425915713153067e+00 1.909661222842456236e-04 4.398056027192812252e-03 3.494412016400036890e-05 8.273243091032378470e-04
5.511900000000000000e+04 1.358475044221729267e+00 5.098425915713153067e+00 1.624453023742535322e-04 3.743432432789436329e-03 2.952906681710418518e-05 6.987274722892087252e-04
5.512000000000000000e+04 1.067840031778406695e+00 5.098425915713153067e+00 1.393407997230628143e-04 3.184866843745338526e-03 2.516312410348764490e-05 5.898993968781883653e-04
