5.497400000000000000e+04 4.167007478523979458e+00 8.377217397492698225e+00 2.872527343123094101e-01 1.361878388963412926e-18 2.872527343123094101e-01 1.361878388963412926e-18
5.497600000000000000e+04 -6.222670325581516337e+00 8.377217397492698225e+00 1.958814406946931541e+00 1.361878181083838162e-18 1.958814406946931541e+00 1.361878181083838162e-18
5.498000000000000000e+04 1.058075698493797567e+01 8.377217397492698225e+00 9.740658635389692677e+00 1.361877500567910188e-18 9.740658635389692677e+00 1.361877500567910188e-18
5.498100000000000000e+04 6.528708952745544636e+00 8.377217397492698225e+00 1.261836908227294352e+01 1.361877250779591196e-18 1.261836908227294352e+01 1.361877250779591196e-18
5.498500000000000000e+04 3.024672666834076651e+01 8.377217397492698225e+00 2.761301931683333422e+01 -1.940482729049532867e-02 2.761301931683333422e+01 -1.940482729049532867e-02
5.498700000000000000e+04 3.282641521985389943e+01 8.377217397492698225e+00 3.698113532148148863e+01 1.172809985443463487e+00 3.698113532148148863e+01 1.172809985443463487e+00
5.498800000000000000e+04 5.090519562465495795e+01 8.377217397492698225e+00 4.209516568424355398e+01 2.448518008683664426e+00 4.209516568424355398e+01 2.448518008683664426e+00
5.498900000000000000e+04 5.482127164266289299e+01 8.377217397492698225e+00 4.711547825657126509e+01 4.188406388058739438e+00 4.711547825657126509e+01 4.188406388058739438e+00
5.499300000000000000e+04 8.261274605337750643e+01 8.377217397492698225e+00 6.549985504210982867e+01 1.577296135284117895e+01 6.549985504210982867e+01 1.577296135284117895e+01
5.499500000000000000e+04 8.729803779074343595e+01 8.377217397492698225e+00 6.925870503056015082e+01 2.434500671405781702e+01 6.925870503056015082e+01 2.434500671405781702e+01
5.499700000000000000e+04 1.205672030038334555e+02 8.377217397492698225e+00 7.599302134158550359e+01 3.451627414604166688e+01 6.841287481237441170e+01 3.451627414604166688e+01
5.499900000000000000e+04 1.273535366515414893e+02 8.377217397492698225e+00 7.946240387221574508e+01 4.622641915185185724e+01 6.504780932565140006e+01 4.622641915185185724e+01
5.500000000000000000e+04 1.471032140892303062e+02 8.377217397492698225e+00 8.071659299240927510e+01 5.261895710530443893e+01 6.320798198309262261e+01 5.261895710530443893e+01
5.500200000000000000e+04 1.431504012606276603e+02 8.377217397492698225e+00 8.207621959584616889e+01 6.489662410672829651e+01 5.914124484496770862e+01 6.489662410672829651e+01
5.500300000000000000e+04 1.402350965983739854e+02 8.377217397492698225e+00 8.123015168411551201e+01 7.085966617111323274e+01 5.628475033544589223e+01 7.085966617111323274e+01
5.500500000000000000e+04 1.635283484623193146e+02 8.377217397492698225e+00 7.770978181580086641e+01 8.187481880263729295e+01 5.000629460476246635e+01 8.187481880263729295e+01
5.500700000000000000e+04 1.711502298062229670e+02 8.377217397492698225e+00 7.417256617661041673e+01 9.065964488500323171e+01 4.455343955827151348e+01 8.657338128820018142e+01
5.500900000000000000e+04 1.654824529314041968e+02 8.377217397492698225e+00 6.991917559259566417e+01 9.762517235725827902e+01 3.937777404403901471e+01 8.551609351546802884e+01
5.501000000000000000e+04 1.671078376919124366e+02 8.377217397492698225e+00 6.749862057299434071e+01 9.942503304719960511e+01 3.686434766411487374e+01 8.363478553768472068e+01
5.501300000000000000e+04 1.603308710722116075e+02 8.377217397492698225e+00 5.987569637423779767e+01 1.020747561018581848e+02 2.997981993502793685e+01 7.672486177229268378e+01
5.501600000000000000e+04 1.411927604771026097e+02 8.377217397492698225e+00 4.930676343521272997e+01 9.759849695005928538e+01 2.279133005233092391e+01 6.630332673237724350e+01
5.501700000000000000e+04 1.359195692497168864e+02 8.377217397492698225e+00 4.598201100063588598e+01 9.496195345444394320e+01 2.072381963252022885e+01 6.250786825595308471e+01
5.501800000000000000e+04 1.355872776337263019e+02 8.377217397492698225e+00 4.287122495339971096e+01 9.246728457020037695e+01 1.885112345149930135e+01 5.903171895441801809e+01
5.501900000000000000e+04 1.204694589003950540e+02 8.377217397492698225e+00 3.981163915171157441e+01 8.986428758903365122e+01 1.708947422377729097e+01 5.569179944783939362e+01
5.502000000000000000e+04 1.191954095565224350e+02 8.377217397492698225e+00 3.683997328403917493e+01 8.707505243507979742e+01 1.544652967884242400e+01 5.242958359530334889e+01
5.502200000000000000e+04 9.911154224484749875e+01 8.377217397492698225e+00 3.136975102097589385e+01 8.088037877506803852e+01 1.256901635586821442e+01 4.608043458014359572e+01
5.502300000000000000e+04 1.030376816762501448e+02 8.377217397492698225e+00 2.886096285873570366e+01 7.762430287561124942e+01 1.131270102647213349e+01 4.306718978895430183e+01
5.502400000000000000e+04 9.875477849593798396e+01 8.377217397492698225e+00 2.653764361138853545e+01 7.448750963731228580e+01 1.018094207449878574e+01 4.027222623124582412e+01
5.502500000000000000e+04 9.157570105884369127e+01 8.377217397492698225e+00 2.441809507962472026e+01 7.108215306595123195e+01 9.172838121572022274e+00 3.747477491878492373e+01
5.502800000000000000e+04 6.744097560386833834e+01 8.377217397492698225e+00 1.899524038126809700e+01 5.807230897333919728e+01 6.716370971383953226e+00 2.848916256541365399e+01
5.502900000000000000e+04 6.823966330198503272e+01 8.377217397492698225e+00 1.750790241283739235e+01 5.402699778198023495e+01 6.071543353043900915e+00 2.590477454065029050e+01
5.503100000000000000e+04 6.249689204443349411e+01 8.377217397492698225e+00 1.499126651653919851e+01 4.656881725979311426e+01 5.006434182654020404e+00 2.136184277972161283e+01
5.503300000000000000e+04 4.157370445268882975e+01 8.377217397492698225e+00 1.301777429432866739e+01 3.964356777759771688e+01 4.192249869357422831e+00 1.743034109109994390e+01
5.503400000000000000e+04 6.110179503923146171e+01 8.377217397492698225e+00 1.224659095604198278e+01 3.647528546472955924e+01 3.874767751706000407e+00 1.571127044483526802e+01
5.503500000000000000e+04 4.484005118753655950e+01 8.377217397492698225e+00 1.157031802328240211e+01 3.349690773938398536e+01 3.597735703756966164e+00 1.414087628309016509e+01
5.503700000000000000e+04 4.332768222455149498e+01 8.377217397492698225e+00 1.046393278796644388e+01 2.824316857632025446e+01 3.145344712025503142e+00 1.146604765196502740e+01
5.503800000000000000e+04 4.603702196154519299e+01 8.377217397492698225e+00 1.002177482326832170e+01 2.591372837903311321e+01 2.963093496324381348e+00 1.032254954550394999e+01
5.503900000000000000e+04 4.351059749537883192e+01 8.377217397492698225e+00 9.632694977842625406e+00 2.378260467970723369e+01 2.802157021713587159e+00 9.298797575737893339e+00
5.504000000000000000e+04 3.329911909621121424e+01 8.377217397492698225e+00 9.268620472621689643e+00 2.186850388282615398e+01 2.653484246384680389e+00 8.395463714229940422e+00
5.504100000000000000e+04 2.761931141682561019e+01 8.377217397492698225e+00 8.918914137347767834e+00 2.012716621534053374e+01 2.513503025968822246e+00 7.589429191304875921e+00
5.504300000000000000e+04 3.169482498342942023e+01 8.377217397492698225e+00 8.257915069371753347e+00 1.718708854905125349e+01 2.256754227528354306e+00 6.258042728317525949e+00
5.504400000000000000e+04 2.475153184708620202e+01 8.377217397492698225e+00 7.911991282164740014e+00 1.594308690041533083e+01 2.129971270706062736e+00 5.707004188293002933e+00
5.504500000000000000e+04 1.748888405131050305e+01 8.377217397492698225e+00 7.551305437268367449e+00 1.488667928608820645e+01 2.002998789726357476e+00 5.240312336696778317e+00
5.504600000000000000e+04 1.434269053904093028e+01 8.377217397492698225e+00 7.201194234435823738e+00 1.398791158365866139e+01 1.882468299899572761e+00 4.843459689632500620e+00
5.504700000000000000e+04 1.297032531962020485e+01 8.377217397492698225e+00 6.861428064928858817e+00 1.320009229708430709e+01 1.768044749775525615e+00 4.497169629696206705e+00
5.504900000000000000e+04 1.182661048915342406e+00 8.377217397492698225e+00 6.191178502725894539e+00 1.191142042444058013e+01 1.551051834533994978e+00 3.931680890031879372e+00
5.505000000000000000e+04 8.815181711638093276e+00 8.377217397492698225e+00 5.822318907808187838e+00 1.139605758686357007e+01 1.438675292267899364e+00 3.703866870405477130e+00
5.505100000000000000e+04 1.801298790746050926e+01 8.377217397492698225e+00 5.436115645356124126e+00 1.094242316979155838e+01 1.325106192803267691e+00 3.502696277141983838e+00
5.505300000000000000e+04 4.896744387313979985e+00 8.377217397492698225e+00 4.671471206392032727e+00 1.011182267347257024e+01 1.108770342350714921e+00 3.141878782461027253e+00
5.505400000000000000e+04 5.194993693154600578e+00 8.377217397492698225e+00 4.293820997733088340e+00 9.722535591520975018e+00 1.005908494057323077e+00 2.977258571631851591e+00
5.505500000000000000e+04 2.699058185631431428e+01 8.377217397492698225e+00 3.933977050929433616e+00 9.345219256194912560e+00 9.098004280595362037e-01 2.820942784410442883e+00
5.505700000000000000e+04 1.128337243787411737e+01 8.377217397492698225e+00 3.267954795303254834e+00 8.530771845444554913e+00 7.368888778080757707e-01 2.503748487157946734e+00
5.505800000000000000e+04 1.108147512166885207e+01 8.377217397492698225e+00 2.951900508094092768e+00 8.128498118966355435e+00 6.574095826676078502e-01 2.353085374874466229e+00
5.505900000000000000e+04 -4.473398588603659576e+00 8.377217397492698225e+00 2.650107795339088135e+00 7.738731869767476290e+00 5.830050588127172473e-01 2.210055937219407074e+00
5.506100000000000000e+04 1.601373009459654995e+01 8.377217397492698225e+00 2.097721046587586624e+00 6.971977996230307895e+00 4.505027589097987395e-01 1.938814793167494166e+00
5.506300000000000000e+04 6.424816186192697565e+00 8.377217397492698225e+00 1.628229051359488366e+00 6.112714867401473740e+00 3.415482990769190819e-01 1.656382741004084558e+00
5.506400000000000000e+04 1.391828604909949618e+01 8.377217397492698225e+00 1.430050174861278833e+00 5.674846900798676153e+00 2.965309531914898100e-01 1.518313062071563468e+00
5.506700000000000000e+04 1.566074152173983869e+01 8.377217397492698225e+00 9.478364502329007513e-01 4.411622275660691095e+00 1.899928740845295005e-01 1.137250535074420199e+00
5.506800000000000000e+04 -9.096763352306929562e+00 8.377217397492698225e+00 8.222095865760433719e-01 4.030706191354343382e+00 1.630009885761951050e-01 1.026565350283807909e+00
5.506900000000000000e+04 8.039882422341161572e+00 8.377217397492698225e+00 7.114886321071732800e-01 3.660127056072712826e+00 1.395185175518027509e-01 9.211110972600947688e-01
5.507000000000000000e+04 -1.261824541501987085e+01 8.377217397492698225e+00 6.142464668803382377e-01 3.304140562487396515e+00 1.191554736916271978e-01 8.217619783345098128e-01
5.507200000000000000e+04 9.568290721784569186e+00 8.377217397492698225e+00 4.560021150716552230e-01 2.642431204826007018e+00 8.659693020465177027e-02 6.421148923080304272e-01
5.507400000000000000e+04 1.229125020326717888e+01 8.377217397492698225e+00 3.365728559047677093e-01 2.068286789048725982e+00 6.259957145868536021e-02 4.913262041639884781e-01
5.507600000000000000e+04 -2.423226700798763567e+00 8.377217397492698225e+00 2.446644561300058696e-01 1.595336528170215429e+00 4.458659039435906163e-02 3.706636914893623458e-01
5.507800000000000000e+04 1.041483436987251743e+01 8.377217397492698225e+00 1.772255691513887343e-01 1.215495378242795965e+00 3.165759871947924908e-02 2.763494403062012883e-01
5.508000000000000000e+04 4.195075021138425342e+00 8.377217397492698225e+00 1.280487148722933011e-01 9.154135518439115993e-01 2.242927217941729015e-02 2.037512357202438951e-01
5.508200000000000000e+04 8.860492217070705223e+00 8.377217397492698225e+00 9.225249237564120408e-02 6.832374861477903405e-01 1.585148843184322476e-02 1.489443421145340285e-01
5.508300000000000000e+04 -1.746153929430780849e+01 8.377217397492698225e+00 7.828265047811086563e-02 5.890269285830286305e-01 1.332425287277213925e-02 1.270988539148603380e-01
5.508400000000000000e+04 -8.831795773945216865e+00 8.377217397492698225e+00 6.634986103872077268e-02 5.067652355576219847e-01 1.118771474028273233e-02 1.082461627558146955e-01
5.508600000000000000e+04 2.191361242180515134e+01 8.377217397492698225e+00 4.778895805253825790e-02 3.737194416083516324e-01 7.910245647124551638e-03 7.824946432335670721e-02
5.508900000000000000e+04 1.062293171133225833e+01 8.377217397492698225e+00 2.953792704718989290e-02 2.311343561003175728e-01 4.758348966942117439e-03 4.700145520178898584e-02
5.509000000000000000e+04 -1.082554634484779221e+01 8.377217397492698225e+00 2.515094851968402434e-02 1.964670576530882506e-01 4.015798901434460173e-03 3.957199839934906482e-02
5.509200000000000000e+04 -6.007509917631321805e+00 8.377217397492698225e+00 1.823123819824581937e-02 1.418427172626349209e-01 2.860340487345981557e-03 2.803659022427161529e-02
5.509300000000000000e+04 1.092798632581319929e+01 8.377217397492698225e+00 1.552278488735900699e-02 1.203377116263198293e-01 2.414419350363810127e-03 2.356605663996549915e-02
5.509500000000000000e+04 -3.769012089527842502e+00 8.377217397492698225e+00 1.124605589990867321e-02 8.662096792589167593e-02 1.719580412830072277e-03 1.665531609096517277e-02
5.509600000000000000e+04 7.402993307077927021e+00 8.377217397492698225e+00 9.575513617746863118e-03 7.339140869625472574e-02 1.451847290194205504e-03 1.398464342535341541e-02
5.509700000000000000e+04 5.991780085471322792e+00 8.377217397492698225e+00 8.151450433902005660e-03 6.217323799203797879e-02 1.225634575374692737e-03 1.174143337211776446e-02
5.509800000000000000e+04 3.143837989622925377e+00 8.377217397492698225e+00 6.935252852135165638e-03 5.282462043149774300e-02 1.034155386379047173e-03 9.887807058905687813e-03
5.510000000000000000e+04 -3.908228157758755650e+00 8.377217397492698225e+00 5.026680235648261705e-03 3.832602113553309348e-02 7.373742460977353481e-04 7.049371162362620333e-03
5.510100000000000000e+04 1.443685687188208711e+01 8.377217397492698225e+00 4.277566175215478418e-03 3.261848216838821729e-02 6.224268341795411233e-04 5.947936208677647232e-03
5.510200000000000000e+04 1.716100511307140142e+00 8.377217397492698225e+00 3.642667242111638070e-03 2.776523360451785619e-02 5.258043306838589264e-04 5.019748626793075000e-03
5.510600000000000000e+04 -2.855935082371064970e-01 8.377217397492698225e+00 1.907742695990415722e-03 1.457410826253377652e-02 2.668395524086519138e-04 2.547921024918492483e-03
5.510900000000000000e+04 6.766609611838574345e+00 8.377217397492698225e+00 1.173339293678566731e-03 8.980224533770375314e-03 1.603886617199637324e-04 1.532043219218365976e-03
5.511100000000000000e+04 -1.264336171709871515e+01 8.377217397492698225e+00 8.489831367973027466e-04 6.502532538991447064e-03 1.143196079927424701e-04 1.091761675451888552e-03
5.511200000000000000e+04 -1.063934752179533660e+01 8.377217397492698225e+00 7.216635572816795623e-04 5.533256342717405955e-03 9.645587389153405797e-05 9.217178076221691852e-04
5.511400000000000000e+04 1.566076966636676282e+01 8.377217397492698225e+00 5.221294690758054077e-04 4.007680608472372757e-03 6.876820444588222371e-05 6.572554133548237122e-04
5.511500000000000000e+04 -2.382385061244937674e+01 8.377217397492698225e+00 4.438946344158176387e-04 3.410078786530074558e-03 5.804061642466235168e-05 5.549535845804704675e-04
5.511700000000000000e+04 -3.715752949234155889e+00 8.377217397492698225e+00 3.211936095938321719e-04 2.467047944940162565e-03 4.139733072045060849e-05 3.954109412969871438e-04
5.511800000000000000e+04 7.780543631323358911e-01 8.377217397492698225e+00 2.730603437855316632e-04 2.096825202827186114e-03 3.494412016400036890e-05 3.335494405108148787e-04
5.511900000000000000e+04 2.227706346573019136e+00 8.377217397492698225e+00 2.323819442238831193e-04 1.783020954235400293e-03 2.952906681710418518e-05 2.815177709731275248e-04
5.512000000000000000e+04 1.750820430379545378e+00 8.377217397492698225e+00 1.994177585201395940e-04 1.516361641291533256e-03 2.516312410348764490e-05 2.376444397711154283e-04
