5.497400000000000000e+04 3.017364627508242414e+00 5.894893455031993135e+00 2.872527343123094101e-01 8.716023866393842389e-19 2.872527343123094101e-01 8.716023866393842389e-19
5.497600000000000000e+04 -3.798345579931416083e+00 5.894893455031993135e+00 1.958814406946931541e+00 8.716023356981633868e-19 1.958814406946931541e+00 8.716023356981633868e-19
5.498000000000000000e+04 1.033182035739747739e+01 5.894893455031993135e+00 9.740658635389692677e+00 8.716021689365841492e-19 9.740658635389692677e+00 8.716021689365841492e-19
5.498100000000000000e+04 8.333187507342753264e+00 5.894893455031993135e+00 1.261836908227294352e+01 8.716021077255084616e-19 1.261836908227294352e+01 8.716021077255084616e-19
5.498500000000000000e+04 2.947996544896338378e+01 5.894893455031993135e+00 2.761301931683333422e+01 8.716017365910701769e-19 2.761301931683333422e+01 8.716017365910701769e-19
5.498700000000000000e+04 3.323225060814448284e+01 5.894893455031993135e+00 3.698113532148148863e+01 8.716014404989387201e-19 3.698113532148148863e+01 8.716014404989387201e-19
5.498800000000000000e+04 4.657164436100245553e+01 5.894893455031993135e+00 4.209516568424355398e+01 8.716012528962566048e-19 4.209516568424355398e+01 8.716012528962566048e-19
5.498900000000000000e+04 4.959059864675292317e+01 5.894893455031993135e+00 4.711547825657126509e+01 8.716010327425725717e-19 4.711547825657126509e+01 8.716010327425725717e-19
5.499300000000000000e+04 6.719333723285186011e+01 5.894893455031993135e+00 6.549985504210982867e+01 7.505983906838168407e-01 6.549985504210982867e+01 7.505983906838168407e-01
5.499500000000000000e+04 6.750209859784379773e+01 5.894893455031993135e+00 6.925870503056015082e+01 2.680580088357593205e+00 6.925870503056015082e+01 2.680580088357593205e+00
5.499700000000000000e+04 8.886047504213809134e+01 5.894893455031993135e+00 7.599302134158550359e+01 5.789889591216336839e+00 6.841287481237441170e+01 5.789889591216336839e+00
5.499900000000000000e+04 9.072852742996734321e+01 5.894893455031993135e+00 7.946240387221574508e+01 1.009469526581835552e+01 6.504780932565140006e+01 1.009469526581835552e+01
5.500000000000000000e+04 1.030973757260072432e+02 5.894893455031993135e+00 8.071659299240927510e+01 1.269273137910385429e+01 6.320798198309262261e+01 1.269273137910385429e+01
5.500200000000000000e+04 9.812687819766763653e+01 5.894893455031993135e+00 8.207621959584616889e+01 1.874044088442200007e+01 5.914124484496770862e+01 1.874044088442200007e+01
5.500300000000000000e+04 9.497861832183609465e+01 5.894893455031993135e+00 8.123015168411551201e+01 2.209041545346666879e+01 5.628475033544589223e+01 2.209041545346666879e+01
5.500500000000000000e+04 1.100698327307556497e+02 5.894893455031993135e+00 7.770978181580086641e+01 2.958490825718519801e+01 5.000629460476246635e+01 2.958490825718519801e+01
5.500700000000000000e+04 1.163108221046146866e+02 5.894893455031993135e+00 7.417256617661041673e+01 3.769238260525701634e+01 4.455343955827151348e+01 3.769238260525701634e+01
5.500900000000000000e+04 1.138184444270797826e+02 5.894893455031993135e+00 6.991917559259566417e+01 4.535018634951246952e+01 3.937777404403901471e+01 4.535018634951246952e+01
5.501000000000000000e+04 1.167416830751935493e+02 5.894893455031993135e+00 6.749862057299434071e+01 4.911345556622313779e+01 3.686434766411487374e+01 4.911345556622313779e+01
5.501300000000000000e+04 1.167581995224686011e+02 5.894893455031993135e+00 5.987569637423779767e+01 5.802217272640206858e+01 2.997981993502793685e+01 5.540696402444812918e+01
5.501600000000000000e+04 1.089190037056002325e+02 5.894893455031993135e+00 4.930676343521272997e+01 6.363202115020775551e+01 2.279133005233092391e+01 5.352626274411823459e+01
5.501700000000000000e+04 1.067657105767017214e+02 5.894893455031993135e+00 4.598201100063588598e+01 6.431927386120410972e+01 2.072381963252022885e+01 5.203824746052112715e+01
5.501800000000000000e+04 1.079330644712096046e+02 5.894893455031993135e+00 4.287122495339971096e+01 6.488678598456357349e+01 1.885112345149930135e+01 5.056638558647409809e+01
5.501900000000000000e+04 9.866106135182651826e+01 5.894893455031993135e+00 3.981163915171157441e+01 6.532784390518925477e+01 1.708947422377729097e+01 4.910391153426733268e+01
5.502000000000000000e+04 9.869724951166951143e+01 5.894893455031993135e+00 3.683997328403917493e+01 6.517838311874201906e+01 1.544652967884242400e+01 4.731299587597417400e+01
5.502200000000000000e+04 8.458740720903085730e+01 5.894893455031993135e+00 3.136975102097589385e+01 6.246303804803795856e+01 1.256901635586821442e+01 4.243412910872144295e+01
5.502300000000000000e+04 8.721061172146748675e+01 5.894893455031993135e+00 2.886096285873570366e+01 6.077565021084412678e+01 1.131270102647213349e+01 4.000503568380997876e+01
5.502400000000000000e+04 8.411908487541643353e+01 5.894893455031993135e+00 2.653764361138853545e+01 5.917906212492825091e+01 1.018094207449878574e+01 3.778030013082754124e+01
5.502500000000000000e+04 7.916960769769110584e+01 5.894893455031993135e+00 2.441809507962472026e+01 5.751314405698153109e+01 9.172838121572022274e+00 3.564275164661721362e+01
5.502800000000000000e+04 6.398464030742731268e+01 5.894893455031993135e+00 1.899524038126809700e+01 5.176344241604355290e+01 6.716370971383953226e+00 2.949147813129190610e+01
5.502900000000000000e+04 6.486865879690942904e+01 5.894893455031993135e+00 1.750790241283739235e+01 4.967955384039120048e+01 6.071543353043900915e+00 2.756300146493076042e+01
5.503100000000000000e+04 6.114305918766821435e+01 5.894893455031993135e+00 1.499126651653919851e+01 4.549257796220879158e+01 5.006434182654020404e+00 2.398385594802235588e+01
5.503300000000000000e+04 4.521770332718482166e+01 5.894893455031993135e+00 1.301777429432866739e+01 4.000209523341009543e+01 4.192249869357422831e+00 2.008944115779936368e+01
5.503400000000000000e+04 5.812438921647579093e+01 5.894893455031993135e+00 1.224659095604198278e+01 3.716627774293709052e+01 3.874767751706000407e+00 1.823306404186474339e+01
5.503500000000000000e+04 4.598773804302010859e+01 5.894893455031993135e+00 1.157031802328240211e+01 3.457727858046735747e+01 3.597735703756966164e+00 1.657905570601618450e+01
5.503700000000000000e+04 4.351939340873477136e+01 5.894893455031993135e+00 1.046393278796644388e+01 2.980404304626759782e+01 3.145344712025503142e+00 1.367157937902183562e+01
5.503800000000000000e+04 4.465203608096447141e+01 5.894893455031993135e+00 1.002177482326832170e+01 2.752200872057428072e+01 2.963093496324381348e+00 1.235722374307394134e+01
5.503900000000000000e+04 4.210845334490537084e+01 5.894893455031993135e+00 9.632694977842625406e+00 2.537188337766254165e+01 2.802157021713587159e+00 1.115541829830396736e+01
5.504000000000000000e+04 3.413415901440739475e+01 5.894893455031993135e+00 9.268620472621689643e+00 2.334418269742691976e+01 2.653484246384680389e+00 1.005521308469457331e+01
5.504100000000000000e+04 2.935294409177900121e+01 5.894893455031993135e+00 8.918914137347767834e+00 2.143802095320575418e+01 2.513503025968822246e+00 9.050160821177707149e+00
5.504300000000000000e+04 3.073142704210384224e+01 5.894893455031993135e+00 8.257915069371753347e+00 1.807562788884496996e+01 2.256754227528354306e+00 7.338270497257618707e+00
5.504400000000000000e+04 2.512759536302250396e+01 5.894893455031993135e+00 7.911991282164740014e+00 1.658478616258119231e+01 2.129971270706062736e+00 6.606431709122529305e+00
5.504500000000000000e+04 1.928958152224079114e+01 5.894893455031993135e+00 7.551305437268367449e+00 1.522086699501263318e+01 2.002998789726357476e+00 5.951230448472252910e+00
5.504600000000000000e+04 1.637934049599413555e+01 5.894893455031993135e+00 7.201194234435823738e+00 1.399584248500874040e+01 1.882468299899572761e+00 5.373096777107163824e+00
5.504700000000000000e+04 1.475287121216179997e+01 5.894893455031993135e+00 6.861428064928858817e+00 1.288138637781794316e+01 1.768044749775525615e+00 4.857234682435121798e+00
5.504900000000000000e+04 5.284666795283133212e+00 5.894893455031993135e+00 6.191178502725894539e+00 1.099973667139280309e+01 1.551051834533994978e+00 4.005147346123217211e+00
5.505000000000000000e+04 1.011272126171002661e+01 5.894893455031993135e+00 5.822318907808187838e+00 1.020357561626581244e+01 1.438675292267899364e+00 3.652482680507522339e+00
5.505100000000000000e+04 1.611372208489650504e+01 5.894893455031993135e+00 5.436115645356124126e+00 9.527474743096453480e+00 1.325106192803267691e+00 3.353799895485938709e+00
5.505300000000000000e+04 6.162547649582371889e+00 5.894893455031993135e+00 4.671471206392032727e+00 8.448059070133957960e+00 1.108770342350714921e+00 2.878188563005573020e+00
5.505400000000000000e+04 6.092500197227291636e+00 5.894893455031993135e+00 4.293820997733088340e+00 8.006109654413840815e+00 1.005908494057323077e+00 2.684452003223524841e+00
5.505500000000000000e+04 2.120573537465023861e+01 5.894893455031993135e+00 3.933977050929433616e+00 7.623309071641973134e+00 9.098004280595362037e-01 2.516275769620402780e+00
5.505700000000000000e+04 9.908460371567469949e+00 5.894893455031993135e+00 3.267954795303254834e+00 7.003150828666598215e+00 7.368888778080757707e-01 2.241725617370870172e+00
5.505800000000000000e+04 9.684441411213752460e+00 5.894893455031993135e+00 2.951900508094092768e+00 6.731783393708080432e+00 6.574095826676078502e-01 2.122787397107745111e+00
5.505900000000000000e+04 -1.336608778800442821e+00 5.894893455031993135e+00 2.650107795339088135e+00 6.471566511022446733e+00 5.830050588127172473e-01 2.010802420775057886e+00
5.506100000000000000e+04 1.296504801379744620e+01 5.894893455031993135e+00 2.097721046587586624e+00 5.980940323964746064e+00 4.505027589097987395e-01 1.805403382022683800e+00
5.506300000000000000e+04 6.161788208841975312e+00 5.894893455031993135e+00 1.628229051359488366e+00 5.459693981084517311e+00 3.415482990769190819e-01 1.602399031781086114e+00
5.506400000000000000e+04 1.142674519200423688e+01 5.894893455031993135e+00 1.430050174861278833e+00 5.202238796138467514e+00 2.965309531914898100e-01 1.505974639919658298e+00
5.506700000000000000e+04 1.265872517500239525e+01 5.894893455031993135e+00 9.478364502329007513e-01 4.462065917587398012e+00 1.899928740845295005e-01 1.240841467627196382e+00
5.506800000000000000e+04 -4.800817005893904366e+00 5.894893455031993135e+00 8.222095865760433719e-01 4.193105459832329629e+00 1.630009885761951050e-01 1.150940233814319757e+00
5.506900000000000000e+04 7.204917826386999735e+00 5.894893455031993135e+00 7.114886321071732800e-01 3.912137515136943744e+00 1.395185175518027509e-01 1.060084954242614286e+00
5.507000000000000000e+04 -7.390374927576269570e+00 5.894893455031993135e+00 6.142464668803382377e-01 3.631902016511153519e+00 1.191554736916271978e-01 9.717203597258007308e-01
5.507200000000000000e+04 8.092434581297974105e+00 5.894893455031993135e+00 4.560021150716552230e-01 3.083713079382130129e+00 8.659693020465177027e-02 8.047267952458585505e-01
5.507400000000000000e+04 9.873095606222465292e+00 5.894893455031993135e+00 3.365728559047677093e-01 2.579651962466780191e+00 6.259957145868536021e-02 6.570018241816371063e-01
5.507600000000000000e+04 -6.406403165465701655e-01 5.894893455031993135e+00 2.446644561300058696e-01 2.114649959991934391e+00 4.458659039435906163e-02 5.259276661340864800e-01
5.507800000000000000e+04 8.217076439890352191e+00 5.894893455031993135e+00 1.772255691513887343e-01 1.691155971088644572e+00 3.165759871947924908e-02 4.109535310771395000e-01
5.508000000000000000e+04 3.669484057584213588e+00 5.894893455031993135e+00 1.280487148722933011e-01 1.323703544991184922e+00 2.242927217941729015e-02 3.144487706649526926e-01
5.508200000000000000e+04 6.802534904849220077e+00 5.894893455031993135e+00 9.225249237564120408e-02 1.021015378028938159e+00 1.585148843184322476e-02 2.372247625531919146e-01
5.508300000000000000e+04 -1.178551618917371258e+01 5.894893455031993135e+00 7.828265047811086563e-02 8.931379211002887786e-01 1.332425287277213925e-02 2.052624382010224402e-01
5.508400000000000000e+04 -5.773795504160669445e+00 5.894893455031993135e+00 6.634986103872077268e-02 7.779170420753893644e-01 1.118771474028273233e-02 1.768636417959688623e-01
5.508600000000000000e+04 1.575725104114639308e+01 5.894893455031993135e+00 4.778895805253825790e-02 5.858646731801036012e-01 7.910245647124551638e-03 1.304007908609561006e-01
5.508900000000000000e+04 7.698246100641536138e+00 5.894893455031993135e+00 2.953792704718989290e-02 3.769772342931383968e-01 4.758348966942117439e-03 8.134326650551063076e-02
5.509000000000000000e+04 -7.424205208526768018e+00 5.894893455031993135e+00 2.515094851968402434e-02 3.243297507568781435e-01 4.015798901434460173e-03 6.927754416372142177e-02
5.509200000000000000e+04 -4.082603395984647499e+00 5.894893455031993135e+00 1.823123819824581937e-02 2.391804426293450692e-01 2.860340487345981557e-03 5.007965716694829511e-02
5.509300000000000000e+04 7.813839647205040428e+00 5.894893455031993135e+00 1.552278488735900699e-02 2.040968608097261938e-01 2.414419350363810127e-03 4.231565367592597660e-02
5.509500000000000000e+04 -2.561879505309416771e+00 5.894893455031993135e+00 1.124605589990867321e-02 1.479259879042032488e-01 1.719580412830072277e-03 3.008093132914495954e-02
5.509600000000000000e+04 5.286282058396718497e+00 5.894893455031993135e+00 9.575513617746863118e-03 1.257389168979765048e-01 1.451847290194205504e-03 2.532607897558340412e-02
5.509700000000000000e+04 4.281827126306176901e+00 5.894893455031993135e+00 8.151450433902005660e-03 1.068566704643237469e-01 1.225634575374692737e-03 2.132016569519628105e-02
5.509800000000000000e+04 2.267923509751303968e+00 5.894893455031993135e+00 6.935252852135165638e-03 9.077933904808636878e-02 1.034155386379047173e-03 1.794341774353383490e-02
5.510000000000000000e+04 -2.710274141343000043e+00 5.894893455031993135e+00 5.026680235648261705e-03 6.535378462587780601e-02 7.373742460977353481e-04 1.268119074547458328e-02
5.510100000000000000e+04 1.019270196492811209e+01 5.894893455031993135e+00 4.277566175215478418e-03 5.543741947257068564e-02 6.224268341795411233e-04 1.065940229821771279e-02
5.510200000000000000e+04 1.236100302771410364e+00 5.894893455031993135e+00 3.642667242111638070e-03 4.697050156560303447e-02 5.258043306838589264e-04 8.950171792226187251e-03
5.510600000000000000e+04 -1.861284655154543943e-01 5.894893455031993135e+00 1.907742695990415722e-03 2.452865352674118288e-02 2.668395524086519138e-04 4.511597543912077707e-03
5.510900000000000000e+04 4.770697244981794150e+00 5.894893455031993135e+00 1.173339293678566731e-03 1.513033479274826509e-02 1.603886617199637324e-04 2.712307255261054220e-03
5.511100000000000000e+04 -8.890267498089281517e+00 5.894893455031993135e+00 8.489831367973027466e-04 1.095721447259506015e-02 1.143196079927424701e-04 1.931535480291048318e-03
5.511200000000000000e+04 -7.481065101851963384e+00 5.894893455031993135e+00 7.216635572816795623e-04 9.327429288021618636e-03 9.645587389153405797e-05 1.630669455947835432e-03
5.511400000000000000e+04 1.102428280226203761e+01 5.894893455031993135e+00 5.221294690758054077e-04 6.753296707284152031e-03 6.876820444588222371e-05 1.161477832155364534e-03
5.511500000000000000e+04 -1.676092523326502715e+01 5.894893455031993135e+00 4.438946344158176387e-04 5.747343701613040479e-03 5.804061642466235168e-05 9.805076602997543633e-04
5.511700000000000000e+04 -2.612186073065959846e+00 5.894893455031993135e+00 3.211936095938321719e-04 4.161620824954526988e-03 4.139733072045060849e-05 6.987274722892087252e-04
5.511800000000000000e+04 5.496492121312276380e-01 5.894893455031993135e+00 2.730603437855316632e-04 3.541284059339140384e-03 3.494412016400036890e-05 5.898993968781883653e-04
5.511900000000000000e+04 1.569422815154932982e+00 5.894893455031993135e+00 2.323819442238831193e-04 3.012745054015916572e-03 2.952906681710418518e-05 4.979414673436328770e-04
5.512000000000000000e+04 1.233577032838404364e+00 5.894893455031993135e+00 1.994177585201395940e-04 2.564915589422319189e-03 2.516312410348764490e-05 4.206434645470872170e-04
