5.497400000000000000e+04 3.298958240085318128e+00 6.502914081547862324e+00 2.872527343123094101e-01 1.361878729124037428e-18 2.872527343123094101e-01 1.361878729124037428e-18
5.497600000000000000e+04 -4.392159878506363135e+00 6.502914081547862324e+00 1.958814406946931541e+00 1.361878649528380196e-18 1.958814406946931541e+00 1.361878649528380196e-18
5.498000000000000000e+04 1.039279491500895425e+01 6.502914081547862324e+00 9.740658635389692677e+00 1.361878388963412926e-18 9.740658635389692677e+00 1.361878388963412926e-18
5.498100000000000000e+04 7.891198384757472262e+00 6.502914081547862324e+00 1.261836908227294352e+01 1.361878293321106731e-18 1.261836908227294352e+01 1.361878293321106731e-18
5.498500000000000000e+04 2.967252902379103574e+01 6.502914081547862324e+00 2.761301931683333422e+01 1.361877713423546935e-18 2.761301931683333422e+01 1.361877713423546935e-18
5.498700000000000000e+04 3.284557708307963253e+01 6.502914081547862324e+00 3.698113532148148863e+01 1.361877250779591196e-18 3.698113532148148863e+01 1.361877250779591196e-18
5.498800000000000000e+04 4.703336455838864083e+01 6.502914081547862324e+00 4.209516568424355398e+01 1.361876957650400692e-18 4.209516568424355398e+01 1.361876957650400692e-18
5.498900000000000000e+04 4.984589151367587334e+01 6.502914081547862324e+00 4.711547825657126509e+01 1.361876613660269607e-18 4.711547825657126509e+01 1.361876613660269607e-18
5.499300000000000000e+04 6.771280127215800348e+01 6.502914081547862324e+00 6.549985504210982867e+01 1.172809985443463487e+00 6.549985504210982867e+01 1.172809985443463487e+00
5.499500000000000000e+04 6.855225743517408432e+01 6.502914081547862324e+00 6.925870503056015082e+01 4.188406388058739438e+00 6.925870503056015082e+01 4.188406388058739438e+00
5.499700000000000000e+04 8.796261422985725176e+01 6.502914081547862324e+00 7.110834207998198053e+01 9.046702486275524535e+00 6.841287481237441170e+01 9.046702486275524535e+00
5.499900000000000000e+04 8.723879169512812837e+01 6.502914081547862324e+00 7.017357670051271157e+01 1.577296135284117895e+01 6.504780932565140006e+01 1.577296135284117895e+01
5.500000000000000000e+04 9.995367299085783941e+01 6.502914081547862324e+00 6.943396820842724537e+01 1.983239277984976923e+01 6.320798198309262261e+01 1.983239277984976923e+01
5.500200000000000000e+04 9.361154523768665570e+01 6.502914081547862324e+00 6.729682250908874153e+01 2.928193888190937244e+01 5.914124484496770862e+01 2.928193888190937244e+01
5.500300000000000000e+04 9.046913355378958954e+01 6.502914081547862324e+00 6.515522698831216530e+01 3.451627414604166688e+01 5.628475033544589223e+01 3.451627414604166688e+01
5.500500000000000000e+04 1.091453346999857530e+02 6.502914081547862324e+00 5.985753464190068485e+01 4.622641915185185724e+01 5.000629460476246635e+01 4.622641915185185724e+01
5.500700000000000000e+04 1.188846572638146313e+02 6.502914081547862324e+00 5.508587266984689990e+01 5.889434782071408847e+01 4.455343955827151348e+01 5.889434782071408847e+01
5.500900000000000000e+04 1.194972599025433624e+02 6.502914081547862324e+00 5.023816412538496934e+01 7.085966617111323274e+01 3.937777404403901471e+01 7.085966617111323274e+01
5.501000000000000000e+04 1.246405117850876394e+02 6.502914081547862324e+00 4.775776239886082664e+01 7.673977432222363859e+01 3.686434766411487374e+01 7.673977432222363859e+01
5.501300000000000000e+04 1.288010624115198937e+02 6.502914081547862324e+00 4.061066408398885130e+01 8.944761754696841649e+01 2.997981993502793685e+01 8.657338128820018142e+01
5.501600000000000000e+04 1.225271927370298215e+02 6.502914081547862324e+00 3.222010329498021974e+01 9.474148505708926393e+01 2.279133005233092391e+01 8.363478553768472068e+01
5.501700000000000000e+04 1.206124589520697867e+02 6.502914081547862324e+00 2.970552306125449604e+01 9.480718209213691239e+01 2.072381963252022885e+01 8.130976165706424297e+01
5.501800000000000000e+04 1.223344416676773818e+02 6.502914081547862324e+00 2.739256748737363978e+01 9.474876499265583618e+01 1.885112345149930135e+01 7.900997747886577827e+01
5.501900000000000000e+04 1.125784677396517139e+02 6.502914081547862324e+00 2.516937763677919193e+01 9.455571964817352182e+01 1.708947422377729097e+01 7.672486177229268378e+01
5.502000000000000000e+04 1.129517370256367315e+02 6.502914081547862324e+00 2.305394554567231680e+01 9.356144934473893215e+01 1.544652967884242400e+01 7.392655605620964820e+01
5.502200000000000000e+04 9.737152338734021839e+01 6.502914081547862324e+00 1.925447615555451364e+01 8.831603120752647840e+01 1.256901635586821442e+01 6.630332673237724350e+01
5.502300000000000000e+04 1.002123007562764059e+02 6.502914081547862324e+00 1.755278691267416136e+01 8.533574174302714255e+01 1.131270102647213349e+01 6.250786825595308471e+01
5.502400000000000000e+04 9.678486481412798526e+01 6.502914081547862324e+00 1.599731428165993918e+01 8.254995578585815963e+01 1.018094207449878574e+01 5.903171895441801809e+01
5.502500000000000000e+04 9.127588944953754435e+01 6.502914081547862324e+00 1.459398545142108716e+01 7.972838008952686550e+01 9.172838121572022274e+00 5.569179944783939362e+01
5.502800000000000000e+04 7.416830344219405902e+01 6.502914081547862324e+00 1.108268373988066280e+01 7.055836142911587672e+01 6.716370971383953226e+00 4.608043458014359572e+01
5.502900000000000000e+04 7.495460818616315635e+01 6.502914081547862324e+00 1.013826309091270517e+01 6.737431170584011397e+01 6.071543353043900915e+00 4.306718978895430183e+01
5.503100000000000000e+04 7.039806874022387717e+01 6.502914081547862324e+00 8.556997304992252751e+00 6.111386293755445109e+01 5.006434182654020404e+00 3.747477491878492373e+01
5.503300000000000000e+04 5.199834505727636724e+01 6.502914081547862324e+00 7.330568121558389549e+00 5.327468677033918709e+01 4.192249869357422831e+00 3.138975180906150086e+01
5.503400000000000000e+04 6.575945696251496031e+01 6.502914081547862324e+00 6.851751815341720508e+00 4.929764690319178300e+01 3.874767751706000407e+00 2.848916256541365399e+01
5.503500000000000000e+04 5.194206486748650065e+01 6.502914081547862324e+00 6.432751438317453108e+00 4.568566037989084805e+01 3.597735703756966164e+00 2.590477454065029050e+01
5.503700000000000000e+04 4.842675575370209629e+01 6.502914081547862324e+00 5.747802926755404940e+00 3.909217228689055901e+01 3.145344712025503142e+00 2.136184277972161283e+01
5.503800000000000000e+04 4.928952102587935968e+01 6.502914081547862324e+00 5.473129997060764751e+00 3.597496762202400333e+01 2.963093496324381348e+00 1.930816209855303001e+01
5.503900000000000000e+04 4.612255991626883400e+01 6.502914081547862324e+00 5.231066728134925015e+00 3.305489884516193655e+01 2.802157021713587159e+00 1.743034109109994390e+01
5.504000000000000000e+04 3.700053946843179631e+01 6.502914081547862324e+00 5.005798030804699650e+00 3.031646745035413204e+01 2.653484246384680389e+00 1.571127044483526802e+01
5.504100000000000000e+04 3.143940517579473948e+01 6.502914081547862324e+00 4.791239468101768040e+00 2.775571196844937560e+01 2.513503025968822246e+00 1.414087628309016509e+01
5.504300000000000000e+04 3.250914267121800805e+01 6.502914081547862324e+00 4.390741025079166526e+00 2.326690389536743808e+01 2.256754227528354306e+00 1.146604765196502740e+01
5.504400000000000000e+04 2.617114148033149590e+01 6.502914081547862324e+00 4.186032538318625207e+00 2.128922618264734723e+01 2.129971270706062736e+00 1.032254954550394999e+01
5.504500000000000000e+04 1.962071486799175801e+01 6.502914081547862324e+00 3.975952597606819960e+00 1.948656019971632958e+01 2.002998789726357476e+00 9.298797575737893339e+00
5.504600000000000000e+04 1.633143652323781936e+01 6.502914081547862324e+00 3.773784200808672828e+00 1.787226315485270334e+01 1.882468299899572761e+00 8.395463714229940422e+00
5.504700000000000000e+04 1.448295168433838853e+01 6.502914081547862324e+00 3.579229791445574627e+00 1.640834591160114542e+01 1.768044749775525615e+00 7.589429191304875921e+00
5.504900000000000000e+04 4.012181303020284417e+00 6.502914081547862324e+00 3.201060776111258832e+00 1.394542241578277242e+01 1.551051834533994978e+00 6.258042728317525949e+00
5.505000000000000000e+04 9.381361309376924140e+00 6.502914081547862324e+00 2.997479971440168089e+00 1.290696067224345533e+01 1.438675292267899364e+00 5.707004188293002933e+00
5.505100000000000000e+04 1.608119253337460819e+01 6.502914081547862324e+00 2.786963344703833112e+00 1.202546875025176476e+01 1.325106192803267691e+00 5.240312336696778317e+00
5.505300000000000000e+04 5.319817294061246926e+00 6.502914081547862324e+00 2.375651335520641894e+00 1.061871692963868696e+01 1.108770342350714921e+00 4.497169629696206705e+00
5.505400000000000000e+04 5.370594716042115024e+00 6.502914081547862324e+00 2.175075936700149981e+00 1.004320605706001146e+01 1.005908494057323077e+00 4.194456255036756787e+00
5.505500000000000000e+04 2.217335825879102629e+01 6.502914081547862324e+00 1.985184534025907555e+00 9.544548528641389140e+00 9.098004280595362037e-01 3.931680890031879372e+00
5.505700000000000000e+04 9.972599673317384728e+00 6.502914081547862324e+00 1.636924953162859353e+00 8.735724515192107020e+00 7.368888778080757707e-01 3.502696277141983838e+00
5.505800000000000000e+04 9.856512991716980920e+00 6.502914081547862324e+00 1.473320615716376070e+00 8.382356734329206915e+00 6.574095826676078502e-01 3.316855307980851375e+00
5.505900000000000000e+04 -2.174463947482252024e+00 6.502914081547862324e+00 1.318057836963791196e+00 8.044466434613214645e+00 5.830050588127172473e-01 3.141878782461027253e+00
5.506100000000000000e+04 1.383668518262977187e+01 6.502914081547862324e+00 1.036246446044319036e+00 7.410052506089351176e+00 4.505027589097987395e-01 2.820942784410442883e+00
5.506300000000000000e+04 6.520522107980542437e+00 6.502914081547862324e+00 7.990864005203597298e-01 6.743095425613782723e+00 3.415482990769190819e-01 2.503748487157946734e+00
5.506400000000000000e+04 1.240403121601338121e+01 6.502914081547862324e+00 6.996054778646820793e-01 6.415451966057744038e+00 2.965309531914898100e-01 2.353085374874466229e+00
5.506700000000000000e+04 1.393506197497944754e+01 6.502914081547862324e+00 4.594787666860262187e-01 5.479090605491337307e+00 1.899928740845295005e-01 1.938814793167494166e+00
5.506800000000000000e+04 -5.289365201879581591e+00 6.502914081547862324e+00 3.974127102476212037e-01 5.141825494565471999e+00 1.630009885761951050e-01 1.798344115334874260e+00
5.506900000000000000e+04 7.981365489237029820e+00 6.502914081547862324e+00 3.429086124388208145e-01 4.790921440080214033e+00 1.395185175518027509e-01 1.656382741004084558e+00
5.507000000000000000e+04 -8.099572132043972417e+00 6.502914081547862324e+00 2.952076860710064476e-01 4.441976694396566394e+00 1.191554736916271978e-01 1.518313062071563468e+00
5.507200000000000000e+04 9.002356908156652793e+00 6.502914081547862324e+00 2.179558136320879913e-01 3.762097767774388757e+00 8.659693020465177027e-02 1.257385617571653791e+00
5.507400000000000000e+04 1.097409834834479092e+01 6.502914081547862324e+00 1.600232845198373832e-01 3.139647467307998596e+00 6.259957145868536021e-02 1.026565350283807909e+00
5.507600000000000000e+04 -6.258056688572044557e-01 6.502914081547862324e+00 1.157334126866377960e-01 2.567841829899676576e+00 4.458659039435906163e-02 8.217619783345098128e-01
5.507800000000000000e+04 9.136060230800683968e+00 6.502914081547862324e+00 8.342093838569977771e-02 2.049117044333386595e+00 3.165759871947924908e-02 6.421148923080304272e-01
5.508000000000000000e+04 4.107008005644769533e+00 6.502914081547862324e+00 5.998708844385153977e-02 1.600544242684609042e+00 2.242927217941729015e-02 4.913262041639884781e-01
5.508200000000000000e+04 7.551184073374749950e+00 6.502914081547862324e+00 4.301935445517933443e-02 1.232086110510640431e+00 1.585148843184322476e-02 3.706636914893623458e-01
5.508300000000000000e+04 -1.295958039149558871e+01 6.502914081547862324e+00 3.642317765300992494e-02 1.076729777388238274e+00 1.332425287277213925e-02 3.207225596890974639e-01
5.508400000000000000e+04 -6.332935017049838855e+00 6.502914081547862324e+00 3.080313499442044814e-02 9.369351424141447726e-01 1.118771474028273233e-02 2.763494403062012883e-01
5.508600000000000000e+04 1.740991814740548449e+01 6.502914081547862324e+00 2.209094301872473187e-02 7.043272716377390053e-01 7.910245647124551638e-03 2.037512357202438951e-01
5.508900000000000000e+04 8.509410658467801980e+00 6.502914081547862324e+00 1.356985958392552954e-02 4.520143640628093706e-01 4.758348966942117439e-03 1.270988539148603380e-01
5.509000000000000000e+04 -8.175400189119603311e+00 6.502914081547862324e+00 1.153136654546905136e-02 3.885604258282724932e-01 4.015798901434460173e-03 1.082461627558146955e-01
5.509200000000000000e+04 -4.493253718365322058e+00 6.502914081547862324e+00 8.326165124615416899e-03 2.860800415661921003e-01 2.860340487345981557e-03 7.824946432335670721e-02
5.509300000000000000e+04 8.628514306191579664e+00 6.502914081547862324e+00 7.075697348176182046e-03 2.439232961581657977e-01 2.414419350363810127e-03 6.611820886863432889e-02
5.509500000000000000e+04 -2.820084826058366634e+00 6.502914081547862324e+00 5.107153826105314924e-03 1.765186651558386943e-01 1.719580412830072277e-03 4.700145520178898584e-02
5.509600000000000000e+04 5.836528029974469511e+00 6.502914081547862324e+00 4.340587843493616017e-03 1.499303875354537352e-01 1.451847290194205504e-03 3.957199839934906482e-02
5.509700000000000000e+04 4.727609573783236208e+00 6.502914081547862324e+00 3.688424691132600412e-03 1.273213645110002623e-01 1.225634575374692737e-03 3.331275889874418111e-02
5.509800000000000000e+04 2.505271335690649082e+00 6.502914081547862324e+00 3.132560080880771210e-03 1.080866626326119351e-01 1.034155386379047173e-03 2.803659022427161529e-02
5.510000000000000000e+04 -2.987494747793532301e+00 6.502914081547862324e+00 2.262632874150900635e-03 7.770399629289549692e-02 7.373742460977353481e-04 1.981436053980403095e-02
5.510100000000000000e+04 1.124593051919258357e+01 6.502914081547862324e+00 1.922178549313258589e-03 6.586844407654907085e-02 6.224268341795411233e-04 1.665531609096517277e-02
5.510200000000000000e+04 1.365167468867247047e+00 6.502914081547862324e+00 1.634147279332364821e-03 5.577075798030942111e-02 5.258043306838589264e-04 1.398464342535341541e-02
5.510600000000000000e+04 -2.045901839115049636e-01 6.502914081547862324e+00 8.503376016606508259e-04 2.904904868586388397e-02 2.668395524086519138e-04 7.049371162362620333e-03
5.510900000000000000e+04 5.263185476060179724e+00 6.502914081547862324e+00 5.205895182106584250e-04 1.788597115641210947e-02 1.603886617199637324e-04 4.237980086345396677e-03
5.511100000000000000e+04 -9.806952537146361948e+00 6.502914081547862324e+00 3.755627761777575579e-04 1.293766608892447413e-02 1.143196079927424701e-04 3.018024187954762658e-03
5.511200000000000000e+04 -8.252449004290712153e+00 6.502914081547862324e+00 3.187770176241309017e-04 1.100701882764788808e-02 9.645587389153405797e-05 2.547921024918492483e-03
5.511400000000000000e+04 1.216153181385898030e+01 6.502914081547862324e+00 2.299815061283639163e-04 7.960478692134828616e-03 6.876820444588222371e-05 1.814809112742756881e-03
5.511500000000000000e+04 -1.848957122647497542e+01 6.502914081547862324e+00 1.952486336525641197e-04 6.771018211657489454e-03 5.804061642466235168e-05 1.532043219218365976e-03
5.511700000000000000e+04 -2.881523043715934929e+00 6.502914081547862324e+00 1.408916753739815971e-04 4.897642876077172407e-03 4.139733072045060849e-05 1.091761675451888552e-03
5.511800000000000000e+04 6.064192940240608065e-01 6.502914081547862324e+00 1.196172177333896576e-04 4.165427116206106561e-03 3.494412016400036890e-05 9.217178076221691852e-04
5.511900000000000000e+04 1.731362500684298755e+00 6.502914081547862324e+00 1.016626712379262886e-04 3.541919899898678288e-03 2.952906681710418518e-05 7.780335427244262957e-04
5.512000000000000000e+04 1.360864209597884011e+00 6.502914081547862324e+00 8.712731720832596609e-05 3.013910423479879488e-03 2.516312410348764490e-05 6.572554133548237122e-04
