5.497500000000000000e+04 -4.295886698584286734e+00 1.289766610001765024e+01 9.676860811788584593e-01 2.279497885001649794e-18 9.676860811788584593e-01 2.279497885001649794e-18
5.497600000000000000e+04 -1.127382039298516858e+01 1.289766610001765024e+01 2.014654457448330049e+00 2.279497664544057483e-18 2.014654457448330049e+00 2.279497664544057483e-18
5.497900000000000000e+04 -6.115269543647390726e+00 1.289766610001765024e+01 7.421511495175619366e+00 2.279496745960992233e-18 7.421511495175619366e+00 2.279496745960992233e-18
5.498000000000000000e+04 1.698806268640569073e+01 1.289766610001765024e+01 1.010928248076253944e+01 2.279496327867838250e-18 1.010928248076253944e+01 2.279496327867838250e-18
5.498100000000000000e+04 3.903498786425261358e+01 1.289766610001765024e+01 1.326427468792255127e+01 2.279495837231172164e-18 1.326427468792255127e+01 2.279495837231172164e-18
5.498200000000000000e+04 1.340633701980581094e+01 1.289766610001765024e+01 1.681188057541250913e+01 2.279495261463979831e-18 1.681188057541250913e+01 2.279495261463979831e-18
5.498400000000000000e+04 2.699020242973555028e+01 1.289766610001765024e+01 2.504964300095078400e+01 3.875042658400934537e-01 2.504964300095078400e+01 3.875042658400934537e-01
5.498500000000000000e+04 3.684629768476344935e+01 1.289766610001765024e+01 2.982457128805857849e+01 1.209607601473573046e+00 2.982457128805857849e+01 1.209607601473573046e+00
5.498700000000000000e+04 3.891231450609464559e+01 1.289766610001765024e+01 4.097582893337165899e+01 4.302310410807026031e+00 4.097582893337165899e+01 4.302310410807026031e+00
5.499000000000000000e+04 5.930674155690343241e+01 1.289766610001765024e+01 6.053040193995693841e+01 1.263660310095317385e+01 6.053040193995693841e+01 1.263660310095317385e+01
5.499200000000000000e+04 1.119137242238109877e+02 1.289766610001765024e+01 7.440742163840896239e+01 2.101485071926563819e+01 7.440742163840896239e+01 2.101485071926563819e+01
5.499300000000000000e+04 1.163044171238583999e+02 1.289766610001765024e+01 8.115791156796579742e+01 2.589679503310846798e+01 8.115791156796579742e+01 2.589679503310846798e+01
5.499400000000000000e+04 1.204674592681386827e+02 1.289766610001765024e+01 8.659722275531558466e+01 3.131205375118847201e+01 8.659722275531558466e+01 3.131205375118847201e+01
5.499600000000000000e+04 1.288200070926083072e+02 1.289766610001765024e+01 9.298895886639343189e+01 4.387309556528447985e+01 9.298895886639343189e+01 4.387309556528447985e+01
5.499700000000000000e+04 1.397869849768679842e+02 1.289766610001765024e+01 9.943980316945653897e+01 5.121978616671457729e+01 9.534931745081652821e+01 5.121978616671457729e+01
5.499800000000000000e+04 1.652740300254850467e+02 1.289766610001765024e+01 1.056014282335233219e+02 5.921981088614808897e+01 9.725679520493949326e+01 5.921981088614808897e+01
5.500000000000000000e+04 1.888890786739634677e+02 1.289766610001765024e+01 1.164877827903535632e+02 7.566300242494617123e+01 9.942624000542298290e+01 7.566300242494617123e+01
5.500200000000000000e+04 2.230603598172712054e+02 1.289766610001765024e+01 1.249570908915741256e+02 9.300927704801119944e+01 9.937735874946248771e+01 9.300927704801119944e+01
5.500300000000000000e+04 2.313021724251926514e+02 1.289766610001765024e+01 1.278053062712065042e+02 1.014473894599572503e+02 9.828909195663038645e+01 1.014473894599572503e+02
5.500400000000000000e+04 2.399842003665277730e+02 1.289766610001765024e+01 1.296700954406893516e+02 1.082465284441444737e+02 9.653818898204983157e+01 1.082465284441444737e+02
5.500500000000000000e+04 2.496275953629114497e+02 1.289766610001765024e+01 1.308140116318149921e+02 1.140420795379653924e+02 9.437559456880096320e+01 1.129241306445840110e+02
5.500900000000000000e+04 2.542823398489824740e+02 1.289766610001765024e+01 1.285902085566802668e+02 1.293631134436727166e+02 8.255133116561614770e+01 1.232616612135995240e+02
5.501200000000000000e+04 2.524103021737691677e+02 1.289766610001765024e+01 1.204530129166813879e+02 1.340600569530248833e+02 7.142612246008147281e+01 1.242216984368281061e+02
5.501300000000000000e+04 2.293318009684831793e+02 1.289766610001765024e+01 1.169960920498823924e+02 1.338083125624577008e+02 6.765517379857884350e+01 1.228613649457879831e+02
5.501400000000000000e+04 2.531345683718462567e+02 1.289766610001765024e+01 1.127453882139548682e+02 1.326193371140909392e+02 6.361888512242121152e+01 1.206727362275622966e+02
5.501600000000000000e+04 2.335138328090114328e+02 1.289766610001765024e+01 1.030026860933710964e+02 1.285667385172596937e+02 5.543739832797152900e+01 1.149148538767069141e+02
5.501700000000000000e+04 2.227616074702495155e+02 1.289766610001765024e+01 9.905649678668619629e+01 1.258398203874310468e+02 5.211031447560955598e+01 1.114909368188455971e+02
5.501800000000000000e+04 2.021378223110801571e+02 1.289766610001765024e+01 9.568020964710179044e+01 1.224905135900100674e+02 4.922327896239417555e+01 1.075799346478219434e+02
5.501900000000000000e+04 2.001771852982890891e+02 1.289766610001765024e+01 9.250737262346697776e+01 1.185127548046376944e+02 4.656333247267679099e+01 1.031891639570201704e+02
5.502000000000000000e+04 2.067465412755310012e+02 1.289766610001765024e+01 8.910792294743765751e+01 1.141400195485485796e+02 4.390417961541074021e+01 9.853247543900947392e+01
5.502100000000000000e+04 2.109167070721004791e+02 1.289766610001765024e+01 8.533107265313331879e+01 1.096769478726482134e+02 4.117301454915962466e+01 9.387738412449559178e+01
5.502200000000000000e+04 1.978780384329990056e+02 1.289766610001765024e+01 8.142481344035648760e+01 1.051928218530849790e+02 3.849145005216814042e+01 8.928265307510184812e+01
5.502500000000000000e+04 1.558561446516176545e+02 1.289766610001765024e+01 7.039874850863309064e+01 8.961715358652013208e+01 3.137059333747742329e+01 7.419252718480018416e+01
5.502900000000000000e+04 1.249926255219347553e+02 1.289766610001765024e+01 5.715950354047249959e+01 7.260969657458038284e+01 2.366167303078713857e+01 5.820416559084598873e+01
5.503100000000000000e+04 1.322297315541322860e+02 1.289766610001765024e+01 5.125117529735160815e+01 6.522320167268750879e+01 2.048817721261307412e+01 5.146626818644953261e+01
5.503200000000000000e+04 9.425075317010477249e+01 1.289766610001765024e+01 4.852755237593608229e+01 6.145160000828643376e+01 1.907229695642826428e+01 4.811431256521017019e+01
5.503300000000000000e+04 1.081085605272329957e+02 1.289766610001765024e+01 4.635691561057997490e+01 5.783779005588061750e+01 1.791710107470335345e+01 4.493651624262341926e+01
5.503400000000000000e+04 9.089206357051141083e+01 1.289766610001765024e+01 4.449121030866137971e+01 5.444153484409849852e+01 1.691552365168480421e+01 4.197496903939745039e+01
5.503500000000000000e+04 7.992262723530285484e+01 1.289766610001765024e+01 4.268605305125313265e+01 5.124778554093656169e+01 1.596874529619285887e+01 3.921324167184678089e+01
5.503600000000000000e+04 9.912508979750020899e+01 1.289766610001765024e+01 4.107591155675017802e+01 4.820164681966459597e+01 1.512367877641758973e+01 3.660513883631880816e+01
5.503700000000000000e+04 6.498466442223374884e+01 1.289766610001765024e+01 3.958438375245158625e+01 4.528515497309459192e+01 1.434788638676704053e+01 3.413368129425988684e+01
5.503900000000000000e+04 9.893838483981076592e+01 1.289766610001765024e+01 3.647390761493713285e+01 3.982555341994360987e+01 1.282170619571031622e+01 2.957709128848392055e+01
5.504000000000000000e+04 4.948646585591120584e+01 1.289766610001765024e+01 3.496776421603059504e+01 3.733640186804824168e+01 1.210962883225882791e+01 2.752609987322931318e+01
5.504200000000000000e+04 6.982833176735961445e+01 1.289766610001765024e+01 3.215860625006342843e+01 3.280911883929572070e+01 1.081543224929825442e+01 2.384037119553533302e+01
5.504400000000000000e+04 6.412595612749403529e+01 1.289766610001765024e+01 2.950104945192546424e+01 2.951758877218997767e+01 9.643386980885679804e+00 2.114440456460600615e+01
5.504500000000000000e+04 3.561643536721125258e+01 1.289766610001765024e+01 2.816881006820356248e+01 2.806307376489692729e+01 9.080561577061848411e+00 1.996093162024107315e+01
5.504600000000000000e+04 5.480708732987492482e+01 1.289766610001765024e+01 2.679928165146347752e+01 2.676513051456502623e+01 8.521234229400151960e+00 1.890459847052198938e+01
5.504700000000000000e+04 7.685308390622648744e+01 1.289766610001765024e+01 2.537583156785726146e+01 2.556972702701721190e+01 7.960046289989414880e+00 1.793485798345880156e+01
5.504800000000000000e+04 5.763661386161362543e+01 1.289766610001765024e+01 2.393710858772125150e+01 2.438067103089070997e+01 7.409034476823465276e+00 1.698291378579737554e+01
5.505000000000000000e+04 3.029924440972331467e+01 1.289766610001765024e+01 2.085542687392474903e+01 2.203044225308687132e+01 6.288194800073795498e+00 1.513703604032353489e+01
5.505200000000000000e+04 4.370063492531540561e+01 1.289766610001765024e+01 1.758282205984203728e+01 1.994365706770598123e+01 5.167770414954748759e+00 1.351929031162281980e+01
5.505400000000000000e+04 4.025171388471047607e+01 1.289766610001765024e+01 1.450159027672975398e+01 1.802107942053011058e+01 4.157327640826142812e+00 1.205423372610709798e+01
5.505600000000000000e+04 5.425998907221696754e+01 1.289766610001765024e+01 1.184966983896007875e+01 1.613495701336918842e+01 3.315520380235053022e+00 1.065154278675018951e+01
5.505800000000000000e+04 1.388801528605089253e+01 1.289766610001765024e+01 9.624642523240055425e+00 1.421238038516661284e+01 2.629827455937498115e+00 9.261293096029330485e+00
5.506000000000000000e+04 3.189542722134519437e+01 1.289766610001765024e+01 7.715518606027266024e+00 1.221796249654338595e+01 2.059888564189253035e+00 7.860243500092245483e+00
5.506100000000000000e+04 1.651499661045572154e+01 1.289766610001765024e+01 6.879761165078902785e+00 1.117695186668630747e+01 1.815959130283463896e+00 7.145018133789109882e+00
5.506200000000000000e+04 9.476641877945123582e+00 1.289766610001765024e+01 6.118028352262324887e+00 1.016888023402720620e+01 1.596812745279095003e+00 6.459713018693435949e+00
5.506400000000000000e+04 2.355115746140616650e+01 1.289766610001765024e+01 4.786495401842763009e+00 8.283475324346090574e+00 1.221917543613490142e+00 5.196659551032679403e+00
5.506500000000000000e+04 -8.051702739276525023e-01 1.289766610001765024e+01 4.209732610092524752e+00 7.437960676513016622e+00 1.063036946060080368e+00 4.637421707408826421e+00
5.506700000000000000e+04 2.427361276848684213e+01 1.289766610001765024e+01 3.232813667823387416e+00 6.003093150368894015e+00 7.990344961129509649e-01 3.697168904581446203e+00
5.506800000000000000e+04 2.848639005686652936e+01 1.289766610001765024e+01 2.820570309070959070e+00 5.370107665024370647e+00 6.898283870746817481e-01 3.287284319921872644e+00
5.506900000000000000e+04 -3.913212262943587483e+00 1.289766610001765024e+01 2.450460844632999624e+00 4.787924934561483603e+00 5.930877954916861095e-01 2.913249123554294773e+00
5.507100000000000000e+04 8.860004390822227904e+00 1.289766610001765024e+01 1.832708821490577122e+00 3.775606026750606858e+00 4.345486239456022304e-01 2.269948912854329759e+00
5.507300000000000000e+04 1.987940764187315068e+01 1.289766610001765024e+01 1.359632192040693299e+00 2.944790827086645635e+00 3.159510589642119949e-01 1.749623211387704602e+00
5.507400000000000000e+04 1.562970405668290397e+01 1.289766610001765024e+01 1.168780735061588638e+00 2.585883001672048209e+00 2.689201451984696289e-01 1.527396929516862567e+00
5.507500000000000000e+04 -4.010188587106428670e+00 1.289766610001765024e+01 1.001125613371409928e+00 2.262807019307139011e+00 2.280935985444418612e-01 1.328796182575100682e+00
5.507800000000000000e+04 1.012842683980246683e+01 1.289766610001765024e+01 6.239294776413586430e-01 1.493995829306992151e+00 1.381047141620609098e-01 8.622854838433522406e-01
5.508000000000000000e+04 -2.200541174816939716e+01 1.289766610001765024e+01 4.534435521728174545e-01 1.113011830349370346e+00 9.849760017656127020e-02 6.351357169307066952e-01
5.508100000000000000e+04 7.481652993674445362e+00 1.289766610001765024e+01 3.865301618577452469e-01 9.572562999741685008e-01 8.318738014801362046e-02 5.431857799320026770e-01
5.508200000000000000e+04 6.436253478598917610e+00 1.289766610001765024e+01 3.290693279343052113e-01 8.214607423124854479e-01 7.017301316464903682e-02 4.635259803140082679e-01
5.508400000000000000e+04 1.374579767480581616e+01 1.289766610001765024e+01 2.381126860278759694e-01 6.023811252445719910e-01 4.986444254227592049e-02 3.361501814980870639e-01
5.508500000000000000e+04 5.080824288076143169e+00 1.289766610001765024e+01 2.024933147355613972e-01 5.137523190215372848e-01 4.202762805578161287e-02 2.851169981805523612e-01
5.508800000000000000e+04 -2.097662908825337347e+00 1.289766610001765024e+01 1.255727470239206833e-01 3.161907430740383829e-01 2.538464199561750803e-02 1.726308927025761164e-01
5.508900000000000000e+04 1.720495105306286243e+00 1.289766610001765024e+01 1.070619029941609485e-01 2.685749247539667706e-01 2.145658115601357940e-02 1.458457370371799289e-01
5.509000000000000000e+04 -8.631273628872477843e+00 1.289766610001765024e+01 9.128310048930984855e-02 2.279480712086069116e-01 1.813835800367798873e-02 1.231220002207015773e-01
5.509100000000000000e+04 1.138413090782543868e+01 1.289766610001765024e+01 7.785191425310805657e-02 1.935458383368721669e-01 1.533876746194622574e-02 1.039842251850170152e-01
5.509300000000000000e+04 9.244495688979391446e+00 1.289766610001765024e+01 5.652979444456113223e-02 1.390931188553201081e-01 1.095262713745783802e-02 7.394243732673441705e-02
5.509500000000000000e+04 1.724927586665834767e+01 1.289766610001765024e+01 4.108481581027809831e-02 9.986289771404407989e-02 7.830004347216196550e-03 5.253453506972701609e-02
5.509600000000000000e+04 1.430655537351552820e+00 1.289766610001765024e+01 3.500301951191903127e-02 8.475858665224163258e-02 6.616827885050855125e-03 4.435764426012227257e-02
5.509700000000000000e+04 -8.484367315017530942e+00 1.289766610001765024e+01 2.982576354028879106e-02 7.205920756595601828e-02 5.592785077591702451e-03 3.751715914299787180e-02
5.509800000000000000e+04 3.727025739936786319e+00 1.289766610001765024e+01 2.543223686462361965e-02 6.125948729592396030e-02 4.730874821351913062e-03 3.173080249452188417e-02
5.509900000000000000e+04 -3.919588865942930767e+00 1.289766610001765024e+01 2.166642782580004145e-02 5.204561966655543714e-02 3.998454947828823484e-03 2.682072644501697772e-02
5.510100000000000000e+04 -7.510272965484575458e+00 1.289766610001765024e+01 1.572698155992421909e-02 3.758573231956648109e-02 2.857113554350843541e-03 1.917345932743277914e-02
5.510400000000000000e+04 8.754538948305905066e+00 1.289766610001765024e+01 9.727941962771312692e-03 2.302639249682557343e-02 1.726894476100850886e-03 1.157105150594250030e-02
5.510700000000000000e+04 -4.179633409288258861e+01 1.289766610001765024e+01 5.978147878332009182e-03 1.411968502651495330e-02 1.037530654529236849e-03 6.990981346989627414e-03
5.510800000000000000e+04 -1.706049155884524771e+00 1.289766610001765024e+01 5.083787070688641774e-03 1.200222942176980452e-02 8.757902202812570909e-04 5.913593526689891328e-03
5.510900000000000000e+04 -1.219688438826088017e+01 1.289766610001765024e+01 4.320095460722854323e-03 1.019356108262110643e-02 7.387683124515371895e-04 4.998068684786028705e-03
5.511000000000000000e+04 -9.458151437647529525e-01 1.289766610001765024e+01 3.670426053184999444e-03 8.655929275893196884e-03 6.230988444615148105e-04 4.223640712351514441e-03
5.511100000000000000e+04 3.103021364202801280e+01 1.289766610001765024e+01 3.120185134164779259e-03 7.354567428093366534e-03 5.258591276927242816e-04 3.571391942938554210e-03
5.511400000000000000e+04 -2.632284376676287252e+01 1.289766610001765024e+01 1.915969966889310809e-03 4.509353200718347991e-03 3.160519228810185948e-04 2.158618095126063445e-03
