5.497500000000000000e+04 -4.213429534883163186e+00 1.269561608390303675e+01 9.676860811788584593e-01 2.279498899048011058e-18 9.676860811788584593e-01 2.279498899048011058e-18
5.497600000000000000e+04 -1.106564811306662932e+01 1.269561608390303675e+01 2.014654457448330049e+00 2.279498854538347167e-18 2.014654457448330049e+00 2.279498854538347167e-18
5.497900000000000000e+04 -5.903207391795711523e+00 1.269561608390303675e+01 7.421511495175619366e+00 2.279498669079372028e-18 7.421511495175619366e+00 2.279498669079372028e-18
5.498000000000000000e+04 1.688030228691782142e+01 1.269561608390303675e+01 1.010928248076253944e+01 2.279498584667664851e-18 1.010928248076253944e+01 2.279498584667664851e-18
5.498100000000000000e+04 3.863127350444642616e+01 1.269561608390303675e+01 1.326427468792255127e+01 2.279498485609617514e-18 1.326427468792255127e+01 2.279498485609617514e-18
5.498200000000000000e+04 1.345968699219255171e+01 1.269561608390303675e+01 1.681188057541250913e+01 2.279498369363932715e-18 1.681188057541250913e+01 2.279498369363932715e-18
5.498400000000000000e+04 2.657836858222800913e+01 1.269561608390303675e+01 2.504964300095078400e+01 2.279498072863251428e-18 2.504964300095078400e+01 2.279498072863251428e-18
5.498500000000000000e+04 3.554563960275100243e+01 1.269561608390303675e+01 2.982457128805857849e+01 2.279497885001649794e-18 2.982457128805857849e+01 2.279497885001649794e-18
5.498700000000000000e+04 3.470972872772448881e+01 1.269561608390303675e+01 4.097582893337165899e+01 2.279497405834730840e-18 4.097582893337165899e+01 2.279497405834730840e-18
5.499000000000000000e+04 4.688726816287393717e+01 1.269561608390303675e+01 6.053040193995693841e+01 2.279496327867838250e-18 6.053040193995693841e+01 2.279496327867838250e-18
5.499200000000000000e+04 9.064052458393700817e+01 1.269561608390303675e+01 7.440742163840896239e+01 2.279495261463979831e-18 7.440742163840896239e+01 2.279495261463979831e-18
5.499300000000000000e+04 9.027010699388418402e+01 1.269561608390303675e+01 8.115791156796579742e+01 7.387410742324164448e-03 8.115791156796579742e+01 7.387410742324164448e-03
5.499400000000000000e+04 8.950283424786762509e+01 1.269561608390303675e+01 8.659722275531558466e+01 3.875042658400934537e-01 8.659722275531558466e+01 3.875042658400934537e-01
5.499600000000000000e+04 8.759121330671766259e+01 1.269561608390303675e+01 9.298895886639343189e+01 2.518318071810412118e+00 9.298895886639343189e+01 2.518318071810412118e+00
5.499700000000000000e+04 9.544263817655178173e+01 1.269561608390303675e+01 1.018426059692171179e+02 4.302310410807026031e+00 9.534931745081652821e+01 4.302310410807026031e+00
5.499800000000000000e+04 1.174865052398281335e+02 1.269561608390303675e+01 1.105031707118522633e+02 6.537636875244362322e+00 9.725679520493949326e+01 6.537636875244362322e+00
5.500000000000000000e+04 1.359359410180030068e+02 1.269561608390303675e+01 1.265099477829001842e+02 1.263660310095317385e+01 9.942624000542298290e+01 1.263660310095317385e+01
5.500200000000000000e+04 1.660119895587676808e+02 1.269561608390303675e+01 1.399829475344928369e+02 2.101485071926563819e+01 9.937735874946248771e+01 2.101485071926563819e+01
5.500300000000000000e+04 1.730576674836770508e+02 1.269561608390303675e+01 1.451435020923561012e+02 2.589679503310846798e+01 9.828909195663038645e+01 2.589679503310846798e+01
5.500400000000000000e+04 1.824794346920285477e+02 1.269561608390303675e+01 1.491321943394705443e+02 3.131205375118847201e+01 9.653818898204983157e+01 3.131205375118847201e+01
5.500500000000000000e+04 1.941958661820704890e+02 1.269561608390303675e+01 1.522183964800190665e+02 3.728071411007321956e+01 9.437559456880096320e+01 3.728071411007321956e+01
5.500900000000000000e+04 2.194842125907291006e+02 1.269561608390303675e+01 1.556340246465361190e+02 6.746366186135364273e+01 8.255133116561614770e+01 6.746366186135364273e+01
5.501200000000000000e+04 2.401914760173930858e+02 1.269561608390303675e+01 1.492520254925862560e+02 9.300927704801119944e+01 7.142612246008147281e+01 9.300927704801119944e+01
5.501300000000000000e+04 2.262907361037512715e+02 1.269561608390303675e+01 1.459795685051935550e+02 1.014473894599572503e+02 6.765517379857884350e+01 1.014473894599572503e+02
5.501400000000000000e+04 2.574975665365892610e+02 1.269561608390303675e+01 1.416029145054851313e+02 1.082465284441444737e+02 6.361888512242121152e+01 1.082465284441444737e+02
5.501600000000000000e+04 2.533010316487084310e+02 1.269561608390303675e+01 1.309431348506687414e+02 1.204439489716960878e+02 5.543739832797152900e+01 1.162361985829917899e+02
5.501700000000000000e+04 2.501904888030952918e+02 1.269561608390303675e+01 1.266332752071787695e+02 1.256584817354948314e+02 5.211031447560955598e+01 1.191866468135206389e+02
5.501800000000000000e+04 2.375605939830248019e+02 1.269561608390303675e+01 1.229695955038530997e+02 1.303727339722213969e+02 4.922327896239417555e+01 1.215709940061743595e+02
5.501900000000000000e+04 2.432392410266762113e+02 1.269561608390303675e+01 1.194954801246304612e+02 1.344168415534302881e+02 4.656333247267679099e+01 1.232616612135995240e+02
5.502000000000000000e+04 2.568848739051558709e+02 1.269561608390303675e+01 1.156611707788380699e+02 1.377799120875149299e+02 4.390417961541074021e+01 1.242828000067787144e+02
5.502100000000000000e+04 2.673841851364349509e+02 1.269561608390303675e+01 1.112700718191038618e+02 1.404546463079515490e+02 4.117301454915962466e+01 1.246601990840077718e+02
5.502200000000000000e+04 2.599374137580081765e+02 1.269561608390303675e+01 1.066444115145370404e+02 1.422090003704808225e+02 3.849145005216814042e+01 1.242216984368281061e+02
5.502500000000000000e+04 2.306870051906755634e+02 1.269561608390303675e+01 9.332437811966158847e+01 1.414572193093115402e+02 3.137059333747742329e+01 1.179694932110012076e+02
5.502900000000000000e+04 2.033398262432519346e+02 1.269561608390303675e+01 7.683655083287507637e+01 1.312050219713511865e+02 2.366167303078713857e+01 1.031891639570201704e+02
5.503100000000000000e+04 2.075937399068393461e+02 1.269561608390303675e+01 6.932174759887634252e+01 1.227634552196028892e+02 2.048817721261307412e+01 9.387738412449559178e+01
5.503200000000000000e+04 1.687188776306427371e+02 1.269561608390303675e+01 6.582994017480780258e+01 1.183709414469700363e+02 1.907229695642826428e+01 8.928265307510184812e+01
5.503300000000000000e+04 1.805675976110012186e+02 1.269561608390303675e+01 6.306282065263337699e+01 1.136522350848876215e+02 1.791710107470335345e+01 8.456896724822354372e+01
5.503400000000000000e+04 1.610859484083359803e+02 1.269561608390303675e+01 6.068951575751473371e+01 1.083111519209221143e+02 1.691552365168480421e+01 7.952360640302650552e+01
5.503500000000000000e+04 1.469815257390849013e+02 1.269561608390303675e+01 5.838013592835147136e+01 1.023931067677427365e+02 1.596874529619285887e+01 7.419252718480018416e+01
5.503600000000000000e+04 1.629045563658349351e+02 1.269561608390303675e+01 5.632057976337910787e+01 9.689071292771224364e+01 1.512367877641758973e+01 6.929674790996440947e+01
5.503700000000000000e+04 1.270900526617885760e+02 1.269561608390303675e+01 5.440861996725928407e+01 9.225479798975726453e+01 1.434788638676704053e+01 6.513789309451193787e+01
5.503900000000000000e+04 1.571933298560997514e+02 1.269561608390303675e+01 5.036750844860882381e+01 8.454155052070380805e+01 1.282170619571031622e+01 5.820416559084598873e+01
5.504000000000000000e+04 1.066415321778649741e+02 1.269561608390303675e+01 4.839492066523916947e+01 8.070685817802880990e+01 1.210962883225882791e+01 5.488022451926343592e+01
5.504200000000000000e+04 1.219789637173338264e+02 1.269561608390303675e+01 4.469585531344996809e+01 7.249864617325869176e+01 1.081543224929825442e+01 4.811431256521017019e+01
5.504400000000000000e+04 1.109603761419595855e+02 1.269561608390303675e+01 4.116569034400478699e+01 6.476737722779027706e+01 9.643386980885679804e+00 4.197496903939745039e+01
5.504500000000000000e+04 8.030478452142497758e+01 1.269561608390303675e+01 3.938148750355953354e+01 6.121579157392001491e+01 9.080561577061848411e+00 3.921324167184678089e+01
5.504600000000000000e+04 9.656607991005050451e+01 1.269561608390303675e+01 3.753603678050766490e+01 5.780683525031466274e+01 8.521234229400151960e+00 3.660513883631880816e+01
5.504700000000000000e+04 1.156294798948504479e+02 1.269561608390303675e+01 3.560608305975165422e+01 5.452172913132132237e+01 7.960046289989414880e+00 3.413368129425988684e+01
5.504800000000000000e+04 9.417526870932536553e+01 1.269561608390303675e+01 3.364590736615071620e+01 5.135651247414427445e+01 7.409034476823465276e+00 3.179182399043226326e+01
5.505000000000000000e+04 6.248506154927908796e+01 1.269561608390303675e+01 2.941240235786517232e+01 4.546210655062554196e+01 6.288194800073795498e+00 2.752609987322931318e+01
5.505200000000000000e+04 7.119079195412301431e+01 1.269561608390303675e+01 2.487557966942617327e+01 4.023777850382453636e+01 5.167770414954748759e+00 2.384037119553533302e+01
5.505400000000000000e+04 6.463885769618522659e+01 1.269561608390303675e+01 2.057794035656124265e+01 3.645295346938075909e+01 4.157327640826142812e+00 2.114440456460600615e+01
5.505600000000000000e+04 7.600235309848578424e+01 1.269561608390303675e+01 1.686273665387547638e+01 3.327587422781280679e+01 3.315520380235053022e+00 1.890459847052198938e+01
5.505800000000000000e+04 3.444844107742768813e+01 1.269561608390303675e+01 1.373348494039680290e+01 3.050810632480640905e+01 2.629827455937498115e+00 1.698291378579737554e+01
5.506000000000000000e+04 5.055239387197266154e+01 1.269561608390303675e+01 1.103770688235169217e+01 2.774013224749691275e+01 2.059888564189253035e+00 1.513703604032353489e+01
5.506100000000000000e+04 3.481678502986514445e+01 1.269561608390303675e+01 9.854302220483216246e+00 2.648004727751212428e+01 1.815959130283463896e+00 1.430812518372081854e+01
5.506200000000000000e+04 2.733511742887562690e+01 1.269561608390303675e+01 8.773847310210515005e+00 2.526484973436072323e+01 1.596812745279095003e+00 1.351929031162281980e+01
5.506400000000000000e+04 4.016068093439064057e+01 1.269561608390303675e+01 6.880373304578839111e+00 2.296331524823402148e+01 1.221917543613490142e+00 1.205423372610709798e+01
5.506500000000000000e+04 1.562889455822158524e+01 1.269561608390303675e+01 6.058141251901791868e+00 2.182853496105955315e+01 1.063036946060080368e+00 1.135070197132731273e+01
5.506700000000000000e+04 3.895972542804829430e+01 1.269561608390303675e+01 4.662446188268678959e+00 1.949514836997032674e+01 7.990344961129509649e-01 9.950057862486769267e+00
5.506800000000000000e+04 4.236324294626810172e+01 1.269561608390303675e+01 4.072194934579261627e+00 1.831328096808840300e+01 6.898283870746817481e-01 9.261293096029330485e+00
5.506900000000000000e+04 9.676997767866762246e+00 1.269561608390303675e+01 3.541505153219504987e+00 1.711239389020407842e+01 5.930877954916861095e-01 8.575491801655763524e+00
5.507100000000000000e+04 2.037128885282049851e+01 1.269561608390303675e+01 2.654005720747765196e+00 1.451653334241933635e+01 4.345486239456022304e-01 7.145018133789109882e+00
5.507300000000000000e+04 2.932396071495977452e+01 1.269561608390303675e+01 1.972703626854850123e+00 1.202026435269804416e+01 3.159510589642119949e-01 5.812788022969217927e+00
5.507400000000000000e+04 2.422661237297660719e+01 1.269561608390303675e+01 1.697370172463700699e+00 1.084023182345416991e+01 2.689201451984696289e-01 5.196659551032679403e+00
5.507500000000000000e+04 4.052645808168834130e+00 1.269561608390303675e+01 1.455214349353684655e+00 9.757599014558911321e+00 2.280935985444418612e-01 4.637421707408826421e+00
5.507800000000000000e+04 1.588959554518457651e+01 1.269561608390303675e+01 9.093090589858411343e-01 7.095274476119371343e+00 1.381047141620609098e-01 3.287284319921872644e+00
5.508000000000000000e+04 -1.688986649519274152e+01 1.269561608390303675e+01 6.619432722265623514e-01 5.650789303712168810e+00 9.849760017656127020e-02 2.574860705236566183e+00
5.508100000000000000e+04 1.162914649863045824e+01 1.269561608390303675e+01 5.647175301347903131e-01 5.022715959472775715e+00 8.318738014801362046e-02 2.269948912854329759e+00
5.508200000000000000e+04 1.013677986345868476e+01 1.269561608390303675e+01 4.811482820647324798e-01 4.452712340210757347e+00 7.017301316464903682e-02 1.996015931598868809e+00
5.508400000000000000e+04 1.651443511009478371e+01 1.269561608390303675e+01 3.486920738096270234e-01 3.462608839214727841e+00 4.986444254227592049e-02 1.527396929516862567e+00
5.508500000000000000e+04 7.629389832294267038e+00 1.269561608390303675e+01 2.967528789390683208e-01 3.036432156802362226e+00 4.202762805578161287e-02 1.328796182575100682e+00
5.508800000000000000e+04 -2.979895322382208889e-01 1.269561608390303675e+01 1.844245010265603002e-01 2.017230660903138517e+00 2.538464199561750803e-02 8.622854838433522406e-01
5.508900000000000000e+04 3.228893374406386130e+00 1.269561608390303675e+01 1.573475465913943550e-01 1.747755597339562428e+00 2.145658115601357940e-02 7.413597443646077201e-01
5.509000000000000000e+04 -7.167211885897658341e+00 1.269561608390303675e+01 1.342492429284222466e-01 1.508828409140587024e+00 1.813835800367798873e-02 6.351357169307066952e-01
5.509100000000000000e+04 1.235344195642539233e+01 1.269561608390303675e+01 1.145729235570073085e-01 1.300223801423234793e+00 1.533876746194622574e-02 5.431857799320026770e-01
5.509300000000000000e+04 9.950080761087395587e+00 1.269561608390303675e+01 8.330239621936307015e-02 9.596618477214232668e-01 1.095262713745783802e-02 3.949388237052650075e-01
5.509500000000000000e+04 1.760406161906405487e+01 1.269561608390303675e+01 6.061911065571305712e-02 7.031270292130602506e-01 7.830004347216196550e-03 2.851169981805523612e-01
5.509600000000000000e+04 1.941344898572050059e+00 1.269561608390303675e+01 5.167742578224718275e-02 5.993095159304017150e-01 6.616827885050855125e-03 2.412484968723941914e-01
5.509700000000000000e+04 -7.897059448288467287e+00 1.269561608390303675e+01 4.406052011977518168e-02 5.106232988494704417e-01 5.592785077591702451e-03 2.040615828835353474e-01
5.509800000000000000e+04 4.055997283275618592e+00 1.269561608390303675e+01 3.759247750542656780e-02 4.350989019675728375e-01 4.730874821351913062e-03 1.726308927025761164e-01
5.509900000000000000e+04 -3.528469133020887938e+00 1.269561608390303675e+01 3.204481748838453048e-02 3.702294034688812241e-01 3.998454947828823484e-03 1.458457370371799289e-01
5.510100000000000000e+04 -7.154082284689170734e+00 1.269561608390303675e+01 2.328690402473654678e-02 2.677281845838633267e-01 2.857113554350843541e-03 1.039842251850170152e-01
5.510400000000000000e+04 8.763447278468147417e+00 1.269561608390303675e+01 1.442785796892738850e-02 1.638670243045542707e-01 1.726894476100850886e-03 6.233055317784489541e-02
5.510700000000000000e+04 -4.105180121201500043e+01 1.269561608390303675e+01 8.880328625181187902e-03 1.006697931284061820e-01 1.037530654529236849e-03 3.751715914299787180e-02
5.510800000000000000e+04 -1.602867973608727015e+00 1.269561608390303675e+01 7.555617388410459760e-03 8.571758985870144010e-02 8.757902202812570909e-04 3.173080249452188417e-02
5.510900000000000000e+04 -1.194073606984851565e+01 1.269561608390303675e+01 6.423812107259851273e-03 7.293896556722366531e-02 7.387683124515371895e-04 2.682072644501697772e-02
5.511000000000000000e+04 -8.756016870098293214e-01 1.269561608390303675e+01 5.460464413554038179e-03 6.206946108858608230e-02 6.230988444615148105e-04 2.267294750459748418e-02
5.511100000000000000e+04 3.059127568162152144e+01 1.269561608390303675e+01 4.644124886218293537e-03 5.283630186860651529e-02 5.258591276927242816e-04 1.917345932743277914e-02
5.511400000000000000e+04 -2.588143416526753171e+01 1.269561608390303675e+01 2.855781964768307722e-03 3.251465473169842108e-02 3.160519228810185948e-04 1.157105150594250030e-02
