5.497500000000000000e+04 -4.176820466342768157e+00 1.260591056219313799e+01 9.676860811788584593e-01 2.279498232948373031e-18 9.676860811788584593e-01 2.279498232948373031e-18
5.497600000000000000e+04 -1.097322444820020948e+01 1.260591056219313799e+01 2.014654457448330049e+00 2.279498072863251428e-18 2.014654457448330049e+00 2.279498072863251428e-18
5.497900000000000000e+04 -5.809056713995283339e+00 1.260591056219313799e+01 7.421511495175619366e+00 2.279497405834730840e-18 7.421511495175619366e+00 2.279497405834730840e-18
5.498000000000000000e+04 1.683245916845826429e+01 1.260591056219313799e+01 1.010928248076253944e+01 2.279497102236597885e-18 1.010928248076253944e+01 2.279497102236597885e-18
5.498100000000000000e+04 3.845203369063889909e+01 1.260591056219313799e+01 1.326427468792255127e+01 2.279496745960992233e-18 1.326427468792255127e+01 2.279496745960992233e-18
5.498200000000000000e+04 1.348337314277145893e+01 1.260591056219313799e+01 1.681188057541250913e+01 2.279496327867838250e-18 1.681188057541250913e+01 2.279496327867838250e-18
5.498400000000000000e+04 2.656756681215923876e+01 1.260591056219313799e+01 2.504964300095078400e+01 2.279495261463979831e-18 2.504964300095078400e+01 2.279495261463979831e-18
5.498500000000000000e+04 3.551260271155194914e+01 1.260591056219313799e+01 2.982457128805857849e+01 7.387410742324164448e-03 2.982457128805857849e+01 7.387410742324164448e-03
5.498700000000000000e+04 3.596361175343263739e+01 1.260591056219313799e+01 4.097582893337165899e+01 1.209607601473573046e+00 4.097582893337165899e+01 1.209607601473573046e+00
5.499000000000000000e+04 5.352130559285648559e+01 1.260591056219313799e+01 6.053040193995693841e+01 6.537636875244362322e+00 6.053040193995693841e+01 6.537636875244362322e+00
5.499200000000000000e+04 1.031624267551302268e+02 1.260591056219313799e+01 7.440742163840896239e+01 1.263660310095317385e+01 7.440742163840896239e+01 1.263660310095317385e+01
5.499300000000000000e+04 1.067787295898881865e+02 1.260591056219313799e+01 8.115791156796579742e+01 1.658034335990318908e+01 8.115791156796579742e+01 1.658034335990318908e+01
5.499400000000000000e+04 1.101123880931203445e+02 1.260591056219313799e+01 8.659722275531558466e+01 2.101485071926563819e+01 8.659722275531558466e+01 2.101485071926563819e+01
5.499600000000000000e+04 1.164408828307597616e+02 1.260591056219313799e+01 9.298895886639343189e+01 3.131205375118847201e+01 9.298895886639343189e+01 3.131205375118847201e+01
5.499700000000000000e+04 1.260938599394626891e+02 1.260591056219313799e+01 9.943980316945653897e+01 3.728071411007321956e+01 9.534931745081652821e+01 3.728071411007321956e+01
5.499800000000000000e+04 1.499170722116600700e+02 1.260591056219313799e+01 1.056014282335233219e+02 4.387309556528447985e+01 9.725679520493949326e+01 4.387309556528447985e+01
5.500000000000000000e+04 1.725196695496591417e+02 1.260591056219313799e+01 1.164877827903535632e+02 5.921981088614808897e+01 9.942624000542298290e+01 5.921981088614808897e+01
5.500200000000000000e+04 2.055988550177988543e+02 1.260591056219313799e+01 1.249570908915741256e+02 7.566300242494617123e+01 9.937735874946248771e+01 7.566300242494617123e+01
5.500300000000000000e+04 2.139826003326927548e+02 1.260591056219313799e+01 1.278053062712065042e+02 8.417417817184538364e+01 9.828909195663038645e+01 8.417417817184538364e+01
5.500400000000000000e+04 2.247001787343121180e+02 1.260591056219313799e+01 1.296700954406893516e+02 9.300927704801119944e+01 9.653818898204983157e+01 9.300927704801119944e+01
5.500500000000000000e+04 2.369249700382235062e+02 1.260591056219313799e+01 1.308140116318149921e+02 1.014473894599572503e+02 9.437559456880096320e+01 1.014473894599572503e+02
5.500900000000000000e+04 2.477287571858021238e+02 1.260591056219313799e+01 1.285902085566802668e+02 1.227264902238822089e+02 8.255133116561614770e+01 1.191866468135206389e+02
5.501200000000000000e+04 2.500630098374613794e+02 1.260591056219313799e+01 1.204530129166813879e+02 1.316651983271813720e+02 7.142612246008147281e+01 1.242828000067787144e+02
5.501300000000000000e+04 2.293083667798878480e+02 1.260591056219313799e+01 1.169960920498823924e+02 1.332991508805295098e+02 6.765517379857884350e+01 1.246601990840077718e+02
5.501400000000000000e+04 2.543995281377191873e+02 1.260591056219313799e+01 1.127453882139548682e+02 1.340600569530248833e+02 6.361888512242121152e+01 1.242216984368281061e+02
5.501600000000000000e+04 2.375224473349829282e+02 1.260591056219313799e+01 1.030026860933710964e+02 1.326193371140909392e+02 5.543739832797152900e+01 1.206727362275622966e+02
5.501700000000000000e+04 2.277864469478373906e+02 1.260591056219313799e+01 9.905649678668619629e+01 1.308163710216792595e+02 5.211031447560955598e+01 1.179694932110012076e+02
5.501800000000000000e+04 2.085767242991474006e+02 1.260591056219313799e+01 9.568020964710179044e+01 1.285667385172596937e+02 4.922327896239417555e+01 1.149148538767069141e+02
5.501900000000000000e+04 2.077495269169289713e+02 1.260591056219313799e+01 9.250737262346697776e+01 1.258398203874310468e+02 4.656333247267679099e+01 1.114909368188455971e+02
5.502000000000000000e+04 2.150178942103269435e+02 1.260591056219313799e+01 8.910792294743765751e+01 1.224905135900100674e+02 4.390417961541074021e+01 1.075799346478219434e+02
5.502100000000000000e+04 2.193926467720334017e+02 1.260591056219313799e+01 8.533107265313331879e+01 1.185127548046376944e+02 4.117301454915962466e+01 1.031891639570201704e+02
5.502200000000000000e+04 2.065705167902020207e+02 1.260591056219313799e+01 8.142481344035648760e+01 1.141400195485485796e+02 3.849145005216814042e+01 9.853247543900947392e+01
5.502500000000000000e+04 1.668094780979251084e+02 1.260591056219313799e+01 7.039874850863309064e+01 1.004763899876143967e+02 3.137059333747742329e+01 8.456896724822354372e+01
5.502900000000000000e+04 1.324607702426754088e+02 1.260591056219313799e+01 5.715950354047249959e+01 7.996979135213230450e+01 2.366167303078713857e+01 6.513789309451193787e+01
5.503100000000000000e+04 1.392598277157684379e+02 1.260591056219313799e+01 5.125117529735160815e+01 7.260969657458038284e+01 2.048817721261307412e+01 5.820416559084598873e+01
5.503200000000000000e+04 1.021613364605376120e+02 1.260591056219313799e+01 4.852755237593608229e+01 6.900639431052184136e+01 1.907229695642826428e+01 5.488022451926343592e+01
5.503300000000000000e+04 1.154054376122093544e+02 1.260591056219313799e+01 4.635691561057997490e+01 6.522320167268750879e+01 1.791710107470335345e+01 5.146626818644953261e+01
5.503400000000000000e+04 9.808401539243359935e+01 1.260591056219313799e+01 4.449121030866137971e+01 6.145160000828643376e+01 1.691552365168480421e+01 4.811431256521017019e+01
5.503500000000000000e+04 8.682957657369800586e+01 1.260591056219313799e+01 4.268605305125313265e+01 5.783779005588061750e+01 1.596874529619285887e+01 4.493651624262341926e+01
5.503600000000000000e+04 1.051422187736130525e+02 1.260591056219313799e+01 4.107591155675017802e+01 5.444153484409849852e+01 1.512367877641758973e+01 4.197496903939745039e+01
5.503700000000000000e+04 7.139710677400208283e+01 1.260591056219313799e+01 3.958438375245158625e+01 5.124778554093656169e+01 1.434788638676704053e+01 3.921324167184678089e+01
5.503900000000000000e+04 1.038858758033980365e+02 1.260591056219313799e+01 3.647390761493713285e+01 4.528515497309459192e+01 1.282170619571031622e+01 3.413368129425988684e+01
5.504000000000000000e+04 5.515917058892657110e+01 1.260591056219313799e+01 3.496776421603059504e+01 4.249295194561175748e+01 1.210962883225882791e+01 3.179182399043226326e+01
5.504200000000000000e+04 7.424566397985620370e+01 1.260591056219313799e+01 3.215860625006342843e+01 3.733640186804824168e+01 1.081543224929825442e+01 2.752609987322931318e+01
5.504400000000000000e+04 6.730195457281752169e+01 1.260591056219313799e+01 2.950104945192546424e+01 3.280911883929572070e+01 9.643386980885679804e+00 2.384037119553533302e+01
5.504500000000000000e+04 3.906331680852399302e+01 1.260591056219313799e+01 2.816881006820356248e+01 3.104361724955790081e+01 9.080561577061848411e+00 2.239637634337918826e+01
5.504600000000000000e+04 5.753143527994829043e+01 1.260591056219313799e+01 2.679928165146347752e+01 2.951758877218997767e+01 8.521234229400151960e+00 2.114440456460600615e+01
5.504700000000000000e+04 7.876038167041589588e+01 1.260591056219313799e+01 2.537583156785726146e+01 2.806307376489692729e+01 7.960046289989414880e+00 1.996093162024107315e+01
5.504800000000000000e+04 5.981027385060565393e+01 1.260591056219313799e+01 2.393710858772125150e+01 2.676513051456502623e+01 7.409034476823465276e+00 1.890459847052198938e+01
5.505000000000000000e+04 3.293419272013954924e+01 1.260591056219313799e+01 2.085542687392474903e+01 2.438067103089070997e+01 6.288194800073795498e+00 1.698291378579737554e+01
5.505200000000000000e+04 4.564775576123793854e+01 1.260591056219313799e+01 1.758282205984203728e+01 2.203044225308687132e+01 5.167770414954748759e+00 1.513703604032353489e+01
5.505400000000000000e+04 4.199945436163459078e+01 1.260591056219313799e+01 1.450159027672975398e+01 1.994365706770598123e+01 4.157327640826142812e+00 1.351929031162281980e+01
5.505600000000000000e+04 5.555174174019020938e+01 1.260591056219313799e+01 1.184966983896007875e+01 1.802107942053011058e+01 3.315520380235053022e+00 1.205423372610709798e+01
5.505800000000000000e+04 1.603564643552662972e+01 1.260591056219313799e+01 9.624642523240055425e+00 1.613495701336918842e+01 2.629827455937498115e+00 1.065154278675018951e+01
5.506000000000000000e+04 3.361925630760315187e+01 1.260591056219313799e+01 7.715518606027266024e+00 1.421238038516661284e+01 2.059888564189253035e+00 9.261293096029330485e+00
5.506100000000000000e+04 1.861776669174518517e+01 1.260591056219313799e+01 6.879761165078902785e+00 1.324484708765732854e+01 1.815959130283463896e+00 8.575491801655763524e+00
5.506200000000000000e+04 1.167977782822258703e+01 1.260591056219313799e+01 6.118028352262324887e+00 1.221796249654338595e+01 1.596812745279095003e+00 7.860243500092245483e+00
5.506400000000000000e+04 2.519946953202175166e+01 1.260591056219313799e+01 4.786495401842763009e+00 1.016888023402720620e+01 1.221917543613490142e+00 6.459713018693435949e+00
5.506500000000000000e+04 1.246600304852803376e+00 1.260591056219313799e+01 4.209732610092524752e+00 9.208037507185538928e+00 1.063036946060080368e+00 5.812788022969217927e+00
5.506700000000000000e+04 2.536831534128571874e+01 1.260591056219313799e+01 3.232813667823387416e+00 7.437960676513016622e+00 7.990344961129509649e-01 4.637421707408826421e+00
5.506800000000000000e+04 2.934541061530488903e+01 1.260591056219313799e+01 2.820570309070959070e+00 6.688233487029159541e+00 6.898283870746817481e-01 4.144400475293815944e+00
5.506900000000000000e+04 -2.445785967328829358e+00 1.260591056219313799e+01 2.450460844632999624e+00 6.003093150368894015e+00 5.930877954916861095e-01 3.697168904581446203e+00
5.507100000000000000e+04 9.798767476674527188e+00 1.260591056219313799e+01 1.832708821490577122e+00 4.787924934561483603e+00 4.345486239456022304e-01 2.913249123554294773e+00
5.507300000000000000e+04 2.035790421427698504e+01 1.260591056219313799e+01 1.359632192040693299e+00 3.775606026750606858e+00 3.159510589642119949e-01 2.269948912854329759e+00
5.507400000000000000e+04 1.611493198817517225e+01 1.260591056219313799e+01 1.168780735061588638e+00 3.339733856751227581e+00 2.689201451984696289e-01 1.996015931598868809e+00
5.507500000000000000e+04 -3.163658330983360578e+00 1.260591056219313799e+01 1.001125613371409928e+00 2.944790827086645635e+00 2.280935985444418612e-01 1.749623211387704602e+00
5.507800000000000000e+04 1.042847239262008330e+01 1.260591056219313799e+01 6.239294776413586430e-01 1.975245342968248607e+00 1.381047141620609098e-01 1.153225912522330976e+00
5.508000000000000000e+04 -2.109121323435986639e+01 1.260591056219313799e+01 4.534435521728174545e-01 1.493995829306992151e+00 9.849760017656127020e-02 8.622854838433522406e-01
5.508100000000000000e+04 7.677372591059087092e+00 1.260591056219313799e+01 3.865301618577452469e-01 1.291819354555328925e+00 8.318738014801362046e-02 7.413597443646077201e-01
5.508200000000000000e+04 6.608237269433615779e+00 1.260591056219313799e+01 3.290693279343052113e-01 1.113011830349370346e+00 7.017301316464903682e-02 6.351357169307066952e-01
5.508400000000000000e+04 1.367294898172087159e+01 1.260591056219313799e+01 2.381126860278759694e-01 8.214607423124854479e-01 4.986444254227592049e-02 4.635259803140082679e-01
5.508500000000000000e+04 5.172162181723005681e+00 1.260591056219313799e+01 2.024933147355613972e-01 7.038204777251526600e-01 4.202762805578161287e-02 3.949388237052650075e-01
5.508800000000000000e+04 -1.919315766118260047e+00 1.260591056219313799e+01 1.255727470239206833e-01 4.370940266334037982e-01 2.538464199561750803e-02 2.412484968723941914e-01
5.508900000000000000e+04 1.793237394661912454e+00 1.260591056219313799e+01 1.070619029941609485e-01 3.717389855389363063e-01 2.145658115601357940e-02 2.040615828835353474e-01
5.509000000000000000e+04 -8.340563369333358068e+00 1.260591056219313799e+01 9.128310048930984855e-02 3.161907430740383829e-01 1.813835800367798873e-02 1.726308927025761164e-01
5.509100000000000000e+04 1.120778106930652740e+01 1.260591056219313799e+01 7.785191425310805657e-02 2.685749247539667706e-01 1.533876746194622574e-02 1.458457370371799289e-01
5.509300000000000000e+04 9.094255658400500764e+00 1.260591056219313799e+01 5.652979444456113223e-02 1.935458383368721669e-01 1.095262713745783802e-02 1.039842251850170152e-01
5.509500000000000000e+04 1.690150200172012518e+01 1.260591056219313799e+01 4.108481581027809831e-02 1.390931188553201081e-01 7.830004347216196550e-03 7.394243732673441705e-02
5.509600000000000000e+04 1.434110556048597829e+00 1.260591056219313799e+01 3.500301951191903127e-02 1.178670760593047012e-01 6.616827885050855125e-03 6.233055317784489541e-02
5.509700000000000000e+04 -8.262335720827829633e+00 1.260591056219313799e+01 2.982576354028879106e-02 9.986289771404407989e-02 5.592785077591702451e-03 5.253453506972701609e-02
5.509800000000000000e+04 3.668177568058332838e+00 1.260591056219313799e+01 2.543223686462361965e-02 8.475858665224163258e-02 4.730874821351913062e-03 4.435764426012227257e-02
5.509900000000000000e+04 -3.809243612867856843e+00 1.260591056219313799e+01 2.166642782580004145e-02 7.205920756595601828e-02 3.998454947828823484e-03 3.751715914299787180e-02
5.510100000000000000e+04 -7.324718711866030851e+00 1.260591056219313799e+01 1.572698155992421909e-02 5.204561966655543714e-02 2.857113554350843541e-03 2.682072644501697772e-02
5.510400000000000000e+04 8.566147781773254977e+00 1.260591056219313799e+01 9.727941962771312692e-03 3.192897981618363773e-02 1.726894476100850886e-03 1.620595869261173133e-02
5.510700000000000000e+04 -4.084495856192768315e+01 1.260591056219313799e+01 5.978147878332009182e-03 1.957403211749709007e-02 1.037530654529236849e-03 9.787505434020245254e-03
5.510800000000000000e+04 -1.662449561673529974e+00 1.260591056219313799e+01 5.083787070688641774e-03 1.662312585421901398e-02 8.757902202812570909e-04 8.271034856313568689e-03
5.510900000000000000e+04 -1.191672665958144606e+01 1.260591056219313799e+01 4.320095460722854323e-03 1.411968502651495330e-02 7.387683124515371895e-04 6.990981346989627414e-03
5.511000000000000000e+04 -9.207949154668890746e-01 1.260591056219313799e+01 3.670426053184999444e-03 1.200222942176980452e-02 6.230988444615148105e-04 5.913593526689891328e-03
5.511100000000000000e+04 3.033136129612618248e+01 1.260591056219313799e+01 3.120185134164779259e-03 1.019356108262110643e-02 5.258591276927242816e-04 4.998068684786028705e-03
5.511400000000000000e+04 -2.572551195242428079e+01 1.260591056219313799e+01 1.915969966889310809e-03 6.252011773487414770e-03 3.160519228810185948e-04 3.021463258016341639e-03
