5.497500000000000000e+04 -3.699343647959075998e+00 1.143591884141963710e+01 9.676860811788584593e-01 1.458878869086958948e-18 9.676860811788584593e-01 1.458878869086958948e-18
5.497600000000000000e+04 -9.767781119449995941e+00 1.143591884141963710e+01 2.014654457448330049e+00 1.458878766632481191e-18 2.014654457448330049e+00 1.458878766632481191e-18
5.497900000000000000e+04 -4.581088675551105105e+00 1.143591884141963710e+01 7.421511495175619366e+00 1.458878339734227992e-18 7.421511495175619366e+00 1.458878339734227992e-18
5.498000000000000000e+04 1.620846132053660682e+01 1.143591884141963710e+01 1.010928248076253944e+01 1.458878145431422993e-18 1.010928248076253944e+01 1.458878145431422993e-18
5.498100000000000000e+04 3.611428352553782872e+01 1.143591884141963710e+01 1.326427468792255127e+01 1.458877917415035206e-18 1.326427468792255127e+01 1.458877917415035206e-18
5.498200000000000000e+04 1.379230172984256697e+01 1.143591884141963710e+01 1.681188057541250913e+01 1.458877649835416619e-18 1.681188057541250913e+01 1.458877649835416619e-18
5.498400000000000000e+04 2.642668382848924580e+01 1.143591884141963710e+01 2.504964300095078400e+01 1.458876967336947338e-18 2.504964300095078400e+01 1.458876967336947338e-18
5.498500000000000000e+04 3.498270592665079448e+01 1.143591884141963710e+01 2.982457128805857849e+01 4.727942875087466634e-03 2.982457128805857849e+01 4.727942875087466634e-03
5.498700000000000000e+04 3.610561891644520216e+01 1.143591884141963710e+01 4.097582893337165899e+01 7.741488649430867675e-01 4.097582893337165899e+01 7.741488649430867675e-01
5.499000000000000000e+04 5.242506856312156316e+01 1.143591884141963710e+01 6.053040193995693841e+01 4.184087600156392028e+00 6.053040193995693841e+01 4.184087600156392028e+00
5.499200000000000000e+04 9.711725323158533740e+01 1.143591884141963710e+01 7.440742163840896239e+01 8.087425984610032259e+00 7.440742163840896239e+01 8.087425984610032259e+00
5.499300000000000000e+04 9.997073287614379922e+01 1.143591884141963710e+01 8.115791156796579742e+01 1.061141975033804385e+01 8.115791156796579742e+01 1.061141975033804385e+01
5.499400000000000000e+04 1.023149802636549879e+02 1.143591884141963710e+01 8.659722275531558466e+01 1.344950446033000979e+01 8.659722275531558466e+01 1.344950446033000979e+01
5.499600000000000000e+04 1.058980652970555951e+02 1.143591884141963710e+01 9.298895886639343189e+01 2.003971440076062649e+01 9.298895886639343189e+01 2.003971440076062649e+01
5.499700000000000000e+04 1.149367751081810525e+02 1.143591884141963710e+01 1.007174840232974731e+02 2.385965703044686492e+01 9.534931745081652821e+01 2.385965703044686492e+01
5.499800000000000000e+04 1.366881656968460277e+02 1.143591884141963710e+01 1.082079103450156765e+02 2.807878116178207151e+01 9.725679520493949326e+01 2.807878116178207151e+01
5.500000000000000000e+04 1.568256647309649452e+02 1.143591884141963710e+01 1.218170292546442397e+02 3.790067896713478035e+01 9.942624000542298290e+01 3.790067896713478035e+01
5.500200000000000000e+04 1.858880202376774378e+02 1.143591884141963710e+01 1.329470305350309332e+02 4.842432155196556209e+01 9.937735874946248771e+01 4.842432155196556209e+01
5.500300000000000000e+04 1.927134979255727956e+02 1.143591884141963710e+01 1.370248230967384302e+02 5.387147402998105150e+01 9.828909195663038645e+01 5.387147402998105150e+01
5.500400000000000000e+04 2.013781758710285033e+02 1.143591884141963710e+01 1.400189892995651064e+02 5.952593731072717276e+01 9.653818898204983157e+01 5.952593731072717276e+01
5.500500000000000000e+04 2.113527669557842614e+02 1.143591884141963710e+01 1.421957083368124017e+02 6.492632925437264646e+01 9.437559456880096320e+01 6.492632925437264646e+01
5.500900000000000000e+04 2.224255282169608847e+02 1.143591884141963710e+01 1.429706504457306266e+02 8.270981192953630057e+01 8.255133116561614770e+01 7.627945396065322825e+01
5.501200000000000000e+04 2.268539247231345257e+02 1.143591884141963710e+01 1.357667735721228723e+02 9.295160325626984843e+01 7.142612246008147281e+01 7.954099200433840622e+01
5.501300000000000000e+04 2.088446688903561608e+02 1.143591884141963710e+01 1.324079406411986497e+02 9.547575055605254590e+01 6.765517379857884350e+01 7.978252741376498136e+01
5.501400000000000000e+04 2.323534282458632276e+02 1.143591884141963710e+01 1.280902633054828357e+02 9.737391119707334042e+01 6.361888512242121152e+01 7.950188699956999017e+01
5.501600000000000000e+04 2.185162850759772937e+02 1.143591884141963710e+01 1.178599088452674835e+02 9.893233606880470177e+01 5.543739832797152900e+01 7.723055118563988231e+01
5.501700000000000000e+04 2.106652379703224085e+02 1.143591884141963710e+01 1.137203392801227295e+02 9.883767268001388118e+01 5.211031447560955598e+01 7.550047565504078761e+01
5.501800000000000000e+04 1.943204593583638484e+02 1.143591884141963710e+01 1.101912322852155910e+02 9.834505126651680484e+01 4.922327896239417555e+01 7.354550648109243127e+01
5.501900000000000000e+04 1.946640148938786012e+02 1.143591884141963710e+01 1.068581916915459686e+02 9.741988866481274556e+01 4.656333247267679099e+01 7.135419956406119013e+01
5.502000000000000000e+04 2.022667986381453318e+02 1.143591884141963710e+01 1.032275071117537237e+02 9.593720380049607854e+01 4.390417961541074021e+01 6.885115817460605570e+01
5.502100000000000000e+04 2.071070938853248151e+02 1.143591884141963710e+01 9.912403252710180368e+01 9.387737380153869537e+01 4.117301454915962466e+01 6.604106493249292953e+01
5.502200000000000000e+04 1.962323613757985754e+02 1.143591884141963710e+01 9.483523463853184410e+01 9.141291289368841433e+01 3.849145005216814042e+01 6.306078428096606103e+01
5.502500000000000000e+04 1.619220634798668925e+02 1.143591884141963710e+01 8.258936107957680406e+01 8.302101687171207800e+01 3.137059333747742329e+01 5.412413903886307764e+01
5.502900000000000000e+04 1.320188388170149949e+02 1.143591884141963710e+01 6.762269535468655590e+01 6.863136857695681670e+01 2.366167303078713857e+01 4.168825158048764479e+01
5.503100000000000000e+04 1.382491225945903750e+02 1.143591884141963710e+01 6.086013041006714985e+01 6.341925882778580359e+01 2.048817721261307412e+01 3.725066597814144131e+01
5.503200000000000000e+04 1.045666540683754988e+02 1.143591884141963710e+01 5.772802842771708498e+01 6.078445859394387440e+01 1.907229695642826428e+01 3.512334369232860354e+01
5.503300000000000000e+04 1.166392799458928948e+02 1.143591884141963710e+01 5.524021432341789506e+01 5.792878455008564487e+01 1.791710107470335345e+01 3.293841163932770399e+01
5.503400000000000000e+04 1.009964163143740734e+02 1.143591884141963710e+01 5.310459495209928349e+01 5.502121836257123277e+01 1.691552365168480421e+01 3.079316004173451304e+01
5.503500000000000000e+04 9.080343938687471450e+01 1.143591884141963710e+01 5.103131934304351347e+01 5.219538133039184657e+01 1.596874529619285887e+01 2.875937039527899231e+01
5.503600000000000000e+04 1.074239877378351053e+02 1.143591884141963710e+01 4.918220338091001054e+01 4.951031548135009075e+01 1.512367877641758973e+01 2.686398018521436981e+01
5.503700000000000000e+04 7.679388921482473052e+01 1.143591884141963710e+01 4.746711253334140679e+01 4.695801375500321484e+01 1.434788638676704053e+01 2.509647466998194432e+01
5.503900000000000000e+04 1.060378733105793714e+02 1.143591884141963710e+01 4.386177472490541618e+01 4.210294013339333929e+01 1.282170619571031622e+01 2.184555602832633170e+01
5.504000000000000000e+04 6.166199687485722336e+01 1.143591884141963710e+01 4.210760137553040039e+01 3.978606888377041173e+01 1.210962883225882791e+01 2.034676735387665047e+01
5.504200000000000000e+04 7.857273377828013849e+01 1.143591884141963710e+01 3.882523868853088089e+01 3.543776160319239210e+01 1.081543224929825442e+01 1.761670391886676512e+01
5.504400000000000000e+04 7.178231635653673948e+01 1.143591884141963710e+01 3.570367595803113403e+01 3.155015651720189851e+01 9.643386980885679804e+00 1.525783756514261391e+01
5.504500000000000000e+04 4.589405634921803312e+01 1.143591884141963710e+01 3.413110679970237271e+01 3.004196171397661175e+01 9.080561577061848411e+00 1.433368085976268347e+01
5.504600000000000000e+04 6.235320388561946459e+01 1.143591884141963710e+01 3.250850858516157871e+01 2.874285778894282473e+01 8.521234229400151960e+00 1.353241892134784763e+01
5.504700000000000000e+04 8.128011207649872460e+01 1.143591884141963710e+01 3.081572720243602603e+01 2.749306940154932377e+01 7.960046289989414880e+00 1.277499623695428888e+01
5.504800000000000000e+04 6.374053057921575061e+01 1.143591884141963710e+01 2.909972381117184170e+01 2.637811557467650658e+01 7.409034476823465276e+00 1.209894302113407427e+01
5.505000000000000000e+04 3.855301210203470674e+01 1.143591884141963710e+01 2.540556463125815156e+01 2.430757656995663751e+01 6.288194800073795498e+00 1.086906482291032106e+01
5.505200000000000000e+04 4.914515753555252786e+01 1.143591884141963710e+01 2.146071697922408106e+01 2.221002804866927249e+01 5.167770414954748759e+00 9.687703065807063751e+00
5.505400000000000000e+04 4.490837392746781376e+01 1.143591884141963710e+01 1.773266531917983002e+01 2.032262981372139521e+01 4.157327640826142812e+00 8.652345799438604601e+00
5.505600000000000000e+04 5.636668863837658705e+01 1.143591884141963710e+01 1.451534822466905972e+01 1.855387655122405022e+01 3.315520380235053022e+00 7.714709584708543844e+00
5.505800000000000000e+04 1.976602817383371047e+01 1.143591884141963710e+01 1.180950317363293145e+01 1.677796934831972209e+01 2.629827455937498115e+00 6.816987383520122457e+00
5.506000000000000000e+04 3.500952973066740981e+01 1.143591884141963710e+01 9.482079038675969684e+00 1.492120271356431793e+01 2.059888564189253035e+00 5.927227581458772931e+00
5.506100000000000000e+04 2.106497961783567874e+01 1.143591884141963710e+01 8.461461567555799590e+00 1.397050520391344186e+01 1.815959130283463896e+00 5.488314753059690076e+00
5.506200000000000000e+04 1.443845778615188280e+01 1.143591884141963710e+01 7.530249544187156197e+00 1.294663850997593890e+01 1.596812745279095003e+00 5.030555840059037109e+00
5.506400000000000000e+04 2.606537812003449162e+01 1.143591884141963710e+01 5.899906667583375786e+00 1.087216210979840092e+01 1.221917543613490142e+00 4.134216331963799895e+00
5.506500000000000000e+04 4.038966851391263546e+00 1.143591884141963710e+01 5.192616570419675170e+00 9.887877943199926634e+00 1.063036946060080368e+00 3.720184334700300077e+00
5.506700000000000000e+04 2.538174678083571933e+01 1.143591884141963710e+01 3.993015087425249465e+00 8.055312803890110729e+00 7.990344961129509649e-01 2.967949892741649442e+00
5.506800000000000000e+04 2.875508558940808257e+01 1.143591884141963710e+01 3.486116736920612524e+00 7.273455989344450145e+00 6.898283870746817481e-01 2.652416304188042862e+00
5.506900000000000000e+04 -3.020698731473920873e-01 1.143591884141963710e+01 3.030619326182967477e+00 6.555050890471668446e+00 5.930877954916861095e-01 2.366188098932125783e+00
5.507100000000000000e+04 1.042254308415750863e+01 1.143591884141963710e+01 2.269430188555907613e+00 5.269951134544777815e+00 4.345486239456022304e-01 1.864479439074748779e+00
5.507300000000000000e+04 1.968332829147887963e+01 1.143591884141963710e+01 1.685630494679967395e+00 4.187892307894514055e+00 3.159510589642119949e-01 1.452767304226771250e+00
5.507400000000000000e+04 1.569744968474748248e+01 1.143591884141963710e+01 1.449856070823029031e+00 3.718402031166712529e+00 2.689201451984696289e-01 1.277450196223276269e+00
5.507500000000000000e+04 -1.916269381691239282e+00 1.143591884141963710e+01 1.242585496790556077e+00 3.290859299806288885e+00 2.280935985444418612e-01 1.119758855288131238e+00
5.507800000000000000e+04 1.010963317198971723e+01 1.143591884141963710e+01 7.756789375626312877e-01 2.231316850392007556e+00 1.381047141620609098e-01 7.380645840142919800e-01
5.508000000000000000e+04 -1.863664887088837219e+01 1.143591884141963710e+01 5.643124509315549098e-01 1.699406028126220436e+00 9.849760017656127020e-02 5.518627096597454873e-01
5.508100000000000000e+04 7.397932905753195953e+00 1.143591884141963710e+01 4.812805878463328191e-01 1.474416259592332024e+00 8.318738014801362046e-02 4.744702363933489542e-01
5.508200000000000000e+04 6.371186835814558691e+00 1.143591884141963710e+01 4.099367083052468108e-01 1.274580194565071434e+00 7.017301316464903682e-02 4.064868588356523871e-01
5.508400000000000000e+04 1.268647244478067648e+01 1.143591884141963710e+01 2.969128366737277536e-01 9.468686233384012718e-01 4.986444254227592049e-02 2.966566274009653781e-01
5.508500000000000000e+04 4.936402540542135675e+00 1.143591884141963710e+01 2.526154639548865433e-01 8.138646518070929980e-01 4.202762805578161287e-02 2.527608471713695959e-01
5.508800000000000000e+04 -1.584590188487610352e+00 1.143591884141963710e+01 1.568669336761179534e-01 5.101653013540896620e-01 2.538464199561750803e-02 1.543990379983322947e-01
5.508900000000000000e+04 1.761437297634267818e+00 1.143591884141963710e+01 1.338010944307850836e-01 4.351964240913950843e-01 2.145658115601357940e-02 1.305994130454626312e-01
5.509000000000000000e+04 -7.450706249052356789e+00 1.143591884141963710e+01 1.141301762307426332e-01 3.712696651761516198e-01 1.813835800367798873e-02 1.104837713296487195e-01
5.509100000000000000e+04 1.026694498994080007e+01 1.143591884141963710e+01 9.737816523216560882e-02 3.162868991683098763e-01 1.533876746194622574e-02 9.334127170379516447e-02
5.509300000000000000e+04 8.323336079223910389e+00 1.143591884141963710e+01 7.076601919782882222e-02 2.292444547166900548e-01 1.095262713745783802e-02 6.654990411841091302e-02
5.509500000000000000e+04 1.538651443692656962e+01 1.143591884141963710e+01 5.147209957729510788e-02 1.656736504557853040e-01 7.830004347216196550e-03 4.732315988911003218e-02
5.509600000000000000e+04 1.346971619380822771e+00 1.143591884141963710e+01 4.386956887788717036e-02 1.407772941853533966e-01 6.616827885050855125e-03 3.989155403382074055e-02
5.509700000000000000e+04 -7.456143640507793435e+00 1.143591884141963710e+01 3.739503886430139978e-02 1.195971806057766207e-01 5.592785077591702451e-03 3.362210244462529585e-02
5.509800000000000000e+04 3.361437759380459411e+00 1.143591884141963710e+01 3.189839657044741400e-02 1.017798567688898426e-01 4.730874821351913062e-03 2.838889232647826000e-02
5.509900000000000000e+04 -3.426779190531802133e+00 1.143591884141963710e+01 2.718509534479339115e-02 8.675888072409232432e-02 3.998454947828823484e-03 2.401098185151864448e-02
5.510100000000000000e+04 -6.623637521714425880e+00 1.143591884141963710e+01 1.974694033089585687e-02 6.298793964159347947e-02 2.857113554350843541e-03 1.716526492481086630e-02
5.510400000000000000e+04 7.784468550973849155e+00 1.143591884141963710e+01 1.222710364858446176e-02 3.893371375380859367e-02 1.726894476100850886e-03 1.037181356327150986e-02
5.510700000000000000e+04 -3.704563491333824743e+01 1.143591884141963710e+01 7.521370973878796495e-03 2.404187174804038943e-02 1.037530654529236849e-03 6.264003477772957240e-03
5.510800000000000000e+04 -1.500981190386294628e+00 1.143591884141963710e+01 6.398173033286751882e-03 2.046558397534689600e-02 8.757902202812570909e-04 5.293462308040685488e-03
5.510900000000000000e+04 -1.080456573380292085e+01 1.143591884141963710e+01 5.438738439436972306e-03 1.742398634213229366e-02 7.387683124515371895e-04 4.474228062073362308e-03
5.511000000000000000e+04 -8.300838764630115163e-01 1.143591884141963710e+01 4.622271847984409966e-03 1.484510671941659948e-02 6.230988444615148105e-04 3.784699857081531057e-03
5.511100000000000000e+04 2.752070743201603165e+01 1.143591884141963710e+01 3.930534049939267416e-03 1.263671701711821527e-02 5.258591276927242816e-04 3.198763958263059048e-03
5.511400000000000000e+04 -2.333504328683493867e+01 1.143591884141963710e+01 2.415711267348778172e-03 7.802239970204377650e-03 3.160519228810185948e-04 1.933736485130459161e-03
