5.497500000000000000e+04 -2.605405340431109273e+00 8.755372449288428172e+00 9.676860811788584593e-01 1.458878869086958948e-18 9.676860811788584593e-01 1.458878869086958948e-18
5.497600000000000000e+04 -7.006012203971010877e+00 8.755372449288428172e+00 2.014654457448330049e+00 1.458878766632481191e-18 2.014654457448330049e+00 1.458878766632481191e-18
5.497900000000000000e+04 -1.767713814293260022e+00 8.755372449288428172e+00 7.421511495175619366e+00 1.458878339734227992e-18 7.421511495175619366e+00 1.458878339734227992e-18
5.498000000000000000e+04 1.477883139218274167e+01 8.755372449288428172e+00 1.010928248076253944e+01 1.458878145431422993e-18 1.010928248076253944e+01 1.458878145431422993e-18
5.498100000000000000e+04 3.075830735963559093e+01 8.755372449288428172e+00 1.326427468792255127e+01 1.458877917415035206e-18 1.326427468792255127e+01 1.458877917415035206e-18
5.498200000000000000e+04 1.450008230195822634e+01 8.755372449288428172e+00 1.681188057541250913e+01 1.458877649835416619e-18 1.681188057541250913e+01 1.458877649835416619e-18
5.498400000000000000e+04 2.610390943027417521e+01 8.755372449288428172e+00 2.504964300095078400e+01 1.458876967336947338e-18 2.504964300095078400e+01 1.458876967336947338e-18
5.498500000000000000e+04 3.377476226100000645e+01 8.755372449288428172e+00 2.982457128805857849e+01 4.727942875087466634e-03 2.982457128805857849e+01 4.727942875087466634e-03
5.498700000000000000e+04 3.742864035849060400e+01 8.755372449288428172e+00 4.097582893337165899e+01 7.741488649430867675e-01 4.097582893337165899e+01 7.741488649430867675e-01
5.499000000000000000e+04 5.530567339409878969e+01 8.755372449288428172e+00 6.053040193995693841e+01 4.184087600156392028e+00 6.053040193995693841e+01 4.184087600156392028e+00
5.499200000000000000e+04 9.368980353192867483e+01 8.755372449288428172e+00 7.440742163840896239e+01 8.087425984610032259e+00 7.440742163840896239e+01 8.087425984610032259e+00
5.499300000000000000e+04 9.804834800605686951e+01 8.755372449288428172e+00 8.115791156796579742e+01 1.061141975033804385e+01 8.115791156796579742e+01 1.061141975033804385e+01
5.499400000000000000e+04 1.017833082914597469e+02 8.755372449288428172e+00 8.659722275531558466e+01 1.344950446033000979e+01 8.659722275531558466e+01 1.344950446033000979e+01
5.499600000000000000e+04 1.075694592386356021e+02 8.755372449288428172e+00 9.298895886639343189e+01 2.003971440076062649e+01 9.298895886639343189e+01 2.003971440076062649e+01
5.499700000000000000e+04 1.127722407506681321e+02 8.755372449288428172e+00 9.629327569357960215e+01 2.385965703044686492e+01 9.534931745081652821e+01 2.385965703044686492e+01
5.499800000000000000e+04 1.275686307096410133e+02 8.755372449288428172e+00 9.918247974999729877e+01 2.807878116178207151e+01 9.725679520493949326e+01 2.807878116178207151e+01
5.500000000000000000e+04 1.390500412387659708e+02 8.755372449288428172e+00 1.033635191096377355e+02 3.790067896713478035e+01 9.942624000542298290e+01 3.790067896713478035e+01
5.500200000000000000e+04 1.571626695746057578e+02 8.755372449288428172e+00 1.052803738591805711e+02 4.842432155196556209e+01 9.937735874946248771e+01 4.842432155196556209e+01
5.500300000000000000e+04 1.603632542321089431e+02 8.755372449288428172e+00 1.051005260292248522e+02 5.387147402998105150e+01 9.828909195663038645e+01 5.387147402998105150e+01
5.500400000000000000e+04 1.651134917817640542e+02 8.755372449288428172e+00 1.041840135494281583e+02 5.952593731072717276e+01 9.653818898204983157e+01 5.952593731072717276e+01
5.500500000000000000e+04 1.709498479033640876e+02 8.755372449288428172e+00 1.027844600448811150e+02 6.492632925437264646e+01 9.437559456880096320e+01 6.492632925437264646e+01
5.500900000000000000e+04 1.726154620060548552e+02 8.755372449288428172e+00 9.317568748663094880e+01 8.193176149913763595e+01 8.255133116561614770e+01 7.627945396065322825e+01
5.501200000000000000e+04 1.726415573677675184e+02 8.755372449288428172e+00 8.274002025775837410e+01 9.132896701938136630e+01 7.142612246008147281e+01 7.954099200433840622e+01
5.501300000000000000e+04 1.580421355606117686e+02 8.755372449288428172e+00 7.904153954887965483e+01 9.357692640360495773e+01 6.765517379857884350e+01 7.978252741376498136e+01
5.501400000000000000e+04 1.754416628582774536e+02 8.755372449288428172e+00 7.495577045123665982e+01 9.521145987068503302e+01 6.361888512242121152e+01 7.950188699956999017e+01
5.501600000000000000e+04 1.640404306459576844e+02 8.755372449288428172e+00 6.641400319690988852e+01 9.630649732849292377e+01 5.543739832797152900e+01 7.723055118563988231e+01
5.501700000000000000e+04 1.575088905197278564e+02 8.755372449288428172e+00 6.294404885508876646e+01 9.601395489051536458e+01 5.211031447560955598e+01 7.550047565504078761e+01
5.501800000000000000e+04 1.444048277177488728e+02 8.755372449288428172e+00 5.994410912040362405e+01 9.534439460208822936e+01 4.922327896239417555e+01 7.354550648109243127e+01
5.501900000000000000e+04 1.440712800731344032e+02 8.755372449288428172e+00 5.716580327670529016e+01 9.426603304408122597e+01 4.656333247267679099e+01 7.135419956406119013e+01
5.502000000000000000e+04 1.493706686736267670e+02 8.755372449288428172e+00 5.433581269203234143e+01 9.265988867138483442e+01 4.390417961541074021e+01 6.885115817460605570e+01
5.502100000000000000e+04 1.526719702180917011e+02 8.755372449288428172e+00 5.136333565007664248e+01 9.050927948998156580e+01 4.117301454915962466e+01 6.604106493249292953e+01
5.502200000000000000e+04 1.440254984402295122e+02 8.755372449288428172e+00 4.839914929559621726e+01 8.798240622880385331e+01 3.849145005216814042e+01 6.306078428096606103e+01
5.502500000000000000e+04 1.170779039770468160e+02 8.755372449288428172e+00 4.037709068466720197e+01 7.952459748980152199e+01 3.137059333747742329e+01 5.412413903886307764e+01
5.502900000000000000e+04 9.352078835000837387e+01 8.755372449288428172e+00 3.139194160994529881e+01 6.537134730336268262e+01 2.366167303078713857e+01 4.168825158048764479e+01
5.503100000000000000e+04 9.853555098685261271e+01 8.755372449288428172e+00 2.758733061678350396e+01 6.025295221964377390e+01 2.048817721261307412e+01 3.725066597814144131e+01
5.503200000000000000e+04 7.287224867063407885e+01 8.755372449288428172e+00 2.586966359169930030e+01 5.767955501154202835e+01 1.907229695642826428e+01 3.512334369232860354e+01
5.503300000000000000e+04 8.204203075821747859e+01 8.755372449288428172e+00 2.448013519836719354e+01 5.490503836159535922e+01 1.791710107470335345e+01 3.293841163932770399e+01
5.503400000000000000e+04 6.991056626950147290e+01 8.755372449288428172e+00 2.327914364944863124e+01 5.208970952659809939e+01 1.691552365168480421e+01 3.079316004173451304e+01
5.503500000000000000e+04 6.198270059141796651e+01 8.755372449288428172e+00 2.213427785505292533e+01 4.935970740941733226e+01 1.596874529619285887e+01 2.875937039527899231e+01
5.503600000000000000e+04 7.456768282940633696e+01 8.755372449288428172e+00 2.111265557187895325e+01 4.677018950245822282e+01 1.512367877641758973e+01 2.686398018521436981e+01
5.503700000000000000e+04 5.098601283917719940e+01 8.755372449288428172e+00 2.017169347115578049e+01 4.431284532478712634e+01 1.434788638676704053e+01 2.509647466998194432e+01
5.503900000000000000e+04 7.329984327774906205e+01 8.755372449288428172e+00 1.827990652322419507e+01 3.965186874701512210e+01 1.282170619571031622e+01 2.184555602832633170e+01
5.504000000000000000e+04 3.932913823247920959e+01 8.755372449288428172e+00 1.738458315159077117e+01 3.743398257766226322e+01 1.210962883225882791e+01 2.034676735387665047e+01
5.504200000000000000e+04 5.232180152690222741e+01 8.755372449288428172e+00 1.574078009562868097e+01 3.328147704352308978e+01 1.081543224929825442e+01 1.761670391886676512e+01
5.504400000000000000e+04 4.727178869889222312e+01 8.755372449288428172e+00 1.422592447420255546e+01 2.957884390378547579e+01 9.643386980885679804e+00 1.525783756514261391e+01
5.504500000000000000e+04 2.763239319531707849e+01 8.755372449288428172e+00 1.348554199809455234e+01 2.814131563197207697e+01 9.080561577061848411e+00 1.433368085976268347e+01
5.504600000000000000e+04 4.048526396540747641e+01 8.755372449288428172e+00 1.273924517295322723e+01 2.690244881563951651e+01 8.521234229400151960e+00 1.353241892134784763e+01
5.504700000000000000e+04 5.527821396919529207e+01 8.755372449288428172e+00 1.197907366180507260e+01 2.571223492611789396e+01 7.960046289989414880e+00 1.277499623695428888e+01
5.504800000000000000e+04 4.219953214623955517e+01 8.755372449288428172e+00 1.122320542549218558e+01 2.465038651125856362e+01 7.409034476823465276e+00 1.209894302113407427e+01
5.505000000000000000e+04 2.378720118546524276e+01 8.755372449288428172e+00 9.649863740193248773e+00 2.268156447244925999e+01 6.288194800073795498e+00 1.086906482291032106e+01
5.505200000000000000e+04 3.291887962773986942e+01 8.755372449288428172e+00 8.032782333005661357e+00 2.069487128917704766e+01 5.167770414954748759e+00 9.687703065807063751e+00
5.505400000000000000e+04 3.070176904270322282e+01 8.755372449288428172e+00 6.544465172188513868e+00 1.891056697925301222e+01 4.157327640826142812e+00 8.652345799438604601e+00
5.505600000000000000e+04 4.036392093725229557e+01 8.755372449288428172e+00 5.284939486094674344e+00 1.724237592182359791e+01 3.315520380235053022e+00 7.714709584708543844e+00
5.505800000000000000e+04 1.306301829094278233e+01 8.755372449288428172e+00 4.244015548391934622e+00 1.557272597891336474e+01 2.629827455937498115e+00 6.816987383520122457e+00
5.506000000000000000e+04 2.531817173165318735e+01 8.755372449288428172e+00 3.365033958459563657e+00 1.383296372960848508e+01 2.059888564189253035e+00 5.927227581458772931e+00
5.506100000000000000e+04 1.488214986812788077e+01 8.755372449288428172e+00 2.984528830620873041e+00 1.294419034509128252e+01 1.815959130283463896e+00 5.488314753059690076e+00
5.506200000000000000e+04 1.000595124140998493e+01 8.755372449288428172e+00 2.640170193044455882e+00 1.198882067802869855e+01 1.596812745279095003e+00 5.030555840059037109e+00
5.506400000000000000e+04 1.921639152027367459e+01 8.755372449288428172e+00 2.044512433974091881e+00 1.005689464913513831e+01 1.221917543613490142e+00 4.134216331963799895e+00
5.506500000000000000e+04 2.477381024604531135e+00 8.755372449288428172e+00 1.789197483913721687e+00 9.141608965659047570e+00 1.063036946060080368e+00 3.720184334700300077e+00
5.506700000000000000e+04 1.900853979858634801e+01 8.755372449288428172e+00 1.360675843430744214e+00 7.439759996135491882e+00 7.990344961129509649e-01 2.967949892741649442e+00
5.506800000000000000e+04 2.167328124577465331e+01 8.755372449288428172e+00 1.181538061381515181e+00 6.714326632421611762e+00 6.898283870746817481e-01 2.652416304188042862e+00
5.506900000000000000e+04 -5.001565867078285876e-01 8.755372449288428172e+00 1.021712345293527946e+00 6.048213399680406610e+00 5.930877954916861095e-01 2.366188098932125783e+00
5.507100000000000000e+04 7.822459115821567721e+00 8.755372449288428172e+00 7.572009772252119575e-01 4.857901178509258955e+00 4.345486239456022304e-01 1.864479439074748779e+00
5.507300000000000000e+04 1.498657938074122242e+01 8.755372449288428172e+00 5.568005512126309453e-01 3.856951915991654989e+00 3.159510589642119949e-01 1.452767304226771250e+00
5.507400000000000000e+04 1.196081527192968963e+01 8.755372449288428172e+00 4.765802813207279942e-01 3.423055545799890798e+00 2.689201451984696289e-01 1.277450196223276269e+00
5.507500000000000000e+04 -1.503270303303960276e+00 8.755372449288428172e+00 4.064856019660498809e-01 3.028163872355692732e+00 2.280935985444418612e-01 1.119758855288131238e+00
5.507800000000000000e+04 7.738656428497684203e+00 8.755372449288428172e+00 2.502181211188219123e-01 2.050638640225308951e+00 1.381047141620609098e-01 7.380645840142919800e-01
5.508000000000000000e+04 -1.426041595059849243e+01 8.755372449288428172e+00 1.804082044833896503e-01 1.560557370375828423e+00 9.849760017656127020e-02 5.518627096597454873e-01
5.508100000000000000e+04 5.673207532987873947e+00 8.755372449288428172e+00 1.531895605425670770e-01 1.353426349312027765e+00 8.318738014801362046e-02 4.744702363933489542e-01
5.508200000000000000e+04 4.887590325106730305e+00 8.755372449288428172e+00 1.299183165730312117e-01 1.169543990241938891e+00 7.017301316464903682e-02 4.064868588356523871e-01
5.508400000000000000e+04 9.722058852405826457e+00 8.755372449288428172e+00 9.330634488510669566e-02 8.681952857516653799e-01 4.986444254227592049e-02 2.966566274009653781e-01
5.508500000000000000e+04 3.787855029712173582e+00 8.755372449288428172e+00 7.905817113573078425e-02 7.459730882568631483e-01 4.202762805578161287e-02 2.527608471713695959e-01
5.508800000000000000e+04 -1.208224798250789878e+00 8.755372449288428172e+00 4.850497392522593737e-02 4.671188495601545365e-01 2.538464199561750803e-02 1.543990379983322947e-01
5.508900000000000000e+04 1.352488259364893475e+00 8.755372449288428172e+00 4.121165542635528423e-02 3.983412697299655303e-01 2.145658115601357940e-02 1.305994130454626312e-01
5.509000000000000000e+04 -5.701172298695833085e+00 8.755372449288428172e+00 3.501791396190072347e-02 3.397155000844038764e-01 1.813835800367798873e-02 1.104837713296487195e-01
5.509100000000000000e+04 7.862775680436344672e+00 8.755372449288428172e+00 2.976487825990664984e-02 2.893112716459130818e-01 1.533876746194622574e-02 9.334127170379516447e-02
5.509300000000000000e+04 6.373710652932210508e+00 8.755372449288428172e+00 2.147043497755860009e-02 2.095589930784640953e-01 1.095262713745783802e-02 6.654990411841091302e-02
5.509500000000000000e+04 1.178057027314836169e+01 8.755372449288428172e+00 1.550419160792279247e-02 1.513536622733406001e-01 7.830004347216196550e-03 4.732315988911003218e-02
5.509600000000000000e+04 1.031617152039445706e+00 8.755372449288428172e+00 1.316748749125120146e-02 1.285704786510042386e-01 6.616827885050855125e-03 3.989155403382074055e-02
5.509700000000000000e+04 -5.708259259765599225e+00 8.755372449288428172e+00 1.118501087667564571e-02 1.091945021094095636e-01 5.592785077591702451e-03 3.362210244462529585e-02
5.509800000000000000e+04 2.573589911025735866e+00 8.755372449288428172e+00 9.508112215953075722e-03 9.289981124916746325e-02 4.730874821351913062e-03 2.838889232647826000e-02
5.509900000000000000e+04 -2.623545581036489160e+00 8.755372449288428172e+00 8.075679458129874852e-03 7.916660826264211581e-02 3.998454947828823484e-03 2.401098185151864448e-02
5.510100000000000000e+04 -5.071147411566930607e+00 8.755372449288428172e+00 5.827083094098546058e-03 5.744355907087955737e-02 2.857113554350843541e-03 1.716526492481086630e-02
5.510400000000000000e+04 5.959693821307745942e+00 8.755372449288428172e+00 3.573290049947880700e-03 3.547782547452652674e-02 1.726894476100850886e-03 1.037181356327150986e-02
5.510700000000000000e+04 -2.836234136294999786e+01 8.755372449288428172e+00 2.177673090791414946e-03 2.189081295377315328e-02 1.037530654529236849e-03 6.264003477772957240e-03
5.510800000000000000e+04 -1.149245820782116789e+00 8.755372449288428172e+00 1.846866416529114761e-03 1.862981124691838811e-02 8.757902202812570909e-04 5.293462308040685488e-03
5.510900000000000000e+04 -8.272088117039839261e+00 8.755372449288428172e+00 1.565228423591071829e-03 1.585711167479420328e-02 7.387683124515371895e-04 4.474228062073362308e-03
5.511000000000000000e+04 -6.355857261376884892e-01 8.755372449288428172e+00 1.326328200320780245e-03 1.350683684995256963e-02 6.230988444615148105e-04 3.784699857081531057e-03
5.511100000000000000e+04 2.106986835997742702e+01 8.755372449288428172e+00 1.124549744570890698e-03 1.149475828401830269e-02 5.258591276927242816e-04 3.198763958263059048e-03
5.511400000000000000e+04 -1.786542190223353543e+01 8.755372449288428172e+00 6.852637791906245404e-04 7.092171932864470979e-03 3.160519228810185948e-04 1.933736485130459161e-03
