5.497600000000000000e+04 -2.679428705259877752e+00 4.454278083982597281e+00 1.164140563987932975e+00 8.960306593772031297e-19 1.164140563987932975e+00 8.960306593772031297e-19
5.497900000000000000e+04 4.188506629685571525e+00 4.454278083982597281e+00 4.289077145657377521e+00 8.960306592350573665e-19 4.289077145657377521e+00 8.960306592350573665e-19
5.498300000000000000e+04 1.220901467497875181e+01 4.454278083982597281e+00 1.143383206421574805e+01 8.960306589007829505e-19 1.143383206421574805e+01 8.960306589007829505e-19
5.499200000000000000e+04 4.037872736174085020e+01 4.454278083982597281e+00 3.733751665722944324e+01 1.414274411638661300e-01 3.733751665722944324e+01 1.414274411638661300e-01
5.499500000000000000e+04 4.415058868689315119e+01 4.454278083982597281e+00 4.526446668391263017e+01 1.587232095280796784e+00 4.526446668391263017e+01 1.587232095280796784e+00
5.499600000000000000e+04 4.006260258421902165e+01 4.454278083982597281e+00 4.750204251648135312e+01 2.426487086150368899e+00 4.750204251648135312e+01 2.426487086150368899e+00
5.499800000000000000e+04 5.532137269178099359e+01 4.454278083982597281e+00 5.133933107419673547e+01 4.563436508517902723e+00 5.091672227927872996e+01 4.563436508517902723e+00
5.500200000000000000e+04 6.640833872985697894e+01 4.454278083982597281e+00 5.605119289653529790e+01 1.102479628531949452e+01 5.381775602163734362e+01 1.102479628531949452e+01
5.500700000000000000e+04 7.982130527172743939e+01 4.454278083982597281e+00 5.643103835287060122e+01 2.257211756982848527e+01 5.210622193247517231e+01 2.257211756982848527e+01
5.501100000000000000e+04 8.186241084947694446e+01 4.454278083982597281e+00 5.345554677354331830e+01 3.207803185965695292e+01 4.789065290588005297e+01 3.207803185965695292e+01
5.501600000000000000e+04 8.658702044870183556e+01 4.454278083982597281e+00 4.667396868990392278e+01 4.241159298974800862e+01 4.031611703369087962e+01 4.073337782342299107e+01
5.502200000000000000e+04 8.782005741456345049e+01 4.454278083982597281e+00 3.827463095793200409e+01 4.735129672388620037e+01 3.169741694238675578e+01 4.292955278684152631e+01
5.502800000000000000e+04 7.999157423821002055e+01 4.454278083982597281e+00 3.310052133813628927e+01 4.578954530223617780e+01 2.632666932167046880e+01 3.931107941469451816e+01
5.503000000000000000e+04 7.624055616414015901e+01 4.454278083982597281e+00 3.188221413296672679e+01 4.402805392623732672e+01 2.502725028100064719e+01 3.714193852390528150e+01
5.503300000000000000e+04 6.996851666468997166e+01 4.454278083982597281e+00 3.005247301329474041e+01 4.074440383257370257e+01 2.313864568316503068e+01 3.349864657779635024e+01
5.503800000000000000e+04 6.883112856493951881e+01 4.454278083982597281e+00 2.617750680415279874e+01 3.469726077440737555e+01 1.953108020902245556e+01 2.736808705979442635e+01
5.504200000000000000e+04 6.816573474555407586e+01 4.454278083982597281e+00 2.275727613330874988e+01 3.098005478271676694e+01 1.656882135661357935e+01 2.366696316479508511e+01
5.504400000000000000e+04 4.661886073214508741e+01 4.454278083982597281e+00 2.108858188926991417e+01 2.961356548048470216e+01 1.517055024046465839e+01 2.227253721456430569e+01
5.504600000000000000e+04 4.277622817061222804e+01 4.454278083982597281e+00 1.956022205626315369e+01 2.843701513449558149e+01 1.390504162668881349e+01 2.106133545733638002e+01
5.505000000000000000e+04 4.407932464693706720e+01 4.454278083982597281e+00 1.711214545794200959e+01 2.649662489250919251e+01 1.188425964160150627e+01 1.904313992562109448e+01
5.505600000000000000e+04 4.007489420784366985e+01 4.454278083982597281e+00 1.482374425964091813e+01 2.270605260780115131e+01 9.950825172612551839e+00 1.562486416721796978e+01
5.505900000000000000e+04 3.400359440745534556e+01 4.454278083982597281e+00 1.392773532743040299e+01 2.054161892355778107e+01 9.195652533626304859e+00 1.384112857863875767e+01
5.506300000000000000e+04 3.325026024565332960e+01 4.454278083982597281e+00 1.295119734197186823e+01 1.771908863596386396e+01 8.367487622413662507e+00 1.161678924537065605e+01
5.506500000000000000e+04 2.314098094497106217e+01 4.454278083982597281e+00 1.253110179519172362e+01 1.649512493557565662e+01 8.010164788539839265e+00 1.067024059484808518e+01
5.506700000000000000e+04 3.425676384172331268e+01 4.454278083982597281e+00 1.212651650490148292e+01 1.542918130045134006e+01 7.670155917078735897e+00 9.849461411076502415e+00
5.507000000000000000e+04 2.441629879472693077e+01 4.454278083982597281e+00 1.156321169359384449e+01 1.424496024955161033e+01 7.200455628366551508e+00 8.917591241737580887e+00
5.507400000000000000e+04 2.247784642404933919e+01 4.454278083982597281e+00 1.082413826530773271e+01 1.304433770227434586e+01 6.603708294373577203e+00 7.960660138090042359e+00
5.507900000000000000e+04 2.481099159062190296e+01 4.454278083982597281e+00 9.815472466325255496e+00 1.185428411171467999e+01 5.840457257125583723e+00 7.013954269992709989e+00
5.508300000000000000e+04 1.743251874544537117e+01 4.454278083982597281e+00 8.834894822137480119e+00 1.109439863871922149e+01 5.155149271873892936e+00 6.408131830831871767e+00
5.509100000000000000e+04 1.885484807623482340e+01 4.454278083982597281e+00 6.154343660916092418e+00 9.804033575973340575e+00 3.457107999615824934e+00 5.405543130602271873e+00
