5.497600000000000000e+04 -3.516249546524340186e+00 5.424062279960841337e+00 1.164140563987932975e+00 8.960306587780850352e-19 1.164140563987932975e+00 8.960306587780850352e-19
5.497900000000000000e+04 4.166610444685009185e+00 5.424062279960841337e+00 4.289077145657377521e+00 8.960306582668382648e-19 4.289077145657377521e+00 8.960306582668382648e-19
5.498300000000000000e+04 1.237835650480876026e+01 5.424062279960841337e+00 1.143383206421574805e+01 5.692856059696972670e-04 1.143383206421574805e+01 5.692856059696972670e-04
5.499200000000000000e+04 4.831159682028400937e+01 5.424062279960841337e+00 3.733751665722944324e+01 7.442956887355959950e+00 3.733751665722944324e+01 7.442956887355959950e+00
5.499500000000000000e+04 5.505129618281089421e+01 5.424062279960841337e+00 4.526446668391263017e+01 1.307602453554221000e+01 4.526446668391263017e+01 1.307602453554221000e+01
5.499600000000000000e+04 5.077572089148805645e+01 5.424062279960841337e+00 4.750204251648135312e+01 1.528761230289747708e+01 4.750204251648135312e+01 1.528761230289747708e+01
5.499800000000000000e+04 7.084842626151423417e+01 5.424062279960841337e+00 5.147680622435078135e+01 2.007959606340551773e+01 5.091672227927872996e+01 2.007959606340551773e+01
5.500200000000000000e+04 8.583473480433863756e+01 5.424062279960841337e+00 5.677773260282739187e+01 2.987001332578356028e+01 5.381775602163734362e+01 2.987001332578356028e+01
5.500700000000000000e+04 1.024310461562490389e+02 5.424062279960841337e+00 5.783790634504742911e+01 4.359686321154407551e+01 5.210622193247517231e+01 3.949706759516585208e+01
5.501100000000000000e+04 1.039970113178219009e+02 5.424062279960841337e+00 5.526581345338557583e+01 5.320165128554317846e+01 4.789065290588005297e+01 4.282857131343035206e+01
5.501600000000000000e+04 1.054387226605487911e+02 5.424062279960841337e+00 4.874218549373227916e+01 5.973906010548454049e+01 4.031611703369087962e+01 4.221245061156341194e+01
5.502200000000000000e+04 1.033599794911656886e+02 5.424062279960841337e+00 4.041420660154310696e+01 6.027393783659348259e+01 3.169741694238675578e+01 3.714193852390528150e+01
5.502800000000000000e+04 9.110103510952409067e+01 5.424062279960841337e+00 3.530406356036009896e+01 5.445564402091522993e+01 2.632666932167046880e+01 2.975067964429372225e+01
5.503000000000000000e+04 8.650275865184045188e+01 5.424062279960841337e+00 3.411214213300389275e+01 5.198841817878549421e+01 2.502725028100064719e+01 2.736808705979442635e+01
5.503300000000000000e+04 8.033620027595189583e+01 5.424062279960841337e+00 3.230154937369837853e+01 4.904336143362080946e+01 2.313864568316503068e+01 2.448006460697853726e+01
5.503800000000000000e+04 8.386610557864985083e+01 5.424062279960841337e+00 2.833959738329158284e+01 4.583789048934690413e+01 1.953108020902245556e+01 2.106133545733638002e+01
5.504200000000000000e+04 8.642120015998069960e+01 5.424062279960841337e+00 2.477038792813730339e+01 4.408106029982770480e+01 1.656882135661357935e+01 1.904313992562109448e+01
5.504400000000000000e+04 6.083706077124794831e+01 5.424062279960841337e+00 2.301372471478488535e+01 4.279563473466398449e+01 1.517055024046465839e+01 1.795118906655368463e+01
5.504600000000000000e+04 5.630026374074613926e+01 5.424062279960841337e+00 2.139985906347408573e+01 4.125813034135806134e+01 1.390504162668881349e+01 1.681808671994051352e+01
5.505000000000000000e+04 5.680138963780128591e+01 5.424062279960841337e+00 1.881278301265518493e+01 3.741560337700573058e+01 1.188425964160150627e+01 1.443726013929840057e+01
5.505600000000000000e+04 5.064651995820934616e+01 5.424062279960841337e+00 1.640891070963809995e+01 3.113839401714186295e+01 9.950825172612551839e+00 1.112403330135105328e+01
5.505900000000000000e+04 4.349290908970183267e+01 5.424062279960841337e+00 1.546708756155944187e+01 2.859298647635508317e+01 9.195652533626304859e+00 9.849461411076502415e+00
5.506300000000000000e+04 4.390821408187507302e+01 5.424062279960841337e+00 1.444228363628598011e+01 2.632424489184733218e+01 8.367487622413662507e+00 8.655305087080730431e+00
5.506500000000000000e+04 3.229868191797424970e+01 5.424062279960841337e+00 1.400176805036763739e+01 2.546349374276670119e+01 8.010164788539839265e+00 8.186039266625957822e+00
5.506700000000000000e+04 4.637390630763329824e+01 5.424062279960841337e+00 1.357617597322936476e+01 2.463771004871359693e+01 7.670155917078735897e+00 7.748194870342034690e+00
5.507000000000000000e+04 3.486526431986879970e+01 5.424062279960841337e+00 1.298242149794489109e+01 2.357775420834482816e+01 7.200455628366551508e+00 7.180458706402981228e+00
5.507400000000000000e+04 3.291217849721367372e+01 5.424062279960841337e+00 1.219704921970799916e+01 2.240852630172805959e+01 6.603708294373577203e+00 6.548371216168340503e+00
5.507900000000000000e+04 3.608249291516028734e+01 5.424062279960841337e+00 1.110854970305285683e+01 2.114879937892219175e+01 5.840457257125583723e+00 5.882837101230095733e+00
5.508300000000000000e+04 2.717260338900376127e+01 5.424062279960841337e+00 1.003192048306659601e+01 2.018105472379052401e+01 5.155149271873892936e+00 5.405543130602271873e+00
5.509100000000000000e+04 2.823528917846543251e+01 5.424062279960841337e+00 7.031757671218587191e+00 1.767644183559058746e+01 3.457107999615824934e+00 4.407870389404665801e+00
