5.497400000000000000e+04 3.811664161147392260e+00 7.609955439800376809e+00 2.872527343123094101e-01 1.361878181083838162e-18 2.872527343123094101e-01 1.361878181083838162e-18
5.497600000000000000e+04 -5.473335350152990664e+00 7.609955439800376809e+00 1.958814406946931541e+00 1.361877894807208667e-18 1.958814406946931541e+00 1.361877894807208667e-18
5.498000000000000000e+04 1.050381311757201352e+01 7.609955439800376809e+00 9.740658635389692677e+00 1.361876957650400692e-18 9.740658635389692677e+00 1.361876957650400692e-18
5.498100000000000000e+04 7.086455556535546485e+00 7.609955439800376809e+00 1.261836908227294352e+01 1.361876613660269607e-18 1.261836908227294352e+01 1.361876613660269607e-18
5.498500000000000000e+04 3.119594527509216064e+01 7.609955439800376809e+00 2.761301931683333422e+01 1.172809985443463487e+00 2.761301931683333422e+01 1.172809985443463487e+00
5.498700000000000000e+04 3.632995540741789853e+01 7.609955439800376809e+00 3.698113532148148863e+01 4.188406388058739438e+00 3.698113532148148863e+01 4.188406388058739438e+00
5.498800000000000000e+04 5.426138050006078117e+01 7.609955439800376809e+00 4.209516568424355398e+01 6.387348154830737812e+00 4.209516568424355398e+01 6.387348154830737812e+00
5.498900000000000000e+04 5.935741336598187701e+01 7.609955439800376809e+00 4.711547825657126509e+01 9.046702486275524535e+00 4.711547825657126509e+01 9.046702486275524535e+00
5.499300000000000000e+04 9.106206843820319818e+01 7.609955439800376809e+00 6.549985504210982867e+01 2.434500671405781702e+01 6.549985504210982867e+01 2.434500671405781702e+01
5.499500000000000000e+04 9.804683634229299116e+01 7.609955439800376809e+00 6.925870503056015082e+01 3.451627414604166688e+01 6.925870503056015082e+01 3.451627414604166688e+01
5.499700000000000000e+04 1.256642019409620730e+02 7.609955439800376809e+00 7.030107015719596575e+01 4.622641915185185724e+01 6.841287481237441170e+01 4.622641915185185724e+01
5.499900000000000000e+04 1.290450401947664147e+02 7.609955439800376809e+00 6.863844840042735029e+01 5.889434782071408847e+01 6.504780932565140006e+01 5.889434782071408847e+01
5.500000000000000000e+04 1.449726526281131385e+02 7.609955439800376809e+00 6.756933273992601130e+01 6.489662410672829651e+01 6.320798198309262261e+01 6.489662410672829651e+01
5.500200000000000000e+04 1.381217151113960426e+02 7.609955439800376809e+00 6.485428909699159306e+01 7.673977432222363859e+01 5.914124484496770862e+01 7.673977432222363859e+01
5.500300000000000000e+04 1.336044477893342162e+02 7.609955439800376809e+00 6.249858677247912198e+01 8.187481880263729295e+01 5.628475033544589223e+01 8.187481880263729295e+01
5.500500000000000000e+04 1.520410574274012845e+02 7.609955439800376809e+00 5.690716326021968285e+01 9.155135071227169874e+01 5.000629460476246635e+01 8.657338128820018142e+01
5.500700000000000000e+04 1.579384657725485681e+02 7.609955439800376809e+00 5.193148914912127623e+01 1.002676196468862742e+02 4.455343955827151348e+01 8.551609351546802884e+01
5.500900000000000000e+04 1.497988302517374564e+02 7.609955439800376809e+00 4.698555998934735101e+01 1.046863181334702091e+02 3.937777404403901471e+01 8.130976165706424297e+01
5.501000000000000000e+04 1.509310021545921927e+02 7.609955439800376809e+00 4.449526763058666035e+01 1.062684197090744647e+02 3.686434766411487374e+01 7.900997747886577827e+01
5.501300000000000000e+04 1.427206976288236433e+02 7.609955439800376809e+00 3.742680720688887419e+01 1.067651357925489322e+02 2.997981993502793685e+01 7.035593791930737950e+01
5.501600000000000000e+04 1.239705654578412037e+02 7.609955439800376809e+00 2.939625750149642514e+01 9.976360503296643856e+01 2.279133005233092391e+01 5.903171895441801809e+01
5.501700000000000000e+04 1.197727755310082784e+02 7.609955439800376809e+00 2.701557127295336969e+01 9.732141953509933785e+01 2.072381963252022885e+01 5.569179944783939362e+01
5.501800000000000000e+04 1.196958520827136283e+02 7.609955439800376809e+00 2.483447003500518235e+01 9.463539838952256389e+01 1.885112345149930135e+01 5.242958359530334889e+01
5.501900000000000000e+04 1.060626327174663999e+02 7.609955439800376809e+00 2.274950808669233027e+01 9.167638019627833046e+01 1.708947422377729097e+01 4.922221755504877194e+01
5.502000000000000000e+04 1.049626661337483284e+02 7.609955439800376809e+00 2.077558241804306149e+01 8.847443439387569697e+01 1.544652967884242400e+01 4.608043458014359572e+01
5.502200000000000000e+04 8.727097633281518085e+01 7.609955439800376809e+00 1.725223185006471027e+01 8.195398038058526424e+01 1.256901635586821442e+01 4.027222623124582412e+01
5.502300000000000000e+04 9.096807234771551975e+01 7.609955439800376809e+00 1.568392870310096399e+01 7.841596651755745029e+01 1.131270102647213349e+01 3.747477491878492373e+01
5.502400000000000000e+04 8.633411057701916036e+01 7.609955439800376809e+00 1.425535509271319690e+01 7.414118861458909748e+01 1.018094207449878574e+01 3.448427377422747497e+01
5.502500000000000000e+04 7.869816894422157816e+01 7.609955439800376809e+00 1.297039310390283973e+01 6.929287711850325593e+01 9.172838121572022274e+00 3.138975180906150086e+01
5.502800000000000000e+04 5.711221423411749498e+01 7.609955439800376809e+00 9.775006311752205690e+00 5.608209226821041682e+01 6.716370971383953226e+00 2.356390431437412758e+01
5.502900000000000000e+04 5.799637421959825900e+01 7.609955439800376809e+00 8.920311494292100463e+00 5.206949177557143571e+01 6.071543353043900915e+00 2.136184277972161283e+01
5.503100000000000000e+04 5.283558314416498547e+01 7.609955439800376809e+00 7.493630684596537250e+00 4.449094563503261668e+01 5.006434182654020404e+00 1.743034109109994390e+01
5.503300000000000000e+04 3.403932252357055432e+01 7.609955439800376809e+00 6.390665700848454200e+00 3.772078748514302049e+01 4.192249869357422831e+00 1.414087628309016509e+01
5.503400000000000000e+04 5.188505448088659477e+01 7.609955439800376809e+00 5.960167755674170564e+00 3.467883394126148744e+01 3.874767751706000407e+00 1.272617759312348085e+01
5.503500000000000000e+04 3.728159554779638540e+01 7.609955439800376809e+00 5.583685812230811507e+00 3.190427759159269172e+01 3.597735703756966164e+00 1.146604765196502740e+01
5.503700000000000000e+04 3.610903841470478426e+01 7.609955439800376809e+00 4.968386507115485351e+00 2.694326597570054460e+01 3.145344712025503142e+00 9.298797575737893339e+00
5.503800000000000000e+04 3.870631801223392188e+01 7.609955439800376809e+00 4.721393177043268885e+00 2.480859527554947874e+01 2.963093496324381348e+00 8.395463714229940422e+00
5.503900000000000000e+04 3.653746061103962006e+01 7.609955439800376809e+00 4.503626765298077039e+00 2.286315543880593992e+01 2.802157021713587159e+00 7.589429191304875921e+00
5.504000000000000000e+04 2.739011636678785777e+01 7.609955439800376809e+00 4.301297963389567158e+00 2.112483885534259542e+01 2.653484246384680389e+00 6.881055001740258525e+00
5.504100000000000000e+04 2.238501095307471900e+01 7.609955439800376809e+00 4.109074746853830007e+00 1.957202863281306549e+01 2.513503025968822246e+00 6.258042728317525949e+00
5.504300000000000000e+04 2.642074671440867562e+01 7.609955439800376809e+00 3.751628227843136099e+00 1.699171275173930340e+01 2.256754227528354306e+00 5.240312336696778317e+00
5.504400000000000000e+04 2.036802308325994559e+01 7.609955439800376809e+00 3.570257843957503230e+00 1.598341697578725196e+01 2.129971270706062736e+00 4.843459689632500620e+00
5.504500000000000000e+04 1.398849808267367933e+01 7.609955439800376809e+00 3.385067954637544396e+00 1.509924703170501381e+01 2.002998789726357476e+00 4.497169629696206705e+00
5.504600000000000000e+04 1.131205946219113834e+01 7.609955439800376809e+00 3.207349489368891859e+00 1.432406811095052390e+01 1.882468299899572761e+00 4.194456255036756787e+00
5.504700000000000000e+04 1.024783681415594216e+01 7.609955439800376809e+00 3.036793662214442691e+00 1.365276189063570200e+01 1.768044749775525615e+00 3.931680890031879372e+00
5.504900000000000000e+04 -9.743712547027882920e-02 7.609955439800376809e+00 2.706895661628728078e+00 1.256592289424686903e+01 1.551051834533994978e+00 3.502696277141983838e+00
5.505000000000000000e+04 6.987013857193121069e+00 7.609955439800376809e+00 2.530629839099234779e+00 1.208993759759020037e+01 1.438675292267899364e+00 3.316855307980851375e+00
5.505100000000000000e+04 1.546670579122752009e+01 7.609955439800376809e+00 2.349148258601632566e+00 1.163280619206195610e+01 1.325106192803267691e+00 3.141878782461027253e+00
5.505300000000000000e+04 3.784130065246195329e+00 7.609955439800376809e+00 1.996230124368227221e+00 1.076894907948686608e+01 1.108770342350714921e+00 2.820942784410442883e+00
5.505400000000000000e+04 4.128545488738268432e+00 7.609955439800376809e+00 1.824919189918795759e+00 1.031704834248249192e+01 1.005908494057323077e+00 2.662464088382578531e+00
5.505500000000000000e+04 2.396467794030210996e+01 7.609955439800376809e+00 1.663115182492832078e+00 9.845990925748626665e+00 9.098004280595362037e-01 2.503748487157946734e+00
5.505700000000000000e+04 9.844419041886554922e+00 7.609955439800376809e+00 1.367371001660665275e+00 8.945201405895550906e+00 7.368888778080757707e-01 2.210055937219407074e+00
5.505800000000000000e+04 9.742395110465658092e+00 7.609955439800376809e+00 1.228961473838826368e+00 8.512455737210782303e+00 6.574095826676078502e-01 2.073679838540994247e+00
5.505900000000000000e+04 -4.332787248428545013e+00 7.609955439800376809e+00 1.097915126756109139e+00 8.070316576559692479e+00 5.830050588127172473e-01 1.938814793167494166e+00
5.506100000000000000e+04 1.425403121463859613e+01 7.609955439800376809e+00 8.608206717248434447e-01 7.085177174644971210e+00 4.505027589097987395e-01 1.656382741004084558e+00
5.506300000000000000e+04 5.554314630312621404e+00 7.609955439800376809e+00 6.620572229307000178e-01 6.087842160969394456e+00 3.415482990769190819e-01 1.385962927938393818e+00
5.506400000000000000e+04 1.236361040775009812e+01 7.609955439800376809e+00 5.788877268204265514e-01 5.595365998193860158e+00 2.965309531914898100e-01 1.257385617571653791e+00
5.506700000000000000e+04 1.399440322506451295e+01 7.609955439800376809e+00 3.787697937749180399e-01 4.257836047084788689e+00 1.899928740845295005e-01 9.211110972600947688e-01
5.506800000000000000e+04 -8.498986070980311780e+00 7.609955439800376809e+00 3.272081844678540463e-01 3.845846058605505657e+00 1.630009885761951050e-01 8.217619783345098128e-01
5.506900000000000000e+04 7.066771327550306125e+00 7.609955439800376809e+00 2.819948276757037187e-01 3.452483082656561120e+00 1.395185175518027509e-01 7.287563235158966979e-01
5.507000000000000000e+04 -1.170063455674207553e+01 7.609955439800376809e+00 2.424813889624613805e-01 3.078940908617005423e+00 1.191554736916271978e-01 6.421148923080304272e-01
5.507200000000000000e+04 8.468315355715605008e+00 7.609955439800376809e+00 1.786148282401146814e-01 2.412411662445183680e+00 8.659693020465177027e-02 4.913262041639884781e-01
5.507400000000000000e+04 1.097433543501562525e+01 7.609955439800376809e+00 1.308456242629441602e-01 1.862585049734045706e+00 6.259957145868536021e-02 3.706636914893623458e-01
5.507600000000000000e+04 -2.357900814751488383e+00 7.609955439800376809e+00 9.442548113717361136e-02 1.420436123173874687e+00 4.458659039435906163e-02 2.763494403062012883e-01
5.507800000000000000e+04 9.334416962276559815e+00 7.609955439800376809e+00 6.791821229277078542e-02 1.070712743709881565e+00 3.165759871947924908e-02 2.037512357202438951e-01
5.508000000000000000e+04 3.711529245701403745e+00 7.609955439800376809e+00 4.873880844587377692e-02 7.998311171550476217e-01 2.242927217941729015e-02 1.489443421145340285e-01
5.508200000000000000e+04 7.973116997860826061e+00 7.609955439800376809e+00 3.488278544311419760e-02 5.937302027156436957e-01 1.585148843184322476e-02 1.082461627558146955e-01
5.508300000000000000e+04 -1.592857951626687196e+01 7.609955439800376809e+00 2.950522556146662617e-02 5.103588421359877003e-01 1.332425287277213925e-02 9.208098189192380489e-02
5.508400000000000000e+04 -8.080397907274553759e+00 7.609955439800376809e+00 2.492846598429798721e-02 4.381970002107976603e-01 1.118771474028273233e-02 7.824946432335670721e-02
5.508600000000000000e+04 1.986002054532282557e+01 7.609955439800376809e+00 1.784393213078356091e-02 3.185154551297024739e-01 7.910245647124551638e-03 5.573323799294881836e-02
5.508900000000000000e+04 9.620248967795918205e+00 7.609955439800376809e+00 1.093087924685943318e-02 1.961288680163563447e-01 4.758348966942117439e-03 3.331275889874418111e-02
5.509000000000000000e+04 -9.859406265021956273e+00 7.609955439800376809e+00 9.280511261215037416e-03 1.666775288832947621e-01 4.015798901434460173e-03 2.803659022427161529e-02
5.509200000000000000e+04 -5.475936085176770440e+00 7.609955439800376809e+00 6.689192263707312985e-03 1.200750248712124518e-01 2.860340487345981557e-03 1.981436053980403095e-02
5.509300000000000000e+04 9.911253113123208891e+00 7.609955439800376809e+00 5.679680079795828250e-03 1.018888961864794634e-01 2.414419350363810127e-03 1.665531609096517277e-02
5.509500000000000000e+04 -3.435443978784402219e+00 7.609955439800376809e+00 4.092601382535572194e-03 7.317848349172396960e-02 1.719580412830072277e-03 1.174143337211776446e-02
5.509600000000000000e+04 6.715261358554901250e+00 7.609955439800376809e+00 3.475432043266888857e-03 6.219430640051677034e-02 1.451847290194205504e-03 9.887807058905687813e-03
5.509700000000000000e+04 5.435060505060536507e+00 7.609955439800376809e+00 2.950837803672110189e-03 5.299515081040317294e-02 1.225634575374692737e-03 8.348980041024522958e-03
5.509800000000000000e+04 2.849265446141529434e+00 7.609955439800376809e+00 2.504103852578224744e-03 4.515122229493258310e-02 1.034155386379047173e-03 7.049371162362620333e-03
5.510000000000000000e+04 -3.555124460620693316e+00 7.609955439800376809e+00 1.805829528693353534e-03 3.272876104669085462e-02 7.373742460977353481e-04 5.019748626793075000e-03
5.510100000000000000e+04 1.311048933077229783e+01 7.609955439800376809e+00 1.532912807217373446e-03 2.787531401793684818e-02 6.224268341795411233e-04 4.237980086345396677e-03
5.510200000000000000e+04 1.555418255091792101e+00 7.609955439800376809e+00 1.302207005371645073e-03 2.372294891692573737e-02 5.258043306838589264e-04 3.575425609182477163e-03
5.510600000000000000e+04 -2.612742943606873869e-01 7.609955439800376809e+00 6.755843787882248683e-04 1.245866455897902750e-02 2.668395524086519138e-04 1.814809112742756881e-03
5.510900000000000000e+04 6.145734178661596658e+00 7.609955439800376809e+00 4.127121043378106642e-04 7.683272790992666870e-03 1.603886617199637324e-04 1.091761675451888552e-03
5.511100000000000000e+04 -1.148618335087011211e+01 7.609955439800376809e+00 2.973224364675246495e-04 5.564884914336458953e-03 1.143196079927424701e-04 7.780335427244262957e-04
5.511200000000000000e+04 -9.665590092118405252e+00 7.609955439800376809e+00 2.521935278768049874e-04 4.738811530288279325e-03 9.645587389153405797e-05 6.572554133548237122e-04
5.511400000000000000e+04 1.422591178401003198e+01 7.609955439800376809e+00 1.816993497869100042e-04 3.431437277979185532e-03 6.876820444588222371e-05 4.684556010893086439e-04
5.511500000000000000e+04 -2.164227284762173653e+01 7.609955439800376809e+00 1.541558772239031946e-04 2.919121274125008065e-03 5.804061642466235168e-05 3.954109412969871438e-04
5.511700000000000000e+04 -3.375741507310651368e+00 7.609955439800376809e+00 1.110938767214012624e-04 2.110679487871023816e-03 4.139733072045060849e-05 2.815177709731275248e-04
5.511800000000000000e+04 7.065298819901300043e-01 7.609955439800376809e+00 9.425826973037459630e-05 1.795403742470777020e-03 3.494412016400036890e-05 2.376444397711154283e-04
5.511900000000000000e+04 2.023448129449706645e+00 7.609955439800376809e+00 8.005920595453287455e-05 1.526198359179030146e-03 2.952906681710418518e-05 2.004858271499546790e-04
5.512000000000000000e+04 1.590272622167642647e+00 7.609955439800376809e+00 6.856951318200382294e-05 1.298354983629083827e-03 2.516312410348764490e-05 1.692770513206106697e-04
