5.497400000000000000e+04 4.265501474288345918e+00 8.589886926693434788e+00 2.872527343123094101e-01 1.361878181083838162e-18 2.872527343123094101e-01 1.361878181083838162e-18
5.497600000000000000e+04 -6.430370857114889205e+00 8.589886926693434788e+00 1.958814406946931541e+00 1.361877894807208667e-18 1.958814406946931541e+00 1.361877894807208667e-18
5.498000000000000000e+04 1.060208427203144588e+01 8.589886926693434788e+00 9.740658635389692677e+00 1.361876957650400692e-18 9.740658635389692677e+00 1.361876957650400692e-18
5.498100000000000000e+04 6.374112851046344730e+00 8.589886926693434788e+00 1.261836908227294352e+01 1.361876613660269607e-18 1.261836908227294352e+01 1.361876613660269607e-18
5.498500000000000000e+04 3.150629512503656926e+01 8.589886926693434788e+00 2.761301931683333422e+01 1.172809985443463487e+00 2.761301931683333422e+01 1.172809985443463487e+00
5.498700000000000000e+04 3.570676345333853874e+01 8.589886926693434788e+00 3.698113532148148863e+01 4.188406388058739438e+00 3.698113532148148863e+01 4.188406388058739438e+00
5.498800000000000000e+04 5.500552328045605321e+01 8.589886926693434788e+00 4.209516568424355398e+01 6.387348154830737812e+00 4.209516568424355398e+01 6.387348154830737812e+00
5.498900000000000000e+04 5.976886243163371404e+01 8.589886926693434788e+00 4.711547825657126509e+01 9.046702486275524535e+00 4.711547825657126509e+01 9.046702486275524535e+00
5.499300000000000000e+04 9.121880774676012038e+01 8.589886926693434788e+00 6.549985504210982867e+01 2.434500671405781702e+01 6.549985504210982867e+01 2.434500671405781702e+01
5.499500000000000000e+04 9.730922525256139011e+01 8.589886926693434788e+00 6.925870503056015082e+01 3.451627414604166688e+01 6.925870503056015082e+01 3.451627414604166688e+01
5.499700000000000000e+04 1.325326846393049891e+02 8.589886926693434788e+00 7.599302134158550359e+01 4.622641915185185724e+01 6.841287481237441170e+01 4.622641915185185724e+01
5.499900000000000000e+04 1.400637268311906780e+02 8.589886926693434788e+00 7.946240387221574508e+01 5.889434782071408847e+01 6.504780932565140006e+01 5.889434782071408847e+01
5.500000000000000000e+04 1.597303960286509152e+02 8.589886926693434788e+00 8.071659299240927510e+01 6.489662410672829651e+01 6.320798198309262261e+01 6.489662410672829651e+01
5.500200000000000000e+04 1.548965124480121744e+02 8.589886926693434788e+00 8.207621959584616889e+01 7.673977432222363859e+01 5.914124484496770862e+01 7.673977432222363859e+01
5.500300000000000000e+04 1.509492975094310623e+02 8.589886926693434788e+00 8.123015168411551201e+01 8.187481880263729295e+01 5.628475033544589223e+01 8.187481880263729295e+01
5.500500000000000000e+04 1.724132931112030462e+02 8.589886926693434788e+00 7.770978181580086641e+01 9.065964488500323171e+01 5.000629460476246635e+01 8.657338128820018142e+01
5.500700000000000000e+04 1.782761506415892256e+02 8.589886926693434788e+00 7.417256617661041673e+01 9.762517235725827902e+01 4.455343955827151348e+01 8.551609351546802884e+01
5.500900000000000000e+04 1.683038013644849968e+02 8.589886926693434788e+00 6.991917559259566417e+01 1.004988654081314081e+02 3.937777404403901471e+01 8.130976165706424297e+01
5.501000000000000000e+04 1.690730835631065645e+02 8.589886926693434788e+00 6.749862057299434071e+01 1.013856031008805587e+02 3.686434766411487374e+01 7.900997747886577827e+01
5.501300000000000000e+04 1.584581395631920770e+02 8.589886926693434788e+00 5.987569637423779767e+01 1.002431403474291329e+02 2.997981993502793685e+01 7.035593791930737950e+01
5.501600000000000000e+04 1.359165268320210487e+02 8.589886926693434788e+00 4.930676343521272997e+01 9.246728457020037695e+01 2.279133005233092391e+01 5.903171895441801809e+01
5.501700000000000000e+04 1.306943507958823432e+02 8.589886926693434788e+00 4.598201100063588598e+01 8.986428758903365122e+01 2.072381963252022885e+01 5.569179944783939362e+01
5.501800000000000000e+04 1.302013608888302088e+02 8.589886926693434788e+00 4.287122495339971096e+01 8.707505243507979742e+01 1.885112345149930135e+01 5.242958359530334889e+01
5.501900000000000000e+04 1.144429974711567723e+02 8.589886926693434788e+00 3.981163915171157441e+01 8.407154758402330685e+01 1.708947422377729097e+01 4.922221755504877194e+01
5.502000000000000000e+04 1.128809206285425546e+02 8.589886926693434788e+00 3.683997328403917493e+01 8.088037877506803852e+01 1.544652967884242400e+01 4.608043458014359572e+01
5.502200000000000000e+04 9.238512831574945494e+01 8.589886926693434788e+00 3.136975102097589385e+01 7.448750963731228580e+01 1.256901635586821442e+01 4.027222623124582412e+01
5.502300000000000000e+04 9.640800923900084740e+01 8.589886926693434788e+00 2.886096285873570366e+01 7.108215306595123195e+01 1.131270102647213349e+01 3.747477491878492373e+01
5.502400000000000000e+04 9.124705985481044479e+01 8.589886926693434788e+00 2.653764361138853545e+01 6.703742821709820987e+01 1.018094207449878574e+01 3.448427377422747497e+01
5.502500000000000000e+04 8.289719067157837173e+01 8.589886926693434788e+00 2.441809507962472026e+01 6.250327380220326745e+01 9.172838121572022274e+00 3.138975180906150086e+01
5.502800000000000000e+04 5.938137524412413626e+01 8.589886926693434788e+00 1.899524038126809700e+01 5.025709512169714088e+01 6.716370971383953226e+00 2.356390431437412758e+01
5.502900000000000000e+04 6.069782773715649427e+01 8.589886926693434788e+00 1.750790241283739235e+01 4.656881725979311426e+01 6.071543353043900915e+00 2.136184277972161283e+01
5.503100000000000000e+04 5.559542499068362531e+01 8.589886926693434788e+00 1.499126651653919851e+01 3.964356777759771688e+01 5.006434182654020404e+00 1.743034109109994390e+01
5.503300000000000000e+04 3.514556638178881087e+01 8.589886926693434788e+00 1.301777429432866739e+01 3.349690773938398536e+01 4.192249869357422831e+00 1.414087628309016509e+01
5.503400000000000000e+04 5.568723936426084009e+01 8.589886926693434788e+00 1.224659095604198278e+01 3.074644506498633234e+01 3.874767751706000407e+00 1.272617759312348085e+01
5.503500000000000000e+04 3.958054482187478129e+01 8.589886926693434788e+00 1.157031802328240211e+01 2.824316857632025446e+01 3.597735703756966164e+00 1.146604765196502740e+01
5.503700000000000000e+04 3.898441942083843514e+01 8.589886926693434788e+00 1.046393278796644388e+01 2.378260467970723369e+01 3.145344712025503142e+00 9.298797575737893339e+00
5.503800000000000000e+04 4.224824123858730474e+01 8.589886926693434788e+00 1.002177482326832170e+01 2.186850388282615398e+01 2.963093496324381348e+00 8.395463714229940422e+00
5.503900000000000000e+04 4.011144487587451835e+01 8.589886926693434788e+00 9.632694977842625406e+00 2.012716621534053374e+01 2.802157021713587159e+00 7.589429191304875921e+00
5.504000000000000000e+04 3.005884468900585560e+01 8.589886926693434788e+00 9.268620472621689643e+00 1.857334366069730791e+01 2.653484246384680389e+00 6.881055001740258525e+00
5.504100000000000000e+04 2.464301285958046606e+01 8.589886926693434788e+00 8.918914137347767834e+00 1.718708854905125349e+01 2.513503025968822246e+00 6.258042728317525949e+00
5.504300000000000000e+04 2.955307778021933984e+01 8.589886926693434788e+00 8.257915069371753347e+00 1.488667928608820645e+01 2.256754227528354306e+00 5.240312336696778317e+00
5.504400000000000000e+04 2.281911449036979889e+01 8.589886926693434788e+00 7.911991282164740014e+00 1.398791158365866139e+01 2.129971270706062736e+00 4.843459689632500620e+00
5.504500000000000000e+04 1.567665595023446556e+01 8.589886926693434788e+00 7.551305437268367449e+00 1.320009229708430709e+01 2.002998789726357476e+00 4.497169629696206705e+00
5.504600000000000000e+04 1.269051770668942147e+01 8.589886926693434788e+00 7.201194234435823738e+00 1.250954633502162494e+01 1.882468299899572761e+00 4.194456255036756787e+00
5.504700000000000000e+04 1.150163172382199406e+01 8.589886926693434788e+00 6.861428064928858817e+00 1.191142042444058013e+01 1.768044749775525615e+00 3.931680890031879372e+00
5.504900000000000000e+04 -2.158768338365604222e-01 8.589886926693434788e+00 6.191178502725894539e+00 1.094242316979155838e+01 1.551051834533994978e+00 3.502696277141983838e+00
5.505000000000000000e+04 7.724206669314188645e+00 8.589886926693434788e+00 5.822318907808187838e+00 1.051841155266887284e+01 1.438675292267899364e+00 3.316855307980851375e+00
5.505100000000000000e+04 1.722388060661103282e+01 8.589886926693434788e+00 5.436115645356124126e+00 1.011182267347257024e+01 1.325106192803267691e+00 3.141878782461027253e+00
5.505300000000000000e+04 3.879154547429001454e+00 8.589886926693434788e+00 4.671471206392032727e+00 9.345219256194912560e+00 1.108770342350714921e+00 2.820942784410442883e+00
5.505400000000000000e+04 4.194392540788053125e+00 8.589886926693434788e+00 4.293820997733088340e+00 8.945879336965463224e+00 1.005908494057323077e+00 2.662464088382578531e+00
5.505500000000000000e+04 2.652422066215286378e+01 8.589886926693434788e+00 3.933977050929433616e+00 8.530771845444554913e+00 9.098004280595362037e-01 2.503748487157946734e+00
5.505700000000000000e+04 1.047824934276771813e+01 8.589886926693434788e+00 3.267954795303254834e+00 7.738731869767476290e+00 7.368888778080757707e-01 2.210055937219407074e+00
5.505800000000000000e+04 1.031207934231417411e+01 8.589886926693434788e+00 2.951900508094092768e+00 7.359075011014281742e+00 6.574095826676078502e-01 2.073679838540994247e+00
5.505900000000000000e+04 -5.617454979469762577e+00 8.589886926693434788e+00 2.650107795339088135e+00 6.971977996230307895e+00 5.830050588127172473e-01 1.938814793167494166e+00
5.506100000000000000e+04 1.533075268744172348e+01 8.589886926693434788e+00 2.097721046587586624e+00 6.112714867401473740e+00 4.505027589097987395e-01 1.656382741004084558e+00
5.506300000000000000e+04 5.524281727570193645e+00 8.589886926693434788e+00 1.628229051359488366e+00 5.245592489661232705e+00 3.415482990769190819e-01 1.385962927938393818e+00
5.506400000000000000e+04 1.323470999111831325e+01 8.589886926693434788e+00 1.430050174861278833e+00 4.818301686534577577e+00 2.965309531914898100e-01 1.257385617571653791e+00
5.506700000000000000e+04 1.517076141610986184e+01 8.589886926693434788e+00 9.478364502329007513e-01 3.660127056072712826e+00 1.899928740845295005e-01 9.211110972600947688e-01
5.506800000000000000e+04 -1.017746467472969130e+01 8.589886926693434788e+00 8.222095865760433719e-01 3.304140562487396515e+00 1.630009885761951050e-01 8.217619783345098128e-01
5.506900000000000000e+04 7.437461112915620731e+00 8.589886926693434788e+00 7.114886321071732800e-01 2.964580724062667372e+00 1.395185175518027509e-01 7.287563235158966979e-01
5.507000000000000000e+04 -1.369976455791688252e+01 8.589886926693434788e+00 6.142464668803382377e-01 2.642431204826007018e+00 1.191554736916271978e-01 6.421148923080304272e-01
5.507200000000000000e+04 9.158394344749485327e+00 8.589886926693434788e+00 4.560021150716552230e-01 2.068286789048725982e+00 8.659693020465177027e-02 4.913262041639884781e-01
5.507400000000000000e+04 1.206928233018732755e+01 8.589886926693434788e+00 3.365728559047677093e-01 1.595336528170215429e+00 6.259957145868536021e-02 3.706636914893623458e-01
5.507600000000000000e+04 -2.911296941800853411e+00 8.589886926693434788e+00 2.446644561300058696e-01 1.215495378242795965e+00 4.458659039435906163e-02 2.763494403062012883e-01
5.507800000000000000e+04 1.034379382566936378e+01 8.589886926693434788e+00 1.772255691513887343e-01 9.154135518439115993e-01 3.165759871947924908e-02 2.037512357202438951e-01
5.508000000000000000e+04 4.042907861610433251e+00 8.589886926693434788e+00 1.280487148722933011e-01 6.832374861477903405e-01 2.242927217941729015e-02 1.489443421145340285e-01
5.508200000000000000e+04 8.889271130211035654e+00 8.589886926693434788e+00 9.225249237564120408e-02 5.067652355576219847e-01 1.585148843184322476e-02 1.082461627558146955e-01
5.508300000000000000e+04 -1.807536451036530778e+01 8.589886926693434788e+00 7.828265047811086563e-02 4.354325471705292050e-01 1.332425287277213925e-02 9.208098189192380489e-02
5.508400000000000000e+04 -9.203600796897138281e+00 8.589886926693434788e+00 6.634986103872077268e-02 3.737194416083516324e-01 1.118771474028273233e-02 7.824946432335670721e-02
5.508600000000000000e+04 2.235694877581170203e+01 8.589886926693434788e+00 4.778895805253825790e-02 2.714431623208579114e-01 7.910245647124551638e-03 5.573323799294881836e-02
5.508900000000000000e+04 1.082182400952793699e+01 8.589886926693434788e+00 2.953792704718989290e-02 1.669635476005058294e-01 4.758348966942117439e-03 3.331275889874418111e-02
5.509000000000000000e+04 -1.116062123702145037e+01 8.589886926693434788e+00 2.515094851968402434e-02 1.418427172626349209e-01 4.015798901434460173e-03 2.803659022427161529e-02
5.509200000000000000e+04 -6.203811671321229682e+00 8.589886926693434788e+00 1.823123819824581937e-02 1.021152884779340658e-01 2.860340487345981557e-03 1.981436053980403095e-02
5.509300000000000000e+04 1.116824555889465209e+01 8.589886926693434788e+00 1.552278488735900699e-02 8.662096792589167593e-02 2.414419350363810127e-03 1.665531609096517277e-02
5.509500000000000000e+04 -3.891626946025609435e+00 8.589886926693434788e+00 1.124605589990867321e-02 6.217323799203797879e-02 1.719580412830072277e-03 1.174143337211776446e-02
5.509600000000000000e+04 7.568257504344313880e+00 8.589886926693434788e+00 9.575513617746863118e-03 5.282462043149774300e-02 1.451847290194205504e-03 9.887807058905687813e-03
5.509700000000000000e+04 6.124930456469191320e+00 8.589886926693434788e+00 8.151450433902005660e-03 4.499766282910577092e-02 1.225634575374692737e-03 8.348980041024522958e-03
5.509800000000000000e+04 3.207633817927284969e+00 8.589886926693434788e+00 6.935252852135165638e-03 3.832602113553309348e-02 1.034155386379047173e-03 7.049371162362620333e-03
5.510000000000000000e+04 -4.019106365864451469e+00 8.589886926693434788e+00 5.026680235648261705e-03 2.776523360451785619e-02 7.373742460977353481e-04 5.019748626793075000e-03
5.510100000000000000e+04 1.479344637745213120e+01 8.589886926693434788e+00 4.277566175215478418e-03 2.364114811366915814e-02 6.224268341795411233e-04 4.237980086345396677e-03
5.510200000000000000e+04 1.751217902347970812e+00 8.589886926693434788e+00 3.642667242111638070e-03 2.011391430701693975e-02 5.258043306838589264e-04 3.575425609182477163e-03
5.510600000000000000e+04 -2.972842733682258265e-01 8.589886926693434788e+00 1.907742695990415722e-03 1.055202610513148419e-02 2.668395524086519138e-04 1.814809112742756881e-03
5.510900000000000000e+04 6.935655739582084145e+00 8.589886926693434788e+00 1.173339293678566731e-03 6.502532538991447064e-03 1.603886617199637324e-04 1.091761675451888552e-03
5.511100000000000000e+04 -1.296631612975394887e+01 8.589886926693434788e+00 8.489831367973027466e-04 4.707414146899869048e-03 1.143196079927424701e-04 7.780335427244262957e-04
5.511200000000000000e+04 -1.091112933559870157e+01 8.589886926693434788e+00 7.216635572816795623e-04 4.007680608472372757e-03 9.645587389153405797e-05 6.572554133548237122e-04
5.511400000000000000e+04 1.605712222504372022e+01 8.589886926693434788e+00 5.221294690758054077e-04 2.900677081944998473e-03 6.876820444588222371e-05 4.684556010893086439e-04
5.511500000000000000e+04 -2.442969936266837649e+01 8.589886926693434788e+00 4.438946344158176387e-04 2.467047944940162565e-03 5.804061642466235168e-05 3.954109412969871438e-04
5.511700000000000000e+04 -3.810838299102702109e+00 8.589886926693434788e+00 3.211936095938321719e-04 1.783020954235400293e-03 4.139733072045060849e-05 2.815177709731275248e-04
5.511800000000000000e+04 7.971659339097739716e-01 8.589886926693434788e+00 2.730603437855316632e-04 1.516361641291533256e-03 3.494412016400036890e-05 2.376444397711154283e-04
5.511900000000000000e+04 2.283714896976969388e+00 8.589886926693434788e+00 2.323819442238831193e-04 1.288722896919908528e-03 2.952906681710418518e-05 2.004858271499546790e-04
5.512000000000000000e+04 1.794804088099573480e+00 8.589886926693434788e+00 1.994177585201395940e-04 1.096102762711218242e-03 2.516312410348764490e-05 1.692770513206106697e-04
