5.497400000000000000e+04 2.678496766500564341e+00 5.163205519107715524e+00 2.872527343123094101e-01 8.716023034220134351e-19 2.872527343123094101e-01 8.716023034220134351e-19
5.497600000000000000e+04 -3.083753443581770171e+00 5.163205519107715524e+00 1.958814406946931541e+00 8.716022210972289233e-19 1.958814406946931541e+00 8.716022210972289233e-19
5.498000000000000000e+04 1.025844398452951722e+01 5.163205519107715524e+00 9.740658635389692677e+00 8.716019515982127606e-19 9.740658635389692677e+00 8.716019515982127606e-19
5.498100000000000000e+04 8.865074247203160951e+00 5.163205519107715524e+00 1.261836908227294352e+01 8.716018526766135158e-19 1.261836908227294352e+01 8.716018526766135158e-19
5.498500000000000000e+04 2.924823573708301439e+01 5.163205519107715524e+00 2.761301931683333422e+01 8.716012528962566048e-19 2.761301931683333422e+01 8.716012528962566048e-19
5.498700000000000000e+04 3.369757092968110612e+01 5.163205519107715524e+00 3.698113532148148863e+01 8.716007743899730289e-19 3.698113532148148863e+01 8.716007743899730289e-19
5.498800000000000000e+04 4.600359428885765567e+01 5.163205519107715524e+00 4.209516568424355398e+01 -1.241908946591701104e-02 4.209516568424355398e+01 -1.241908946591701104e-02
5.498900000000000000e+04 4.951318311376879677e+01 5.163205519107715524e+00 4.711547825657126509e+01 2.298021874498475392e-01 4.711547825657126509e+01 2.298021874498475392e-01
5.499300000000000000e+04 7.041360872304906593e+01 5.163205519107715524e+00 6.549985504210982867e+01 4.087902819091672413e+00 6.549985504210982867e+01 4.087902819091672413e+00
5.499500000000000000e+04 7.316479936639466075e+01 5.163205519107715524e+00 6.925870503056015082e+01 7.792526908311754319e+00 6.925870503056015082e+01 7.792526908311754319e+00
5.499700000000000000e+04 8.919288186742436153e+01 5.163205519107715524e+00 7.030107015719596575e+01 1.269273137910385429e+01 6.841287481237441170e+01 1.269273137910385429e+01
5.499900000000000000e+04 8.840491716275538181e+01 5.163205519107715524e+00 6.863844840042735029e+01 1.874044088442200007e+01 6.504780932565140006e+01 1.874044088442200007e+01
5.500000000000000000e+04 9.814529599921837644e+01 5.163205519107715524e+00 6.756933273992601130e+01 2.209041545346666879e+01 6.320798198309262261e+01 2.209041545346666879e+01
5.500200000000000000e+04 9.208327712717654379e+01 5.163205519107715524e+00 6.485428909699159306e+01 2.958490825718519801e+01 5.914124484496770862e+01 2.958490825718519801e+01
5.500300000000000000e+04 8.886819266351720614e+01 5.163205519107715524e+00 6.249858677247912198e+01 3.367613254739485029e+01 5.628475033544589223e+01 3.367613254739485029e+01
5.500500000000000000e+04 1.008716881616747969e+02 5.163205519107715524e+00 5.690716326021968285e+01 4.153383942830611630e+01 5.000629460476246635e+01 4.153383942830611630e+01
5.500700000000000000e+04 1.049389858633939241e+02 5.163205519107715524e+00 5.193148914912127623e+01 4.911345556622313779e+01 4.455343955827151348e+01 4.911345556622313779e+01
5.500900000000000000e+04 1.002492556570409761e+02 5.163205519107715524e+00 4.698555998934735101e+01 5.453452191392029391e+01 3.937777404403901471e+01 5.453452191392029391e+01
5.501000000000000000e+04 1.032016519069854183e+02 5.163205519107715524e+00 4.449526763058666035e+01 5.859286445585389913e+01 3.686434766411487374e+01 5.540696402444812918e+01
5.501300000000000000e+04 1.022658992523246297e+02 5.163205519107715524e+00 3.742680720688887419e+01 6.583730317526543274e+01 2.997981993502793685e+01 5.352626274411823459e+01
5.501600000000000000e+04 9.474365713455199511e+01 5.163205519107715524e+00 2.939625750149642514e+01 6.886823592680993045e+01 2.279133005233092391e+01 4.910391153426733268e+01
5.501700000000000000e+04 9.299581470000138950e+01 5.163205519107715524e+00 2.701557127295336969e+01 6.907697397892229674e+01 2.072381963252022885e+01 4.731299587597417400e+01
5.501800000000000000e+04 9.331748242231371648e+01 5.163205519107715524e+00 2.483447003500518235e+01 6.832968690723131999e+01 1.885112345149930135e+01 4.502780026835672089e+01
5.501900000000000000e+04 8.390895655228757732e+01 5.163205519107715524e+00 2.274950808669233027e+01 6.683375334623627850e+01 1.708947422377729097e+01 4.243412910872144295e+01
5.502000000000000000e+04 8.317491982044334975e+01 5.163205519107715524e+00 2.077558241804306149e+01 6.530822075381979630e+01 1.544652967884242400e+01 4.000503568380997876e+01
5.502200000000000000e+04 7.144011687024394064e+01 5.163205519107715524e+00 1.725223185006471027e+01 6.228570850246358503e+01 1.256901635586821442e+01 3.564275164661721362e+01
5.502300000000000000e+04 7.412570327455819097e+01 5.163205519107715524e+00 1.568392870310096399e+01 6.056665496929444004e+01 1.131270102647213349e+01 3.355493350099414585e+01
5.502400000000000000e+04 7.152891798796784428e+01 5.163205519107715524e+00 1.425535509271319690e+01 5.867288332561813746e+01 1.018094207449878574e+01 3.150221923523121603e+01
5.502500000000000000e+04 6.717517981766567914e+01 5.163205519107715524e+00 1.297039310390283973e+01 5.662363801208045544e+01 9.172838121572022274e+00 2.949147813129190610e+01
5.502800000000000000e+04 5.402799235940791789e+01 5.163205519107715524e+00 9.775006311752205690e+00 5.018621857123678609e+01 6.716370971383953226e+00 2.398385594802235588e+01
5.502900000000000000e+04 5.433968930429264788e+01 5.163205519107715524e+00 8.920311494292100463e+00 4.745036071333702665e+01 6.071543353043900915e+00 2.206993521550558768e+01
5.503100000000000000e+04 4.936891217988267044e+01 5.163205519107715524e+00 7.493630684596537250e+00 4.129789005482363962e+01 5.006434182654020404e+00 1.823306404186474339e+01
5.503300000000000000e+04 3.544946163314132548e+01 5.163205519107715524e+00 6.390665700848454200e+00 3.589253905165467273e+01 4.192249869357422831e+00 1.508089876119944250e+01
5.503400000000000000e+04 4.691486874784505545e+01 5.163205519107715524e+00 5.960167755674170564e+00 3.332447473636572255e+01 3.874767751706000407e+00 1.367157937902183562e+01
5.503500000000000000e+04 3.627494250818180177e+01 5.163205519107715524e+00 5.583685812230811507e+00 3.083127323896948369e+01 3.597735703756966164e+00 1.235722374307394134e+01
5.503700000000000000e+04 3.406033669362849281e+01 5.163205519107715524e+00 4.968386507115485351e+00 2.624410615105284350e+01 3.145344712025503142e+00 1.005521308469457331e+01
5.503800000000000000e+04 3.508865680715307178e+01 5.163205519107715524e+00 4.721393177043268885e+00 2.414130399049153297e+01 2.963093496324381348e+00 9.050160821177707149e+00
5.503900000000000000e+04 3.292020593104363257e+01 5.163205519107715524e+00 4.503626765298077039e+00 2.219445372240735281e+01 2.802157021713587159e+00 8.144753659599029305e+00
5.504000000000000000e+04 2.605255722770726123e+01 5.163205519107715524e+00 4.301297963389567158e+00 2.041873765861932455e+01 2.653484246384680389e+00 7.338270497257618707e+00
5.504100000000000000e+04 2.199196750834342851e+01 5.163205519107715524e+00 4.109074746853830007e+00 1.876226605390798241e+01 2.513503025968822246e+00 6.606431709122529305e+00
5.504300000000000000e+04 2.348113764973145479e+01 5.163205519107715524e+00 3.751628227843136099e+00 1.587750097635166746e+01 2.256754227528354306e+00 5.373096777107163824e+00
5.504400000000000000e+04 1.875519665055268703e+01 5.163205519107715524e+00 3.570257843957503230e+00 1.463241948083580546e+01 2.129971270706062736e+00 4.857234682435121798e+00
5.504500000000000000e+04 1.385464122508580864e+01 5.163205519107715524e+00 3.385067954637544396e+00 1.351989686741926455e+01 2.002998789726357476e+00 4.403875201113765847e+00
5.504600000000000000e+04 1.151373529198768253e+01 5.163205519107715524e+00 3.207349489368891859e+00 1.252609832500036013e+01 1.882468299899572761e+00 4.005147346123217211e+00
5.504700000000000000e+04 1.029937117071169794e+01 5.163205519107715524e+00 3.036793662214442691e+00 1.163315733741645808e+01 1.768044749775525615e+00 3.652482680507522339e+00
5.504900000000000000e+04 2.507865488502256213e+00 5.163205519107715524e+00 2.706895661628728078e+00 1.022938686450384260e+01 1.551051834533994978e+00 3.099814201364801125e+00
5.505000000000000000e+04 7.014931545306839489e+00 5.163205519107715524e+00 2.530629839099234779e+00 9.663518100291211610e+00 1.438675292267899364e+00 2.878188563005573020e+00
5.505100000000000000e+04 1.252392651517087252e+01 5.163205519107715524e+00 2.349148258601632566e+00 9.167403591008337571e+00 1.325106192803267691e+00 2.684452003223524841e+00
5.505300000000000000e+04 4.270540454191801949e+00 5.163205519107715524e+00 1.996230124368227221e+00 8.367776033620053511e+00 1.108770342350714921e+00 2.370474797059505256e+00
5.505400000000000000e+04 4.430160145213904777e+00 5.163205519107715524e+00 1.824919189918795759e+00 8.042190652317996680e+00 1.005908494057323077e+00 2.241725617370870172e+00
5.505500000000000000e+04 1.785153645375484643e+01 5.163205519107715524e+00 1.663115182492832078e+00 7.737560062457730758e+00 9.098004280595362037e-01 2.122787397107745111e+00
5.505700000000000000e+04 8.214213151274076807e+00 5.163205519107715524e+00 1.367371001660665275e+00 7.164475026774889344e+00 7.368888778080757707e-01 1.905445485844385223e+00
5.505800000000000000e+04 8.121752370285603817e+00 5.163205519107715524e+00 1.228961473838826368e+00 6.892127410871596638e+00 6.574095826676078502e-01 1.805403382022683800e+00
5.505900000000000000e+04 -1.459350510207670482e+00 5.163205519107715524e+00 1.097915126756109139e+00 6.602910939188794792e+00 5.830050588127172473e-01 1.703977016564850455e+00
5.506100000000000000e+04 1.114953641193348410e+01 5.163205519107715524e+00 8.608206717248434447e-01 6.008838813279437474e+00 4.505027589097987395e-01 1.505974639919658298e+00
5.506300000000000000e+04 5.298848087299795395e+00 5.163205519107715524e+00 6.620572229307000178e-01 5.447971671814901384e+00 3.415482990769190819e-01 1.327155096666236656e+00
5.506400000000000000e+04 9.943247459106340003e+00 5.163205519107715524e+00 5.788877268204265514e-01 5.165002608998204181e+00 2.965309531914898100e-01 1.240841467627196382e+00
5.506700000000000000e+04 1.094025955281561124e+01 5.163205519107715524e+00 3.787697937749180399e-01 4.212407759411346930e+00 1.899928740845295005e-01 9.717203597258007308e-01
5.506800000000000000e+04 -4.374303660958434925e+00 5.163205519107715524e+00 3.272081844678540463e-01 3.896218983020413251e+00 1.630009885761951050e-01 8.870162738805721370e-01
5.506900000000000000e+04 6.123924797010126930e+00 5.163205519107715524e+00 2.819948276757037187e-01 3.581034238844071016e+00 1.395185175518027509e-01 8.047267952458585505e-01
5.507000000000000000e+04 -6.668949229840600346e+00 5.163205519107715524e+00 2.424813889624613805e-01 3.280740343582688734e+00 1.191554736916271978e-01 7.278403424476290740e-01
5.507200000000000000e+04 6.891255127637328393e+00 5.163205519107715524e+00 1.786148282401146814e-01 2.725015070134265027e+00 8.659693020465177027e-02 5.895111022464607498e-01
5.507400000000000000e+04 8.433802543596170764e+00 5.163205519107715524e+00 1.308456242629441602e-01 2.209589172900199294e+00 6.259957145868536021e-02 4.664040470501739089e-01
5.507600000000000000e+04 -7.843161573138541787e-01 5.163205519107715524e+00 9.442548113717361136e-02 1.748851710087838907e+00 4.458659039435906163e-02 3.604022071278390471e-01
5.507800000000000000e+04 6.985911221948382099e+00 5.163205519107715524e+00 6.791821229277078542e-02 1.357312940531676615e+00 3.165759871947924908e-02 2.732386392615352988e-01
5.508000000000000000e+04 3.034446900800603419e+00 5.163205519107715524e+00 4.873880844587377692e-02 1.043246342156696427e+00 2.242927217941729015e-02 2.052624382010224402e-01
5.508200000000000000e+04 5.807975085718283914e+00 5.163205519107715524e+00 3.488278544311419760e-02 7.899903704434738660e-01 1.585148843184322476e-02 1.519942992676236448e-01
5.508300000000000000e+04 -1.045875461030938069e+01 5.163205519107715524e+00 2.950522556146662617e-02 6.852561559743243214e-01 1.332425287277213925e-02 1.304007908609561006e-01
5.508400000000000000e+04 -5.178730887345510681e+00 5.163205519107715524e+00 2.492846598429798721e-02 5.929536995951617540e-01 1.118771474028273233e-02 1.116148140414422174e-01
5.508600000000000000e+04 1.370575570789223363e+01 5.163205519107715524e+00 1.784393213078356091e-02 4.414905789586589524e-01 7.910245647124551638e-03 8.134326650551063076e-02
5.508900000000000000e+04 6.678041233612346694e+00 5.163205519107715524e+00 1.093087924685943318e-02 2.804460801349105137e-01 4.758348966942117439e-03 5.007965716694829511e-02
5.509000000000000000e+04 -6.560116545095382001e+00 5.163205519107715524e+00 9.280511261215037416e-03 2.394008106715512230e-01 4.015798901434460173e-03 4.231565367592597660e-02
5.509200000000000000e+04 -3.620990906340718851e+00 5.163205519107715524e+00 6.689192263707312985e-03 1.736421760974892758e-01 2.860340487345981557e-03 3.008093132914495954e-02
5.509300000000000000e+04 6.804938408451871368e+00 5.163205519107715524e+00 5.679680079795828250e-03 1.476510404276512312e-01 2.414419350363810127e-03 2.532607897558340412e-02
5.509500000000000000e+04 -2.272542059294822892e+00 5.163205519107715524e+00 4.092601382535572194e-03 1.066736184853086522e-01 1.719580412830072277e-03 1.794341774353383490e-02
5.509600000000000000e+04 4.605624297379408816e+00 5.163205519107715524e+00 3.475432043266888857e-03 9.053136318809147653e-02 1.451847290194205504e-03 1.508227624957792119e-02
5.509700000000000000e+04 3.729422557688343520e+00 5.163205519107715524e+00 2.950837803672110189e-03 7.684801591757597916e-02 1.225634575374692737e-03 1.268119074547458328e-02
5.509800000000000000e+04 1.968550518521062553e+00 5.163205519107715524e+00 2.504103852578224744e-03 6.520889355934687825e-02 1.034155386379047173e-03 1.065940229821771279e-02
5.510000000000000000e+04 -2.386873206714376749e+00 5.163205519107715524e+00 1.805829528693353534e-03 4.683422943470334082e-02 7.373742460977353481e-04 7.514517358155370884e-03
5.510100000000000000e+04 8.916594251166147345e+00 5.163205519107715524e+00 1.532912807217373446e-03 3.980435609633074107e-02 6.224268341795411233e-04 6.328196517699642178e-03
5.510200000000000000e+04 1.073560807170532705e+00 5.163205519107715524e+00 1.302207005371645073e-03 3.391689651865802818e-02 5.258043306838589264e-04 5.343347226255695630e-03
5.510600000000000000e+04 -1.676650295647345579e-01 5.163205519107715524e+00 6.755843787882248683e-04 1.784020097147958478e-02 2.668395524086519138e-04 2.712307255261054220e-03
5.510900000000000000e+04 4.175686873759247852e+00 5.163205519107715524e+00 4.127121043378106642e-04 1.100701882764788808e-02 1.603886617199637324e-04 1.630669455947835432e-03
5.511100000000000000e+04 -7.788856660971503310e+00 5.163205519107715524e+00 2.973224364675246495e-04 7.973545317746577599e-03 1.143196079927424701e-04 1.161477832155364534e-03
5.511200000000000000e+04 -6.554259856745791701e+00 5.163205519107715524e+00 2.521935278768049874e-04 6.787564278425051514e-03 9.645587389153405797e-05 9.805076602997543633e-04
5.511400000000000000e+04 9.654649697808288522e+00 5.163205519107715524e+00 1.816993497869100042e-04 4.917294586235306832e-03 6.876820444588222371e-05 6.987274722892087252e-04
5.511500000000000000e+04 -1.468160334403459721e+01 5.163205519107715524e+00 1.541558772239031946e-04 4.185336220850746983e-03 5.804061642466235168e-05 5.898993968781883653e-04
5.511700000000000000e+04 -2.288737903910490701e+00 5.163205519107715524e+00 1.110938767214012624e-04 3.032839379384498490e-03 4.139733072045060849e-05 4.206434645470872170e-04
5.511800000000000000e+04 4.807600282008835935e-01 5.163205519107715524e+00 9.425826973037459630e-05 2.581200112600684927e-03 3.494412016400036890e-05 3.551702941315011404e-04
5.511900000000000000e+04 1.374056236681562959e+00 5.163205519107715524e+00 8.005920595453287455e-05 2.196119857906679140e-03 2.952906681710418518e-05 2.998115846971575321e-04
5.512000000000000000e+04 1.079978161306503370e+00 5.163205519107715524e+00 6.856951318200382294e-05 1.868237615440005404e-03 2.516312410348764490e-05 2.530630024300718631e-04
