5.497600000000000000e+04 -7.976802898636483619e+00 1.059335770484504557e+01 1.164140563987932975e+00 1.400047904695842546e-18 1.164140563987932975e+00 1.400047904695842546e-18
5.497900000000000000e+04 4.049895974171647595e+00 1.059335770484504557e+01 4.289077145657377521e+00 1.400047904115777677e-18 4.289077145657377521e+00 1.400047904115777677e-18
5.498300000000000000e+04 1.327740503553907381e+01 1.059335770484504557e+01 1.143383206421574805e+01 1.400047902751678668e-18 1.143383206421574805e+01 1.400047902751678668e-18
5.499200000000000000e+04 5.136427677192968133e+01 1.059335770484504557e+01 3.733751665722944324e+01 7.130369544559223449e+00 3.733751665722944324e+01 7.130369544559223449e+00
5.499500000000000000e+04 5.313285936298547085e+01 1.059335770484504557e+01 4.526446668391263017e+01 1.429229008026968373e+01 4.526446668391263017e+01 1.429229008026968373e+01
5.499600000000000000e+04 4.126471034247309433e+01 1.059335770484504557e+01 4.750204251648135312e+01 1.722624419581170585e+01 4.750204251648135312e+01 1.722624419581170585e+01
5.499800000000000000e+04 7.669995482257341735e+01 1.059335770484504557e+01 5.419575919406428000e+01 2.388689422327730227e+01 5.091672227927872996e+01 2.388689422327730227e+01
5.500200000000000000e+04 1.087349349255229072e+02 1.059335770484504557e+01 7.114707346060455961e+01 3.917569678333893535e+01 5.381775602163734362e+01 3.917569678333893535e+01
5.500700000000000000e+04 1.480873727404644740e+02 1.059335770484504557e+01 8.566262885698918694e+01 6.047898554804275761e+01 5.210622193247517231e+01 5.658058335489079127e+01
5.501100000000000000e+04 1.699493188187590818e+02 1.059335770484504557e+01 9.106886556582149694e+01 8.761138401079291782e+01 4.789065290588005297e+01 6.516279956176489918e+01
5.501600000000000000e+04 1.969985514053562383e+02 1.059335770484504557e+01 8.964691783611505116e+01 1.132937729015239512e+02 4.031611703369087962e+01 6.707742622943986532e+01
5.502200000000000000e+04 2.170853287756188763e+02 1.059335770484504557e+01 8.273025821962943382e+01 1.291368958772714848e+02 3.169741694238675578e+01 6.142356158546017753e+01
5.502800000000000000e+04 2.082889942335454521e+02 1.059335770484504557e+01 7.888523195545340627e+01 1.267841090416993950e+02 2.632666932167046880e+01 5.039514629211360131e+01
5.503000000000000000e+04 2.023544235775253242e+02 1.059335770484504557e+01 7.821516257818322515e+01 1.233537554751528376e+02 2.502725028100064719e+01 4.648543694420893502e+01
5.503300000000000000e+04 1.923824144252257042e+02 1.059335770484504557e+01 7.678328183501483295e+01 1.175691747703856720e+02 2.313864568316503068e+01 4.110379148004953720e+01
5.503800000000000000e+04 2.015528379450174157e+02 1.059335770484504557e+01 7.110094439292535640e+01 1.115297301019307525e+02 1.953108020902245556e+01 3.480083939775672519e+01
5.504200000000000000e+04 2.077805749850002144e+02 1.059335770484504557e+01 6.458526564807974069e+01 1.088810523474933234e+02 1.656882135661357935e+01 3.128406285125081610e+01
5.504400000000000000e+04 1.590369233563143609e+02 1.059335770484504557e+01 6.108877170830308501e+01 1.076592013732534951e+02 1.517055024046465839e+01 2.975490613378295279e+01
5.504600000000000000e+04 1.507180012818448915e+02 1.059335770484504557e+01 5.778379098386803037e+01 1.053510408343369278e+02 1.390504162668881349e+01 2.804873291649012756e+01
5.505000000000000000e+04 1.519935860400378829e+02 1.059335770484504557e+01 5.244761465031577785e+01 9.842687871336868000e+01 1.188425964160150627e+01 2.441385026127807123e+01
5.505600000000000000e+04 1.381042113669799107e+02 1.059335770484504557e+01 4.775998049847120797e+01 8.429136977358177774e+01 9.950825172612551839e+00 1.896318780058082254e+01
5.505900000000000000e+04 1.223586733184202728e+02 1.059335770484504557e+01 4.591205396988942056e+01 7.755430964852317288e+01 9.195652533626304859e+00 1.667225092945013287e+01
5.506300000000000000e+04 1.209086189275930963e+02 1.059335770484504557e+01 4.393265701272069634e+01 7.084015499578760000e+01 8.367487622413662507e+00 1.437707365002894022e+01
5.506500000000000000e+04 9.759170896009582918e+01 1.059335770484504557e+01 4.308827843051349760e+01 6.849997780714468831e+01 8.010164788539839265e+00 1.352391419856364152e+01
5.506700000000000000e+04 1.247326472728700963e+02 1.059335770484504557e+01 4.224721879126968105e+01 6.654866203176280237e+01 7.670155917078735897e+00 1.279068635410305710e+01
5.507000000000000000e+04 1.015282357093460632e+02 1.059335770484504557e+01 4.105123762844338131e+01 6.378721128783902827e+01 7.200455628366551508e+00 1.179148389674634423e+01
5.507400000000000000e+04 9.690483562578049259e+01 1.059335770484504557e+01 3.935017698451327561e+01 6.086191425302197189e+01 6.603708294373577203e+00 1.070532509903292251e+01
5.507900000000000000e+04 1.019642894697861664e+02 1.059335770484504557e+01 3.668274394055436716e+01 5.781092391651206697e+01 5.840457257125583723e+00 9.587694896348420315e+00
5.508300000000000000e+04 8.334993597503049045e+01 1.059335770484504557e+01 3.370642799922026711e+01 5.558144610407285313e+01 5.155149271873892936e+00 8.815035938666337501e+00
5.509100000000000000e+04 8.132993878487624784e+01 1.059335770484504557e+01 2.438505698609018779e+01 5.005636897935195861e+01 3.457107999615824934e+00 7.300571571406979210e+00
