5.497600000000000000e+04 -3.072555516220659033e+00 4.909869232631590030e+00 1.164140563987932975e+00 8.960306593772031297e-19 1.164140563987932975e+00 8.960306593772031297e-19
5.497900000000000000e+04 4.178220106027207947e+00 4.909869232631590030e+00 4.289077145657377521e+00 8.960306592350573665e-19 4.289077145657377521e+00 8.960306592350573665e-19
5.498300000000000000e+04 1.228830167264515616e+01 4.909869232631590030e+00 1.143383206421574805e+01 8.960306589007829505e-19 1.143383206421574805e+01 8.960306589007829505e-19
5.499200000000000000e+04 4.067532213262691698e+01 4.909869232631590030e+00 3.733751665722944324e+01 1.414274411638661300e-01 3.733751665722944324e+01 1.414274411638661300e-01
5.499500000000000000e+04 4.387431454630824135e+01 4.909869232631590030e+00 4.526446668391263017e+01 1.587232095280796784e+00 4.526446668391263017e+01 1.587232095280796784e+00
5.499600000000000000e+04 3.905349876580925894e+01 4.909869232631590030e+00 4.750204251648135312e+01 2.426487086150368899e+00 4.750204251648135312e+01 2.426487086150368899e+00
5.499800000000000000e+04 5.539938178229866850e+01 4.909869232631590030e+00 5.147680622435078135e+01 4.563436508517902723e+00 5.091672227927872996e+01 4.563436508517902723e+00
5.500200000000000000e+04 6.706659001082252303e+01 4.909869232631590030e+00 5.677773260282739187e+01 1.102479628531949452e+01 5.381775602163734362e+01 1.102479628531949452e+01
5.500700000000000000e+04 8.131185497273844476e+01 4.909869232631590030e+00 5.783790634504742911e+01 2.257211756982848527e+01 5.210622193247517231e+01 2.257211756982848527e+01
5.501100000000000000e+04 8.329718423592018439e+01 4.909869232631590030e+00 5.526581345338557583e+01 3.207803185965695292e+01 4.789065290588005297e+01 3.207803185965695292e+01
5.501600000000000000e+04 9.235896652452223066e+01 4.909869232631590030e+00 4.874218549373227916e+01 4.637087731418473879e+01 4.031611703369087962e+01 4.073337782342299107e+01
5.502200000000000000e+04 1.006159337113326728e+02 4.909869232631590030e+00 4.041420660154310696e+01 5.778317805108870431e+01 3.169741694238675578e+01 4.292955278684152631e+01
5.502800000000000000e+04 9.759192820998566731e+01 4.909869232631590030e+00 3.530406356036009896e+01 6.107369297866939917e+01 2.632666932167046880e+01 3.931107941469451816e+01
5.503000000000000000e+04 9.475015050443026610e+01 4.909869232631590030e+00 3.411214213300389275e+01 6.027393783659348259e+01 2.502725028100064719e+01 3.714193852390528150e+01
5.503300000000000000e+04 8.922722628360621400e+01 4.909869232631590030e+00 3.230154937369837853e+01 5.783876318122317173e+01 2.313864568316503068e+01 3.349864657779635024e+01
5.503800000000000000e+04 8.909816670086863155e+01 4.909869232631590030e+00 2.833959738329158284e+01 5.198841817878549421e+01 1.953108020902245556e+01 2.736808705979442635e+01
5.504200000000000000e+04 8.890782440466480807e+01 4.909869232631590030e+00 2.477038792813730339e+01 4.823327092985239517e+01 1.656882135661357935e+01 2.366696316479508511e+01
5.504400000000000000e+04 6.544548298403836384e+01 4.909869232631590030e+00 2.301372471478488535e+01 4.693269041852990853e+01 1.517055024046465839e+01 2.227253721456430569e+01
5.504600000000000000e+04 6.148272683803138250e+01 4.909869232631590030e+00 2.139985906347408573e+01 4.583789048934690413e+01 1.390504162668881349e+01 2.106133545733638002e+01
5.505000000000000000e+04 6.341252670382895928e+01 4.909869232631590030e+00 1.881278301265518493e+01 4.408106029982770480e+01 1.188425964160150627e+01 1.904313992562109448e+01
5.505600000000000000e+04 5.862648231604085680e+01 4.909869232631590030e+00 1.640891070963809995e+01 3.941215737539060626e+01 9.950825172612551839e+00 1.562486416721796978e+01
5.505900000000000000e+04 5.130326088120113326e+01 4.909869232631590030e+00 1.546708756155944187e+01 3.634957187322110173e+01 9.195652533626304859e+00 1.384112857863875767e+01
5.506300000000000000e+04 4.940191761389169756e+01 4.909869232631590030e+00 1.444228363628598011e+01 3.211577554775170995e+01 8.367487622413662507e+00 1.161678924537065605e+01
5.506500000000000000e+04 3.775189709993581744e+01 4.909869232631590030e+00 1.400176805036763739e+01 3.023732779768050705e+01 8.010164788539839265e+00 1.067024059484808518e+01
5.506700000000000000e+04 4.955562493294846149e+01 4.909869232631590030e+00 1.357617597322936476e+01 2.859298647635508317e+01 7.670155917078735897e+00 9.849461411076502415e+00
5.507000000000000000e+04 3.826159853902031927e+01 4.909869232631590030e+00 1.298242149794489109e+01 2.681341334565655643e+01 7.200455628366551508e+00 8.917591241737580887e+00
5.507400000000000000e+04 3.570205198435920124e+01 4.909869232631590030e+00 1.219704921970799916e+01 2.503786826632080320e+01 6.603708294373577203e+00 7.960660138090042359e+00
5.507900000000000000e+04 3.784477864134636604e+01 4.909869232631590030e+00 1.110854970305285683e+01 2.327370305868980793e+01 5.840457257125583723e+00 7.013954269992709989e+00
5.508300000000000000e+04 2.943011988388192890e+01 4.909869232631590030e+00 1.003192048306659601e+01 2.215034848645344212e+01 5.155149271873892936e+00 6.408131830831871767e+00
5.509100000000000000e+04 3.040553920487213446e+01 4.909869232631590030e+00 7.031757671218587191e+00 2.018105472379052401e+01 3.457107999615824934e+00 5.405543130602271873e+00
