5.497500000000000000e+04 -3.132706123005454923e+00 1.004745098842623996e+01 9.676860811788584593e-01 1.458879094187306028e-18 9.676860811788584593e-01 1.458879094187306028e-18
5.497600000000000000e+04 -8.337241671300310131e+00 1.004745098842623996e+01 2.014654457448330049e+00 1.458879030790155216e-18 2.014654457448330049e+00 1.458879030790155216e-18
5.497900000000000000e+04 -3.123818409778711391e+00 1.004745098842623996e+01 7.421511495175619366e+00 1.458878766632481191e-18 7.421511495175619366e+00 1.458878766632481191e-18
5.498000000000000000e+04 1.546794244609235847e+01 1.004745098842623996e+01 1.010928248076253944e+01 1.458878646401056061e-18 1.010928248076253944e+01 1.458878646401056061e-18
5.498100000000000000e+04 3.333999812253776440e+01 1.004745098842623996e+01 1.326427468792255127e+01 1.458878505308197166e-18 1.326427468792255127e+01 1.458878505308197166e-18
5.498200000000000000e+04 1.415891749677750688e+01 1.004745098842623996e+01 1.681188057541250913e+01 1.458878339734227992e-18 1.681188057541250913e+01 1.458878339734227992e-18
5.498400000000000000e+04 2.625949333441441524e+01 1.004745098842623996e+01 2.504964300095078400e+01 1.458877917415035206e-18 2.504964300095078400e+01 1.458877917415035206e-18
5.498500000000000000e+04 3.435228803007576914e+01 1.004745098842623996e+01 2.982457128805857849e+01 1.458877649835416619e-18 2.982457128805857849e+01 1.458877649835416619e-18
5.498700000000000000e+04 3.601676792453780251e+01 1.004745098842623996e+01 4.097582893337165899e+01 1.458876967336947338e-18 4.097582893337165899e+01 1.458876967336947338e-18
5.499000000000000000e+04 5.050722383408935912e+01 1.004745098842623996e+01 6.053040193995693841e+01 7.741488649430867675e-01 6.053040193995693841e+01 7.741488649430867675e-01
5.499200000000000000e+04 9.000795751834931480e+01 1.004745098842623996e+01 7.440742163840896239e+01 2.753478662916496678e+00 7.440742163840896239e+01 2.753478662916496678e+00
5.499300000000000000e+04 9.254764493489210508e+01 1.004745098842623996e+01 8.115791156796579742e+01 4.184087600156392028e+00 8.115791156796579742e+01 4.184087600156392028e+00
5.499400000000000000e+04 9.452728986215403495e+01 1.004745098842623996e+01 8.659722275531558466e+01 5.937209196140496026e+00 8.659722275531558466e+01 5.937209196140496026e+00
5.499600000000000000e+04 9.733551830329886911e+01 1.004745098842623996e+01 9.298895886639343189e+01 1.061141975033804385e+01 9.298895886639343189e+01 1.061141975033804385e+01
5.499700000000000000e+04 1.029700966619572569e+02 1.004745098842623996e+01 9.799049354420412783e+01 1.344950446033000979e+01 9.534931745081652821e+01 1.344950446033000979e+01
5.499800000000000000e+04 1.195715005324848903e+02 1.004745098842623996e+01 1.026448216592931431e+02 1.657394882118942192e+01 9.725679520493949326e+01 1.657394882118942192e+01
5.500000000000000000e+04 1.317614122697460459e+02 1.004745098842623996e+01 1.104426673980238292e+02 2.385965703044686492e+01 9.942624000542298290e+01 2.385965703044686492e+01
5.500200000000000000e+04 1.526428253784743561e+02 1.004745098842623996e+01 1.158938757736231366e+02 3.278066314669732861e+01 9.937735874946248771e+01 3.278066314669732861e+01
5.500300000000000000e+04 1.568445950687324739e+02 1.004745098842623996e+01 1.173473468870210183e+02 3.790067896713478035e+01 9.828909195663038645e+01 3.790067896713478035e+01
5.500400000000000000e+04 1.627184644382057854e+02 1.004745098842623996e+01 1.179310516604720789e+02 4.317674359126633732e+01 9.653818898204983157e+01 4.317674359126633732e+01
5.500500000000000000e+04 1.700448161706379722e+02 1.004745098842623996e+01 1.179034302948030586e+02 4.842432155196556209e+01 9.437559456880096320e+01 4.842432155196556209e+01
5.500900000000000000e+04 1.786961004978051051e+02 1.004745098842623996e+01 1.122780655183545377e+02 6.927777820425247057e+01 8.255133116561614770e+01 6.927777820425247057e+01
5.501200000000000000e+04 1.916598065299124869e+02 1.004745098842623996e+01 1.030821799343895862e+02 9.021571019926457780e+01 7.142612246008147281e+01 7.627945396065322825e+01
5.501300000000000000e+04 1.795453957959197453e+02 1.004745098842623996e+01 9.951399514032958393e+01 9.675884041349021913e+01 6.765517379857884350e+01 7.780543616395159745e+01
5.501400000000000000e+04 2.043007665571188625e+02 1.004745098842623996e+01 9.533926124446041683e+01 1.029086957140099798e+02 6.361888512242121152e+01 7.888746317670370445e+01
5.501600000000000000e+04 2.014582553308733566e+02 1.004745098842623996e+01 8.614971700166772450e+01 1.137938188502529755e+02 5.543739832797152900e+01 7.978252741376498136e+01
5.501700000000000000e+04 1.989951239051326866e+02 1.004745098842623996e+01 8.242288440607163125e+01 1.182352063457605027e+02 5.211031447560955598e+01 7.950188699956999017e+01
5.501800000000000000e+04 1.884591797457336497e+02 1.004745098842623996e+01 7.921994516207718107e+01 1.217290746064476252e+02 4.922327896239417555e+01 7.863127356530432621e+01
5.501900000000000000e+04 1.920459943717981446e+02 1.004745098842623996e+01 7.622883159101917272e+01 1.242639568576945805e+02 4.656333247267679099e+01 7.723055118563988231e+01
5.502000000000000000e+04 2.018953768381836937e+02 1.004745098842623996e+01 7.309167822373581203e+01 1.260782442963526080e+02 4.390417961541074021e+01 7.550047565504078761e+01
5.502100000000000000e+04 2.093709651343937423e+02 1.004745098842623996e+01 6.968532712445265531e+01 1.272925626174747720e+02 4.117301454915962466e+01 7.354550648109243127e+01
5.502200000000000000e+04 2.028303134153489964e+02 1.004745098842623996e+01 6.621299237973961738e+01 1.278453193589284496e+02 3.849145005216814042e+01 7.135419956406119013e+01
5.502500000000000000e+04 1.778372978642625810e+02 1.004745098842623996e+01 5.657059096547304478e+01 1.245072124843394334e+02 3.137059333747742329e+01 6.306078428096606103e+01
5.502900000000000000e+04 1.544551438775184522e+02 1.004745098842623996e+01 4.529080834822966040e+01 1.128853497612241910e+02 2.366167303078713857e+01 5.089510809793696922e+01
5.503100000000000000e+04 1.563950324900856685e+02 1.004745098842623996e+01 4.035146502024145576e+01 1.037699396862302592e+02 2.048817721261307412e+01 4.434991866237722746e+01
5.503200000000000000e+04 1.259195478536539383e+02 1.004745098842623996e+01 3.809119148137853017e+01 1.000809855692766916e+02 1.907229695642826428e+01 4.168825158048764479e+01
5.503300000000000000e+04 1.362637010108703350e+02 1.004745098842623996e+01 3.628033796616680462e+01 9.693441879506359271e+01 1.791710107470335345e+01 3.937862316991534328e+01
5.503400000000000000e+04 1.224218124063470157e+02 1.004745098842623996e+01 3.472080384744823078e+01 9.396480492986177069e+01 1.691552365168480421e+01 3.725066597814144131e+01
5.503500000000000000e+04 1.130425095916258726e+02 1.004745098842623996e+01 3.321978083967000828e+01 9.073764609476171472e+01 1.596874529619285887e+01 3.512334369232860354e+01
5.503600000000000000e+04 1.266511128429170583e+02 1.004745098842623996e+01 3.188071486068827554e+01 8.709904189787425821e+01 1.512367877641758973e+01 3.293841163932770399e+01
5.503700000000000000e+04 9.845385971563267447e+01 1.004745098842623996e+01 3.064278095621837039e+01 8.330165654490021154e+01 1.434788638676704053e+01 3.079316004173451304e+01
5.503900000000000000e+04 1.216741308835885746e+02 1.004745098842623996e+01 2.809364044542087058e+01 7.594447198360101936e+01 1.282170619571031622e+01 2.686398018521436981e+01
5.504000000000000000e+04 8.156966602031663172e+01 1.004745098842623996e+01 2.686884445301588187e+01 7.247610919944085595e+01 1.210962883225882791e+01 2.509647466998194432e+01
5.504200000000000000e+04 9.413150232758005131e+01 1.004745098842623996e+01 2.459645602135408993e+01 6.574856997845375872e+01 1.081543224929825442e+01 2.184555602832633170e+01
5.504400000000000000e+04 8.572112519428029032e+01 1.004745098842623996e+01 2.246523431067127774e+01 5.927722327672795188e+01 9.643386980885679804e+00 1.892933842462971228e+01
5.504500000000000000e+04 6.158546875977826573e+01 1.004745098842623996e+01 2.140560780560789311e+01 5.623956559059025295e+01 9.080561577061848411e+00 1.761670391886676512e+01
5.504600000000000000e+04 7.461455342264380874e+01 1.004745098842623996e+01 2.032314363711936167e+01 5.332334954063529864e+01 8.521234229400151960e+00 1.639054177009046143e+01
5.504700000000000000e+04 8.995503082374354165e+01 1.004745098842623996e+01 1.920520368385746224e+01 5.056752525839564782e+01 7.960046289989414880e+00 1.525783756514261391e+01
5.504800000000000000e+04 7.371810805809981559e+01 1.004745098842623996e+01 1.808100773723998245e+01 4.837760626978503353e+01 7.409034476823465276e+00 1.433368085976268347e+01
5.505000000000000000e+04 5.056181524969766627e+01 1.004745098842623996e+01 1.569407658202418077e+01 4.467288434100545658e+01 6.288194800073795498e+00 1.277499623695428888e+01
5.505200000000000000e+04 5.953032137039322436e+01 1.004745098842623996e+01 1.318401588263255242e+01 4.153655717423512073e+01 5.167770414954748759e+00 1.147830910941363491e+01
5.505400000000000000e+04 5.522519060327424256e+01 1.004745098842623996e+01 1.083649022857742672e+01 3.836767362004355419e+01 4.157327640826142812e+00 1.025736495656825298e+01
5.505600000000000000e+04 6.466262092213295887e+01 1.004745098842623996e+01 8.825915252185710713e+00 3.536785401413435892e+01 3.315520380235053022e+00 9.157200117581325571e+00
5.505800000000000000e+04 3.196358180757173528e+01 1.004745098842623996e+01 7.146293128764558134e+00 3.256769605436809201e+01 2.629827455937498115e+00 8.174417322448755741e+00
5.506000000000000000e+04 4.485727408935109395e+01 1.004745098842623996e+01 5.711659010783961321e+00 2.982710222340660522e+01 2.059888564189253035e+00 7.264449261649479794e+00
5.506100000000000000e+04 3.228959926893870147e+01 1.004745098842623996e+01 5.085593544358840923e+00 2.840502302965164816e+01 1.815959130283463896e+00 6.816987383520122457e+00
5.506200000000000000e+04 2.613296891366988461e+01 1.004745098842623996e+01 4.516105806198337014e+00 2.692215016015060769e+01 1.596812745279095003e+00 6.368037031991533148e+00
5.506400000000000000e+04 3.555992832887983468e+01 1.004745098842623996e+01 3.523521428763860097e+00 2.387142501843312559e+01 1.221917543613490142e+00 5.488314753059690076e+00
5.506500000000000000e+04 1.558063895953422673e+01 1.004745098842623996e+01 3.094819461064711952e+00 2.218676347699637930e+01 1.063036946060080368e+00 5.030555840059037109e+00
5.506700000000000000e+04 3.282216098840464724e+01 1.004745098842623996e+01 2.370495639618291239e+00 1.873709525972633116e+01 7.990344961129509649e-01 4.134216331963799895e+00
5.506800000000000000e+04 3.496342659199427771e+01 1.004745098842623996e+01 2.065622122256427051e+00 1.708717866771194593e+01 6.898283870746817481e-01 3.720184334700300077e+00
5.506900000000000000e+04 8.583691819791424038e+00 1.004745098842623996e+01 1.792370626755424690e+00 1.547856227232389692e+01 5.930877954916861095e-01 3.325862112660915137e+00
5.507100000000000000e+04 1.653784196109901217e+01 1.004745098842623996e+01 1.337323390192590722e+00 1.266740978554125618e+01 4.345486239456022304e-01 2.652416304188042862e+00
5.507300000000000000e+04 2.342683465014935607e+01 1.004745098842623996e+01 9.898430726289796366e-01 1.030387435855959488e+01 3.159510589642119949e-01 2.103861964749998759e+00
5.507400000000000000e+04 1.934578240805240057e+01 1.004745098842623996e+01 8.499490109142830985e-01 9.245021298652142505e+00 2.689201451984696289e-01 1.864479439074748779e+00
5.507500000000000000e+04 3.332118748996893309e+00 1.004745098842623996e+01 7.272308202392441245e-01 8.271523727273230264e+00 2.280935985444418612e-01 1.647910851351402695e+00
5.507800000000000000e+04 1.251717901980952696e+01 1.004745098842623996e+01 4.517957619097660027e-01 5.825097541094387488e+00 1.381047141620609098e-01 1.119758855288131238e+00
5.508000000000000000e+04 -1.350750980283778446e+01 1.004745098842623996e+01 3.276818162673840185e-01 4.527601917703410805e+00 9.849760017656127020e-02 8.504295568480645384e-01
5.508100000000000000e+04 9.034860738301663474e+00 1.004745098842623996e+01 2.790520667065116700e-01 3.974330172000159145e+00 8.318738014801362046e-02 7.380645840142919800e-01
5.508200000000000000e+04 7.836028723775113392e+00 1.004745098842623996e+01 2.373391651254759538e-01 3.481041724385838254e+00 7.017301316464903682e-02 6.392275968903607941e-01
5.508400000000000000e+04 1.286642795514416449e+01 1.004745098842623996e+01 1.714140076833276793e-01 2.641613041119970529e+00 4.986444254227592049e-02 4.744702363933489542e-01
5.508500000000000000e+04 5.833572969857381274e+00 1.004745098842623996e+01 1.456383395017000204e-01 2.287870636270585400e+00 4.202762805578161287e-02 4.064868588356523871e-01
5.508800000000000000e+04 -4.193530355833077206e-01 1.004745098842623996e+01 9.007486365724916288e-02 1.468818558997546209e+00 2.538464199561750803e-02 2.527608471713695959e-01
5.508900000000000000e+04 2.387672384111808377e+00 1.004745098842623996e+01 7.673087987202015237e-02 1.263279274084331272e+00 2.145658115601357940e-02 2.151361161587757309e-01
5.509000000000000000e+04 -5.824588363173148764e+00 1.004745098842623996e+01 6.536701457365473589e-02 1.082605208643455441e+00 1.813835800367798873e-02 1.824748788355535223e-01
5.509100000000000000e+04 9.638104510840120653e+00 1.004745098842623996e+01 5.570273403805772044e-02 9.254369539544041734e-01 1.533876746194622574e-02 1.543990379983322947e-01
5.509300000000000000e+04 7.765246321602958801e+00 1.004745098842623996e+01 4.038124099309330084e-02 6.756745519435999325e-01 1.095262713745783802e-02 1.104837713296487195e-01
5.509500000000000000e+04 1.384840930257264802e+01 1.004745098842623996e+01 2.930222526858716758e-02 4.914951450730267180e-01 7.830004347216196550e-03 7.879808014124903282e-02
5.509600000000000000e+04 1.465300261274322224e+00 1.004745098842623996e+01 2.494544112664172364e-02 4.191512611089874274e-01 6.616827885050855125e-03 6.654990411841091302e-02
5.509700000000000000e+04 -6.310568001914360181e+00 1.004745098842623996e+01 2.123971988917000911e-02 3.569953802533090137e-01 5.592785077591702451e-03 5.613841053171924472e-02
5.509800000000000000e+04 3.157784832703316003e+00 1.004745098842623996e+01 1.809748854159960729e-02 3.038194188040753141e-01 4.730874821351913062e-03 4.732315988911003218e-02
5.509900000000000000e+04 -2.836890157799337953e+00 1.004745098842623996e+01 1.540644675947923890e-02 2.585371616931921857e-01 3.998454947828823484e-03 3.989155403382074055e-02
5.510100000000000000e+04 -5.693519201008317765e+00 1.004745098842623996e+01 1.116702832718027144e-02 1.874461782532706455e-01 2.857113554350843541e-03 2.838889232647826000e-02
5.510400000000000000e+04 6.917752539404838252e+00 1.004745098842623996e+01 6.893071990804156349e-03 1.164749051473041447e-01 1.726894476100850886e-03 1.716526492481086630e-02
5.510700000000000000e+04 -3.249904821247509545e+01 1.004745098842623996e+01 4.227626158010281028e-03 7.227287127158853186e-02 1.037530654529236849e-03 1.037181356327150986e-02
5.510800000000000000e+04 -1.277162359738063468e+00 1.004745098842623996e+01 3.592841799681828398e-03 6.158968912952392238e-02 8.757902202812570909e-04 8.762101709966271107e-03
5.510900000000000000e+04 -9.457283185688638127e+00 1.004745098842623996e+01 3.051187007256094073e-03 5.250480331336469103e-02 7.387683124515371895e-04 7.405472963803201060e-03
5.511000000000000000e+04 -6.990208067869083663e-01 1.004745098842623996e+01 2.590720375502085938e-03 4.479326246920664611e-02 6.230988444615148105e-04 6.264003477772957240e-03
5.511100000000000000e+04 2.420515965802764313e+01 1.004745098842623996e+01 2.200983378957896853e-03 3.817539147312781073e-02 5.258591276927242816e-04 5.293462308040685488e-03
5.511400000000000000e+04 -2.048584345500180248e+01 1.004745098842623996e+01 1.349099238009915901e-03 2.365326008937619282e-02 3.160519228810185948e-04 3.198763958263059048e-03
