5.497400000000000000e+04 3.259943697026404408e+00 6.418673367787289585e+00 2.872527343123094101e-01 8.716021689365841492e-19 2.872527343123094101e-01 8.716021689365841492e-19
5.497600000000000000e+04 -4.309887438770501511e+00 6.418673367787289585e+00 1.958814406946931541e+00 8.716020358936565545e-19 1.958814406946931541e+00 8.716020358936565545e-19
5.498000000000000000e+04 1.038434694461054875e+01 6.418673367787289585e+00 9.740658635389692677e+00 8.716016003634627670e-19 9.740658635389692677e+00 8.716016003634627670e-19
5.498100000000000000e+04 7.952435582209722575e+00 6.418673367787289585e+00 1.261836908227294352e+01 8.716014404989387201e-19 1.261836908227294352e+01 8.716014404989387201e-19
5.498500000000000000e+04 2.963343042333431043e+01 6.418673367787289585e+00 2.761301931683333422e+01 -1.241908946591701104e-02 2.761301931683333422e+01 -1.241908946591701104e-02
5.498700000000000000e+04 3.364974874467439747e+01 6.418673367787289585e+00 3.698113532148148863e+01 7.505983906838168407e-01 3.698113532148148863e+01 7.505983906838168407e-01
5.498800000000000000e+04 4.853644516373520190e+01 6.418673367787289585e+00 4.209516568424355398e+01 1.567051525557545455e+00 4.209516568424355398e+01 1.567051525557545455e+00
5.498900000000000000e+04 5.249110100375160926e+01 6.418673367787289585e+00 4.711547825657126509e+01 2.680580088357593205e+00 4.711547825657126509e+01 2.680580088357593205e+00
5.499300000000000000e+04 7.662121231336028870e+01 6.418673367787289585e+00 6.549985504210982867e+01 1.009469526581835552e+01 6.549985504210982867e+01 1.009469526581835552e+01
5.499500000000000000e+04 8.000806476151326763e+01 6.418673367787289585e+00 6.925870503056015082e+01 1.558080429699700353e+01 6.925870503056015082e+01 1.558080429699700353e+01
5.499700000000000000e+04 1.043668770462039248e+02 6.418673367787289585e+00 7.457003354548812979e+01 2.209041545346666879e+01 6.841287481237441170e+01 2.209041545346666879e+01
5.499900000000000000e+04 1.076168366591194143e+02 6.418673367787289585e+00 7.675641500426864638e+01 2.958490825718519801e+01 6.504780932565140006e+01 2.958490825718519801e+01
5.500000000000000000e+04 1.216547758105877364e+02 6.418673367787289585e+00 7.742977792928846270e+01 3.367613254739485029e+01 6.320798198309262261e+01 3.367613254739485029e+01
5.500200000000000000e+04 1.163757984606725984e+02 6.418673367787289585e+00 7.777073697113253559e+01 4.153383942830611630e+01 5.914124484496770862e+01 4.153383942830611630e+01
5.500300000000000000e+04 1.128142894751368033e+02 6.418673367787289585e+00 7.654726045620641628e+01 4.535018634951246952e+01 5.628475033544589223e+01 4.535018634951246952e+01
5.500500000000000000e+04 1.279307340636216139e+02 6.418673367787289585e+00 7.250912717690557940e+01 5.239988403368787573e+01 5.000629460476246635e+01 5.239988403368787573e+01
5.500700000000000000e+04 1.320516052894926986e+02 6.418673367787289585e+00 6.861229691973812805e+01 5.859840515225634761e+01 4.455343955827151348e+01 5.540696402444812918e+01
5.500900000000000000e+04 1.267936312342601752e+02 6.418673367787289585e+00 6.418577169178358588e+01 6.418769566396218806e+01 3.937777404403901471e+01 5.473029984989954499e+01
5.501000000000000000e+04 1.277476189395819972e+02 6.418673367787289585e+00 6.174778233739241529e+01 6.585871368036306706e+01 3.686434766411487374e+01 5.352626274411823459e+01
5.501300000000000000e+04 1.219251499254637849e+02 6.418673367787289585e+00 5.426347408240056325e+01 6.890260866488391400e+01 2.997981993502793685e+01 4.910391153426733268e+01
5.501600000000000000e+04 1.068283733126656614e+02 6.418673367787289585e+00 4.432913695178363866e+01 6.687618747534499164e+01 2.279133005233092391e+01 4.243412910872144295e+01
5.501700000000000000e+04 1.027429061281525833e+02 6.418673367787289585e+00 4.124040106871525779e+01 6.535222629307199327e+01 2.072381963252022885e+01 4.000503568380997876e+01
5.501800000000000000e+04 1.024466873979429806e+02 6.418673367787289585e+00 3.836203622380108413e+01 6.389404358125552363e+01 1.885112345149930135e+01 3.778030013082754124e+01
5.501900000000000000e+04 9.082410051812600216e+01 6.418673367787289585e+00 3.554610638545676693e+01 6.233204407960418081e+01 1.708947422377729097e+01 3.564275164661721362e+01
5.502000000000000000e+04 8.982130970985552665e+01 6.418673367787289585e+00 3.282387556754014923e+01 6.061363187619583215e+01 1.544652967884242400e+01 3.355493350099414585e+01
5.502200000000000000e+04 7.444433234947432254e+01 6.418673367787289585e+00 2.784037122824809174e+01 5.667082437709052556e+01 1.256901635586821442e+01 2.949147813129190610e+01
5.502300000000000000e+04 7.747783758458032821e+01 6.418673367787289585e+00 2.556670431982701430e+01 5.455269249939095744e+01 1.131270102647213349e+01 2.756300146493076042e+01
5.502400000000000000e+04 7.422443800665661229e+01 6.418673367787289585e+00 2.346707148171969592e+01 5.249694104819295859e+01 1.018094207449878574e+01 2.577422478799732986e+01
5.502500000000000000e+04 6.878094636355250202e+01 6.418673367787289585e+00 2.155616958569424924e+01 5.023178789753802675e+01 9.172838121572022274e+00 2.398385594802235588e+01
5.502800000000000000e+04 5.065224708689701316e+01 6.418673367787289585e+00 1.669018186388912639e+01 4.133800279571573810e+01 6.716370971383953226e+00 1.823306404186474339e+01
5.502900000000000000e+04 5.137916345027882414e+01 6.418673367787289585e+00 1.536100468320107204e+01 3.854298870534643129e+01 6.071543353043900915e+00 1.657905570601618450e+01
5.503100000000000000e+04 4.719329926245101348e+01 6.418673367787289585e+00 1.311685755855353364e+01 3.335865368481327664e+01 5.006434182654020404e+00 1.367157937902183562e+01
5.503300000000000000e+04 3.136990865759719327e+01 6.418673367787289585e+00 1.136099714595861343e+01 2.850432483582629573e+01 4.192249869357422831e+00 1.115541829830396736e+01
5.503400000000000000e+04 4.643281254960837856e+01 6.418673367787289585e+00 1.067498515595003106e+01 2.627226074768998032e+01 3.874767751706000407e+00 1.005521308469457331e+01
5.503500000000000000e+04 3.406714692835062408e+01 6.418673367787289585e+00 1.007365997051950224e+01 2.416754945687294764e+01 3.597735703756966164e+00 9.050160821177707149e+00
5.503700000000000000e+04 3.307184881616820604e+01 6.418673367787289585e+00 9.090046217753702251e+00 2.044148629716081800e+01 3.145344712025503142e+00 7.338270497257618707e+00
5.503800000000000000e+04 3.521992928591549799e+01 6.418673367787289585e+00 8.696679411712059604e+00 1.878340663537717248e+01 2.963093496324381348e+00 6.606431709122529305e+00
5.503900000000000000e+04 3.334883394179023242e+01 6.418673367787289585e+00 8.350427924706488980e+00 1.726332928492831087e+01 2.802157021713587159e+00 5.951230448472252910e+00
5.504000000000000000e+04 2.557909246968652894e+01 6.418673367787289585e+00 8.026789845313659910e+00 1.589576950539383304e+01 2.653484246384680389e+00 5.373096777107163824e+00
5.504100000000000000e+04 2.127267532008086803e+01 6.418673367787289585e+00 7.716454289724283377e+00 1.464941980222432605e+01 2.513503025968822246e+00 4.857234682435121798e+00
5.504300000000000000e+04 2.446091071227852254e+01 6.418673367787289585e+00 7.131343358989600034e+00 1.254091737018101682e+01 2.256754227528354306e+00 4.005147346123217211e+00
5.504400000000000000e+04 1.916046277806652753e+01 6.418673367787289585e+00 6.826557922612931151e+00 1.164703677160238726e+01 2.129971270706062736e+00 3.652482680507522339e+00
5.504500000000000000e+04 1.360549192909723892e+01 6.418673367787289585e+00 6.509746066610660797e+00 1.088777598070555186e+01 2.002998789726357476e+00 3.353799895485938709e+00
5.504600000000000000e+04 1.119875541150003073e+01 6.418673367787289585e+00 6.202733048169092100e+00 1.024178612130929977e+01 1.882468299899572761e+00 3.099814201364801125e+00
5.504700000000000000e+04 1.014727268161113471e+01 6.418673367787289585e+00 5.905269464250255673e+00 9.675318673399534219e+00 1.768044749775525615e+00 2.878188563005573020e+00
5.504900000000000000e+04 1.104539214375163780e+00 6.418673367787289585e+00 5.320107792451603146e+00 8.748587595816216478e+00 1.551051834533994978e+00 2.516275769620402780e+00
5.505000000000000000e+04 6.939025369588775582e+00 6.418673367787289585e+00 4.999396640630950017e+00 8.378206122727116067e+00 1.438675292267899364e+00 2.370474797059505256e+00
5.505100000000000000e+04 1.396897674862836602e+01 6.418673367787289585e+00 4.664373798667502236e+00 8.052278417596165028e+00 1.325106192803267691e+00 2.241725617370870172e+00
5.505300000000000000e+04 3.881975151103857158e+00 6.418673367787289585e+00 4.002660935886081184e+00 7.454446734297293986e+00 1.108770342350714921e+00 2.010802420775057886e+00
5.505400000000000000e+04 4.091236443079704799e+00 6.418673367787289585e+00 3.676595545779516083e+00 7.173621165106942144e+00 1.005908494057323077e+00 1.905445485844385223e+00
5.505500000000000000e+04 2.077297993080117777e+01 6.418673367787289585e+00 3.366261583820283843e+00 6.900973887443506705e+00 9.098004280595362037e-01 1.805403382022683800e+00
5.505700000000000000e+04 8.707547845309592915e+00 6.418673367787289585e+00 2.792808846892607555e+00 6.309606427541203821e+00 7.368888778080757707e-01 1.602399031781086114e+00
5.505800000000000000e+04 8.538660447454004654e+00 6.418673367787289585e+00 2.521165749530275946e+00 6.016669881407019638e+00 6.574095826676078502e-01 1.505974639919658298e+00
5.505900000000000000e+04 -3.393049550253373958e+00 6.418673367787289585e+00 2.262059628193343386e+00 5.732425409512200254e+00 5.830050588127172473e-01 1.414435799820420669e+00
5.506100000000000000e+04 1.228088072859204161e+01 6.418673367787289585e+00 1.788495952871900885e+00 5.171827237070153238e+00 4.505027589097987395e-01 1.240841467627196382e+00
5.506300000000000000e+04 4.918817140777246522e+00 6.418673367787289585e+00 1.386686094252291612e+00 4.540555876011965530e+00 3.415482990769190819e-01 1.060084954242614286e+00
5.506400000000000000e+04 1.065576210821994607e+01 6.418673367787289585e+00 1.217259562851066068e+00 4.218043737497755963e+00 2.965309531914898100e-01 9.717203597258007308e-01
5.506700000000000000e+04 1.198365357740710024e+01 6.418673367787289585e+00 8.055697861184052400e-01 3.285180169671618966e+00 1.899928740845295005e-01 7.278403424476290740e-01
5.506800000000000000e+04 -6.986580431730417651e+00 6.418673367787289585e+00 6.984592360489960683e-01 3.003286738699099345e+00 1.630009885761951050e-01 6.570018241816371063e-01
5.506900000000000000e+04 6.143491773412621093e+00 6.418673367787289585e+00 6.041151809993059452e-01 2.728728990078417738e+00 1.395185175518027509e-01 5.895111022464607498e-01
5.507000000000000000e+04 -9.684452678262626790e+00 6.418673367787289585e+00 5.213051974008690026e-01 2.464707414570782795e+00 1.191554736916271978e-01 5.259276661340864800e-01
5.507200000000000000e+04 7.317132660233128583e+00 6.418673367787289585e+00 3.866552933637701361e-01 1.973234474819993478e+00 8.659693020465177027e-02 4.109535310771395000e-01
5.507400000000000000e+04 9.406233506329742866e+00 6.418673367787289585e+00 2.851410479943118359e-01 1.546081715605439610e+00 6.259957145868536021e-02 3.144487706649526926e-01
5.507600000000000000e+04 -1.865690473692377171e+00 6.418673367787289585e+00 2.071047123817978119e-01 1.193715005167661714e+00 4.458659039435906163e-02 2.372247625531919146e-01
5.507800000000000000e+04 7.973047771870191980e+00 6.418673367787289585e+00 1.498987299367342263e-01 9.103525370522108640e-01 3.165759871947924908e-02 1.768636417959688623e-01
5.508000000000000000e+04 3.209226636604443961e+00 6.418673367787289585e+00 1.082212382656883992e-01 6.862211218266953683e-01 2.242927217941729015e-02 1.304007908609561006e-01
5.508200000000000000e+04 6.785302835803780575e+00 6.418673367787289585e+00 7.791006564250946287e-02 5.126163802592756946e-01 1.585148843184322476e-02 9.532437895330177213e-02
5.508300000000000000e+04 -1.338222569056189570e+01 6.418673367787289585e+00 6.608829424894981097e-02 4.421169221107514313e-01 1.332425287277213925e-02 8.134326650551063076e-02
5.508400000000000000e+04 -6.769575959966399381e+00 6.418673367787289585e+00 5.599451227511507284e-02 3.805276945824889734e-01 1.118771474028273233e-02 6.927754416372142177e-02
5.508600000000000000e+04 1.678852625294028300e+01 6.418673367787289585e+00 4.030270157209958626e-02 2.808467173922460369e-01 7.910245647124551638e-03 5.007965716694829511e-02
5.508900000000000000e+04 8.138402289799577360e+00 6.418673367787289585e+00 2.488616509710727537e-02 1.738918478275211787e-01 4.758348966942117439e-03 3.008093132914495954e-02
5.509000000000000000e+04 -8.295355348725546918e+00 6.418673367787289585e+00 2.118333920506677501e-02 1.478637794910461212e-01 4.015798901434460173e-03 2.532607897558340412e-02
5.509200000000000000e+04 -4.603465473281980636e+00 6.418673367787289585e+00 1.534572671461119017e-02 1.068279318779030290e-01 2.860340487345981557e-03 1.794341774353383490e-02
5.509300000000000000e+04 8.372715035873607548e+00 6.418673367787289585e+00 1.306200868546821339e-02 9.066257899146278054e-02 2.414419350363810127e-03 1.508227624957792119e-02
5.509500000000000000e+04 -2.888064123916743942e+00 6.418673367787289585e+00 9.457692270565396658e-03 6.530376223980099981e-02 1.719580412830072277e-03 1.065940229821771279e-02
5.509600000000000000e+04 5.672045735497323271e+00 6.418673367787289585e+00 8.050493224126868685e-03 5.534786236312674162e-02 1.451847290194205504e-03 8.950171792226187251e-03
5.509700000000000000e+04 4.590807951003859522e+00 6.418673367787289585e+00 6.851297276344533310e-03 4.690261154266256449e-02 1.225634575374692737e-03 7.514517358155370884e-03
5.509800000000000000e+04 2.408728879688842195e+00 6.418673367787289585e+00 5.827465602245930631e-03 3.986257550429358337e-02 1.034155386379047173e-03 6.328196517699642178e-03
5.510000000000000000e+04 -2.994563896656005753e+00 6.418673367787289585e+00 4.221467558909533686e-03 2.893919128566962984e-02 7.373742460977353481e-04 4.511597543912077707e-03
5.510100000000000000e+04 1.106156312550050203e+01 6.418673367787289585e+00 3.591402833215952013e-03 2.463682761123951390e-02 6.224268341795411233e-04 3.806679173553694298e-03
5.510200000000000000e+04 1.314856212828121595e+00 6.418673367787289585e+00 3.057552182926639821e-03 2.097724840544516398e-02 5.258043306838589264e-04 3.212639121147568746e-03
5.510600000000000000e+04 -2.188288928206191253e-01 6.418673367787289585e+00 1.599703116689868117e-03 1.102332552220736638e-02 2.668395524086519138e-04 1.630669455947835432e-03
5.510900000000000000e+04 5.184617310695903036e+00 6.418673367787289585e+00 9.831824963433776193e-04 6.797663507326135758e-03 1.603886617199637324e-04 9.805076602997543633e-04
5.511100000000000000e+04 -9.687415377060860422e+00 6.418673367787289585e+00 7.110679617148581546e-04 4.924631224694343487e-03 1.143196079927424701e-04 6.987274722892087252e-04
5.511200000000000000e+04 -8.151927479407419241e+00 6.418673367787289585e+00 6.042960499304608508e-04 4.191589154457654905e-03 9.645587389153405797e-05 5.898993968781883653e-04
5.511400000000000000e+04 1.199937770210187082e+01 6.418673367787289585e+00 4.370219392535814890e-04 3.037382328801606964e-03 6.876820444588222371e-05 4.206434645470872170e-04
5.511500000000000000e+04 -1.825397122679425266e+01 6.418673367787289585e+00 3.714599451178390074e-04 2.585071468806717822e-03 5.804061642466235168e-05 3.551702941315011404e-04
5.511700000000000000e+04 -2.847028472164410129e+00 6.418673367787289585e+00 2.686686763757244276e-04 1.871046614766979201e-03 4.139733072045060849e-05 2.530630024300718631e-04
5.511800000000000000e+04 5.961530004183037690e-01 6.418673367787289585e+00 2.283598252717424100e-04 1.590619898325877808e-03 3.494412016400036890e-05 2.134716419269215202e-04
5.511900000000000000e+04 1.706884697314571708e+00 6.418673367787289585e+00 1.943012596565455818e-04 1.352870808757133036e-03 2.952906681710418518e-05 1.801713734228016527e-04
5.512000000000000000e+04 1.341491795449415658e+00 6.418673367787289585e+00 1.667056971856056445e-04 1.150792249013867560e-03 2.516312410348764490e-05 1.520924414535138741e-04
