5.497400000000000000e+04 2.540311157234369954e+00 4.864833336753929593e+00 2.872527343123094101e-01 8.716024236303062206e-19 2.872527343123094101e-01 8.716024236303062206e-19
5.497600000000000000e+04 -2.792352690956044547e+00 4.864833336753929593e+00 1.958814406946931541e+00 8.716023866393842389e-19 1.958814406946931541e+00 8.716023866393842389e-19
5.498000000000000000e+04 1.022852211834737091e+01 4.864833336753929593e+00 9.740658635389692677e+00 8.716022655456037539e-19 9.740658635389692677e+00 8.716022655456037539e-19
5.498100000000000000e+04 9.081970275612755827e+00 4.864833336753929593e+00 1.261836908227294352e+01 8.716022210972289233e-19 1.261836908227294352e+01 8.716022210972289233e-19
5.498500000000000000e+04 2.915373957764774815e+01 4.864833336753929593e+00 2.761301931683333422e+01 8.716019515982127606e-19 2.761301931683333422e+01 8.716019515982127606e-19
5.498700000000000000e+04 3.388732209683007568e+01 4.864833336753929593e+00 3.698113532148148863e+01 8.716017365910701769e-19 3.698113532148148863e+01 8.716017365910701769e-19
5.498800000000000000e+04 4.578943477733043466e+01 4.864833336753929593e+00 4.209516568424355398e+01 8.716016003634627670e-19 4.209516568424355398e+01 8.716016003634627670e-19
5.498900000000000000e+04 4.915810180498445447e+01 4.864833336753929593e+00 4.711547825657126509e+01 8.716014404989387201e-19 4.711547825657126509e+01 8.716014404989387201e-19
5.499300000000000000e+04 6.626556240704029221e+01 4.864833336753929593e+00 6.549985504210982867e+01 -1.241908946591701104e-02 6.549985504210982867e+01 -1.241908946591701104e-02
5.499500000000000000e+04 6.634746066296827394e+01 4.864833336753929593e+00 6.925870503056015082e+01 7.505983906838168407e-01 6.925870503056015082e+01 7.505983906838168407e-01
5.499700000000000000e+04 8.028653260876940578e+01 4.864833336753929593e+00 7.176510567818075970e+01 2.680580088357593205e+00 6.841287481237441170e+01 2.680580088357593205e+00
5.499900000000000000e+04 7.817911983841990775e+01 4.864833336753929593e+00 7.142249463956524380e+01 5.789889591216336839e+00 6.504780932565140006e+01 5.789889591216336839e+00
5.500000000000000000e+04 8.673867023719206770e+01 4.864833336753929593e+00 7.095095977602146320e+01 7.792526908311754319e+00 6.320798198309262261e+01 7.792526908311754319e+00
5.500200000000000000e+04 7.975692379929921572e+01 4.864833336753929593e+00 6.928396833587967762e+01 1.269273137910385429e+01 5.914124484496770862e+01 1.269273137910385429e+01
5.500300000000000000e+04 7.601306982381875343e+01 4.864833336753929593e+00 6.731656140119328313e+01 1.558080429699700353e+01 5.628475033544589223e+01 1.558080429699700353e+01
5.500500000000000000e+04 8.663847285170514567e+01 4.864833336753929593e+00 6.225783678292928158e+01 2.209041545346666879e+01 5.000629460476246635e+01 2.209041545346666879e+01
5.500700000000000000e+04 9.090607069380133964e+01 4.864833336753929593e+00 5.765215078840333973e+01 2.958490825718519801e+01 4.455343955827151348e+01 2.958490825718519801e+01
5.500900000000000000e+04 8.937934561941145262e+01 4.864833336753929593e+00 5.288435054114439993e+01 3.769238260525701634e+01 3.937777404403901471e+01 3.769238260525701634e+01
5.501000000000000000e+04 9.205279457719028358e+01 4.864833336753929593e+00 5.041199543067708788e+01 4.153383942830611630e+01 3.686434766411487374e+01 4.153383942830611630e+01
5.501300000000000000e+04 9.466027822162030247e+01 4.864833336753929593e+00 4.320092052637526336e+01 5.239988403368787573e+01 2.997981993502793685e+01 5.239988403368787573e+01
5.501600000000000000e+04 9.374588474089946999e+01 4.864833336753929593e+00 3.451746936425518442e+01 6.254578899497533939e+01 2.279133005233092391e+01 5.535025574776578594e+01
5.501700000000000000e+04 9.437889056522629971e+01 4.864833336753929593e+00 3.189395841444863677e+01 6.540270832062996931e+01 2.072381963252022885e+01 5.473029984989954499e+01
5.501800000000000000e+04 9.706128765565033234e+01 4.864833336753929593e+00 2.947373151641916067e+01 6.744309105758897260e+01 1.885112345149930135e+01 5.352626274411823459e+01
5.501900000000000000e+04 9.074236574947595102e+01 4.864833336753929593e+00 2.713808506735833959e+01 6.895067788519048690e+01 1.708947422377729097e+01 5.203824746052112715e+01
5.502000000000000000e+04 9.245402075756049953e+01 4.864833336753929593e+00 2.490752910713340995e+01 7.028727596519900089e+01 1.544652967884242400e+01 5.056638558647409809e+01
5.502200000000000000e+04 8.516930929951251983e+01 4.864833336753929593e+00 2.088342067527503687e+01 7.191575373148074846e+01 1.256901635586821442e+01 4.731299587597417400e+01
5.502300000000000000e+04 8.844018990124448010e+01 4.864833336753929593e+00 1.907321393063201498e+01 7.136906342534540215e+01 1.131270102647213349e+01 4.502780026835672089e+01
5.502400000000000000e+04 8.611235818005424392e+01 4.864833336753929593e+00 1.741450141843017363e+01 7.001631302939037482e+01 1.018094207449878574e+01 4.243412910872144295e+01
5.502500000000000000e+04 8.224444002291330946e+01 4.864833336753929593e+00 1.591487414092745922e+01 6.860863619773412836e+01 9.172838121572022274e+00 4.000503568380997876e+01
5.502800000000000000e+04 7.064611799648287160e+01 4.864833336753929593e+00 1.214655690174787850e+01 6.408992298689882716e+01 6.716370971383953226e+00 3.355493350099414585e+01
5.502900000000000000e+04 7.143240583139382238e+01 4.864833336753929593e+00 1.112913896612947262e+01 6.221688298958165575e+01 6.071543353043900915e+00 3.150221923523121603e+01
5.503100000000000000e+04 6.798625226295996526e+01 4.864833336753929593e+00 9.422109131754869082e+00 5.802011808367923607e+01 5.006434182654020404e+00 2.756300146493076042e+01
5.503300000000000000e+04 5.526031891023212950e+01 4.864833336753929593e+00 8.095234497729183687e+00 5.360391804382997094e+01 4.192249869357422831e+00 2.398385594802235588e+01
5.503400000000000000e+04 6.552724880146068642e+01 4.864833336753929593e+00 7.577108338461084003e+00 5.076085099566284953e+01 3.874767751706000407e+00 2.206993521550558768e+01
5.503500000000000000e+04 5.450311978797458323e+01 4.864833336753929593e+00 7.123516693438791236e+00 4.751152833819549670e+01 3.597735703756966164e+00 2.008944115779936368e+01
5.503700000000000000e+04 5.042992075620171022e+01 4.864833336753929593e+00 6.381904420699745728e+00 4.136474398651039053e+01 3.145344712025503142e+00 1.657905570601618450e+01
5.503800000000000000e+04 5.055798616813167712e+01 4.864833336753929593e+00 6.084712494702118057e+00 3.860710082867057480e+01 2.963093496324381348e+00 1.508089876119944250e+01
5.503900000000000000e+04 4.757333838070668719e+01 4.864833336753929593e+00 5.822882291120834886e+00 3.588789586993231495e+01 2.802157021713587159e+00 1.367157937902183562e+01
5.504000000000000000e+04 4.007540012162333909e+01 4.864833336753929593e+00 5.578950628023791047e+00 3.324093186886889839e+01 2.653484246384680389e+00 1.235722374307394134e+01
5.504100000000000000e+04 3.525084242624745201e+01 4.864833336753929593e+00 5.346220936235684285e+00 3.073317741182743035e+01 2.513503025968822246e+00 1.115541829830396736e+01
5.504300000000000000e+04 3.464981910672801035e+01 4.864833336753929593e+00 4.910697199101699439e+00 2.610971396909768316e+01 2.256754227528354306e+00 9.050160821177707149e+00
5.504400000000000000e+04 2.923461532374455629e+01 4.864833336753929593e+00 4.687001781188691041e+00 2.402702329581713769e+01 2.129971270706062736e+00 8.144753659599029305e+00
5.504500000000000000e+04 2.370750686856788292e+01 4.864833336753929593e+00 4.456672307141145595e+00 2.212488554923172401e+01 2.002998789726357476e+00 7.338270497257618707e+00
5.504600000000000000e+04 2.060655903391590726e+01 4.864833336753929593e+00 4.234612440624089480e+00 2.034780966409739023e+01 1.882468299899572761e+00 6.606431709122529305e+00
5.504700000000000000e+04 1.861914148918376100e+01 4.864833336753929593e+00 4.020533760989545513e+00 1.871661976044523357e+01 1.768044749775525615e+00 5.951230448472252910e+00
5.504900000000000000e+04 9.684759063395253165e+00 4.864833336753929593e+00 3.603093411622470654e+00 1.590744358497502375e+01 1.551051834533994978e+00 4.857234682435121798e+00
5.505000000000000000e+04 1.320631444770460838e+01 4.864833336753929593e+00 3.377290248598893818e+00 1.470894317171997656e+01 1.438675292267899364e+00 4.403875201113765847e+00
5.505100000000000000e+04 1.772983893312060388e+01 4.864833336753929593e+00 3.143151889329351079e+00 1.363752671354955837e+01 1.325106192803267691e+00 4.005147346123217211e+00
5.505300000000000000e+04 8.798680138758200542e+00 4.864833336753929593e+00 2.684332998831081341e+00 1.185568263054279470e+01 1.108770342350714921e+00 3.353799895485938709e+00
5.505400000000000000e+04 8.496522006706694441e+00 4.864833336753929593e+00 2.459949222217183706e+00 1.115933112491328494e+01 1.005908494057323077e+00 3.099814201364801125e+00
5.505500000000000000e+04 2.075826957141828899e+01 4.864833336753929593e+00 2.247207057307054168e+00 1.054856108341542509e+01 9.098004280595362037e-01 2.878188563005573020e+00
5.505700000000000000e+04 1.110621217346953848e+01 4.864833336753929593e+00 1.856223083198542900e+00 9.549266545709429010e+00 7.368888778080757707e-01 2.516275769620402780e+00
5.505800000000000000e+04 1.082277913412477233e+01 4.864833336753929593e+00 1.672121273515060569e+00 9.150032716649691977e+00 6.574095826676078502e-01 2.370474797059505256e+00
5.505900000000000000e+04 1.665103276011201672e+00 4.864833336753929593e+00 1.497156991031058260e+00 8.798773048180665413e+00 5.830050588127172473e-01 2.241725617370870172e+00
5.506100000000000000e+04 1.336532022101067696e+01 4.864833336753929593e+00 1.178965720066943224e+00 8.153803816242859881e+00 4.505027589097987395e-01 2.010802420775057886e+00
5.506300000000000000e+04 7.701876763556980698e+00 4.864833336753929593e+00 9.105677653390663595e-01 7.555613153764932477e+00 3.415482990769190819e-01 1.805403382022683800e+00
5.506400000000000000e+04 1.199640282287448301e+01 4.864833336753929593e+00 7.978165295617034580e-01 7.241902320400614101e+00 2.965309531914898100e-01 1.703977016564850455e+00
5.506700000000000000e+04 1.279448762345021251e+01 4.864833336753929593e+00 5.251403039696396213e-01 6.287167130201770426e+00 1.899928740845295005e-01 1.414435799820420669e+00
5.506800000000000000e+04 -1.660885981634169006e+00 4.864833336753929593e+00 4.545282566447201300e-01 5.985469485964727276e+00 1.630009885761951050e-01 1.327155096666236656e+00
5.506900000000000000e+04 8.199558014907385228e+00 4.864833336753929593e+00 3.924655898732211656e-01 5.676849714394423430e+00 1.395185175518027509e-01 1.240841467627196382e+00
5.507000000000000000e+04 -3.924717744088447979e+00 4.864833336753929593e+00 3.381036565999922527e-01 5.340362684898443568e+00 1.191554736916271978e-01 1.150940233814319757e+00
5.507200000000000000e+04 8.642255831848295600e+00 4.864833336753929593e+00 2.499620390357272792e-01 4.635106115892068779e+00 8.659693020465177027e-02 9.717203597258007308e-01
5.507400000000000000e+04 9.868165532750371227e+00 4.864833336753929593e+00 1.837610420169708825e-01 3.943161296704707830e+00 6.259957145868536021e-02 8.047267952458585505e-01
5.507600000000000000e+04 9.620383091364028694e-01 4.864833336753929593e+00 1.330686790319645929e-01 3.304719175633635153e+00 4.458659039435906163e-02 6.570018241816371063e-01
5.507800000000000000e+04 8.049158644096838344e+00 4.864833336753929593e+00 9.603332571554029640e-02 2.713786757251885895e+00 3.165759871947924908e-02 5.259276661340864800e-01
5.508000000000000000e+04 4.073292857243031584e+00 4.864833336753929593e+00 6.913823149305380056e-02 2.173944179398068055e+00 2.242927217941729015e-02 4.109535310771395000e-01
5.508200000000000000e+04 6.449088876785313396e+00 4.864833336753929593e+00 4.963893602431706381e-02 1.704312337004043387e+00 1.585148843184322476e-02 3.144487706649526926e-01
5.508300000000000000e+04 -8.987053706266872055e+00 4.864833336753929593e+00 4.205134206646887057e-02 1.498713936349521214e+00 1.332425287277213925e-02 2.732386392615352988e-01
5.508400000000000000e+04 -4.109457451380157167e+00 4.864833336753929593e+00 3.558252673146922868e-02 1.316597432170214965e+00 1.118771474028273233e-02 2.372247625531919146e-01
5.508600000000000000e+04 1.351106642137625613e+01 4.864833336753929593e+00 2.554613831738873631e-02 1.004585485401103151e+00 7.910245647124551638e-03 1.768636417959688623e-01
5.508900000000000000e+04 6.689044512253619956e+00 4.864833336753929593e+00 1.571682663780981162e-02 6.557370324934730377e-01 4.758348966942117439e-03 1.116148140414422174e-01
5.509000000000000000e+04 -5.835740537571828312e+00 4.864833336753929593e+00 1.336257084452316564e-02 5.662268109826126272e-01 4.015798901434460173e-03 9.532437895330177213e-02
5.509200000000000000e+04 -3.151478195865053955e+00 4.864833336753929593e+00 9.657939655523707298e-03 4.205146930737890809e-01 2.860340487345981557e-03 6.927754416372142177e-02
5.509300000000000000e+04 6.636981680132540085e+00 4.864833336753929593e+00 8.211440210587318822e-03 3.615467673004496563e-01 2.414419350363810127e-03 5.893182841083124957e-02
5.509500000000000000e+04 -1.974541139812970414e+00 4.864833336753929593e+00 5.932552424263750658e-03 2.651075702796762412e-01 1.719580412830072277e-03 4.231565367592597660e-02
5.509600000000000000e+04 4.481730334044849329e+00 4.864833336753929593e+00 5.044443409779767427e-03 2.257864937570343011e-01 1.451847290194205504e-03 3.566927231548724930e-02
5.509700000000000000e+04 3.635374691415030668e+00 4.864833336753929593e+00 4.288495379236050356e-03 1.923675558498820215e-01 1.225634575374692737e-03 3.008093132914495954e-02
5.509800000000000000e+04 1.958241921847479805e+00 4.864833336753929593e+00 3.643846503906572783e-03 1.636064701822687872e-01 1.034155386379047173e-03 2.532607897558340412e-02
5.510000000000000000e+04 -2.173888026133422802e+00 4.864833336753929593e+00 2.634269494184159587e-03 1.182471229298879822e-01 7.373742460977353481e-04 1.794341774353383490e-02
5.510100000000000000e+04 8.464983568123052748e+00 4.864833336753929593e+00 2.238869322543809038e-03 1.003725484409410812e-01 6.224268341795411233e-04 1.508227624957792119e-02
5.510200000000000000e+04 1.065459642154707343e+00 4.864833336753929593e+00 1.904200383571595266e-03 8.521760180958919129e-02 5.258043306838589264e-04 1.268119074547458328e-02
5.510600000000000000e+04 -1.302584454976270234e-01 4.864833336753929593e+00 9.925097151839807567e-04 4.417081169354349773e-02 2.668395524086519138e-04 6.328196517699642178e-03
5.510900000000000000e+04 3.951543055363754942e+00 4.864833336753929593e+00 6.083541939038225469e-04 2.731292307024775837e-02 1.603886617199637324e-04 3.806679173553694298e-03
5.511100000000000000e+04 -7.326293201205882788e+00 4.864833336753929593e+00 4.392159339081165462e-04 1.981340449968200385e-02 1.143196079927424701e-04 2.712307255261054220e-03
5.511200000000000000e+04 -6.164896623098331752e+00 4.864833336753929593e+00 3.729466364016164942e-04 1.686456751339190929e-02 9.645587389153405797e-05 2.288272389876785419e-03
5.511400000000000000e+04 9.104420139967864145e+00 4.864833336753929593e+00 2.692619045078518871e-04 1.223002091960876531e-02 6.876820444588222371e-05 1.630669455947835432e-03
5.511500000000000000e+04 -1.382663353952937335e+01 4.864833336753929593e+00 2.286800287131696586e-04 1.040690065844759871e-02 5.804061642466235168e-05 1.375664330264058039e-03
5.511700000000000000e+04 -2.151728046613087475e+00 4.864833336753929593e+00 1.651339522438774791e-04 7.545006446006610051e-03 4.139733072045060849e-05 9.805076602997543633e-04
5.511800000000000000e+04 4.570172237633909895e-01 4.864833336753929593e+00 1.402482262782155011e-04 6.420036638641124851e-03 3.494412016400036890e-05 8.273243091032378470e-04
5.511900000000000000e+04 1.298094183520120737e+00 4.864833336753929593e+00 1.192383718074667176e-04 5.467542470663059456e-03 2.952906681710418518e-05 6.987274722892087252e-04
5.512000000000000000e+04 1.020499851894596244e+00 4.864833336753929593e+00 1.022251916704185686e-04 4.654306241368906180e-03 2.516312410348764490e-05 5.898993968781883653e-04
