5.497400000000000000e+04 3.105789099125296548e+00 6.085820735448270291e+00 2.872527343123094101e-01 8.716023034220134351e-19 2.872527343123094101e-01 8.716023034220134351e-19
5.497600000000000000e+04 -3.984811867677091612e+00 6.085820735448270291e+00 1.958814406946931541e+00 8.716022210972289233e-19 1.958814406946931541e+00 8.716022210972289233e-19
5.498000000000000000e+04 1.035096725135410978e+01 6.085820735448270291e+00 9.740658635389692677e+00 8.716019515982127606e-19 9.740658635389692677e+00 8.716019515982127606e-19
5.498100000000000000e+04 8.194396523174420466e+00 6.085820735448270291e+00 1.261836908227294352e+01 8.716018526766135158e-19 1.261836908227294352e+01 8.716018526766135158e-19
5.498500000000000000e+04 2.954043319963782821e+01 6.085820735448270291e+00 2.761301931683333422e+01 8.716012528962566048e-19 2.761301931683333422e+01 8.716012528962566048e-19
5.498700000000000000e+04 3.311082952252662892e+01 6.085820735448270291e+00 3.698113532148148863e+01 8.716007743899730289e-19 3.698113532148148863e+01 8.716007743899730289e-19
5.498800000000000000e+04 4.670421209888377234e+01 6.085820735448270291e+00 4.209516568424355398e+01 -1.241908946591701104e-02 4.209516568424355398e+01 -1.241908946591701104e-02
5.498900000000000000e+04 4.990056649086903207e+01 6.085820735448270291e+00 4.711547825657126509e+01 2.298021874498475392e-01 4.711547825657126509e+01 2.298021874498475392e-01
5.499300000000000000e+04 7.056118033699098646e+01 6.085820735448270291e+00 6.549985504210982867e+01 4.087902819091672413e+00 6.549985504210982867e+01 4.087902819091672413e+00
5.499500000000000000e+04 7.247033120792616501e+01 6.085820735448270291e+00 6.925870503056015082e+01 7.792526908311754319e+00 6.925870503056015082e+01 7.792526908311754319e+00
5.499700000000000000e+04 9.504845147159566920e+01 6.085820735448270291e+00 7.504892366917474078e+01 1.269273137910385429e+01 6.841287481237441170e+01 1.269273137910385429e+01
5.499900000000000000e+04 9.761689442049504351e+01 6.085820735448270291e+00 7.766708433482776286e+01 1.874044088442200007e+01 6.504780932565140006e+01 1.874044088442200007e+01
5.500000000000000000e+04 1.106281667340099091e+02 6.085820735448270291e+00 7.853591761399258075e+01 2.209041545346666879e+01 6.320798198309262261e+01 2.209041545346666879e+01
5.500200000000000000e+04 1.060277051919778302e+02 6.085820735448270291e+00 7.921969746983425864e+01 2.958490825718519801e+01 5.914124484496770862e+01 2.958490825718519801e+01
5.500300000000000000e+04 1.031872332468655600e+02 6.085820735448270291e+00 7.812323346559890069e+01 3.367613254739485029e+01 5.628475033544589223e+01 3.367613254739485029e+01
5.500500000000000000e+04 1.186582125286843450e+02 6.085820735448270291e+00 7.425934748807226526e+01 4.153383942830611630e+01 5.000629460476246635e+01 4.153383942830611630e+01
5.500700000000000000e+04 1.241868658332755331e+02 6.085820735448270291e+00 7.048354138118553180e+01 4.911345556622313779e+01 4.455343955827151348e+01 4.911345556622313779e+01
5.500900000000000000e+04 1.191518938479871963e+02 6.085820735448270291e+00 6.611528261994149602e+01 5.453452191392029391e+01 3.937777404403901471e+01 5.453452191392029391e+01
5.501000000000000000e+04 1.218502194307026372e+02 6.085820735448270291e+00 6.368316058975845095e+01 5.803325411920697263e+01 3.686434766411487374e+01 5.540696402444812918e+01
5.501300000000000000e+04 1.186504630311494424e+02 6.085820735448270291e+00 5.615220273830733078e+01 6.367484216040304545e+01 2.997981993502793685e+01 5.352626274411823459e+01
5.501600000000000000e+04 1.072509131819724217e+02 6.085820735448270291e+00 4.600429971062996515e+01 6.539658938133722188e+01 2.279133005233092391e+01 4.910391153426733268e+01
5.501700000000000000e+04 1.044401325455626193e+02 6.085820735448270291e+00 4.283613518041931911e+01 6.525408391214358517e+01 2.072381963252022885e+01 4.731299587597417400e+01
5.501800000000000000e+04 1.042969347946454519e+02 6.085820735448270291e+00 3.987955166164677223e+01 6.423665986283769769e+01 1.885112345149930135e+01 4.502780026835672089e+01
5.501900000000000000e+04 9.284127988444720359e+01 6.085820735448270291e+00 3.698162222025406010e+01 6.254790630625539194e+01 1.708947422377729097e+01 4.243412910872144295e+01
5.502000000000000000e+04 9.161043534706007563e+01 6.085820735448270291e+00 3.417544691443887217e+01 6.086366128934850650e+01 1.544652967884242400e+01 4.000503568380997876e+01
5.502200000000000000e+04 7.708913175335403878e+01 6.085820735448270291e+00 2.902814327387763882e+01 5.760581521126274396e+01 1.256901635586821442e+01 3.564275164661721362e+01
5.502300000000000000e+04 7.999276028435473052e+01 6.085820735448270291e+00 2.667534902042129019e+01 5.582198737225386509e+01 1.131270102647213349e+01 3.355493350099414585e+01
5.502400000000000000e+04 7.675136866766330002e+01 6.085820735448270291e+00 2.450043710228132809e+01 5.390029711148059732e+01 1.018094207449878574e+01 3.150221923523121603e+01
5.502500000000000000e+04 7.152605595038382091e+01 6.085820735448270291e+00 2.251931758845931597e+01 5.185781514606369313e+01 9.172838121572022274e+00 2.949147813129190610e+01
5.502800000000000000e+04 5.605619515896891869e+01 6.085820735448270291e+00 1.746592271108397298e+01 4.558371661481128001e+01 6.716370971383953226e+00 2.398385594802235588e+01
5.502900000000000000e+04 5.668185210826509035e+01 6.085820735448270291e+00 1.608351834221329213e+01 4.299223379980488602e+01 6.071543353043900915e+00 2.206993521550558768e+01
5.503100000000000000e+04 5.167473723337904090e+01 6.085820735448270291e+00 1.374766826556793831e+01 3.724650322472129460e+01 5.006434182654020404e+00 1.823306404186474339e+01
5.503300000000000000e+04 3.610062821677765044e+01 6.085820735448270291e+00 1.191856637858315260e+01 3.223692919193993589e+01 4.192249869357422831e+00 1.508089876119944250e+01
5.503400000000000000e+04 5.006996627099719177e+01 6.085820735448270291e+00 1.120389095405789703e+01 2.987240094316270955e+01 3.874767751706000407e+00 1.367157937902183562e+01
5.503500000000000000e+04 3.799857309915684311e+01 6.085820735448270291e+00 1.057734296904548010e+01 2.758626628403826686e+01 3.597735703756966164e+00 1.235722374307394134e+01
5.503700000000000000e+04 3.630963018261622466e+01 6.085820735448270291e+00 9.552411890421453222e+00 2.340049189070121116e+01 3.145344712025503142e+00 1.005521308469457331e+01
5.503800000000000000e+04 3.797161567485009215e+01 6.085820735448270291e+00 9.142624982908879261e+00 2.149051188596858353e+01 2.963093496324381348e+00 9.050160821177707149e+00
5.503900000000000000e+04 3.584251294525687115e+01 6.085820735448270291e+00 8.781960106050380688e+00 1.972659336354884729e+01 2.802157021713587159e+00 8.144753659599029305e+00
5.504000000000000000e+04 2.813646919334003726e+01 6.085820735448270291e+00 8.444713614119246259e+00 1.812112516592796041e+01 2.653484246384680389e+00 7.338270497257618707e+00
5.504100000000000000e+04 2.371168675198418185e+01 6.085820735448270291e+00 8.121128276905263732e+00 1.662706732551957955e+01 2.513503025968822246e+00 6.606431709122529305e+00
5.504300000000000000e+04 2.608318295558759914e+01 6.085820735448270291e+00 7.510478069214364005e+00 1.403237954309306801e+01 2.256754227528354306e+00 5.373096777107163824e+00
5.504400000000000000e+04 2.075848423660342945e+01 6.085820735448270291e+00 7.191847995539021099e+00 1.291538702059498789e+01 2.129971270706062736e+00 4.857234682435121798e+00
5.504500000000000000e+04 1.518353158395668068e+01 6.085820735448270291e+00 6.860270854812774211e+00 1.191864784429429669e+01 2.002998789726357476e+00 4.403875201113765847e+00
5.504600000000000000e+04 1.259439379583019658e+01 6.085820735448270291e+00 6.538753639701166520e+00 1.102937476175411469e+01 1.882468299899572761e+00 4.005147346123217211e+00
5.504700000000000000e+04 1.130682764309307409e+01 6.085820735448270291e+00 6.227053608709400834e+00 1.023133448463766904e+01 1.768044749775525615e+00 3.652482680507522339e+00
5.504900000000000000e+04 2.298443554034228953e+00 6.085820735448270291e+00 5.613256589178528877e+00 8.977061927152464094e+00 1.551051834533994978e+00 3.099814201364801125e+00
5.505000000000000000e+04 7.643309250798982823e+00 6.085820735448270291e+00 5.276341634392520241e+00 8.471660216350603179e+00 1.438675292267899364e+00 2.878188563005573020e+00
5.505100000000000000e+04 1.414013650277866674e+01 6.085820735448270291e+00 4.924094612456942244e+00 8.028659051240918387e+00 1.325106192803267691e+00 2.684452003223524841e+00
5.505300000000000000e+04 4.359768872321504674e+00 6.085820735448270291e+00 4.227741315383275911e+00 7.314337033806808996e+00 1.108770342350714921e+00 2.370474797059505256e+00
5.505400000000000000e+04 4.499161641300307046e+00 6.085820735448270291e+00 3.884315649802353221e+00 7.023326359222935800e+00 1.005908494057323077e+00 2.241725617370870172e+00
5.505500000000000000e+04 2.026958161939697334e+01 6.085820735448270291e+00 3.557319673712786567e+00 6.751313037761470959e+00 9.098004280595362037e-01 2.122787397107745111e+00
5.505700000000000000e+04 8.819037968234461289e+00 6.085820735448270291e+00 2.952713733376959304e+00 6.240715055237530784e+00 7.368888778080757707e-01 1.905445485844385223e+00
5.505800000000000000e+04 8.665539883689513445e+00 6.085820735448270291e+00 2.666124562508484175e+00 5.998633277108568862e+00 6.574095826676078502e-01 1.805403382022683800e+00
5.505900000000000000e+04 -2.661956808869645030e+00 6.085820735448270291e+00 2.392652761367392245e+00 5.742402545823545701e+00 5.830050588127172473e-01 1.703977016564850455e+00
5.506100000000000000e+04 1.215511283375797547e+01 6.085820735448270291e+00 1.892562090180064605e+00 5.217900932393631841e+00 4.505027589097987395e-01 1.505974639919658298e+00
5.506300000000000000e+04 5.235984847904481931e+00 6.085820735448270291e+00 1.467974589432598176e+00 4.724141282093135885e+00 3.415482990769190819e-01 1.327155096666236656e+00
5.506400000000000000e+04 1.071432885407321045e+01 6.085820735448270291e+00 1.288871788046810796e+00 4.475715173731297014e+00 2.965309531914898100e-01 1.240841467627196382e+00
5.506700000000000000e+04 1.198022391178573010e+01 6.085820735448270291e+00 8.534479903877064677e-01 3.643173972683972472e+00 1.899928740845295005e-01 9.717203597258007308e-01
5.506800000000000000e+04 -6.026310743374244439e+00 6.085820735448270291e+00 7.401059886302138180e-01 3.367645985414979393e+00 1.630009885761951050e-01 8.870162738805721370e-01
5.506900000000000000e+04 6.398516352005042762e+00 6.085820735448270291e+00 6.402504770452228655e-01 3.093369800925080515e+00 1.395185175518027509e-01 8.047267952458585505e-01
5.507000000000000000e+04 -8.628512565497096887e+00 6.085820735448270291e+00 5.525835092449212782e-01 2.832317908600703316e+00 1.191554736916271978e-01 7.278403424476290740e-01
5.507200000000000000e+04 7.460077865032594957e+00 6.085820735448270291e+00 4.099931660539237743e-01 2.349909155774841718e+00 8.659693020465177027e-02 5.895111022464607498e-01
5.507400000000000000e+04 9.388038760979885211e+00 6.085820735448270291e+00 3.024498295026383232e-01 1.903394916011759364e+00 6.259957145868536021e-02 4.664040470501739089e-01
5.507600000000000000e+04 -1.372406485783720154e+00 6.085820735448270291e+00 2.197450107585985912e-01 1.504967536524430161e+00 4.458659039435906163e-02 3.604022071278390471e-01
5.507800000000000000e+04 7.880308363669906058e+00 6.085820735448270291e+00 1.590952623647429731e-01 1.166892932830312590e+00 3.165759871947924908e-02 2.732386392615352988e-01
5.508000000000000000e+04 3.300507595553484386e+00 6.085820735448270291e+00 1.148939467390650837e-01 8.960526477227430675e-01 2.242927217941729015e-02 2.052624382010224402e-01
5.508200000000000000e+04 6.634196182731741942e+00 6.085820735448270291e+00 8.273684387000571072e-02 6.779249735934549381e-01 1.585148843184322476e-02 1.519942992676236448e-01
5.508300000000000000e+04 -1.251212917143414849e+01 6.085820735448270291e+00 7.019216413376362651e-02 5.877946048848456950e-01 1.332425287277213925e-02 1.304007908609561006e-01
5.508400000000000000e+04 -6.264527146177217176e+00 6.085820735448270291e+00 5.947948541671314177e-02 5.084054779587692252e-01 1.118771474028273233e-02 1.116148140414422174e-01
5.508600000000000000e+04 1.603448142373025576e+01 6.085820735448270291e+00 4.282211481070875847e-02 3.782299205973233547e-01 7.910245647124551638e-03 8.134326650551063076e-02
5.508900000000000000e+04 7.794333193733842258e+00 6.085820735448270291e+00 2.645166190723123242e-02 2.399817171440162267e-01 4.758348966942117439e-03 5.007965716694829511e-02
5.509000000000000000e+04 -7.798163657763589107e+00 6.085820735448270291e+00 2.251859233979373182e-02 2.047823743992761569e-01 4.015798901434460173e-03 4.231565367592597660e-02
5.509200000000000000e+04 -4.315839897053780128e+00 6.085820735448270291e+00 1.631681231006515409e-02 1.484253313642670546e-01 2.860340487345981557e-03 3.008093132914495954e-02
5.509300000000000000e+04 7.980240620303504784e+00 6.085820735448270291e+00 1.389015452264300184e-02 1.261643950247662849e-01 2.414419350363810127e-03 2.532607897558340412e-02
5.509500000000000000e+04 -2.708035057722947503e+00 6.085820735448270291e+00 1.005954541505592326e-02 9.108796583327515017e-02 1.719580412830072277e-03 1.794341774353383490e-02
5.509600000000000000e+04 5.403642488837259172e+00 6.085820735448270291e+00 8.563721241210521876e-03 7.727856704758735706e-02 1.451847290194205504e-03 1.508227624957792119e-02
5.509700000000000000e+04 4.374642215379817678e+00 6.085820735448270291e+00 7.288848819753298777e-03 6.557697358299816037e-02 1.225634575374692737e-03 1.268119074547458328e-02
5.509800000000000000e+04 2.302326357657579425e+00 6.085820735448270291e+00 6.200278619035576311e-03 5.562715683347894957e-02 1.034155386379047173e-03 1.065940229821771279e-02
5.510000000000000000e+04 -2.826295995847291742e+00 6.085820735448270291e+00 4.492452594350452612e-03 3.992763653082274239e-02 7.373742460977353481e-04 7.514517358155370884e-03
5.510100000000000000e+04 1.049892664743254045e+01 6.085820735448270291e+00 3.822323188696562148e-03 3.392419589208423708e-02 6.224268341795411233e-04 6.328196517699642178e-03
5.510200000000000000e+04 1.256035745703737661e+00 6.085820735448270291e+00 3.254465904767745322e-03 2.889789046903605205e-02 5.258043306838589264e-04 5.343347226255695630e-03
5.510600000000000000e+04 -2.025632138122002990e-01 6.085820735448270291e+00 1.703370282800629326e-03 1.518295355350032794e-02 2.668395524086519138e-04 2.712307255261054220e-03
5.510900000000000000e+04 4.918788889732956804e+00 6.085820735448270291e+00 1.047177572369643265e-03 9.360042677140575224e-03 1.603886617199637324e-04 1.630669455947835432e-03
5.511100000000000000e+04 -9.182864827943339137e+00 6.085820735448270291e+00 7.574817225599117044e-04 6.776990855060120895e-03 1.143196079927424701e-04 1.161477832155364534e-03
5.511200000000000000e+04 -7.727329475471097275e+00 6.085820735448270291e+00 6.437947302890440230e-04 5.767542159415215905e-03 9.645587389153405797e-05 9.805076602997543633e-04
5.511400000000000000e+04 1.137847465632053634e+01 6.085820735448270291e+00 4.656638964052915242e-04 4.176294101872600299e-03 6.876820444588222371e-05 6.987274722892087252e-04
5.511500000000000000e+04 -1.730623008623138048e+01 6.085820735448270291e+00 3.958370040161972173e-04 3.553789926552957529e-03 5.804061642466235168e-05 5.898993968781883653e-04
5.511700000000000000e+04 -2.698558753423591305e+00 6.085820735448270291e+00 2.863453365933568348e-04 2.574001488256535703e-03 4.139733072045060849e-05 4.206434645470872170e-04
5.511800000000000000e+04 5.659472852425039280e-01 6.085820735448270291e+00 2.434032690023445970e-04 2.190193135791314825e-03 3.494412016400036890e-05 3.551702941315011404e-04
5.511900000000000000e+04 1.618974119422870617e+00 6.085820735448270291e+00 2.071168746551687949e-04 1.863029187308136653e-03 2.952906681710418518e-05 2.998115846971575321e-04
5.512000000000000000e+04 1.272439229210234668e+00 6.085820735448270291e+00 1.777145639808814864e-04 1.584528683415651739e-03 2.516312410348764490e-05 2.530630024300718631e-04
