5.497600000000000000e+04 -5.501981719714345687e+00 7.725309553027511988e+00 1.164140563987932975e+00 1.400047905375606646e-18 1.164140563987932975e+00 1.400047905375606646e-18
5.497900000000000000e+04 4.114651940687859444e+00 7.725309553027511988e+00 4.289077145657377521e+00 1.400047905214326962e-18 4.289077145657377521e+00 1.400047905214326962e-18
5.498300000000000000e+04 1.277827565650127184e+01 7.725309553027511988e+00 1.143383206421574805e+01 1.400047904835056466e-18 1.143383206421574805e+01 1.400047904835056466e-18
5.499200000000000000e+04 4.236677682547168189e+01 7.725309553027511988e+00 3.733751665722944324e+01 1.400047902250976364e-18 3.733751665722944324e+01 1.400047902250976364e-18
5.499500000000000000e+04 4.127832345990618279e+01 7.725309553027511988e+00 4.526446668391263017e+01 6.985466867700927951e-01 4.526446668391263017e+01 6.985466867700927951e-01
5.499600000000000000e+04 3.184617602612370746e+01 7.725309553027511988e+00 4.750204251648135312e+01 1.455175704984916107e+00 4.750204251648135312e+01 1.455175704984916107e+00
5.499800000000000000e+04 5.675985690774341919e+01 7.725309553027511988e+00 5.397681728826338343e+01 3.791386072109951044e+00 5.091672227927872996e+01 3.791386072109951044e+00
5.500200000000000000e+04 8.046166743106854824e+01 7.725309553027511988e+00 6.998999170613936371e+01 1.162962013649368842e+01 5.381775602163734362e+01 1.162962013649368842e+01
5.500700000000000000e+04 1.123986011457292307e+02 7.725309553027511988e+00 8.342206131389274049e+01 2.755757656490886376e+01 5.210622193247517231e+01 2.755757656490886376e+01
5.501100000000000000e+04 1.248336600122126185e+02 7.725309553027511988e+00 8.818584826088752493e+01 4.301492826619860210e+01 4.789065290588005297e+01 4.301492826619860210e+01
5.501600000000000000e+04 1.431429811480111027e+02 7.725309553027511988e+00 8.635309107446248333e+01 6.112325320808238160e+01 4.031611703369087962e+01 5.937755314560169495e+01
5.502200000000000000e+04 1.583115959017771956e+02 7.725309553027511988e+00 7.932278589832286286e+01 7.518340516222737335e+01 3.169741694238675578e+01 6.727219502704667775e+01
5.502800000000000000e+04 1.545419433450491056e+02 7.725309553027511988e+00 7.537588693487474245e+01 7.725564870597047218e+01 2.632666932167046880e+01 6.407003541712595052e+01
5.503000000000000000e+04 1.511070166078412456e+02 7.725309553027511988e+00 7.466379576330923840e+01 7.587038327036042062e+01 2.502725028100064719e+01 6.142356158546017753e+01
5.503300000000000000e+04 1.435434497078361176e+02 7.725309553027511988e+00 7.320141948326089221e+01 7.177870272241889893e+01 2.313864568316503068e+01 5.610779545252785994e+01
5.503800000000000000e+04 1.443422865258568493e+02 7.725309553027511988e+00 6.765761495207469522e+01 6.288549909812584815e+01 1.953108020902245556e+01 4.648543694420893502e+01
5.504200000000000000e+04 1.423332979071990110e+02 7.725309553027511988e+00 6.137919871557500784e+01 5.593009219484142847e+01 1.656882135661357935e+01 3.962177117798344028e+01
5.504400000000000000e+04 1.042285724124935200e+02 7.725309553027511988e+00 5.802280350470517334e+01 5.328764675073393420e+01 1.517055024046465839e+01 3.697962994499231826e+01
5.504600000000000000e+04 9.697005804151120856e+01 7.725309553027511988e+00 5.485399871312469600e+01 5.117115425046147692e+01 1.390504162668881349e+01 3.480083939775672519e+01
5.505000000000000000e+04 9.839489005257621557e+01 7.725309553027511988e+00 4.973919187799478436e+01 4.783958891213274001e+01 1.188425964160150627e+01 3.128406285125081610e+01
5.505600000000000000e+04 9.215202274589657350e+01 7.725309553027511988e+00 4.523545615217939542e+01 4.250245853254966022e+01 9.950825172612551839e+00 2.627826049990705215e+01
5.505900000000000000e+04 8.168163726064538821e+01 7.725309553027511988e+00 4.346049300442464869e+01 3.902893822436107030e+01 9.195652533626304859e+00 2.349018250036778355e+01
5.506300000000000000e+04 8.012433705417575425e+01 7.725309553027511988e+00 4.155796402547969137e+01 3.409177591527483031e+01 8.367487622413662507e+00 1.981734343735094583e+01
5.506500000000000000e+04 6.229820018727296826e+01 7.725309553027511988e+00 4.074610624634445344e+01 3.175921272285160768e+01 8.010164788539839265e+00 1.815123319589164907e+01
5.506700000000000000e+04 8.122214604884068478e+01 7.725309553027511988e+00 3.993850186022897475e+01 2.966160162858473370e+01 7.670155917078735897e+00 1.667225092945013287e+01
5.507000000000000000e+04 6.346123702369645514e+01 7.725309553027511988e+00 3.879101460669912171e+01 2.708422772320983540e+01 7.200455628366551508e+00 1.485532455200188373e+01
5.507400000000000000e+04 5.949917461505964411e+01 7.725309553027511988e+00 3.716368916824617941e+01 2.474733389785816584e+01 6.603708294373577203e+00 1.314948666198627159e+01
5.507900000000000000e+04 6.254904563712621268e+01 7.725309553027511988e+00 3.462339871169188399e+01 2.247762316188279641e+01 5.840457257125583723e+00 1.149456566703288019e+01
5.508300000000000000e+04 4.853804233028984072e+01 7.725309553027511988e+00 3.180005379848130431e+01 2.106828789728480089e+01 5.155149271873892936e+00 1.045935952801707813e+01
5.509100000000000000e+04 4.680398429189926190e+01 7.725309553027511988e+00 2.298769393264546679e+01 1.879277511764276554e+01 3.457107999615824934e+00 8.815035938666337501e+00
