5.497600000000000000e+04 -7.782000480287461386e+00 1.036760292277273798e+01 1.164140563987932975e+00 1.400047905375606646e-18 1.164140563987932975e+00 1.400047905375606646e-18
5.497900000000000000e+04 4.054993158157029320e+00 1.036760292277273798e+01 4.289077145657377521e+00 1.400047905214326962e-18 4.289077145657377521e+00 1.400047905214326962e-18
5.498300000000000000e+04 1.323811669788715761e+01 1.036760292277273798e+01 1.143383206421574805e+01 1.400047904835056466e-18 1.143383206421574805e+01 1.400047904835056466e-18
5.499200000000000000e+04 4.408693841978118400e+01 1.036760292277273798e+01 3.733751665722944324e+01 1.400047902250976364e-18 3.733751665722944324e+01 1.400047902250976364e-18
5.499500000000000000e+04 3.967601548692583435e+01 1.036760292277273798e+01 4.526446668391263017e+01 6.985466867700927951e-01 4.526446668391263017e+01 6.985466867700927951e-01
5.499600000000000000e+04 2.599367354297519483e+01 1.036760292277273798e+01 4.750204251648135312e+01 1.455175704984916107e+00 4.750204251648135312e+01 1.455175704984916107e+00
5.499800000000000000e+04 5.663391332670372691e+01 1.036760292277273798e+01 5.419575919406428000e+01 3.791386072109951044e+00 5.091672227927872996e+01 3.791386072109951044e+00
5.500200000000000000e+04 8.122269659758129023e+01 1.036760292277273798e+01 7.114707346060455961e+01 1.162962013649368842e+01 5.381775602163734362e+01 1.162962013649368842e+01
5.500700000000000000e+04 1.151244977499304838e+02 1.036760292277273798e+01 8.566262885698918694e+01 2.755757656490886376e+01 5.210622193247517231e+01 2.755757656490886376e+01
5.501100000000000000e+04 1.255389277219795616e+02 1.036760292277273798e+01 9.106886556582149694e+01 4.301492826619860210e+01 4.789065290588005297e+01 4.301492826619860210e+01
5.501600000000000000e+04 1.513911912561360964e+02 1.036760292277273798e+01 8.964691783611505116e+01 6.755977996906560179e+01 4.031611703369087962e+01 5.937755314560169495e+01
5.502200000000000000e+04 1.921898574337556340e+02 1.036760292277273798e+01 8.273025821962943382e+01 1.043526289259548037e+02 3.169741694238675578e+01 6.727219502704667775e+01
5.502800000000000000e+04 2.073210494074900225e+02 1.036760292277273798e+01 7.888523195545340627e+01 1.258719915804856413e+02 2.632666932167046880e+01 6.407003541712595052e+01
5.503000000000000000e+04 2.081208240909920164e+02 1.036760292277273798e+01 7.821516257818322515e+01 1.291368958772714848e+02 2.502725028100064719e+01 6.142356158546017753e+01
5.503300000000000000e+04 2.044137336540823924e+02 1.036760292277273798e+01 7.678328183501483295e+01 1.295585104794320728e+02 2.313864568316503068e+01 5.610779545252785994e+01
5.503800000000000000e+04 2.129736135644740784e+02 1.036760292277273798e+01 7.110094439292535640e+01 1.233537554751528376e+02 1.953108020902245556e+01 4.648543694420893502e+01
5.504200000000000000e+04 2.142283444964305090e+02 1.036760292277273798e+01 6.458526564807974069e+01 1.160600921345490946e+02 1.656882135661357935e+01 3.962177117798344028e+01
5.504400000000000000e+04 1.650011989630575044e+02 1.036760292277273798e+01 6.108877170830308501e+01 1.134165250412914503e+02 1.517055024046465839e+01 3.697962994499231826e+01
5.504600000000000000e+04 1.571613053155843716e+02 1.036760292277273798e+01 5.778379098386803037e+01 1.115297301019307525e+02 1.390504162668881349e+01 3.480083939775672519e+01
5.505000000000000000e+04 1.624239107180234214e+02 1.036760292277273798e+01 5.244761465031577785e+01 1.088810523474933234e+02 1.188425964160150627e+01 3.128406285125081610e+01
5.505600000000000000e+04 1.560061399559733388e+02 1.036760292277273798e+01 4.775998049847120797e+01 1.023222907345380719e+02 9.950825172612551839e+00 2.627826049990705215e+01
5.505900000000000000e+04 1.411494629730358383e+02 1.036760292277273798e+01 4.591205396988942056e+01 9.632149334275811725e+01 9.195652533626304859e+00 2.349018250036778355e+01
5.506300000000000000e+04 1.366603805196424162e+02 1.036760292277273798e+01 4.393265701272069634e+01 8.672267661619149237e+01 8.367487622413662507e+00 1.981734343735094583e+01
5.506500000000000000e+04 1.113228627461389237e+02 1.036760292277273798e+01 4.308827843051349760e+01 8.193285152293529450e+01 8.010164788539839265e+00 1.815123319589164907e+01
5.506700000000000000e+04 1.353986668569459084e+02 1.036760292277273798e+01 4.224721879126968105e+01 7.755430964852317288e+01 7.670155917078735897e+00 1.667225092945013287e+01
5.507000000000000000e+04 1.099846770961188724e+02 1.036760292277273798e+01 4.105123762844338131e+01 7.217310880344594182e+01 7.200455628366551508e+00 1.485532455200188373e+01
5.507400000000000000e+04 1.036228667373247134e+02 1.036760292277273798e+01 3.935017698451327561e+01 6.750946452263752917e+01 6.603708294373577203e+00 1.314948666198627159e+01
5.507900000000000000e+04 1.069671373290853467e+02 1.036760292277273798e+01 3.668274394055436716e+01 6.297297800683964653e+01 5.840457257125583723e+00 1.149456566703288019e+01
5.508300000000000000e+04 8.807923378260477421e+01 1.036760292277273798e+01 3.370642799922026711e+01 6.018420066016307857e+01 5.155149271873892936e+00 1.045935952801707813e+01
5.509100000000000000e+04 8.670821498455688925e+01 1.036760292277273798e+01 2.438505698609018779e+01 5.558144610407285313e+01 3.457107999615824934e+00 8.815035938666337501e+00
