5.497400000000000000e+04 3.314000900032989083e+00 6.535394390465894432e+00 2.872527343123094101e-01 1.361878828892547995e-18 2.872527343123094101e-01 1.361878828892547995e-18
5.497600000000000000e+04 -4.423881288959459646e+00 6.535394390465894432e+00 1.958814406946931541e+00 1.361878786922353313e-18 1.958814406946931541e+00 1.361878786922353313e-18
5.498000000000000000e+04 1.039605216053812420e+01 6.535394390465894432e+00 9.740658635389692677e+00 1.361878649528380196e-18 9.740658635389692677e+00 1.361878649528380196e-18
5.498100000000000000e+04 7.867587437013407126e+00 6.535394390465894432e+00 1.261836908227294352e+01 1.361878599096895607e-18 1.261836908227294352e+01 1.361878599096895607e-18
5.498500000000000000e+04 2.968281572151805747e+01 6.535394390465894432e+00 2.761301931683333422e+01 1.361878293321106731e-18 2.761301931683333422e+01 1.361878293321106731e-18
5.498700000000000000e+04 3.282492108064021608e+01 6.535394390465894432e+00 3.698113532148148863e+01 1.361878049372206945e-18 3.698113532148148863e+01 1.361878049372206945e-18
5.498800000000000000e+04 4.705802953518512766e+01 6.535394390465894432e+00 4.209516568424355398e+01 1.361877894807208667e-18 4.209516568424355398e+01 1.361877894807208667e-18
5.498900000000000000e+04 4.985952919440677533e+01 6.535394390465894432e+00 4.711547825657126509e+01 1.361877713423546935e-18 4.711547825657126509e+01 1.361877713423546935e-18
5.499300000000000000e+04 6.654518648783790979e+01 6.535394390465894432e+00 6.549985504210982867e+01 1.361876613660269607e-18 6.549985504210982867e+01 1.361876613660269607e-18
5.499500000000000000e+04 6.431999773911338991e+01 6.535394390465894432e+00 6.925870503056015082e+01 -1.940482729049532867e-02 6.925870503056015082e+01 -1.940482729049532867e-02
5.499700000000000000e+04 8.078448204029639612e+01 6.535394390465894432e+00 7.176510567818075970e+01 1.172809985443463487e+00 6.841287481237441170e+01 1.172809985443463487e+00
5.499900000000000000e+04 7.690960912919254611e+01 6.535394390465894432e+00 7.142249463956524380e+01 4.188406388058739438e+00 6.504780932565140006e+01 4.188406388058739438e+00
5.500000000000000000e+04 8.807900018588513547e+01 6.535394390465894432e+00 7.095095977602146320e+01 6.387348154830737812e+00 6.320798198309262261e+01 6.387348154830737812e+00
5.500200000000000000e+04 7.847775502922173985e+01 6.535394390465894432e+00 6.928396833587967762e+01 1.217582329423711585e+01 5.914124484496770862e+01 1.217582329423711585e+01
5.500300000000000000e+04 7.384119181949601796e+01 6.535394390465894432e+00 6.731656140119328313e+01 1.577296135284117895e+01 5.628475033544589223e+01 1.577296135284117895e+01
5.500500000000000000e+04 8.967951517844866771e+01 6.535394390465894432e+00 6.225783678292928158e+01 2.434500671405781702e+01 5.000629460476246635e+01 2.434500671405781702e+01
5.500700000000000000e+04 9.709735805187089852e+01 6.535394390465894432e+00 5.765215078840333973e+01 3.451627414604166688e+01 4.455343955827151348e+01 3.451627414604166688e+01
5.500900000000000000e+04 9.750220487989506069e+01 6.535394390465894432e+00 5.288435054114439993e+01 4.622641915185185724e+01 3.937777404403901471e+01 4.622641915185185724e+01
5.501000000000000000e+04 1.031746417220211072e+02 6.535394390465894432e+00 5.041199543067708788e+01 5.261895710530443893e+01 3.686434766411487374e+01 5.261895710530443893e+01
5.501300000000000000e+04 1.127970880057848717e+02 6.535394390465894432e+00 4.320092052637526336e+01 7.085966617111323274e+01 2.997981993502793685e+01 7.085966617111323274e+01
5.501600000000000000e+04 1.152711156248588225e+02 6.535394390465894432e+00 3.451746936425518442e+01 8.521019049050045169e+01 2.279133005233092391e+01 8.521019049050045169e+01
5.501700000000000000e+04 1.201748826030326285e+02 6.535394390465894432e+00 3.189395841444863677e+01 9.220065107193320841e+01 2.072381963252022885e+01 8.657338128820018142e+01
5.501800000000000000e+04 1.273956005372321698e+02 6.535394390465894432e+00 2.947373151641916067e+01 9.772779530464895004e+01 1.885112345149930135e+01 8.648477460588402721e+01
5.501900000000000000e+04 1.221474917783075398e+02 6.535394390465894432e+00 2.713808506735833959e+01 1.021917317509842889e+02 1.708947422377729097e+01 8.551609351546802884e+01
5.502000000000000000e+04 1.266054020329988674e+02 6.535394390465894432e+00 2.490752910713340995e+01 1.053798297774827404e+02 1.544652967884242400e+01 8.363478553768472068e+01
5.502200000000000000e+04 1.204573642100170190e+02 6.535394390465894432e+00 2.088342067527503687e+01 1.098238686956234318e+02 1.256901635586821442e+01 7.900997747886577827e+01
5.502300000000000000e+04 1.280182928704675476e+02 6.535394390465894432e+00 1.907321393063201498e+01 1.116346738786858737e+02 1.131270102647213349e+01 7.672486177229268378e+01
5.502400000000000000e+04 1.280116586296842058e+02 6.535394390465894432e+00 1.741450141843017363e+01 1.123683652054386499e+02 1.018094207449878574e+01 7.392655605620964820e+01
5.502500000000000000e+04 1.243673433219369286e+02 6.535394390465894432e+00 1.591487414092745922e+01 1.115141616021021775e+02 9.172838121572022274e+00 7.035593791930737950e+01
5.502800000000000000e+04 1.097129505763343928e+02 6.535394390465894432e+00 1.214655690174787850e+01 1.050764597388640738e+02 6.716370971383953226e+00 5.903171895441801809e+01
5.502900000000000000e+04 1.113097659807464765e+02 6.535394390465894432e+00 1.112913896612947262e+01 1.027513699812636787e+02 6.071543353043900915e+00 5.569179944783939362e+01
5.503100000000000000e+04 1.073668295117445695e+02 6.535394390465894432e+00 9.422109131754869082e+00 9.721387967122130647e+01 5.006434182654020404e+00 4.922221755504877194e+01
5.503300000000000000e+04 9.010176996636195668e+01 6.535394390465894432e+00 8.095234497729183687e+00 9.065643450574880546e+01 4.192249869357422831e+00 4.306718978895430183e+01
5.503400000000000000e+04 1.046258971635633941e+02 6.535394390465894432e+00 7.577108338461084003e+00 8.739073092180343849e+01 3.874767751706000407e+00 4.027222623124582412e+01
5.503500000000000000e+04 9.070241088055566081e+01 6.535394390465894432e+00 7.123516693438791236e+00 8.375612194348431672e+01 3.597735703756966164e+00 3.747477491878492373e+01
5.503700000000000000e+04 8.422336299444417307e+01 6.535394390465894432e+00 6.381904420699745728e+00 7.423676302843045960e+01 3.145344712025503142e+00 3.138975180906150086e+01
5.503800000000000000e+04 8.319396673887723637e+01 6.535394390465894432e+00 6.084712494702118057e+00 6.922866503395518123e+01 2.963093496324381348e+00 2.848916256541365399e+01
5.503900000000000000e+04 7.833103079656409307e+01 6.535394390465894432e+00 5.822882291120834886e+00 6.463241247892247543e+01 2.802157021713587159e+00 2.590477454065029050e+01
5.504000000000000000e+04 6.758920218781548783e+01 6.535394390465894432e+00 5.578950628023791047e+00 6.032359504479776291e+01 2.653484246384680389e+00 2.356390431437412758e+01
5.504100000000000000e+04 6.030798007620325052e+01 6.535394390465894432e+00 5.346220936235684285e+00 5.607483729676923190e+01 2.513503025968822246e+00 2.136184277972161283e+01
5.504300000000000000e+04 5.780701658382975694e+01 6.535394390465894432e+00 4.910697199101699439e+00 4.802058970598034193e+01 2.256754227528354306e+00 1.743034109109994390e+01
5.504400000000000000e+04 4.969214294243327856e+01 6.535394390465894432e+00 4.687001781188691041e+00 4.430578265443546115e+01 2.129971270706062736e+00 1.571127044483526802e+01
5.504500000000000000e+04 4.139211370591456074e+01 6.535394390465894432e+00 4.456672307141145595e+00 4.079642807671512372e+01 2.002998789726357476e+00 1.414087628309016509e+01
5.504600000000000000e+04 3.643568045450466286e+01 6.535394390465894432e+00 4.234612440624089480e+00 3.754222389971427276e+01 1.882468299899572761e+00 1.272617759312348085e+01
5.504700000000000000e+04 3.305854929472459958e+01 6.535394390465894432e+00 4.020533760989545513e+00 3.457013367067456500e+01 1.768044749775525615e+00 1.146604765196502740e+01
5.504900000000000000e+04 1.964790758886078947e+01 6.535394390465894432e+00 3.603093411622470654e+00 2.924471837569567256e+01 1.551051834533994978e+00 9.298797575737893339e+00
5.505000000000000000e+04 2.377106840803186572e+01 6.535394390465894432e+00 3.377290248598893818e+00 2.694943852267811479e+01 1.438675292267899364e+00 8.395463714229940422e+00
5.505100000000000000e+04 2.927363004682652203e+01 6.535394390465894432e+00 3.143151889329351079e+00 2.485538060152346773e+01 1.325106192803267691e+00 7.589429191304875921e+00
5.505300000000000000e+04 1.628008519721713654e+01 6.535394390465894432e+00 2.684332998831081341e+00 2.130863548992117629e+01 1.108770342350714921e+00 6.258042728317525949e+00
5.505400000000000000e+04 1.538136411946157622e+01 6.535394390465894432e+00 2.459949222217183706e+00 1.980330453337672125e+01 1.005908494057323077e+00 5.707004188293002933e+00
5.505500000000000000e+04 3.146849841224358713e+01 6.535394390465894432e+00 2.247207057307054168e+00 1.852450411022311272e+01 9.098004280595362037e-01 5.240312336696778317e+00
5.505700000000000000e+04 1.793630183973927572e+01 6.535394390465894432e+00 1.856223083198542900e+00 1.648212669283659793e+01 7.368888778080757707e-01 4.497169629696206705e+00
5.505800000000000000e+04 1.731828292027922345e+01 6.535394390465894432e+00 1.672121273515060569e+00 1.564532183128710408e+01 6.574095826676078502e-01 4.194456255036756787e+00
5.505900000000000000e+04 4.823273592743333893e+00 6.535394390465894432e+00 1.497156991031058260e+00 1.492072897767098105e+01 5.830050588127172473e-01 3.931680890031879372e+00
5.506100000000000000e+04 2.034435836951281829e+01 6.535394390465894432e+00 1.178965720066943224e+00 1.374808288778229048e+01 4.505027589097987395e-01 3.502696277141983838e+00
5.506300000000000000e+04 1.262412359422772212e+01 6.535394390465894432e+00 9.105677653390663595e-01 1.274031846287946479e+01 3.415482990769190819e-01 3.141878782461027253e+00
5.506400000000000000e+04 1.837951261995671359e+01 6.535394390465894432e+00 7.978165295617034580e-01 1.226630531512322975e+01 2.965309531914898100e-01 2.977258571631851591e+00
5.506700000000000000e+04 1.936524796126042958e+01 6.535394390465894432e+00 5.251403039696396213e-01 1.080367472208653901e+01 1.899928740845295005e-01 2.503748487157946734e+00
5.506800000000000000e+04 -1.216471731574024773e-01 6.535394390465894432e+00 4.545282566447201300e-01 1.030651394195016124e+01 1.630009885761951050e-01 2.353085374874466229e+00
5.506900000000000000e+04 1.307792234208627669e+01 6.535394390465894432e+00 3.924655898732211656e-01 9.823698640940266458e+00 1.395185175518027509e-01 2.210055937219407074e+00
5.507000000000000000e+04 -3.210472934451862770e+00 6.535394390465894432e+00 3.381036565999922527e-01 9.352296071819882428e+00 1.191554736916271978e-01 2.073679838540994247e+00
5.507200000000000000e+04 1.364166711688345046e+01 6.535394390465894432e+00 2.499620390357272792e-01 8.344316695153818131e+00 8.659693020465177027e-02 1.798344115334874260e+00
5.507400000000000000e+04 1.513887364882943487e+01 6.535394390465894432e+00 1.837610420169708825e-01 7.242353306081357189e+00 6.259957145868536021e-02 1.518313062071563468e+00
5.507600000000000000e+04 2.968347825056998346e+00 6.535394390465894432e+00 1.330686790319645929e-01 6.161189526101104263e+00 4.458659039435906163e-02 1.257385617571653791e+00
5.507800000000000000e+04 1.229815999795299319e+01 6.535394390465894432e+00 9.603332571554029640e-02 5.163623711927553650e+00 3.165759871947924908e-02 1.026565350283807909e+00
5.508000000000000000e+04 6.768126207992004595e+00 6.535394390465894432e+00 6.913823149305380056e-02 4.240291808206070989e+00 2.242927217941729015e-02 8.217619783345098128e-01
5.508200000000000000e+04 9.753852651408692509e+00 6.535394390465894432e+00 4.963893602431706381e-02 3.396787780309480809e+00 1.585148843184322476e-02 6.421148923080304272e-01
5.508300000000000000e+04 -1.108541868463570879e+01 6.535394390465894432e+00 4.205134206646887057e-02 3.015552842452465132e+00 1.332425287277213925e-02 5.631284486372484244e-01
5.508400000000000000e+04 -4.638567643037490029e+00 6.535394390465894432e+00 3.558252673146922868e-02 2.662988026568817723e+00 1.118771474028273233e-02 4.913262041639884781e-01
5.508600000000000000e+04 1.884955915920142289e+01 6.535394390465894432e+00 2.554613831738873631e-02 2.057183487765960717e+00 7.910245647124551638e-03 3.706636914893623458e-01
5.508900000000000000e+04 9.464106340655920491e+00 6.535394390465894432e+00 1.571682663780981162e-02 1.364386327019527556e+00 4.758348966942117439e-03 2.374910926056618965e-01
5.509000000000000000e+04 -7.421167009872638332e+00 6.535394390465894432e+00 1.336257084452316564e-02 1.183794679534617034e+00 4.015798901434460173e-03 2.037512357202438951e-01
5.509200000000000000e+04 -3.917185668426296452e+00 6.535394390465894432e+00 9.657939655523707298e-03 8.847293921603320843e-01 2.860340487345981557e-03 1.489443421145340285e-01
5.509300000000000000e+04 9.190798809136035530e+00 6.535394390465894432e+00 8.211440210587318822e-03 7.632286177587364051e-01 2.414419350363810127e-03 1.270988539148603380e-01
5.509500000000000000e+04 -2.445854007012388198e+00 6.535394390465894432e+00 5.932552424263750658e-03 5.649168239069525255e-01 1.719580412830072277e-03 9.208098189192380489e-02
5.509600000000000000e+04 6.200829524336850973e+00 6.535394390465894432e+00 5.044443409779767427e-03 4.851466788048116041e-01 1.451847290194205504e-03 7.824946432335670721e-02
5.509700000000000000e+04 5.038077639632389193e+00 6.535394390465894432e+00 4.288495379236050356e-03 4.142305785619941338e-01 1.225634575374692737e-03 6.611820886863432889e-02
5.509800000000000000e+04 2.762445003151256184e+00 6.535394390465894432e+00 3.643846503906572783e-03 3.527913964953660608e-01 1.034155386379047173e-03 5.573323799294881836e-02
5.510000000000000000e+04 -2.824513143352796796e+00 6.535394390465894432e+00 2.634269494184159587e-03 2.556351096597949679e-01 7.373742460977353481e-04 3.957199839934906482e-02
5.510100000000000000e+04 1.145357632363188216e+01 6.535394390465894432e+00 2.238869322543809038e-03 2.173657518143057854e-01 6.224268341795411233e-04 3.331275889874418111e-02
5.510200000000000000e+04 1.500959816261745461e+00 6.535394390465894432e+00 1.904200383571595266e-03 1.847611295779499063e-01 5.258043306838589264e-04 2.803659022427161529e-02
5.510600000000000000e+04 -1.388734654308894645e-01 6.535394390465894432e+00 9.925097151839807567e-04 9.579480746367090294e-02 2.668395524086519138e-04 1.398464342535341541e-02
5.510900000000000000e+04 5.330402095712406307e+00 6.535394390465894432e+00 6.083541939038225469e-04 5.881856438901776618e-02 1.603886617199637324e-04 8.348980041024522958e-03
5.511100000000000000e+04 -9.826199697200875605e+00 6.535394390465894432e+00 4.392159339081165462e-04 4.267644229726211963e-02 1.143196079927424701e-04 5.947936208677647232e-03
5.511200000000000000e+04 -8.268334208617732273e+00 6.535394390465894432e+00 3.729466364016164942e-04 3.634298005798186626e-02 9.645587389153405797e-05 5.019748626793075000e-03
5.511400000000000000e+04 1.224066417753680724e+01 6.535394390465894432e+00 2.692619045078518871e-04 2.635088673967485653e-02 6.876820444588222371e-05 3.575425609182477163e-03
5.511500000000000000e+04 -1.856625503939038779e+01 6.535394390465894432e+00 2.286800287131696586e-04 2.243900983744366237e-02 5.804061642466235168e-05 3.018024187954762658e-03
5.511700000000000000e+04 -2.884553261684309700e+00 6.535394390465894432e+00 1.651339522438774791e-04 1.626078227882437124e-02 4.139733072045060849e-05 2.149475516037590347e-03
5.511800000000000000e+04 6.191289902686636371e-01 6.535394390465894432e+00 1.402482262782155011e-04 1.384699353022723553e-02 3.494412016400036890e-05 1.814809112742756881e-03
5.511900000000000000e+04 1.748256720924674212e+00 6.535394390465894432e+00 1.192383718074667176e-04 1.178907257188532842e-02 2.952906681710418518e-05 1.532043219218365976e-03
5.512000000000000000e+04 1.374678366595585954e+00 6.535394390465894432e+00 1.022251916704185686e-04 1.003130724787675704e-02 2.516312410348764490e-05 1.292694232973808696e-03
