5.497400000000000000e+04 2.723924712250475277e+00 5.261294136187514070e+00 2.872527343123094101e-01 8.716024504912307401e-19 2.872527343123094101e-01 8.716024504912307401e-19
5.497600000000000000e+04 -3.179550232061127524e+00 5.261294136187514070e+00 1.958814406946931541e+00 8.716024236303062206e-19 1.958814406946931541e+00 8.716024236303062206e-19
5.498000000000000000e+04 1.026828067389881483e+01 5.261294136187514070e+00 9.740658635389692677e+00 8.716023356981633868e-19 9.740658635389692677e+00 8.716023356981633868e-19
5.498100000000000000e+04 8.793770577709025815e+00 5.261294136187514070e+00 1.261836908227294352e+01 8.716023034220134351e-19 1.261836908227294352e+01 8.716023034220134351e-19
5.498500000000000000e+04 2.927930095745723449e+01 5.261294136187514070e+00 2.761301931683333422e+01 8.716021077255084616e-19 2.761301931683333422e+01 8.716021077255084616e-19
5.498700000000000000e+04 3.363519102070939937e+01 5.261294136187514070e+00 3.698113532148148863e+01 8.716019515982127606e-19 3.698113532148148863e+01 8.716019515982127606e-19
5.498800000000000000e+04 4.609050015338405615e+01 5.261294136187514070e+00 4.209516568424355398e+01 8.716018526766135158e-19 4.209516568424355398e+01 8.716018526766135158e-19
5.498900000000000000e+04 4.932456591770699106e+01 5.261294136187514070e+00 4.711547825657126509e+01 8.716017365910701769e-19 4.711547825657126509e+01 8.716017365910701769e-19
5.499300000000000000e+04 6.634139510491075953e+01 5.261294136187514070e+00 6.549985504210982867e+01 8.716010327425725717e-19 6.549985504210982867e+01 8.716010327425725717e-19
5.499500000000000000e+04 6.528602039896327369e+01 5.261294136187514070e+00 6.925870503056015082e+01 -1.241908946591701104e-02 6.925870503056015082e+01 -1.241908946591701104e-02
5.499700000000000000e+04 8.306046783664950794e+01 5.261294136187514070e+00 7.599302134158550359e+01 7.505983906838168407e-01 6.841287481237441170e+01 7.505983906838168407e-01
5.499900000000000000e+04 8.318850392634159618e+01 5.261294136187514070e+00 7.946240387221574508e+01 2.680580088357593205e+00 6.504780932565140006e+01 2.680580088357593205e+00
5.500000000000000000e+04 9.345124883109505731e+01 5.261294136187514070e+00 8.071659299240927510e+01 4.087902819091672413e+00 6.320798198309262261e+01 4.087902819091672413e+00
5.500200000000000000e+04 8.746806939964011463e+01 5.261294136187514070e+00 8.207621959584616889e+01 7.792526908311754319e+00 5.914124484496770862e+01 7.792526908311754319e+00
5.500300000000000000e+04 8.387951367572577510e+01 5.261294136187514070e+00 8.123015168411551201e+01 1.009469526581835552e+01 5.628475033544589223e+01 1.009469526581835552e+01
5.500500000000000000e+04 9.576744882520932833e+01 5.261294136187514070e+00 7.770978181580086641e+01 1.558080429699700353e+01 5.000629460476246635e+01 1.558080429699700353e+01
5.500700000000000000e+04 1.002310002926087407e+02 5.261294136187514070e+00 7.417256617661041673e+01 2.209041545346666879e+01 4.455343955827151348e+01 2.209041545346666879e+01
5.500900000000000000e+04 9.820911492928335917e+01 5.261294136187514070e+00 6.991917559259566417e+01 2.958490825718519801e+01 3.937777404403901471e+01 2.958490825718519801e+01
5.501000000000000000e+04 1.012904295473614411e+02 5.261294136187514070e+00 6.749862057299434071e+01 3.367613254739485029e+01 3.686434766411487374e+01 3.367613254739485029e+01
5.501300000000000000e+04 1.042087079580714715e+02 5.261294136187514070e+00 5.987569637423779767e+01 4.535018634951246952e+01 2.997981993502793685e+01 4.535018634951246952e+01
5.501600000000000000e+04 1.002535615449472886e+02 5.261294136187514070e+00 4.930676343521272997e+01 5.453452191392029391e+01 2.279133005233092391e+01 5.453452191392029391e+01
5.501700000000000000e+04 1.008486226645094064e+02 5.261294136187514070e+00 4.598201100063588598e+01 5.802217272640206858e+01 2.072381963252022885e+01 5.540696402444812918e+01
5.501800000000000000e+04 1.036027831430577777e+02 5.261294136187514070e+00 4.287122495339971096e+01 6.057531989035487641e+01 1.885112345149930135e+01 5.535025574776578594e+01
5.501900000000000000e+04 9.650964629111948057e+01 5.261294136187514070e+00 3.981163915171157441e+01 6.248011030864532245e+01 1.708947422377729097e+01 5.473029984989954499e+01
5.502000000000000000e+04 9.750784922192892168e+01 5.261294136187514070e+00 3.683997328403917493e+01 6.363202115020775551e+01 1.544652967884242400e+01 5.352626274411823459e+01
5.502200000000000000e+04 8.800487414889859394e+01 5.261294136187514070e+00 3.136975102097589385e+01 6.488678598456357349e+01 1.256901635586821442e+01 5.056638558647409809e+01
5.502300000000000000e+04 9.202355869547837131e+01 5.261294136187514070e+00 2.886096285873570366e+01 6.532784390518925477e+01 1.131270102647213349e+01 4.910391153426733268e+01
5.502400000000000000e+04 9.029012254179772867e+01 5.261294136187514070e+00 2.653764361138853545e+01 6.517838311874201906e+01 1.018094207449878574e+01 4.731299587597417400e+01
5.502500000000000000e+04 8.610890118555724371e+01 5.261294136187514070e+00 2.441809507962472026e+01 6.415560982235466270e+01 9.172838121572022274e+00 4.502780026835672089e+01
5.502800000000000000e+04 7.212835268501842734e+01 5.261294136187514070e+00 1.899524038126809700e+01 5.917906212492825091e+01 6.716370971383953226e+00 3.778030013082754124e+01
5.502900000000000000e+04 7.295147972480430099e+01 5.261294136187514070e+00 1.750790241283739235e+01 5.751314405698153109e+01 6.071543353043900915e+00 3.564275164661721362e+01
5.503100000000000000e+04 6.938541747402599924e+01 5.261294136187514070e+00 1.499126651653919851e+01 5.380579045377491809e+01 5.006434182654020404e+00 3.150221923523121603e+01
5.503300000000000000e+04 5.573376015954395513e+01 5.261294136187514070e+00 1.301777429432866739e+01 4.967955384039120048e+01 4.192249869357422831e+00 2.756300146493076042e+01
5.503400000000000000e+04 6.769377951960332496e+01 5.261294136187514070e+00 1.224659095604198278e+01 4.767200616787987144e+01 3.874767751706000407e+00 2.577422478799732986e+01
5.503500000000000000e+04 5.692021946137720079e+01 5.261294136187514070e+00 1.157031802328240211e+01 4.549257796220879158e+01 3.597735703756966164e+00 2.398385594802235588e+01
5.503700000000000000e+04 5.336797431599788410e+01 5.261294136187514070e+00 1.046393278796644388e+01 4.000209523341009543e+01 3.145344712025503142e+00 2.008944115779936368e+01
5.503800000000000000e+04 5.353229062197131327e+01 5.261294136187514070e+00 1.002177482326832170e+01 3.716627774293709052e+01 2.963093496324381348e+00 1.823306404186474339e+01
5.503900000000000000e+04 5.055030457719140458e+01 5.261294136187514070e+00 9.632694977842625406e+00 3.457727858046735747e+01 2.802157021713587159e+00 1.657905570601618450e+01
5.504000000000000000e+04 4.279099769547977417e+01 5.261294136187514070e+00 9.268620472621689643e+00 3.216454087788617500e+01 2.653484246384680389e+00 1.508089876119944250e+01
5.504100000000000000e+04 3.782687789143947299e+01 5.261294136187514070e+00 8.918914137347767834e+00 2.980404304626759782e+01 2.513503025968822246e+00 1.367157937902183562e+01
5.504300000000000000e+04 3.755498588573790641e+01 5.261294136187514070e+00 8.257915069371753347e+00 2.537188337766254165e+01 2.256754227528354306e+00 1.115541829830396736e+01
5.504400000000000000e+04 3.181918985761358698e+01 5.261294136187514070e+00 7.911991282164740014e+00 2.334418269742691976e+01 2.129971270706062736e+00 1.005521308469457331e+01
5.504500000000000000e+04 2.588105390454925825e+01 5.261294136187514070e+00 7.551305437268367449e+00 2.143802095320575418e+01 2.002998789726357476e+00 9.050160821177707149e+00
5.504600000000000000e+04 2.257904205810820031e+01 5.261294136187514070e+00 7.201194234435823738e+00 1.967772484159125312e+01 1.882468299899572761e+00 8.144753659599029305e+00
5.504700000000000000e+04 2.048344550953842003e+01 5.261294136187514070e+00 6.861428064928858817e+00 1.807562788884496996e+01 1.768044749775525615e+00 7.338270497257618707e+00
5.504900000000000000e+04 1.078551335472125139e+01 5.261294136187514070e+00 6.191178502725894539e+00 1.522086699501263318e+01 1.551051834533994978e+00 5.951230448472252910e+00
5.505000000000000000e+04 1.454055221313286239e+01 5.261294136187514070e+00 5.822318907808187838e+00 1.399584248500874040e+01 1.438675292267899364e+00 5.373096777107163824e+00
5.505100000000000000e+04 1.934401440995494070e+01 5.261294136187514070e+00 5.436115645356124126e+00 1.288138637781794316e+01 1.325106192803267691e+00 4.857234682435121798e+00
5.505300000000000000e+04 9.461980827302340913e+00 5.261294136187514070e+00 4.671471206392032727e+00 1.099973667139280309e+01 1.108770342350714921e+00 4.005147346123217211e+00
5.505400000000000000e+04 8.957157811992727758e+00 5.261294136187514070e+00 4.293820997733088340e+00 1.020357561626581244e+01 1.005908494057323077e+00 3.652482680507522339e+00
5.505500000000000000e+04 2.207285925380492841e+01 5.261294136187514070e+00 3.933977050929433616e+00 9.527474743096453480e+00 9.098004280595362037e-01 3.353799895485938709e+00
5.505700000000000000e+04 1.139234671953617806e+01 5.261294136187514070e+00 3.267954795303254834e+00 8.448059070133957960e+00 7.368888778080757707e-01 2.878188563005573020e+00
5.505800000000000000e+04 1.095868625273003261e+01 5.261294136187514070e+00 2.951900508094092768e+00 8.006109654413840815e+00 6.574095826676078502e-01 2.684452003223524841e+00
5.505900000000000000e+04 9.392187359559525106e-01 5.261294136187514070e+00 2.650107795339088135e+00 7.623309071641973134e+00 5.830050588127172473e-01 2.516275769620402780e+00
5.506100000000000000e+04 1.346205627822334350e+01 5.261294136187514070e+00 2.097721046587586624e+00 7.003150828666598215e+00 4.505027589097987395e-01 2.241725617370870172e+00
5.506300000000000000e+04 7.273204250103505686e+00 5.261294136187514070e+00 1.628229051359488366e+00 6.471566511022446733e+00 3.415482990769190819e-01 2.010802420775057886e+00
5.506400000000000000e+04 1.193160786812024199e+01 5.261294136187514070e+00 1.430050174861278833e+00 6.222422778573425184e+00 2.965309531914898100e-01 1.905445485844385223e+00
5.506700000000000000e+04 1.287722987891879711e+01 5.261294136187514070e+00 9.478364502329007513e-01 5.459693981084517311e+00 1.899928740845295005e-01 1.602399031781086114e+00
5.506800000000000000e+04 -2.736618869948833854e+00 5.261294136187514070e+00 8.222095865760433719e-01 5.202238796138467514e+00 1.630009885761951050e-01 1.505974639919658298e+00
5.506900000000000000e+04 7.968124397479012799e+00 5.261294136187514070e+00 7.114886321071732800e-01 4.952788396651184755e+00 1.395185175518027509e-01 1.414435799820420669e+00
5.507000000000000000e+04 -5.061743480649692373e+00 5.261294136187514070e+00 6.142464668803382377e-01 4.709808007049141487e+00 1.191554736916271978e-01 1.327155096666236656e+00
5.507200000000000000e+04 8.712488193473713949e+00 5.261294136187514070e+00 4.560021150716552230e-01 4.193105459832329629e+00 8.659693020465177027e-02 1.150940233814319757e+00
5.507400000000000000e+04 1.017760210457818459e+01 5.261294136187514070e+00 3.365728559047677093e-01 3.631902016511153519e+00 6.259957145868536021e-02 9.717203597258007308e-01
5.507600000000000000e+04 6.508661666945032565e-01 5.261294136187514070e+00 2.446644561300058696e-01 3.083713079382130129e+00 4.458659039435906163e-02 8.047267952458585505e-01
5.507800000000000000e+04 8.423197288332502808e+00 5.261294136187514070e+00 1.772255691513887343e-01 2.579651962466780191e+00 3.165759871947924908e-02 6.570018241816371063e-01
5.508000000000000000e+04 4.222062575500048709e+00 5.261294136187514070e+00 1.280487148722933011e-01 2.114649959991934391e+00 2.242927217941729015e-02 5.259276661340864800e-01
5.508200000000000000e+04 6.861177470803548673e+00 5.261294136187514070e+00 9.225249237564120408e-02 1.691155971088644572e+00 1.585148843184322476e-02 4.109535310771395000e-01
5.508300000000000000e+04 -9.807365406692884591e+00 5.261294136187514070e+00 7.828265047811086563e-02 1.500138146948917006e+00 1.332425287277213925e-02 3.604022071278390471e-01
5.508400000000000000e+04 -4.516681499686696633e+00 5.261294136187514070e+00 6.634986103872077268e-02 1.323703544991184922e+00 1.118771474028273233e-02 3.144487706649526926e-01
5.508600000000000000e+04 1.456687601079812211e+01 5.261294136187514070e+00 4.778895805253825790e-02 1.021015378028938159e+00 7.910245647124551638e-03 2.372247625531919146e-01
5.508900000000000000e+04 7.213239479850257929e+00 5.261294136187514070e+00 2.953792704718989290e-02 6.757058568241476326e-01 4.758348966942117439e-03 1.519942992676236448e-01
5.509000000000000000e+04 -6.327133200714713190e+00 5.261294136187514070e+00 2.515094851968402434e-02 5.858646731801036012e-01 4.015798901434460173e-03 1.304007908609561006e-01
5.509200000000000000e+04 -3.418035121916929597e+00 5.261294136187514070e+00 1.823123819824581937e-02 4.372719911345859245e-01 2.860340487345981557e-03 9.532437895330177213e-02
5.509300000000000000e+04 7.170472423201646350e+00 5.261294136187514070e+00 1.552278488735900699e-02 3.769772342931383968e-01 2.414419350363810127e-03 8.134326650551063076e-02
5.509500000000000000e+04 -2.138662578402144465e+00 5.261294136187514070e+00 1.124605589990867321e-02 2.786768301891387467e-01 1.719580412830072277e-03 5.893182841083124957e-02
5.509600000000000000e+04 4.846083453850677181e+00 5.261294136187514070e+00 9.575513617746863118e-03 2.391804426293450692e-01 1.451847290194205504e-03 5.007965716694829511e-02
5.509700000000000000e+04 3.931206179938230072e+00 5.261294136187514070e+00 8.151450433902005660e-03 2.040968608097261938e-01 1.225634575374692737e-03 4.231565367592597660e-02
5.509800000000000000e+04 2.117607786992178998e+00 5.261294136187514070e+00 6.935252852135165638e-03 1.737236238853490933e-01 1.034155386379047173e-03 3.566927231548724930e-02
5.510000000000000000e+04 -2.351016624375122710e+00 5.261294136187514070e+00 5.026680235648261705e-03 1.257389168979765048e-01 7.373742460977353481e-04 2.532607897558340412e-02
5.510100000000000000e+04 9.154999979563754664e+00 5.261294136187514070e+00 4.277566175215478418e-03 1.068566704643237469e-01 6.224268341795411233e-04 2.132016569519628105e-02
5.510200000000000000e+04 1.152489731182620547e+00 5.261294136187514070e+00 3.642667242111638070e-03 9.077933904808636878e-02 5.258043306838589264e-04 1.794341774353383490e-02
5.510600000000000000e+04 -1.408395630497446538e-01 5.261294136187514070e+00 1.907742695990415722e-03 4.697050156560303447e-02 2.668395524086519138e-04 8.950171792226187251e-03
5.510900000000000000e+04 4.273350151610411984e+00 5.261294136187514070e+00 1.173339293678566731e-03 2.879850421062769492e-02 1.603886617199637324e-04 5.343347226255695630e-03
5.511100000000000000e+04 -7.923529583858798020e+00 5.261294136187514070e+00 8.489831367973027466e-04 2.087582858776846143e-02 1.143196079927424701e-04 3.806679173553694298e-03
5.511200000000000000e+04 -6.667457279092109168e+00 5.261294136187514070e+00 7.216635572816795623e-04 1.776974950689142949e-02 9.645587389153405797e-05 3.212639121147568746e-03
5.511400000000000000e+04 9.846264237147835274e+00 5.261294136187514070e+00 5.221294690758054077e-04 1.287290515649084331e-02 6.876820444588222371e-05 2.288272389876785419e-03
5.511500000000000000e+04 -1.495353969020535878e+01 5.261294136187514070e+00 4.438946344158176387e-04 1.095721447259506015e-02 5.804061642466235168e-05 1.931535480291048318e-03
5.511700000000000000e+04 -2.327167212745598235e+00 5.261294136187514070e+00 3.211936095938321719e-04 7.933731325498875539e-03 4.139733072045060849e-05 1.375664330264058039e-03
5.511800000000000000e+04 4.941933959147041810e-01 5.261294136187514070e+00 2.730603437855316632e-04 6.753296707284152031e-03 3.494412016400036890e-05 1.161477832155364534e-03
5.511900000000000000e+04 1.403820339693339747e+00 5.261294136187514070e+00 2.323819442238831193e-04 5.747343701613040479e-03 2.952906681710418518e-05 9.805076602997543633e-04
5.512000000000000000e+04 1.103609485939844204e+00 5.261294136187514070e+00 1.994177585201395940e-04 4.888493877629212191e-03 2.516312410348764490e-05 8.273243091032378470e-04
