5.497400000000000000e+04 4.198694872768576225e+00 8.445637235304117141e+00 2.872527343123094101e-01 1.361878181083838162e-18 2.872527343123094101e-01 1.361878181083838162e-18
5.497600000000000000e+04 -6.289491542209336927e+00 8.445637235304117141e+00 1.958814406946931541e+00 1.361877894807208667e-18 1.958814406946931541e+00 1.361877894807208667e-18
5.498000000000000000e+04 1.058761837937175621e+01 8.445637235304117141e+00 9.740658635389692677e+00 1.361876957650400692e-18 9.740658635389692677e+00 1.361876957650400692e-18
5.498100000000000000e+04 6.478972442563341261e+00 8.445637235304117141e+00 1.261836908227294352e+01 1.361876613660269607e-18 1.261836908227294352e+01 1.361876613660269607e-18
5.498500000000000000e+04 3.146061043107991040e+01 8.445637235304117141e+00 2.761301931683333422e+01 1.172809985443463487e+00 2.761301931683333422e+01 1.172809985443463487e+00
5.498700000000000000e+04 3.579849971067350367e+01 8.445637235304117141e+00 3.698113532148148863e+01 4.188406388058739438e+00 3.698113532148148863e+01 4.188406388058739438e+00
5.498800000000000000e+04 5.489598259535985392e+01 8.445637235304117141e+00 4.209516568424355398e+01 6.387348154830737812e+00 4.209516568424355398e+01 6.387348154830737812e+00
5.498900000000000000e+04 5.970829554350270740e+01 8.445637235304117141e+00 4.711547825657126509e+01 9.046702486275524535e+00 4.711547825657126509e+01 9.046702486275524535e+00
5.499300000000000000e+04 9.119573511648920316e+01 8.445637235304117141e+00 6.549985504210982867e+01 2.434500671405781702e+01 6.549985504210982867e+01 2.434500671405781702e+01
5.499500000000000000e+04 9.741780444761968738e+01 8.445637235304117141e+00 6.925870503056015082e+01 3.451627414604166688e+01 6.925870503056015082e+01 3.451627414604166688e+01
5.499700000000000000e+04 1.309365068701660846e+02 8.445637235304117141e+00 7.457003354548812979e+01 4.622641915185185724e+01 6.841287481237441170e+01 4.622641915185185724e+01
5.499900000000000000e+04 1.373290727853425608e+02 8.445637235304117141e+00 7.675641500426864638e+01 5.889434782071408847e+01 6.504780932565140006e+01 5.889434782071408847e+01
5.500000000000000000e+04 1.562065116395600626e+02 8.445637235304117141e+00 7.742977792928846270e+01 6.489662410672829651e+01 6.320798198309262261e+01 6.489662410672829651e+01
5.500200000000000000e+04 1.506568495479685907e+02 8.445637235304117141e+00 7.777073697113253559e+01 7.673977432222363859e+01 5.914124484496770862e+01 7.673977432222363859e+01
5.500300000000000000e+04 1.464705361019226473e+02 8.445637235304117141e+00 7.654726045620641628e+01 8.187481880263729295e+01 5.628475033544589223e+01 8.187481880263729295e+01
5.500500000000000000e+04 1.680450931207830081e+02 8.445637235304117141e+00 7.250912717690557940e+01 9.156000805040052626e+01 5.000629460476246635e+01 8.657338128820018142e+01
5.500700000000000000e+04 1.752751917388749803e+02 8.445637235304117141e+00 6.861229691973812805e+01 1.002932744749409011e+02 4.455343955827151348e+01 8.551609351546802884e+01
5.500900000000000000e+04 1.668340094271913756e+02 8.445637235304117141e+00 6.418577169178358588e+01 1.047269730142987498e+02 3.937777404403901471e+01 8.130976165706424297e+01
5.501000000000000000e+04 1.682492964042170911e+02 8.445637235304117141e+00 6.174778233739241529e+01 1.063158256955617844e+02 3.686434766411487374e+01 7.900997747886577827e+01
5.501300000000000000e+04 1.594591210938957602e+02 8.445637235304117141e+00 5.426347408240056325e+01 1.068284561366763086e+02 2.997981993502793685e+01 7.035593791930737950e+01
5.501600000000000000e+04 1.384044240363899974e+02 8.445637235304117141e+00 4.432913695178363866e+01 9.983444309571176234e+01 2.279133005233092391e+01 5.903171895441801809e+01
5.501700000000000000e+04 1.335687886408128975e+02 8.445637235304117141e+00 4.124040106871525779e+01 9.739381887438153740e+01 2.072381963252022885e+01 5.569179944783939362e+01
5.501800000000000000e+04 1.333216359217944103e+02 8.445637235304117141e+00 3.836203622380108413e+01 9.470879980655597308e+01 1.885112345149930135e+01 5.242958359530334889e+01
5.501900000000000000e+04 1.180146594343448072e+02 8.445637235304117141e+00 3.554610638545676693e+01 9.175021352261090613e+01 1.708947422377729097e+01 4.922221755504877194e+01
5.502000000000000000e+04 1.166138756405737240e+02 8.445637235304117141e+00 3.282387556754014923e+01 8.854816308920392487e+01 1.544652967884242400e+01 4.608043458014359572e+01
5.502200000000000000e+04 9.662094635315486357e+01 8.445637235304117141e+00 2.784037122824809174e+01 8.202647038780149558e+01 1.256901635586821442e+01 4.027222623124582412e+01
5.502300000000000000e+04 1.005781311554791841e+02 8.445637235304117141e+00 2.556670431982701430e+01 7.848716858990314904e+01 1.131270102647213349e+01 3.747477491878492373e+01
5.502400000000000000e+04 9.538831089943205654e+01 8.445637235304117141e+00 2.346707148171969592e+01 7.421015716213753421e+01 1.018094207449878574e+01 3.448427377422747497e+01
5.502500000000000000e+04 8.695836486636505924e+01 8.445637235304117141e+00 2.155616958569424924e+01 6.935879559730229005e+01 9.172838121572022274e+00 3.138975180906150086e+01
5.502800000000000000e+04 6.312362995774476815e+01 8.445637235304117141e+00 1.669018186388912639e+01 5.613864563856493106e+01 6.716370971383953226e+00 2.356390431437412758e+01
5.502900000000000000e+04 6.416175075247048198e+01 8.445637235304117141e+00 1.536100468320107204e+01 5.212289638252073587e+01 6.071543353043900915e+00 2.136184277972161283e+01
5.503100000000000000e+04 5.859932464279793152e+01 8.445637235304117141e+00 1.311685755855353364e+01 4.453800755597858796e+01 5.006434182654020404e+00 1.743034109109994390e+01
5.503300000000000000e+04 3.794459870925201272e+01 8.445637235304117141e+00 1.136099714595861343e+01 3.776179602636397448e+01 4.192249869357422831e+00 1.414087628309016509e+01
5.503400000000000000e+04 5.787302762992779748e+01 8.445637235304117141e+00 1.067498515595003106e+01 3.471701247404085677e+01 3.874767751706000407e+00 1.272617759312348085e+01
5.503500000000000000e+04 4.178445231579191699e+01 8.445637235304117141e+00 1.007365997051950224e+01 3.193982233931377479e+01 3.597735703756966164e+00 1.146604765196502740e+01
5.503700000000000000e+04 4.072231708129116612e+01 8.445637235304117141e+00 9.090046217753702251e+00 2.697395200770047907e+01 3.145344712025503142e+00 9.298797575737893339e+00
5.503800000000000000e+04 4.371784086893106291e+01 8.445637235304117141e+00 8.696679411712059604e+00 2.483713985217786302e+01 2.963093496324381348e+00 8.395463714229940422e+00
5.503900000000000000e+04 4.141789624073862797e+01 8.445637235304117141e+00 8.350427924706488980e+00 2.288971844097550701e+01 2.802157021713587159e+00 7.589429191304875921e+00
5.504000000000000000e+04 3.135605305138101784e+01 8.445637235304117141e+00 8.026789845313659910e+00 2.114961065334885859e+01 2.653484246384680389e+00 6.881055001740258525e+00
5.504100000000000000e+04 2.587321579432607876e+01 8.445637235304117141e+00 7.716454289724283377e+00 1.959518339090783456e+01 2.513503025968822246e+00 6.258042728317525949e+00
5.504300000000000000e+04 3.044435930017225189e+01 8.445637235304117141e+00 7.131343358989600034e+00 1.701214996985241967e+01 2.256754227528354306e+00 5.240312336696778317e+00
5.504400000000000000e+04 2.373312407083261277e+01 8.445637235304117141e+00 6.826557922612931151e+00 1.600279081454577934e+01 2.129971270706062736e+00 4.843459689632500620e+00
5.504500000000000000e+04 1.663790968317674412e+01 8.445637235304117141e+00 6.509746066610660797e+00 1.511768542718676933e+01 2.002998789726357476e+00 4.497169629696206705e+00
5.504600000000000000e+04 1.364208538651016411e+01 8.445637235304117141e+00 6.202733048169092100e+00 1.434168482722167859e+01 1.882468299899572761e+00 4.194456255036756787e+00
5.504700000000000000e+04 1.242582612348762439e+01 8.445637235304117141e+00 5.905269464250255673e+00 1.366966811846283747e+01 1.768044749775525615e+00 3.931680890031879372e+00
5.504900000000000000e+04 8.436635410802679758e-01 8.445637235304117141e+00 5.320107792451603146e+00 1.258168502749400552e+01 1.551051834533994978e+00 3.502696277141983838e+00
5.505000000000000000e+04 8.632764984861786672e+00 8.445637235304117141e+00 4.999396640630950017e+00 1.210519513200691399e+01 1.438675292267899364e+00 3.316855307980851375e+00
5.505100000000000000e+04 1.795974506453568509e+01 8.445637235304117141e+00 4.664373798667502236e+00 1.164757302233951997e+01 1.325106192803267691e+00 3.141878782461027253e+00
5.505300000000000000e+04 4.818136030304643214e+00 8.445637235304117141e+00 4.002660935886081184e+00 1.078277169913047651e+01 1.108770342350714921e+00 2.820942784410442883e+00
5.505400000000000000e+04 5.113545973972961178e+00 8.445637235304117141e+00 3.676595545779516083e+00 1.033036066292440402e+01 1.005908494057323077e+00 2.662464088382578531e+00
5.505500000000000000e+04 2.704839314118333249e+01 8.445637235304117141e+00 3.366261583820283843e+00 9.858760043033131026e+00 9.098004280595362037e-01 2.503748487157946734e+00
5.505700000000000000e+04 1.123016025769475945e+01 8.445637235304117141e+00 2.792808846892607555e+00 8.956914702362812619e+00 7.368888778080757707e-01 2.210055937219407074e+00
5.505800000000000000e+04 1.104590464460783750e+01 8.445637235304117141e+00 2.521165749530275946e+00 8.523653608338904064e+00 6.574095826676078502e-01 2.073679838540994247e+00
5.505900000000000000e+04 -4.640583973103984405e+00 8.445637235304117141e+00 2.262059628193343386e+00 8.080980057922113602e+00 5.830050588127172473e-01 1.938814793167494166e+00
5.506100000000000000e+04 1.588386003492375131e+01 8.445637235304117141e+00 1.788495952871900885e+00 7.094618556268695642e+00 4.505027589097987395e-01 1.656382741004084558e+00
5.506300000000000000e+04 6.155828401179070042e+00 8.445637235304117141e+00 1.386686094252291612e+00 6.096019342244232142e+00 3.415482990769190819e-01 1.385962927938393818e+00
5.506400000000000000e+04 1.368920631994446424e+01 8.445637235304117141e+00 1.217259562851066068e+00 5.602910311899288232e+00 2.965309531914898100e-01 1.257385617571653791e+00
5.506700000000000000e+04 1.545462602164874077e+01 8.445637235304117141e+00 8.055697861184052400e-01 4.263639046997526272e+00 1.899928740845295005e-01 9.211110972600947688e-01
5.506800000000000000e+04 -9.514046756013293304e+00 8.445637235304117141e+00 6.984592360489960683e-01 3.851105335266846730e+00 1.630009885761951050e-01 8.217619783345098128e-01
5.506900000000000000e+04 7.759562007241134651e+00 8.445637235304117141e+00 6.041151809993059452e-01 3.457219998759414104e+00 1.395185175518027509e-01 7.287563235158966979e-01
5.507000000000000000e+04 -1.306720918322148961e+01 8.445637235304117141e+00 5.213051974008690026e-01 3.083178866906239435e+00 1.191554736916271978e-01 6.421148923080304272e-01
5.507200000000000000e+04 9.325107098033178943e+00 8.445637235304117141e+00 3.866552933637701361e-01 2.415752680633499239e+00 8.659693020465177027e-02 4.913262041639884781e-01
5.507400000000000000e+04 1.211745711596897124e+01 8.445637235304117141e+00 2.851410479943118359e-01 1.865179695574471275e+00 6.259957145868536021e-02 3.706636914893623458e-01
5.507600000000000000e+04 -2.668516493382837140e+00 8.445637235304117141e+00 2.071047123817978119e-01 1.422425839144079385e+00 4.458659039435906163e-02 2.763494403062012883e-01
5.507800000000000000e+04 1.031791959781740076e+01 8.445637235304117141e+00 1.498987299367342263e-01 1.072220502854211333e+00 3.165759871947924908e-02 2.037512357202438951e-01
5.508000000000000000e+04 4.086537475718038159e+00 8.445637235304117141e+00 1.082212382656883992e-01 8.009630941551181271e-01 2.242927217941729015e-02 1.489443421145340285e-01
5.508200000000000000e+04 8.823520035332618860e+00 8.445637235304117141e+00 7.791006564250946287e-02 5.945745227851390036e-01 1.585148843184322476e-02 1.082461627558146955e-01
5.508300000000000000e+04 -1.769973932177744658e+01 8.445637235304117141e+00 6.608829424894981097e-02 5.110862818929339246e-01 1.332425287277213925e-02 9.208098189192380489e-02
5.508400000000000000e+04 -8.986906753454187324e+00 8.445637235304117141e+00 5.599451227511507284e-02 4.388229959253843737e-01 1.118771474028273233e-02 7.824946432335670721e-02
5.508600000000000000e+04 2.202691316666024690e+01 8.445637235304117141e+00 4.030270157209958626e-02 3.189724676812446535e-01 7.910245647124551638e-03 5.573323799294881836e-02
5.508900000000000000e+04 1.066819003118041564e+01 8.445637235304117141e+00 2.488616509710727537e-02 1.964120264669957094e-01 4.758348966942117439e-03 3.331275889874418111e-02
5.509000000000000000e+04 -1.094928865191451273e+01 8.445637235304117141e+00 2.118333920506677501e-02 1.669186435592234785e-01 4.015798901434460173e-03 2.803659022427161529e-02
5.509200000000000000e+04 -6.082361697396246214e+00 8.445637235304117141e+00 1.534572671461119017e-02 1.202493912439627083e-01 2.860340487345981557e-03 1.981436053980403095e-02
5.509300000000000000e+04 1.099536825605743040e+01 8.445637235304117141e+00 1.306200868546821339e-02 1.020371284996890449e-01 2.414419350363810127e-03 1.665531609096517277e-02
5.509500000000000000e+04 -3.815718324745291046e+00 8.445637235304117141e+00 9.457692270565396658e-03 7.328533053541023967e-02 1.719580412830072277e-03 1.174143337211776446e-02
5.509600000000000000e+04 7.450147519389340722e+00 8.445637235304117141e+00 8.050493224126868685e-03 6.228527422545870884e-02 1.451847290194205504e-03 9.887807058905687813e-03
5.509700000000000000e+04 6.029742210467375685e+00 8.445637235304117141e+00 6.851297276344533310e-03 5.307279632478469761e-02 1.225634575374692737e-03 8.348980041024522958e-03
5.509800000000000000e+04 3.160311876793091113e+00 8.445637235304117141e+00 5.827465602245930631e-03 4.521748638385878621e-02 1.034155386379047173e-03 7.049371162362620333e-03
5.510000000000000000e+04 -3.946856465670516734e+00 8.445637235304117141e+00 4.221467558909533686e-03 3.277695063350806459e-02 7.373742460977353481e-04 5.019748626793075000e-03
5.510100000000000000e+04 1.454907846328358367e+01 8.445637235304117141e+00 3.591402833215952013e-03 2.791642242477439598e-02 6.224268341795411233e-04 4.237980086345396677e-03
5.510200000000000000e+04 1.725267659372508255e+00 8.445637235304117141e+00 3.057552182926639821e-03 2.375798808789572267e-02 5.258043306838589264e-04 3.575425609182477163e-03
5.510600000000000000e+04 -2.904656418288713571e-01 8.445637235304117141e+00 1.599703116689868117e-03 1.247717561192899886e-02 2.668395524086519138e-04 1.814809112742756881e-03
5.510900000000000000e+04 6.820316446257940868e+00 8.445637235304117141e+00 9.831824963433776193e-04 7.694736288584910072e-03 1.603886617199637324e-04 1.091761675451888552e-03
5.511100000000000000e+04 -1.274775201634705724e+01 8.445637235304117141e+00 7.110679617148581546e-04 5.573209873243610210e-03 1.143196079927424701e-04 7.780335427244262957e-04
5.511200000000000000e+04 -1.072719881454350066e+01 8.445637235304117141e+00 6.042960499304608508e-04 4.745909888752510367e-03 9.645587389153405797e-05 6.572554133548237122e-04
5.511400000000000000e+04 1.578798377925209806e+01 8.445637235304117141e+00 4.370219392535814890e-04 3.436590289591167670e-03 6.876820444588222371e-05 4.684556010893086439e-04
5.511500000000000000e+04 -2.401901930587552414e+01 8.445637235304117141e+00 3.714599451178390074e-04 2.923510335573403958e-03 5.804061642466235168e-05 3.954109412969871438e-04
5.511700000000000000e+04 -3.746529364906132642e+00 8.445637235304117141e+00 2.686686763757244276e-04 2.113860638683020057e-03 4.139733072045060849e-05 2.815177709731275248e-04
5.511800000000000000e+04 7.840462527795318826e-01 8.445637235304117141e+00 2.283598252717424100e-04 1.798112889084167764e-03 3.494412016400036890e-05 2.376444397711154283e-04
5.511900000000000000e+04 2.245591791320864505e+00 8.445637235304117141e+00 1.943012596565455818e-04 1.528503946191254320e-03 2.952906681710418518e-05 2.004858271499546790e-04
5.512000000000000000e+04 1.764857260911771419e+00 8.445637235304117141e+00 1.667056971856056445e-04 1.300318597424402877e-03 2.516312410348764490e-05 1.692770513206106697e-04
