5.497500000000000000e+04 -4.957593700320874319e+00 1.451908871950812241e+01 9.676860811788584593e-01 2.279498584667664851e-18 9.676860811788584593e-01 2.279498584667664851e-18
5.497600000000000000e+04 -1.294437330805820352e+01 1.451908871950812241e+01 2.014654457448330049e+00 2.279498485609617514e-18 2.014654457448330049e+00 2.279498485609617514e-18
5.497900000000000000e+04 -7.817038127298917338e+00 1.451908871950812241e+01 7.421511495175619366e+00 2.279498072863251428e-18 7.421511495175619366e+00 2.279498072863251428e-18
5.498000000000000000e+04 1.785282455366459686e+01 1.451908871950812241e+01 1.010928248076253944e+01 2.279497885001649794e-18 1.010928248076253944e+01 2.279497885001649794e-18
5.498100000000000000e+04 4.227473813693531923e+01 1.451908871950812241e+01 1.326427468792255127e+01 2.279497664544057483e-18 1.326427468792255127e+01 2.279497664544057483e-18
5.498200000000000000e+04 1.297821108524520284e+01 1.451908871950812241e+01 1.681188057541250913e+01 2.279497405834730840e-18 1.681188057541250913e+01 2.279497405834730840e-18
5.498400000000000000e+04 2.679793959370046252e+01 1.451908871950812241e+01 2.504964300095078400e+01 2.279496745960992233e-18 2.504964300095078400e+01 2.279496745960992233e-18
5.498500000000000000e+04 3.636735722947540239e+01 1.451908871950812241e+01 2.982457128805857849e+01 2.279496327867838250e-18 2.982457128805857849e+01 2.279496327867838250e-18
5.498700000000000000e+04 3.380972811480076956e+01 1.451908871950812241e+01 4.097582893337165899e+01 2.279495261463979831e-18 4.097582893337165899e+01 2.279495261463979831e-18
5.499000000000000000e+04 4.613731106563601259e+01 1.451908871950812241e+01 6.053040193995693841e+01 1.209607601473573046e+00 6.053040193995693841e+01 1.209607601473573046e+00
5.499200000000000000e+04 9.727439722981050352e+01 1.451908871950812241e+01 7.440742163840896239e+01 4.302310410807026031e+00 7.440742163840896239e+01 4.302310410807026031e+00
5.499300000000000000e+04 9.810808096410453061e+01 1.451908871950812241e+01 8.115791156796579742e+01 6.537636875244362322e+00 8.115791156796579742e+01 6.537636875244362322e+00
5.499400000000000000e+04 9.875389534931669289e+01 1.451908871950812241e+01 8.659722275531558466e+01 9.276889368969523986e+00 8.659722275531558466e+01 9.276889368969523986e+00
5.499600000000000000e+04 1.005162535664095316e+02 1.451908871950812241e+01 9.298895886639343189e+01 1.658034335990318908e+01 9.298895886639343189e+01 1.658034335990318908e+01
5.499700000000000000e+04 1.078624138985592822e+02 1.451908871950812241e+01 9.908701069488850521e+01 2.101485071926563819e+01 9.534931745081652821e+01 2.101485071926563819e+01
5.499800000000000000e+04 1.312882362342582496e+02 1.451908871950812241e+01 1.048817279490067449e+02 2.589679503310846798e+01 9.725679520493949326e+01 2.589679503310846798e+01
5.500000000000000000e+04 1.486252384593442741e+02 1.451908871950812241e+01 1.150162744382733138e+02 3.728071411007321956e+01 9.942624000542298290e+01 3.728071411007321956e+01
5.500200000000000000e+04 1.797050798086416137e+02 1.451908871950812241e+01 1.227509135273360812e+02 5.121978616671457729e+01 9.937735874946248771e+01 5.121978616671457729e+01
5.500300000000000000e+04 1.867865551446128336e+02 1.451908871950812241e+01 1.252596187895297817e+02 5.921981088614808897e+01 9.828909195663038645e+01 5.921981088614808897e+01
5.500400000000000000e+04 1.966037275690917454e+02 1.451908871950812241e+01 1.268125650468206800e+02 6.746366186135364273e+01 9.653818898204983157e+01 6.746366186135364273e+01
5.500500000000000000e+04 2.087056578352759288e+02 1.451908871950812241e+01 1.276713043326739410e+02 7.566300242494617123e+01 9.437559456880096320e+01 7.566300242494617123e+01
5.500900000000000000e+04 2.287335404265842271e+02 1.451908871950812241e+01 1.246194895276141210e+02 1.082465284441444737e+02 8.255133116561614770e+01 1.082465284441444737e+02
5.501200000000000000e+04 2.570721453599053916e+02 1.451908871950812241e+01 1.162245864670445599e+02 1.432146748111264287e+02 7.142612246008147281e+01 1.191866468135206389e+02
5.501300000000000000e+04 2.428178392455413075e+02 1.451908871950812241e+01 1.127405816179517757e+02 1.542492771950340398e+02 6.765517379857884350e+01 1.215709940061743595e+02
5.501400000000000000e+04 2.819325742055527257e+02 1.451908871950812241e+01 1.085083704648016010e+02 1.646775793813689575e+02 6.361888512242121152e+01 1.232616612135995240e+02
5.501600000000000000e+04 2.843895236984703274e+02 1.451908871950812241e+01 9.890031861710120609e+01 1.833003567331249997e+02 5.543739832797152900e+01 1.246601990840077718e+02
5.501700000000000000e+04 2.836077353711855835e+02 1.451908871950812241e+01 9.500752535193132076e+01 1.910032835164668654e+02 5.211031447560955598e+01 1.242216984368281061e+02
5.501800000000000000e+04 2.707928854297759358e+02 1.451908871950812241e+01 9.167343473956290723e+01 1.971679184650005539e+02 4.922327896239417555e+01 1.228613649457879831e+02
5.501900000000000000e+04 2.781035916864096293e+02 1.451908871950812241e+01 8.854483303004218442e+01 2.017648149724841460e+02 4.656333247267679099e+01 1.206727362275622966e+02
5.502000000000000000e+04 2.943201974878191436e+02 1.451908871950812241e+01 8.520923179758916888e+01 2.051725425925732509e+02 4.390417961541074021e+01 1.179694932110012076e+02
5.502100000000000000e+04 3.070133987065315750e+02 1.451908871950812241e+01 8.152256880733605726e+01 2.075821920428833778e+02 4.117301454915962466e+01 1.149148538767069141e+02
5.502200000000000000e+04 2.992873533639042307e+02 1.451908871950812241e+01 7.772193594533788996e+01 2.088894192237891048e+02 3.849145005216814042e+01 1.114909368188455971e+02
5.502500000000000000e+04 2.668245779346083850e+02 1.451908871950812241e+01 6.703268384352176668e+01 2.044745930310324127e+02 3.137059333747742329e+01 9.853247543900947392e+01
5.502900000000000000e+04 2.352966877720685375e+02 1.451908871950812241e+01 5.427041326341336713e+01 1.864033334086941238e+02 2.366167303078713857e+01 7.952360640302650552e+01
5.503100000000000000e+04 2.380790462236859071e+02 1.451908871950812241e+01 4.859795634831821332e+01 1.717450600200557460e+02 2.048817721261307412e+01 6.929674790996440947e+01
5.503200000000000000e+04 1.940964572761085378e+02 1.451908871950812241e+01 4.598712242133983352e+01 1.658150206613895534e+02 1.907229695642826428e+01 6.513789309451193787e+01
5.503300000000000000e+04 2.090731764211249981e+02 1.451908871950812241e+01 4.390406447345309005e+01 1.607632290911793689e+02 1.791710107470335345e+01 6.152909870299270523e+01
5.503400000000000000e+04 1.890485402589630723e+02 1.451908871950812241e+01 4.211288768323449716e+01 1.559871637834672242e+02 1.691552365168480421e+01 5.820416559084598873e+01
5.503500000000000000e+04 1.753760932312943908e+02 1.451908871950812241e+01 4.038176310501249588e+01 1.507669527993204781e+02 1.596874529619285887e+01 5.488022451926343592e+01
5.503600000000000000e+04 1.947697804087688382e+02 1.451908871950812241e+01 3.883760709784037601e+01 1.448466651839435713e+02 1.512367877641758973e+01 5.146626818644953261e+01
5.503700000000000000e+04 1.536693227225366911e+02 1.451908871950812241e+01 3.740780938757902163e+01 1.386462030879096119e+02 1.434788638676704053e+01 4.811431256521017019e+01
5.503900000000000000e+04 1.865154437736998148e+02 1.451908871950812241e+01 3.443397415919961446e+01 1.265965066228227016e+02 1.282170619571031622e+01 4.197496903939745039e+01
5.504000000000000000e+04 1.282123691754163985e+02 1.451908871950812241e+01 3.299631664213885074e+01 1.209022667226380037e+02 1.210962883225882791e+01 3.921324167184678089e+01
5.504200000000000000e+04 1.456180076434186788e+02 1.451908871950812241e+01 3.031781968123286575e+01 1.098285329324106243e+02 1.081543224929825442e+01 3.413368129425988684e+01
5.504400000000000000e+04 1.326801753369994117e+02 1.451908871950812241e+01 2.778838392412017555e+01 9.914240999899811868e+01 9.643386980885679804e+00 2.957709128848392055e+01
5.504500000000000000e+04 9.743263731782286641e+01 1.451908871950812241e+01 2.652250425428224645e+01 9.411724068654567077e+01 9.080561577061848411e+00 2.752609987322931318e+01
5.504600000000000000e+04 1.159092269635240484e+02 1.451908871950812241e+01 2.522285331902444483e+01 8.928747629256777429e+01 8.521234229400151960e+00 2.561022151576634798e+01
5.504700000000000000e+04 1.377573887556961836e+02 1.451908871950812241e+01 2.387377083293625546e+01 8.471914308045434439e+01 7.960046289989414880e+00 2.384037119553533302e+01
5.504800000000000000e+04 1.140947559080292280e+02 1.451908871950812241e+01 2.251161035438041580e+01 8.109279946410735818e+01 7.409034476823465276e+00 2.239637634337918826e+01
5.505000000000000000e+04 8.038739102360001709e+01 1.451908871950812241e+01 1.959904555287000605e+01 7.495729042032927225e+01 6.288194800073795498e+00 1.996093162024107315e+01
5.505200000000000000e+04 9.322181985824892081e+01 1.451908871950812241e+01 1.651206002986341304e+01 6.975942361246134737e+01 5.167770414954748759e+00 1.793485798345880156e+01
5.505400000000000000e+04 8.680330642788081263e+01 1.451908871950812241e+01 1.360942776500846385e+01 6.449318216442287621e+01 4.157327640826142812e+00 1.602713274463789261e+01
5.505600000000000000e+04 1.001910862331667289e+02 1.451908871950812241e+01 1.111362431454789501e+01 5.949890776398465420e+01 3.315520380235053022e+00 1.430812518372081854e+01
5.505800000000000000e+04 5.265152294508112618e+01 1.451908871950812241e+01 9.021360104847993000e+00 5.482990419032502416e+01 2.629827455937498115e+00 1.277252706632618029e+01
5.506000000000000000e+04 7.094530000456578023e+01 1.451908871950812241e+01 7.227736994027250894e+00 5.025182776746027002e+01 2.059888564189253035e+00 1.135070197132731273e+01
5.506100000000000000e+04 5.257978448723508791e+01 1.451908871950812241e+01 6.443022994245730217e+00 4.787229390077004609e+01 1.815959130283463896e+00 1.065154278675018951e+01
5.506200000000000000e+04 4.344985518439044370e+01 1.451908871950812241e+01 5.728086679865169728e+00 4.538818394551964985e+01 1.596812745279095003e+00 9.950057862486769267e+00
5.506400000000000000e+04 5.654839350017097388e+01 1.451908871950812241e+01 4.479060947869609066e+00 4.027050950057546430e+01 1.221917543613490142e+00 8.575491801655763524e+00
5.506500000000000000e+04 2.735988303086470808e+01 1.451908871950812241e+01 3.938339277763386104e+00 3.743991183963937885e+01 1.063036946060080368e+00 7.860243500092245483e+00
5.506700000000000000e+04 5.158816022544441893e+01 1.451908871950812241e+01 3.022907305694515490e+00 3.163709048035297045e+01 7.990344961129509649e-01 6.459713018693435949e+00
5.506800000000000000e+04 5.434330576896428511e+01 1.451908871950812241e+01 2.636800026754263726e+00 2.885932997643757858e+01 6.898283870746817481e-01 5.812788022969217927e+00
5.506900000000000000e+04 1.588634396427823248e+01 1.451908871950812241e+01 2.290267831070694982e+00 2.614959086079644024e+01 5.930877954916861095e-01 5.196659551032679403e+00
5.507100000000000000e+04 2.678422600295708023e+01 1.451908871950812241e+01 1.712121578345672690e+00 2.141163061555797142e+01 4.345486239456022304e-01 4.144400475293815944e+00
5.507300000000000000e+04 3.622783924718289938e+01 1.451908871950812241e+01 1.269617735341789233e+00 1.742523672304186277e+01 3.159510589642119949e-01 3.287284319921872644e+00
5.507400000000000000e+04 3.009739580851285012e+01 1.451908871950812241e+01 1.091170381157310354e+00 1.563832129523945191e+01 2.689201451984696289e-01 2.913249123554294773e+00
5.507500000000000000e+04 6.740753606084373573e+00 1.451908871950812241e+01 9.344538545168696864e-01 1.399488290510178601e+01 2.280935985444418612e-01 2.574860705236566183e+00
5.507800000000000000e+04 1.946184171623899317e+01 1.451908871950812241e+01 5.820285073645893315e-01 9.862276117950214527e+00 1.381047141620609098e-01 1.749623211387704602e+00
5.508000000000000000e+04 -1.844361172007568683e+01 1.451908871950812241e+01 4.228304980379422040e-01 7.668748528877420867e+00 9.849760017656127020e-02 1.328796182575100682e+00
5.508100000000000000e+04 1.400284676443498810e+01 1.451908871950812241e+01 3.603677308011949965e-01 6.732994167670376839e+00 8.318738014801362046e-02 1.153225912522330976e+00
5.508200000000000000e+04 1.215542798897647714e+01 1.451908871950812241e+01 3.067402751453138787e-01 5.898472650305802922e+00 7.017301316464903682e-02 9.987931201411885951e-01
5.508400000000000000e+04 1.922737633953643055e+01 1.451908871950812241e+01 2.218768235361109620e-01 4.477812855962230110e+00 4.986444254227592049e-02 7.413597443646077201e-01
5.508500000000000000e+04 8.980823597803805569e+00 1.451908871950812241e+01 1.886536168167924632e-01 3.878900850439211290e+00 4.202762805578161287e-02 6.351357169307066952e-01
5.508800000000000000e+04 -2.501470511710395250e-01 1.451908871950812241e+01 1.169318148886124703e-01 2.491590050991775218e+00 2.538464199561750803e-02 3.949388237052650075e-01
5.508900000000000000e+04 3.756898607218292163e+00 1.451908871950812241e+01 9.967869341837667929e-02 2.143293557231802815e+00 2.145658115601357940e-02 3.361501814980870639e-01
5.509000000000000000e+04 -8.153671902451442577e+00 1.451908871950812241e+01 8.497457957563064879e-02 1.837065842676935068e+00 1.813835800367798873e-02 2.851169981805523612e-01
5.509100000000000000e+04 1.415284851548003076e+01 1.451908871950812241e+01 7.246033749023396420e-02 1.570624214038034872e+00 1.533876746194622574e-02 2.412484968723941914e-01
5.509300000000000000e+04 1.138614322519415190e+01 1.451908871950812241e+01 5.259889656492752058e-02 1.147097755830077670e+00 1.095262713745783802e-02 1.726308927025761164e-01
5.509500000000000000e+04 2.013197706164270784e+01 1.451908871950812241e+01 3.821668521789280126e-02 8.346686638961799964e-01 7.830004347216196550e-03 1.231220002207015773e-01
5.509600000000000000e+04 2.220164594577034300e+00 1.451908871950812241e+01 3.255479319445020447e-02 7.119175993067005104e-01 6.616827885050855125e-03 1.039842251850170152e-01
5.509700000000000000e+04 -9.031497096964512750e+00 1.451908871950812241e+01 2.773573975679277312e-02 6.064351797688969370e-01 5.592785077591702451e-03 8.771626645581130644e-02
5.509800000000000000e+04 4.637800668172120666e+00 1.451908871950812241e+01 2.364680470704540530e-02 5.161773664904675263e-01 4.730874821351913062e-03 7.394243732673441705e-02
5.509900000000000000e+04 -4.035868068183839696e+00 1.451908871950812241e+01 2.014261664518247896e-02 4.393057387974508288e-01 3.998454947828823484e-03 6.233055317784489541e-02
5.510100000000000000e+04 -8.181226132825040409e+00 1.451908871950812241e+01 1.461699294405891317e-02 3.185943441339021964e-01 2.857113554350843541e-03 4.435764426012227257e-02
5.510400000000000000e+04 1.002532083125072226e+01 1.451908871950812241e+01 9.037874930121413478e-03 1.980442440700053153e-01 1.726894476100850886e-03 2.682072644501697772e-02
5.510700000000000000e+04 -4.694487647817273057e+01 1.451908871950812241e+01 5.552034038516851129e-03 1.229319202586755394e-01 1.037530654529236849e-03 1.620595869261173133e-02
5.510800000000000000e+04 -1.830264421205078262e+00 1.451908871950812241e+01 4.720859603404087973e-03 1.047728311969216702e-01 8.757902202812570909e-04 1.369078392182229709e-02
5.510900000000000000e+04 -1.365320713937474473e+01 1.451908871950812241e+01 4.011216429286866211e-03 8.932851762587609712e-02 7.387683124515371895e-04 1.157105150594250030e-02
5.511000000000000000e+04 -9.989688371273932610e-01 1.451908871950812241e+01 3.407602960591131405e-03 7.621726231580244759e-02 6.230988444615148105e-04 9.787505434020245254e-03
5.511100000000000000e+04 3.498722783608485543e+01 1.451908871950812241e+01 2.896432075331525739e-03 6.496401617542928164e-02 5.258591276927242816e-04 8.271034856313568689e-03
5.511400000000000000e+04 -2.959719547258303862e+01 1.451908871950812241e+01 1.777981697359458466e-03 4.026444132463624648e-02 3.160519228810185948e-04 4.998068684786028705e-03
