5.497600000000000000e+04 -5.745860290063559361e+00 8.007938249159245458e+00 1.164140563987932975e+00 1.400047905054776955e-18 1.164140563987932975e+00 1.400047905054776955e-18
5.497900000000000000e+04 4.108270634163549317e+00 8.007938249159245458e+00 4.289077145657377521e+00 1.400047904695842546e-18 4.289077145657377521e+00 1.400047904695842546e-18
5.498300000000000000e+04 1.282746182009796776e+01 8.007938249159245458e+00 1.143383206421574805e+01 1.400047903851760993e-18 1.143383206421574805e+01 1.400047903851760993e-18
5.499200000000000000e+04 4.503082131581746239e+01 8.007938249159245458e+00 3.733751665722944324e+01 2.480050148876244531e+00 3.733751665722944324e+01 2.480050148876244531e+00
5.499500000000000000e+04 4.753875800086787962e+01 8.007938249159245458e+00 4.526446668391263017e+01 7.130369544559223449e+00 4.526446668391263017e+01 7.130369544559223449e+00
5.499600000000000000e+04 3.898281229921488489e+01 8.007938249159245458e+00 4.750204251648135312e+01 9.217815572097707744e+00 4.750204251648135312e+01 9.217815572097707744e+00
5.499800000000000000e+04 6.722387078985711639e+01 8.007938249159245458e+00 5.397681728826338343e+01 1.429229008026968373e+01 5.091672227927872996e+01 1.429229008026968373e+01
5.500200000000000000e+04 9.634726072607307401e+01 8.007938249159245458e+00 6.998999170613936371e+01 2.755757656490886376e+01 5.381775602163734362e+01 2.755757656490886376e+01
5.500700000000000000e+04 1.315648328513325396e+02 8.007938249159245458e+00 8.342206131389274049e+01 4.667189582153680050e+01 5.210622193247517231e+01 4.667189582153680050e+01
5.501100000000000000e+04 1.427090454419169419e+02 8.007938249159245458e+00 8.818584826088752493e+01 6.112325320808238160e+01 4.789065290588005297e+01 5.937755314560169495e+01
5.501600000000000000e+04 1.556668667421713224e+02 8.007938249159245458e+00 8.635309107446248333e+01 7.380567390872238320e+01 4.031611703369087962e+01 6.691964267723490423e+01
5.502200000000000000e+04 1.608470617914445313e+02 8.007938249159245458e+00 7.932278589832286286e+01 7.757965117971397717e+01 3.169741694238675578e+01 6.513277741559396361e+01
5.502800000000000000e+04 1.491348891936387702e+02 8.007938249159245458e+00 7.537588693487474245e+01 7.177870272241889893e+01 2.632666932167046880e+01 5.610779545252785994e+01
5.503000000000000000e+04 1.437570885581471600e+02 8.007938249159245458e+00 7.466379576330923840e+01 6.849949808806573515e+01 2.502725028100064719e+01 5.234163527780678749e+01
5.503300000000000000e+04 1.345976857463751060e+02 8.007938249159245458e+00 7.320141948326089221e+01 6.288549909812584815e+01 2.313864568316503068e+01 4.648543694420893502e+01
5.503800000000000000e+04 1.365177460026554002e+02 8.007938249159245458e+00 6.765761495207469522e+01 5.455611898270855420e+01 1.953108020902245556e+01 3.825010094840395425e+01
5.504200000000000000e+04 1.375516929747815595e+02 8.007938249159245458e+00 6.137919871557500784e+01 5.023298964761059437e+01 1.656882135661357935e+01 3.382465130133363829e+01
5.504400000000000000e+04 9.927165854117319554e+01 8.007938249159245458e+00 5.802280350470517334e+01 4.858982177250935308e+01 1.517055024046465839e+01 3.208307809343634887e+01
5.504600000000000000e+04 9.256714839235310421e+01 8.007938249159245458e+00 5.485399871312469600e+01 4.709952319326246339e+01 1.390504162668881349e+01 3.050684836664451893e+01
5.505000000000000000e+04 9.414130420200331173e+01 8.007938249159245458e+00 4.973919187799478436e+01 4.355614588947324251e+01 1.188425964160150627e+01 2.717673044828928397e+01
5.505600000000000000e+04 8.637974759466789010e+01 8.007938249159245458e+00 4.523545615217939542e+01 3.656869424003168234e+01 9.950825172612551839e+00 2.162676340412305720e+01
5.505900000000000000e+04 7.552427691135991950e+01 8.007938249159245458e+00 4.346049300442464869e+01 3.290113083400772354e+01 9.195652533626304859e+00 1.896318780058082254e+01
5.506300000000000000e+04 7.491018556814768203e+01 8.007938249159245458e+00 4.155796402547969137e+01 2.871392230971353499e+01 8.367487622413662507e+00 1.600731536944672584e+01
5.506500000000000000e+04 5.724979006430184114e+01 8.007938249159245458e+00 4.074610624634445344e+01 2.708422772320983540e+01 8.010164788539839265e+00 1.485532455200188373e+01
5.506700000000000000e+04 7.779937410634640571e+01 8.007938249159245458e+00 3.993850186022897475e+01 2.581363989756724919e+01 7.670155917078735897e+00 1.393373631521496847e+01
5.507000000000000000e+04 6.054878827223419790e+01 8.007938249159245458e+00 3.879101460669912171e+01 2.426009480782726868e+01 7.200455628366551508e+00 1.279068635410305710e+01
5.507400000000000000e+04 5.714122695106125605e+01 8.007938249159245458e+00 3.716368916824617941e+01 2.247762316188279641e+01 6.603708294373577203e+00 1.149456566703288019e+01
5.507900000000000000e+04 6.103112030903474050e+01 8.007938249159245458e+00 3.462339871169188399e+01 2.076038312125869112e+01 5.840457257125583723e+00 1.023183002526303120e+01
5.508300000000000000e+04 4.690965066862481336e+01 8.007938249159245458e+00 3.180005379848130431e+01 1.959831925480416004e+01 5.155149271873892936e+00 9.387067369865008004e+00
5.509100000000000000e+04 4.558332807346501880e+01 8.007938249159245458e+00 2.298769393264546679e+01 1.738833473457553680e+01 3.457107999615824934e+00 7.884435809637948545e+00
