5.497500000000000000e+04 -3.182305521454822372e+00 1.016898753911690179e+01 9.676860811788584593e-01 2.279498802305776228e-18 9.676860811788584593e-01 2.279498802305776228e-18
5.497600000000000000e+04 -8.462460868691307425e+00 1.016898753911690179e+01 2.014654457448330049e+00 2.279498741010288571e-18 2.014654457448330049e+00 2.279498741010288571e-18
5.497900000000000000e+04 -3.251377431864967527e+00 1.016898753911690179e+01 7.421511495175619366e+00 2.279498485609617514e-18 7.421511495175619366e+00 2.279498485609617514e-18
5.498000000000000000e+04 1.553276217492313549e+01 1.016898753911690179e+01 1.010928248076253944e+01 2.279498369363932715e-18 1.010928248076253944e+01 2.279498369363932715e-18
5.498100000000000000e+04 3.358283923534074233e+01 1.016898753911690179e+01 1.326427468792255127e+01 2.279498232948373031e-18 1.326427468792255127e+01 2.279498232948373031e-18
5.498200000000000000e+04 1.412682657321307289e+01 1.016898753911690179e+01 1.681188057541250913e+01 2.279498072863251428e-18 1.681188057541250913e+01 2.279498072863251428e-18
5.498400000000000000e+04 2.627412799514085151e+01 1.016898753911690179e+01 2.504964300095078400e+01 2.279497664544057483e-18 2.504964300095078400e+01 2.279497664544057483e-18
5.498500000000000000e+04 3.440705645601414631e+01 1.016898753911690179e+01 2.982457128805857849e+01 2.279497405834730840e-18 2.982457128805857849e+01 2.279497405834730840e-18
5.498700000000000000e+04 3.595678184743501760e+01 1.016898753911690179e+01 4.097582893337165899e+01 2.279496745960992233e-18 4.097582893337165899e+01 2.279496745960992233e-18
5.499000000000000000e+04 4.960246772575456475e+01 1.016898753911690179e+01 6.053040193995693841e+01 2.279495261463979831e-18 6.053040193995693841e+01 2.279495261463979831e-18
5.499200000000000000e+04 8.779738442877680882e+01 1.016898753911690179e+01 7.440742163840896239e+01 3.875042658400934537e-01 7.440742163840896239e+01 3.875042658400934537e-01
5.499300000000000000e+04 8.966032628021591222e+01 1.016898753911690179e+01 8.115791156796579742e+01 1.209607601473573046e+00 8.115791156796579742e+01 1.209607601473573046e+00
5.499400000000000000e+04 9.113250485954196733e+01 1.016898753911690179e+01 8.659722275531558466e+01 2.518318071810412118e+00 8.659722275531558466e+01 2.518318071810412118e+00
5.499600000000000000e+04 9.318595406694943506e+01 1.016898753911690179e+01 9.298895886639343189e+01 6.537636875244362322e+00 9.298895886639343189e+01 6.537636875244362322e+00
5.499700000000000000e+04 9.699780961543838487e+01 1.016898753911690179e+01 9.629327569357960215e+01 9.276889368969523986e+00 9.534931745081652821e+01 9.276889368969523986e+00
5.499800000000000000e+04 1.121760796163604823e+02 1.016898753911690179e+01 9.918247974999729877e+01 1.263660310095317385e+01 9.725679520493949326e+01 1.263660310095317385e+01
5.500000000000000000e+04 1.218067221433535963e+02 1.016898753911690179e+01 1.033635191096377355e+02 2.101485071926563819e+01 9.942624000542298290e+01 2.101485071926563819e+01
5.500200000000000000e+04 1.406087154818995373e+02 1.016898753911690179e+01 1.052803738591805711e+02 3.131205375118847201e+01 9.937735874946248771e+01 3.131205375118847201e+01
5.500300000000000000e+04 1.439971218656254166e+02 1.016898753911690179e+01 1.051005260292248522e+02 3.728071411007321956e+01 9.828909195663038645e+01 3.728071411007321956e+01
5.500400000000000000e+04 1.496872613698162695e+02 1.016898753911690179e+01 1.041840135494281583e+02 4.387309556528447985e+01 9.653818898204983157e+01 4.387309556528447985e+01
5.500500000000000000e+04 1.577662731013077178e+02 1.016898753911690179e+01 1.027844600448811150e+02 5.121978616671457729e+01 9.437559456880096320e+01 5.121978616671457729e+01
5.500900000000000000e+04 1.744555302442918503e+02 1.016898753911690179e+01 9.317568748663094880e+01 8.417417817184538364e+01 8.255133116561614770e+01 8.417417817184538364e+01
5.501200000000000000e+04 1.893286504176844005e+02 1.016898753911690179e+01 8.274002025775837410e+01 1.082465284441444737e+02 7.142612246008147281e+01 1.082465284441444737e+02
5.501300000000000000e+04 1.778251170499907516e+02 1.016898753911690179e+01 7.904153954887965483e+01 1.157133566715052382e+02 6.765517379857884350e+01 1.129241306445840110e+02
5.501400000000000000e+04 2.030600631841610948e+02 1.016898753911690179e+01 7.495577045123665982e+01 1.219782667929915760e+02 6.361888512242121152e+01 1.162361985829917899e+02
5.501600000000000000e+04 2.015292533261492167e+02 1.016898753911690179e+01 6.641400319690988852e+01 1.335822082139843872e+02 5.543739832797152900e+01 1.215709940061743595e+02
5.501700000000000000e+04 1.997454427072864860e+02 1.016898753911690179e+01 6.294404885508876646e+01 1.384844763734790547e+02 5.211031447560955598e+01 1.232616612135995240e+02
5.501800000000000000e+04 1.900046997489257876e+02 1.016898753911690179e+01 5.994410912040362405e+01 1.427015109677833493e+02 4.922327896239417555e+01 1.242828000067787144e+02
5.501900000000000000e+04 1.948307821123156884e+02 1.016898753911690179e+01 5.716580327670529016e+01 1.462139475056327171e+02 4.656333247267679099e+01 1.246601990840077718e+02
5.502000000000000000e+04 2.058621408543097857e+02 1.016898753911690179e+01 5.433581269203234143e+01 1.487679060479453312e+02 4.390417961541074021e+01 1.242216984368281061e+02
5.502100000000000000e+04 2.140797672423997540e+02 1.016898753911690179e+01 5.136333565007664248e+01 1.501734463732366578e+02 4.117301454915962466e+01 1.228613649457879831e+02
5.502200000000000000e+04 2.077561614359025555e+02 1.016898753911690179e+01 4.839914929559621726e+01 1.504789020757701508e+02 3.849145005216814042e+01 1.206727362275622966e+02
5.502500000000000000e+04 1.843880637416893364e+02 1.016898753911690179e+01 4.037709068466720197e+01 1.472906766313768969e+02 3.137059333747742329e+01 1.114909368188455971e+02
5.502900000000000000e+04 1.609224147514348999e+02 1.016898753911690179e+01 3.139194160994529881e+01 1.332964977183712847e+02 2.366167303078713857e+01 9.387738412449559178e+01
5.503100000000000000e+04 1.642666069358418781e+02 1.016898753911690179e+01 2.758733061678350396e+01 1.242571835778148568e+02 2.048817721261307412e+01 8.456896724822354372e+01
5.503200000000000000e+04 1.322770914074932023e+02 1.016898753911690179e+01 2.586966359169930030e+01 1.188082679661216048e+02 1.907229695642826428e+01 7.952360640302650552e+01
5.503300000000000000e+04 1.402421512971920095e+02 1.016898753911690179e+01 2.448013519836719354e+01 1.126761910355560303e+02 1.791710107470335345e+01 7.419252718480018416e+01
5.503400000000000000e+04 1.238921795111906761e+02 1.016898753911690179e+01 2.327914364944863124e+01 1.069526007242390762e+02 1.691552365168480421e+01 6.929674790996440947e+01
5.503500000000000000e+04 1.132300610269834777e+02 1.016898753911690179e+01 2.213427785505292533e+01 1.021427301615041614e+02 1.596874529619285887e+01 6.513789309451193787e+01
5.503600000000000000e+04 1.268803547661180460e+02 1.016898753911690179e+01 2.111265557187895325e+01 9.800354841412678297e+01 1.512367877641758973e+01 6.152909870299270523e+01
5.503700000000000000e+04 9.863897551682596543e+01 1.016898753911690179e+01 2.017169347115578049e+01 9.414523784319338517e+01 1.434788638676704053e+01 5.820416559084598873e+01
5.503900000000000000e+04 1.219183772318184253e+02 1.016898753911690179e+01 1.827990652322419507e+01 8.578912243999273812e+01 1.282170619571031622e+01 5.146626818644953261e+01
5.504000000000000000e+04 8.078445220494270984e+01 1.016898753911690179e+01 1.738458315159077117e+01 8.139017113530951519e+01 1.210962883225882791e+01 4.811431256521017019e+01
5.504200000000000000e+04 9.265147971228189760e+01 1.016898753911690179e+01 1.574078009562868097e+01 7.307842109759096161e+01 1.081543224929825442e+01 4.197496903939745039e+01
5.504400000000000000e+04 8.379055964004973589e+01 1.016898753911690179e+01 1.422592447420255546e+01 6.553784057254519269e+01 9.643386980885679804e+00 3.660513883631880816e+01
5.504500000000000000e+04 5.918761996211812004e+01 1.016898753911690179e+01 1.348554199809455234e+01 6.195604491721111629e+01 9.080561577061848411e+00 3.413368129425988684e+01
5.504600000000000000e+04 7.220961310108239672e+01 1.016898753911690179e+01 1.273924517295322723e+01 5.849059777759727297e+01 8.521234229400151960e+00 3.179182399043226326e+01
5.504700000000000000e+04 8.755199256377503048e+01 1.016898753911690179e+01 1.197907366180507260e+01 5.514648670737827985e+01 7.960046289989414880e+00 2.957709128848392055e+01
5.504800000000000000e+04 7.057282006377158723e+01 1.016898753911690179e+01 1.122320542549218558e+01 5.200230788050483000e+01 7.409034476823465276e+00 2.752609987322931318e+01
5.505000000000000000e+04 4.594305610323156230e+01 1.016898753911690179e+01 9.649863740193248773e+00 4.621694359966479482e+01 6.288194800073795498e+00 2.384037119553533302e+01
5.505200000000000000e+04 5.493578687331500987e+01 1.016898753911690179e+01 8.032782333005661357e+00 4.203507627443674011e+01 5.167770414954748759e+00 2.114440456460600615e+01
5.505400000000000000e+04 5.115455273851429752e+01 1.016898753911690179e+01 6.544465172188513868e+00 3.851622892384150276e+01 4.157327640826142812e+00 1.890459847052198938e+01
5.505600000000000000e+04 6.144133212296249269e+01 1.016898753911690179e+01 5.284939486094674344e+00 3.543994448820196652e+01 3.315520380235053022e+00 1.698291378579737554e+01
5.505800000000000000e+04 2.873559364166721508e+01 1.016898753911690179e+01 4.244015548391934622e+00 3.233573638933913230e+01 2.629827455937498115e+00 1.513703604032353489e+01
5.506000000000000000e+04 4.234402684629930746e+01 1.016898753911690179e+01 3.365033958459563657e+00 2.954776090508283204e+01 2.059888564189253035e+00 1.351929031162281980e+01
5.506100000000000000e+04 3.000010028610609325e+01 1.016898753911690179e+01 2.984528830620873041e+00 2.823111657470075286e+01 1.815959130283463896e+00 1.277252706632618029e+01
5.506200000000000000e+04 2.421192140185935671e+01 1.016898753911690179e+01 2.640170193044455882e+00 2.694121237784936440e+01 1.596812745279095003e+00 1.205423372610709798e+01
5.506400000000000000e+04 3.464064437803898500e+01 1.016898753911690179e+01 2.044512433974091881e+00 2.433238434205213352e+01 1.221917543613490142e+00 1.065154278675018951e+01
5.506500000000000000e+04 1.494658700285464015e+01 1.016898753911690179e+01 1.789197483913721687e+00 2.297567861026819713e+01 1.063036946060080368e+00 9.950057862486769267e+00
5.506700000000000000e+04 3.344224579869973013e+01 1.016898753911690179e+01 1.360675843430744214e+00 2.022529741420512295e+01 7.990344961129509649e-01 8.575491801655763524e+00
5.506800000000000000e+04 3.591594556796762561e+01 1.016898753911690179e+01 1.181538061381515181e+00 1.873253230941983460e+01 6.898283870746817481e-01 7.860243500092245483e+00
5.506900000000000000e+04 9.433877328482024538e+00 1.016898753911690179e+01 1.021712345293527946e+00 1.720448916435080022e+01 5.930877954916861095e-01 7.145018133789109882e+00
5.507100000000000000e+04 1.760471490664713912e+01 1.016898753911690179e+01 7.572009772252119575e-01 1.428376400884225816e+01 4.345486239456022304e-01 5.812788022969217927e+00
5.507300000000000000e+04 2.446130806984465522e+01 1.016898753911690179e+01 5.568005512126309453e-01 1.162462499396170479e+01 3.159510589642119949e-01 4.637421707408826421e+00
5.507400000000000000e+04 2.033042794480099502e+01 1.016898753911690179e+01 4.765802813207279942e-01 1.049113536315876694e+01 2.689201451984696289e-01 4.144400475293815944e+00
5.507500000000000000e+04 4.121638156751253668e+00 1.016898753911690179e+01 4.064856019660498809e-01 9.450333437000633552e+00 2.280935985444418612e-01 3.697168904581446203e+00
5.507800000000000000e+04 1.333838656545341550e+01 1.016898753911690179e+01 2.502181211188219123e-01 6.772398626913216368e+00 1.381047141620609098e-01 2.574860705236566183e+00
5.508000000000000000e+04 -1.305598211432057809e+01 1.016898753911690179e+01 1.804082044833896503e-01 5.348524290312328233e+00 9.849760017656127020e-02 1.996015931598868809e+00
5.508100000000000000e+04 9.724012104101980469e+00 1.016898753911690179e+01 1.531895605425670770e-01 4.731506050555769782e+00 8.318738014801362046e-02 1.749623211387704602e+00
5.508200000000000000e+04 8.465640498476155074e+00 1.016898753911690179e+01 1.299183165730312117e-01 4.168266220651518417e+00 7.017301316464903682e-02 1.527396929516862567e+00
5.508400000000000000e+04 1.347243864900569577e+01 1.016898753911690179e+01 9.330634488510669566e-02 3.204122875352044542e+00 4.986444254227592049e-02 1.153225912522330976e+00
5.508500000000000000e+04 6.319967208630865585e+00 1.016898753911690179e+01 7.905817113573078425e-02 2.799716995067765168e+00 4.202762805578161287e-02 9.987931201411885951e-01
5.508800000000000000e+04 -1.262583773918199981e-01 1.016898753911690179e+01 4.850497392522593737e-02 1.827412484753029087e+00 2.538464199561750803e-02 6.351357169307066952e-01
5.508900000000000000e+04 2.677817492091342899e+00 1.016898753911690179e+01 4.121165542635528423e-02 1.576270814784678898e+00 2.145658115601357940e-02 5.431857799320026770e-01
5.509000000000000000e+04 -5.665329424172168338e+00 1.016898753911690179e+01 3.501791396190072347e-02 1.356555133986976580e+00 1.813835800367798873e-02 4.635259803140082679e-01
5.509100000000000000e+04 9.957029524000382992e+00 1.016898753911690179e+01 2.976487825990664984e-02 1.165582950401348183e+00 1.533876746194622574e-02 3.949388237052650075e-01
5.509300000000000000e+04 8.011480361300879594e+00 1.016898753911690179e+01 2.147043497755860009e-02 8.555505764403834590e-01 1.095262713745783802e-02 2.851169981805523612e-01
5.509500000000000000e+04 1.412673857869770089e+01 1.016898753911690179e+01 1.550419160792279247e-02 6.224082339530710994e-01 7.830004347216196550e-03 2.040615828835353474e-01
5.509600000000000000e+04 1.577529256247442113e+00 1.016898753911690179e+01 1.316748749125120146e-02 5.308054688818810707e-01 6.616827885050855125e-03 1.726308927025761164e-01
5.509700000000000000e+04 -6.306478711470203891e+00 1.016898753911690179e+01 1.118501087667564571e-02 4.520488619467391556e-01 5.592785077591702451e-03 1.458457370371799289e-01
5.509800000000000000e+04 3.264337178284435481e+00 1.016898753911690179e+01 9.508112215953075722e-03 3.846577530895158858e-01 4.730874821351913062e-03 1.231220002207015773e-01
5.509900000000000000e+04 -2.812951605244448317e+00 1.016898753911690179e+01 8.075679458129874852e-03 3.274359266851001316e-01 3.998454947828823484e-03 1.039842251850170152e-01
5.510100000000000000e+04 -5.721087975858471175e+00 1.016898753911690179e+01 5.827083094098546058e-03 2.364900973020946373e-01 2.857113554350843541e-03 7.394243732673441705e-02
5.510400000000000000e+04 7.025300430121493633e+00 1.016898753911690179e+01 3.573290049947880700e-03 1.451559550768241336e-01 1.726894476100850886e-03 4.435764426012227257e-02
5.510700000000000000e+04 -3.287765768922039200e+01 1.016898753911690179e+01 2.177673090791414946e-03 8.975556104824929105e-02 1.037530654529236849e-03 2.682072644501697772e-02
5.510800000000000000e+04 -1.280300332582381184e+00 1.016898753911690179e+01 1.846866416529114761e-03 7.643504062749903460e-02 8.757902202812570909e-04 2.267294750459748418e-02
5.510900000000000000e+04 -9.561232545796782389e+00 1.016898753911690179e+01 1.565228423591071829e-03 6.511115053002898556e-02 7.387683124515371895e-04 1.917345932743277914e-02
5.511000000000000000e+04 -6.986730633882912711e-01 1.016898753911690179e+01 1.326328200320780245e-03 5.543410230394769239e-02 6.230988444615148105e-04 1.620595869261173133e-02
5.511100000000000000e+04 2.450538012293077372e+01 1.016898753911690179e+01 1.124549744570890698e-03 4.716885784585435337e-02 5.258591276927242816e-04 1.369078392182229709e-02
5.511400000000000000e+04 -2.072915593546915503e+01 1.016898753911690179e+01 6.852637791906245404e-04 2.910908007330997513e-02 3.160519228810185948e-04 8.271034856313568689e-03
