5.497600000000000000e+04 -4.505700273558819191e+00 6.570727886815595831e+00 1.164140563987932975e+00 1.400047904340757880e-18 1.164140563987932975e+00 1.400047904340757880e-18
5.497900000000000000e+04 4.140720558702542853e+00 6.570727886815595831e+00 4.289077145657377521e+00 1.400047903541934524e-18 4.289077145657377521e+00 1.400047903541934524e-18
5.498300000000000000e+04 1.257823212662260559e+01 6.570727886815595831e+00 1.143383206421574805e+01 8.895087593276518713e-04 1.143383206421574805e+01 8.895087593276518713e-04
5.499200000000000000e+04 5.324475179551547654e+01 6.570727886815595831e+00 3.733751665722944324e+01 1.162962013649368842e+01 3.733751665722944324e+01 1.162962013649368842e+01
5.499500000000000000e+04 6.171121272805096680e+01 6.570727886815595831e+00 4.526446668391263017e+01 2.043128833678469647e+01 4.526446668391263017e+01 2.043128833678469647e+01
5.499600000000000000e+04 5.683521544824689897e+01 6.570727886815595831e+00 4.750204251648135312e+01 2.388689422327730227e+01 4.750204251648135312e+01 2.388689422327730227e+01
5.499800000000000000e+04 8.180513858359323365e+01 6.570727886815595831e+00 5.128841435191746712e+01 3.137436884907111789e+01 5.091672227927872996e+01 3.137436884907111789e+01
5.500200000000000000e+04 1.014691154379677300e+02 6.570727886815595831e+00 5.578210411642709943e+01 4.667189582153680050e+01 5.381775602163734362e+01 4.667189582153680050e+01
5.500700000000000000e+04 1.234040570419589642e+02 6.570727886815595831e+00 5.590997613354585383e+01 6.628718797494943260e+01 5.210622193247517231e+01 6.171416811744663988e+01
5.501100000000000000e+04 1.258596037262190066e+02 6.570727886815595831e+00 5.278507763286099674e+01 7.849004889612882607e+01 4.789065290588005297e+01 6.691964267723490423e+01
5.501600000000000000e+04 1.277288348799868771e+02 6.570727886815595831e+00 4.590796246626380395e+01 8.550659527004812333e+01 4.031611703369087962e+01 6.595695408056781162e+01
5.502200000000000000e+04 1.245551851603507174e+02 6.570727886815595831e+00 3.748219553437233742e+01 8.383631936192743694e+01 3.169741694238675578e+01 5.803427894360199701e+01
5.502800000000000000e+04 1.079512873808188118e+02 6.570727886815595831e+00 3.228439458916449922e+01 7.404200396473598289e+01 2.632666932167046880e+01 4.648543694420893502e+01
5.503000000000000000e+04 1.017683402298877269e+02 6.570727886815595831e+00 3.105631487369370092e+01 7.022480088999124348e+01 2.502725028100064719e+01 4.276263603092878185e+01
5.503300000000000000e+04 9.364617458491949264e+01 6.570727886815595831e+00 2.921948176870079550e+01 6.564864825774570534e+01 2.313864568316503068e+01 3.825010094840395425e+01
5.503800000000000000e+04 9.765831543126820691e+01 6.570727886815595831e+00 2.537673251558288001e+01 6.054475777251165880e+01 1.953108020902245556e+01 3.290833665208808867e+01
5.504200000000000000e+04 1.009785987234555051e+02 6.570727886815595831e+00 2.201167917226113957e+01 5.768286103095164208e+01 1.656882135661357935e+01 2.975490613378295279e+01
5.504400000000000000e+04 7.011298717554025473e+01 6.570727886815595831e+00 2.037556602796808392e+01 5.576088103798237938e+01 1.517055024046465839e+01 2.804873291649012756e+01
5.504600000000000000e+04 6.471643200557420528e+01 6.570727886815595831e+00 1.887887501655540490e+01 5.353932794251062433e+01 1.390504162668881349e+01 2.627826049990705215e+01
5.505000000000000000e+04 6.536528518080437777e+01 6.570727886815595831e+00 1.648227969693713035e+01 4.818886735870193405e+01 1.188425964160150627e+01 2.255821896765374390e+01
5.505600000000000000e+04 5.769689203616758988e+01 6.570727886815595831e+00 1.423664557445677836e+01 3.970584636500990428e+01 9.950825172612551839e+00 1.738130203336101687e+01
5.505900000000000000e+04 4.896734356015480927e+01 6.570727886815595831e+00 1.335760487034556832e+01 3.629680427816239074e+01 9.195652533626304859e+00 1.538978345480703069e+01
5.506300000000000000e+04 4.943710631169683012e+01 6.570727886815595831e+00 1.239894315889256760e+01 3.323231436013043094e+01 8.367487622413662507e+00 1.352391419856364152e+01
5.506500000000000000e+04 3.536720431900079120e+01 6.570727886815595831e+00 1.198641058957101535e+01 3.206241348383013445e+01 8.010164788539839265e+00 1.279068635410305710e+01
5.506700000000000000e+04 5.242024642808647172e+01 6.570727886815595831e+00 1.158960559070597185e+01 3.094556391887698155e+01 7.670155917078735897e+00 1.210655448490942732e+01
5.507000000000000000e+04 3.849379828178649632e+01 6.570727886815595831e+00 1.103757843272308925e+01 2.950944138997049748e+01 7.200455628366551508e+00 1.121946672875465723e+01
5.507400000000000000e+04 3.618692982830425109e+01 6.570727886815595831e+00 1.031565272664096611e+01 2.792266413894281385e+01 6.603708294373577203e+00 1.023183002526303120e+01
5.507900000000000000e+04 4.019033629651613637e+01 6.570727886815595831e+00 9.336554971240957457e+00 2.621998879884195333e+01 5.840457257125583723e+00 9.191932970672024084e+00
5.508300000000000000e+04 2.963559038076212460e+01 6.570727886815595831e+00 8.391551984756324245e+00 2.492715537710387608e+01 5.155149271873892936e+00 8.446161141566047803e+00
5.509100000000000000e+04 3.178951523441592641e+01 6.570727886815595831e+00 5.829375508952204576e+00 2.168741104561929589e+01 3.457107999615824934e+00 6.887297483444787538e+00
