5.497600000000000000e+04 -5.577674887772552381e+00 7.813029689174520342e+00 1.164140563987932975e+00 1.400047905276879818e-18 1.164140563987932975e+00 1.400047905276879818e-18
5.497900000000000000e+04 4.112671359505659652e+00 7.813029689174520342e+00 4.289077145657377521e+00 1.400047905054776955e-18 4.289077145657377521e+00 1.400047905054776955e-18
5.498300000000000000e+04 1.279354168230227629e+01 7.813029689174520342e+00 1.143383206421574805e+01 1.400047904532473228e-18 1.143383206421574805e+01 1.400047904532473228e-18
5.499200000000000000e+04 4.264486396075066921e+01 7.813029689174520342e+00 3.733751665722944324e+01 2.209803768185407968e-01 3.733751665722944324e+01 2.209803768185407968e-01
5.499500000000000000e+04 4.300663272520260705e+01 7.813029689174520342e+00 4.526446668391263017e+01 2.480050148876244531e+00 4.526446668391263017e+01 2.480050148876244531e+00
5.499600000000000000e+04 3.398809217879821887e+01 7.813029689174520342e+00 4.750204251648135312e+01 3.791386072109951044e+00 4.750204251648135312e+01 3.791386072109951044e+00
5.499800000000000000e+04 6.008739070461646747e+01 7.813029689174520342e+00 5.397681728826338343e+01 7.130369544559223449e+00 5.091672227927872996e+01 7.130369544559223449e+00
5.500200000000000000e+04 8.604514314458427293e+01 7.813029689174520342e+00 6.998999170613936371e+01 1.722624419581170585e+01 5.381775602163734362e+01 1.722624419581170585e+01
5.500700000000000000e+04 1.201260704731123781e+02 7.813029689174520342e+00 8.342206131389274049e+01 3.526893370285700513e+01 5.210622193247517231e+01 3.526893370285700513e+01
5.501100000000000000e+04 1.318683585399981837e+02 7.813029689174520342e+00 8.818584826088752493e+01 5.012192478071398227e+01 4.789065290588005297e+01 5.012192478071398227e+01
5.501600000000000000e+04 1.493588049610065411e+02 7.813029689174520342e+00 8.635309107446248333e+01 6.738828193662540400e+01 4.031611703369087962e+01 6.364590284909841245e+01
5.502200000000000000e+04 1.601092086253620721e+02 7.813029689174520342e+00 7.932278589832286286e+01 7.693780788516754399e+01 3.169741694238675578e+01 6.707742622943986532e+01
5.502800000000000000e+04 1.531783704025046973e+02 7.813029689174520342e+00 7.537588693487474245e+01 7.587038327036042062e+01 2.632666932167046880e+01 6.142356158546017753e+01
5.503000000000000000e+04 1.486332870043177365e+02 7.813029689174520342e+00 7.466379576330923840e+01 7.339014915207907563e+01 2.502725028100064719e+01 5.803427894360199701e+01
5.503300000000000000e+04 1.402479317974589321e+02 7.813029689174520342e+00 7.320141948326089221e+01 6.849949808806573515e+01 2.313864568316503068e+01 5.234163527780678749e+01
5.503800000000000000e+04 1.407199912066330398e+02 7.813029689174520342e+00 6.765761495207469522e+01 5.910651552194975977e+01 1.953108020902245556e+01 4.276263603092878185e+01
5.504200000000000000e+04 1.399749976207235420e+02 7.813029689174520342e+00 6.137919871557500784e+01 5.328764675073393420e+01 1.656882135661357935e+01 3.697962994499231826e+01
5.504400000000000000e+04 1.020316658803566554e+02 7.813029689174520342e+00 5.802280350470517334e+01 5.117115425046147692e+01 1.517055024046465839e+01 3.480083939775672519e+01
5.504600000000000000e+04 9.505200738259797788e+01 7.813029689174520342e+00 5.485399871312469600e+01 4.935592331080171391e+01 1.390504162668881349e+01 3.290833665208808867e+01
5.505000000000000000e+04 9.694056468159760698e+01 7.813029689174520342e+00 4.973919187799478436e+01 4.637599670011411490e+01 1.188425964160150627e+01 2.975490613378295279e+01
5.505600000000000000e+04 8.990441458993014123e+01 7.813029689174520342e+00 4.523545615217939542e+01 4.020472861027273126e+01 9.950825172612551839e+00 2.441385026127807123e+01
5.505900000000000000e+04 7.921222085463145390e+01 7.813029689174520342e+00 4.346049300442464869e+01 3.656869424003168234e+01 9.195652533626304859e+00 2.162676340412305720e+01
5.506300000000000000e+04 7.784258247534891950e+01 7.813029689174520342e+00 4.155796402547969137e+01 3.175921272285160768e+01 8.367487622413662507e+00 1.815123319589164907e+01
5.506500000000000000e+04 6.008468825523731027e+01 7.813029689174520342e+00 4.074610624634445344e+01 2.966160162858473370e+01 8.010164788539839265e+00 1.667225092945013287e+01
5.506700000000000000e+04 7.952493495747683028e+01 7.813029689174520342e+00 3.993850186022897475e+01 2.783242337801851818e+01 7.670155917078735897e+00 1.538978345480703069e+01
5.507000000000000000e+04 6.216323840335792994e+01 7.813029689174520342e+00 3.879101460669912171e+01 2.581363989756724919e+01 7.200455628366551508e+00 1.393373631521496847e+01
5.507400000000000000e+04 5.849946345705006223e+01 7.813029689174520342e+00 3.716368916824617941e+01 2.377500904366453938e+01 6.603708294373577203e+00 1.243853146576569202e+01
5.507900000000000000e+04 6.188640586363566598e+01 7.813029689174520342e+00 3.462339871169188399e+01 2.175312161016957546e+01 5.840457257125583723e+00 1.095930354686360708e+01
5.508300000000000000e+04 4.788355152917971935e+01 7.813029689174520342e+00 3.180005379848130431e+01 2.046296722292358794e+01 5.155149271873892936e+00 1.001270598567479730e+01
5.509100000000000000e+04 4.632293877490233314e+01 7.813029689174520342e+00 2.298769393264546679e+01 1.825468807526669934e+01 3.457107999615824934e+00 8.446161141566047803e+00
