5.497600000000000000e+04 -4.381946077423032548e+00 6.427310254652979893e+00 1.164140563987932975e+00 1.400047904340757880e-18 1.164140563987932975e+00 1.400047904340757880e-18
5.497900000000000000e+04 4.143958700774973636e+00 6.427310254652979893e+00 4.289077145657377521e+00 1.400047903541934524e-18 4.289077145657377521e+00 1.400047903541934524e-18
5.498300000000000000e+04 1.255327300812278679e+01 6.427310254652979893e+00 1.143383206421574805e+01 8.895087593276518713e-04 1.143383206421574805e+01 8.895087593276518713e-04
5.499200000000000000e+04 5.315138536405948599e+01 6.427310254652979893e+00 3.733751665722944324e+01 1.162962013649368842e+01 3.733751665722944324e+01 1.162962013649368842e+01
5.499500000000000000e+04 6.179818233487485912e+01 6.427310254652979893e+00 4.526446668391263017e+01 2.043128833678469647e+01 4.526446668391263017e+01 2.043128833678469647e+01
5.499600000000000000e+04 5.715287587837541139e+01 6.427310254652979893e+00 4.750204251648135312e+01 2.388689422327730227e+01 4.750204251648135312e+01 2.388689422327730227e+01
5.499800000000000000e+04 8.187986657239540023e+01 6.427310254652979893e+00 5.134442274642466941e+01 3.137436884907111789e+01 5.091672227927872996e+01 3.137436884907111789e+01
5.500200000000000000e+04 1.017866099234362025e+02 6.427310254652979893e+00 5.607810177454611278e+01 4.667189582153680050e+01 5.381775602163734362e+01 4.667189582153680050e+01
5.500700000000000000e+04 1.225808284011768308e+02 6.427310254652979893e+00 5.648314457480308448e+01 6.491713344274212716e+01 5.210622193247517231e+01 6.171416811744663988e+01
5.501100000000000000e+04 1.232488855503651308e+02 6.427310254652979893e+00 5.352259368761153979e+01 7.502361140544806517e+01 4.789065290588005297e+01 6.691964267723490423e+01
5.501600000000000000e+04 1.227949115534534315e+02 6.427310254652979893e+00 4.675056931226794177e+01 7.964961774769371061e+01 4.031611703369087962e+01 6.595695408056781162e+01
5.502200000000000000e+04 1.176260521796428833e+02 6.427310254652979893e+00 3.835387450028797218e+01 7.610615340663964901e+01 3.169741694238675578e+01 5.803427894360199701e+01
5.502800000000000000e+04 1.005577471618711485e+02 6.427310254652979893e+00 3.318213401303346188e+01 6.578619036344449000e+01 2.632666932167046880e+01 4.648543694420893502e+01
5.503000000000000000e+04 9.443866371632289258e+01 6.427310254652979893e+00 3.196480405889403187e+01 6.199726971764054895e+01 2.502725028100064719e+01 4.276263603092878185e+01
5.503300000000000000e+04 8.638066460586898643e+01 6.427310254652979893e+00 3.013577213775413455e+01 5.744017659421822941e+01 2.313864568316503068e+01 3.825010094840395425e+01
5.503800000000000000e+04 9.000325290373193354e+01 6.427310254652979893e+00 2.625758423300979061e+01 5.226502027084629987e+01 1.953108020902245556e+01 3.290833665208808867e+01
5.504200000000000000e+04 9.296711396035991015e+01 6.427310254652979893e+00 2.283183582941351375e+01 4.931578142613187055e+01 1.656882135661357935e+01 2.975490613378295279e+01
5.504400000000000000e+04 6.272635223034155416e+01 6.427310254652979893e+00 2.115988347540010395e+01 4.745845609470129745e+01 1.517055024046465839e+01 2.804873291649012756e+01
5.504600000000000000e+04 5.746673501182798560e+01 6.427310254652979893e+00 1.962835676023393106e+01 4.537204457913950506e+01 1.390504162668881349e+01 2.627826049990705215e+01
5.505000000000000000e+04 5.836416900228649496e+01 6.427310254652979893e+00 1.717513203404249822e+01 4.051004962211258942e+01 1.188425964160150627e+01 2.255821896765374390e+01
5.505600000000000000e+04 5.157242921668828473e+01 6.427310254652979893e+00 1.488245412815933477e+01 3.301752134257258575e+01 9.950825172612551839e+00 1.738130203336101687e+01
5.505900000000000000e+04 4.334584160538563680e+01 6.427310254652979893e+00 1.398474837313888308e+01 3.003316241205592618e+01 9.195652533626304859e+00 1.538978345480703069e+01
5.506300000000000000e+04 4.405697566544326094e+01 6.427310254652979893e+00 1.300642276027979527e+01 2.732777342103754492e+01 8.367487622413662507e+00 1.352391419856364152e+01
5.506500000000000000e+04 3.038214036529432960e+01 6.427310254652979893e+00 1.258557091575379161e+01 2.628869766358801385e+01 8.010164788539839265e+00 1.279068635410305710e+01
5.506700000000000000e+04 4.715101363432930270e+01 6.427310254652979893e+00 1.218020759632103456e+01 2.530148821801221004e+01 7.670155917078735897e+00 1.210655448490942732e+01
5.507000000000000000e+04 3.363722247083205730e+01 6.427310254652979893e+00 1.161577501968092108e+01 2.402985383964671939e+01 7.200455628366551508e+00 1.121946672875465723e+01
5.507400000000000000e+04 3.149095107891165313e+01 6.427310254652979893e+00 1.087498681917440635e+01 2.262257618585656260e+01 6.603708294373577203e+00 1.023183002526303120e+01
5.507900000000000000e+04 3.551448211329251592e+01 6.427310254652979893e+00 9.863364215833684057e+00 2.111846600011897479e+01 5.840457257125583723e+00 9.191932970672024084e+00
5.508300000000000000e+04 2.526603217055267692e+01 6.427310254652979893e+00 8.879229105875593220e+00 1.998952957374436323e+01 5.155149271873892936e+00 8.446161141566047803e+00
5.509100000000000000e+04 2.761967830280399383e+01 6.427310254652979893e+00 6.186840476112480225e+00 1.725336892577753645e+01 3.457107999615824934e+00 6.887297483444787538e+00
