5.497600000000000000e+04 -5.243027966802884521e+00 7.425210362520584972e+00 1.164140563987932975e+00 8.960306590053393761e-19 1.164140563987932975e+00 8.960306590053393761e-19
5.497900000000000000e+04 4.121427703193692338e+00 7.425210362520584972e+00 4.289077145657377521e+00 8.960306586340978904e-19 4.289077145657377521e+00 8.960306586340978904e-19
5.498300000000000000e+04 1.272604908474286312e+01 7.425210362520584972e+00 1.143383206421574805e+01 8.960306577610746169e-19 1.143383206421574805e+01 8.960306577610746169e-19
5.499200000000000000e+04 4.673484551151226896e+01 7.425210362520584972e+00 3.733751665722944324e+01 4.563436508517902723e+00 3.733751665722944324e+01 4.563436508517902723e+00
5.499500000000000000e+04 4.990882498978324122e+01 7.425210362520584972e+00 4.526446668391263017e+01 9.147065651372599859e+00 4.526446668391263017e+01 9.147065651372599859e+00
5.499600000000000000e+04 4.208049617303291257e+01 7.425210362520584972e+00 4.750204251648135312e+01 1.102479628531949452e+01 4.750204251648135312e+01 1.102479628531949452e+01
5.499800000000000000e+04 6.870258738004662291e+01 7.425210362520584972e+00 5.438415106649760844e+01 1.528761230289747708e+01 5.091672227927872996e+01 1.528761230289747708e+01
5.500200000000000000e+04 9.610218525753016650e+01 7.425210362520584972e+00 7.214270194700485206e+01 2.507244594133692317e+01 5.381775602163734362e+01 2.507244594133692317e+01
5.500700000000000000e+04 1.262704272890827042e+02 7.425210362520584972e+00 8.759055906849076223e+01 3.731602633421757531e+01 5.210622193247517231e+01 3.621157334713011267e+01
5.501100000000000000e+04 1.354939043327732691e+02 7.425210362520584972e+00 9.354960138634608313e+01 4.806408095675779890e+01 4.789065290588005297e+01 4.170419171952954684e+01
5.501600000000000000e+04 1.443391789586333971e+02 7.425210362520584972e+00 9.248114086358350505e+01 5.602306638682818374e+01 4.031611703369087962e+01 4.292955278684152631e+01
5.502200000000000000e+04 1.478147346462802147e+02 7.425210362520584972e+00 8.566226928680018204e+01 5.849488616906544536e+01 3.169741694238675578e+01 3.931107941469451816e+01
5.502800000000000000e+04 1.376356817348274149e+02 7.425210362520584972e+00 8.190490092664900601e+01 5.389458525063798078e+01 2.632666932167046880e+01 3.225289362695270512e+01
5.503000000000000000e+04 1.333497519725465850e+02 7.425210362520584972e+00 8.127098983749340277e+01 5.152817714391672155e+01 2.502725028100064719e+01 2.975067964429372225e+01
5.503300000000000000e+04 1.264542550685451943e+02 7.425210362520584972e+00 7.986534944001242309e+01 4.796976880887702066e+01 2.313864568316503068e+01 2.630642654723170537e+01
5.503800000000000000e+04 1.313374693751846678e+02 7.425210362520584972e+00 7.406380926063404502e+01 4.401053353597907147e+01 1.953108020902245556e+01 2.227253721456430569e+01
5.504200000000000000e+04 1.334016298154056415e+02 7.425210362520584972e+00 6.734397440395589740e+01 4.200573687163149827e+01 1.656882135661357935e+01 2.002180022480052202e+01
5.504400000000000000e+04 9.803429594266737013e+01 7.425210362520584972e+00 6.372693039511988644e+01 4.111413909941593658e+01 1.517055024046465839e+01 1.904313992562109448e+01
5.504600000000000000e+04 9.145307618194136978e+01 7.425210362520584972e+00 6.030477503078671475e+01 3.985163972774918051e+01 1.390504162668881349e+01 1.795118906655368463e+01
5.505000000000000000e+04 9.215595633589509816e+01 7.425210362520584972e+00 5.477811796603382533e+01 3.659343187962448241e+01 1.188425964160150627e+01 1.562486416721796978e+01
5.505600000000000000e+04 8.481939370140641188e+01 7.425210362520584972e+00 4.993224563365252777e+01 3.064451148573861161e+01 9.950825172612551839e+00 1.213644019237172778e+01
5.505900000000000000e+04 7.516380696371790293e+01 7.425210362520584972e+00 4.802153666110328345e+01 2.791868451642001858e+01 9.195652533626304859e+00 1.067024059484808518e+01
5.506300000000000000e+04 7.547460771442978000e+01 7.425210362520584972e+00 4.597599749011411063e+01 2.519783436198672533e+01 8.367487622413662507e+00 9.201327136018521813e+00
5.506500000000000000e+04 5.952355183575943443e+01 7.425210362520584972e+00 4.510363589131011963e+01 2.423052659128250852e+01 8.010164788539839265e+00 8.655305087080730431e+00
5.506700000000000000e+04 7.882052445929267037e+01 7.425210362520584972e+00 4.423378917379307040e+01 2.341616532218355573e+01 7.670155917078735897e+00 8.186039266625957822e+00
5.507000000000000000e+04 6.295326510136468556e+01 7.425210362520584972e+00 4.299608069366518492e+01 2.227741469644493577e+01 7.200455628366551508e+00 7.546549693917661727e+00
5.507400000000000000e+04 5.997464464513335258e+01 7.425210362520584972e+00 4.123157347758030511e+01 2.106122838683340959e+01 6.603708294373577203e+00 6.851408063381070335e+00
5.507900000000000000e+04 6.348933367756248458e+01 7.425210362520584972e+00 3.845473867236626120e+01 1.979820645316363681e+01 5.840457257125583723e+00 6.136124733662989605e+00
5.508300000000000000e+04 5.007568757691637273e+01 7.425210362520584972e+00 3.534679649753053354e+01 1.889097461799950750e+01 5.155149271873892936e+00 5.641623000746457173e+00
5.509100000000000000e+04 4.720128389323929952e+01 7.425210362520584972e+00 2.558743914835656952e+01 1.678547415697892831e+01 3.457107999615824934e+00 4.672365805700467334e+00
