5.497600000000000000e+04 -3.280570075104032757e+00 5.150935446319172328e+00 1.164140563987932975e+00 8.960306587780850352e-19 1.164140563987932975e+00 8.960306587780850352e-19
5.497900000000000000e+04 4.172777214264093537e+00 5.150935446319172328e+00 4.289077145657377521e+00 8.960306582668382648e-19 4.289077145657377521e+00 8.960306582668382648e-19
5.498300000000000000e+04 1.233082396014498450e+01 5.150935446319172328e+00 1.143383206421574805e+01 5.692856059696972670e-04 1.143383206421574805e+01 5.692856059696972670e-04
5.499200000000000000e+04 4.813378829418115146e+01 5.150935446319172328e+00 3.733751665722944324e+01 7.442956887355959950e+00 3.733751665722944324e+01 7.442956887355959950e+00
5.499500000000000000e+04 5.521692249372318884e+01 5.150935446319172328e+00 4.526446668391263017e+01 1.307602453554221000e+01 4.526446668391263017e+01 1.307602453554221000e+01
5.499600000000000000e+04 5.138067849778764895e+01 5.150935446319172328e+00 4.750204251648135312e+01 1.528761230289747708e+01 4.750204251648135312e+01 1.528761230289747708e+01
5.499800000000000000e+04 7.069568428400489779e+01 5.150935446319172328e+00 5.128841435191746712e+01 2.007959606340551773e+01 5.091672227927872996e+01 2.007959606340551773e+01
5.500200000000000000e+04 8.488004521993221374e+01 5.150935446319172328e+00 5.578210411642709943e+01 2.987001332578356028e+01 5.381775602163734362e+01 2.987001332578356028e+01
5.500700000000000000e+04 9.927988586374068802e+01 5.150935446319172328e+00 5.590997613354585383e+01 4.242380030396764568e+01 5.210622193247517231e+01 3.949706759516585208e+01
5.501100000000000000e+04 9.877336368523990018e+01 5.150935446319172328e+00 5.278507763286099674e+01 5.023363129352245693e+01 4.789065290588005297e+01 4.282857131343035206e+01
5.501600000000000000e+04 9.774286572072625745e+01 5.150935446319172328e+00 4.590796246626380395e+01 5.472422097283080689e+01 4.031611703369087962e+01 4.221245061156341194e+01
5.502200000000000000e+04 9.367473562266685860e+01 5.150935446319172328e+00 3.748219553437233742e+01 5.365524439163356618e+01 3.169741694238675578e+01 3.714193852390528150e+01
5.502800000000000000e+04 8.094506255784064308e+01 5.150935446319172328e+00 3.228439458916449922e+01 4.738688253743103473e+01 2.632666932167046880e+01 2.975067964429372225e+01
5.503000000000000000e+04 7.638213322106312830e+01 5.150935446319172328e+00 3.105631487369370092e+01 4.494387256959440435e+01 2.502725028100064719e+01 2.736808705979442635e+01
5.503300000000000000e+04 7.027669940217460010e+01 5.150935446319172328e+00 2.921948176870079550e+01 4.201513488495726278e+01 2.313864568316503068e+01 2.448006460697853726e+01
5.503800000000000000e+04 7.332612810675684045e+01 5.150935446319172328e+00 2.537673251558288001e+01 3.874864497440747613e+01 1.953108020902245556e+01 2.106133545733638002e+01
5.504200000000000000e+04 7.561374320892379330e+01 5.150935446319172328e+00 2.201167917226113957e+01 3.691703105980905519e+01 1.656882135661357935e+01 1.904313992562109448e+01
5.504400000000000000e+04 5.134060964334191368e+01 5.150935446319172328e+00 2.037556602796808392e+01 3.568696386430872280e+01 1.517055024046465839e+01 1.795118906655368463e+01
5.504600000000000000e+04 4.710646037531789432e+01 5.150935446319172328e+00 1.887887501655540490e+01 3.426516988320680213e+01 1.390504162668881349e+01 1.681808671994051352e+01
5.505000000000000000e+04 4.786730466861370559e+01 5.150935446319172328e+00 1.648227969693713035e+01 3.084087510956923950e+01 1.188425964160150627e+01 1.443726013929840057e+01
5.505600000000000000e+04 4.259154253783923849e+01 5.150935446319172328e+00 1.423664557445677836e+01 2.541174167360633973e+01 9.950825172612551839e+00 1.112403330135105328e+01
5.505900000000000000e+04 3.604895406055863560e+01 5.150935446319172328e+00 1.335760487034556832e+01 2.322995473802393107e+01 9.195652533626304859e+00 9.849461411076502415e+00
5.506300000000000000e+04 3.665111138265438484e+01 5.150935446319172328e+00 1.239894315889256760e+01 2.126868119048348049e+01 8.367487622413662507e+00 8.655305087080730431e+00
5.506500000000000000e+04 2.570064606573038901e+01 5.150935446319172328e+00 1.198641058957101535e+01 2.051994462965128818e+01 8.010164788539839265e+00 8.186039266625957822e+00
5.506700000000000000e+04 3.914389170472962576e+01 5.150935446319172328e+00 1.158960559070597185e+01 1.980516090808127316e+01 7.670155917078735897e+00 7.748194870342034690e+00
5.507000000000000000e+04 2.831405622926228460e+01 5.150935446319172328e+00 1.103757843272308925e+01 1.888604248958112208e+01 7.200455628366551508e+00 7.180458706402981228e+00
5.507400000000000000e+04 2.657803118952128685e+01 5.150935446319172328e+00 1.031565272664096611e+01 1.787050504892340186e+01 6.603708294373577203e+00 6.548371216168340503e+00
5.507900000000000000e+04 2.974987780319980857e+01 5.150935446319172328e+00 9.336554971240957457e+00 1.678079283125885013e+01 5.840457257125583723e+00 5.882837101230095733e+00
5.508300000000000000e+04 2.145765650958326631e+01 5.150935446319172328e+00 8.391551984756324245e+00 1.595337944134648467e+01 5.155149271873892936e+00 5.405543130602271873e+00
5.509100000000000000e+04 2.305880283447822876e+01 5.150935446319172328e+00 5.829375508952204576e+00 1.387994306919635079e+01 3.457107999615824934e+00 4.407870389404665801e+00
