5.497600000000000000e+04 -2.940271924321985697e+00 4.756566959929198646e+00 1.164140563987932975e+00 8.960306594862700832e-19 1.164140563987932975e+00 8.960306594862700832e-19
5.497900000000000000e+04 4.181681427564534204e+00 4.756566959929198646e+00 4.289077145657377521e+00 8.960306594113178972e-19 4.289077145657377521e+00 8.960306594113178972e-19
5.498300000000000000e+04 1.226162231995348861e+01 4.756566959929198646e+00 1.143383206421574805e+01 8.960306592350573665e-19 1.143383206421574805e+01 8.960306592350573665e-19
5.499200000000000000e+04 4.043409325198532400e+01 4.756566959929198646e+00 3.733751665722944324e+01 8.960306580341437497e-19 3.733751665722944324e+01 8.960306580341437497e-19
5.499500000000000000e+04 4.238061546906360633e+01 4.756566959929198646e+00 4.526446668391263017e+01 5.692856059696972670e-04 4.526446668391263017e+01 5.692856059696972670e-04
5.499600000000000000e+04 3.710799336636422652e+01 4.756566959929198646e+00 4.750204251648135312e+01 1.414274411638661300e-01 4.750204251648135312e+01 1.414274411638661300e-01
5.499800000000000000e+04 5.131883366754470899e+01 4.756566959929198646e+00 5.100837237938143431e+01 9.313124511903465574e-01 5.091672227927872996e+01 9.313124511903465574e-01
5.500200000000000000e+04 5.815259189028286357e+01 4.756566959929198646e+00 5.430211582583206820e+01 4.563436508517902723e+00 5.381775602163734362e+01 4.563436508517902723e+00
5.500700000000000000e+04 6.699383138768506285e+01 4.756566959929198646e+00 5.304413392725972898e+01 1.307602453554221000e+01 5.210622193247517231e+01 1.307602453554221000e+01
5.501100000000000000e+04 6.774930392563223336e+01 4.756566959929198646e+00 4.909749735910822466e+01 2.257211756982848527e+01 4.789065290588005297e+01 2.257211756982848527e+01
5.501600000000000000e+04 7.323070381018320063e+01 4.756566959929198646e+00 4.169492823624310773e+01 3.420387990938652933e+01 4.031611703369087962e+01 3.420387990938652933e+01
5.502200000000000000e+04 9.009831338941597778e+01 4.756566959929198646e+00 3.312380070479415650e+01 5.463147868544167807e+01 3.169741694238675578e+01 4.239599463405377122e+01
5.502800000000000000e+04 9.554943581069898073e+01 4.756566959929198646e+00 2.779569746981968592e+01 6.657747710455780066e+01 2.632666932167046880e+01 4.221245061156341194e+01
5.503000000000000000e+04 9.548404225339460538e+01 4.756566959929198646e+00 2.651386894769208524e+01 6.861747025089188412e+01 2.502725028100064719e+01 4.100482266696061373e+01
5.503300000000000000e+04 9.339412503951047029e+01 4.756566959929198646e+00 2.463802992343412157e+01 6.964067182961454705e+01 2.313864568316503068e+01 3.831252232470404806e+01
5.503800000000000000e+04 9.585169775468651210e+01 4.756566959929198646e+00 2.097247392844831637e+01 6.638290566299406237e+01 1.953108020902245556e+01 3.225289362695270512e+01
5.504200000000000000e+04 9.491309779107814393e+01 4.756566959929198646e+00 1.791089588649927933e+01 6.159461673677333948e+01 1.656882135661357935e+01 2.736808705979442635e+01
5.504400000000000000e+04 7.160357901725410557e+01 4.756566959929198646e+00 1.645397879080796955e+01 5.950999846431459872e+01 1.517055024046465839e+01 2.535793355390940462e+01
5.504600000000000000e+04 6.737452534024596673e+01 4.756566959929198646e+00 1.513146629816276878e+01 5.781839101159438599e+01 1.390504162668881349e+01 2.366696316479508511e+01
5.505000000000000000e+04 6.902554986488539157e+01 4.756566959929198646e+00 1.301801801141029102e+01 5.550504346426428981e+01 1.188425964160150627e+01 2.106133545733638002e+01
5.505600000000000000e+04 6.621469960443140224e+01 4.756566959929198646e+00 1.100760280594400520e+01 5.248927683060296800e+01 9.950825172612551839e+00 1.795118906655368463e+01
5.505900000000000000e+04 5.950364289022091668e+01 4.756566959929198646e+00 1.022188735637899981e+01 4.977912409531018056e+01 9.195652533626304859e+00 1.622368220034227093e+01
5.506300000000000000e+04 5.724837692066682848e+01 4.756566959929198646e+00 9.361545151956404354e+00 4.513176795636739769e+01 8.367487622413662507e+00 1.384112857863875767e+01
5.506500000000000000e+04 4.528185961900937428e+01 4.756566959929198646e+00 8.990608958657116290e+00 4.257589771829977821e+01 8.010164788539839265e+00 1.268309979990460690e+01
5.506700000000000000e+04 5.590636332629920702e+01 4.756566959929198646e+00 8.636595562630656531e+00 4.011393494318941322e+01 7.670155917078735897e+00 1.161678924537065605e+01
5.507000000000000000e+04 4.351448153740903990e+01 4.756566959929198646e+00 8.146595497933915908e+00 3.685421843843049317e+01 7.200455628366551508e+00 1.024468183644590624e+01
5.507400000000000000e+04 3.982986515488965296e+01 4.756566959929198646e+00 7.518982263973755131e+00 3.379588728793707730e+01 6.603708294373577203e+00 8.917591241737580887e+00
5.507900000000000000e+04 4.128447296288690893e+01 4.756566959929198646e+00 6.702508748277320016e+00 3.122754978593950170e+01 5.840457257125583723e+00 7.748194870342034690e+00
5.508300000000000000e+04 3.290477313944747095e+01 4.756566959929198646e+00 5.953166379159972266e+00 2.961782469589821432e+01 5.155149271873892936e+00 7.013954269992709989e+00
5.509100000000000000e+04 3.424026199069249543e+01 4.756566959929198646e+00 4.042050673150822782e+00 2.710517194391767148e+01 3.457107999615824934e+00 5.882837101230095733e+00
