5.497400000000000000e+04 2.900748305839205621e+00 5.643093961732845720e+00 2.872527343123094101e-01 8.716023866393842389e-19 2.872527343123094101e-01 8.716023866393842389e-19
5.497600000000000000e+04 -3.552429351148579606e+00 5.643093961732845720e+00 1.958814406946931541e+00 8.716023356981633868e-19 1.958814406946931541e+00 8.716023356981633868e-19
5.498000000000000000e+04 1.030656897275500405e+01 5.643093961732845720e+00 9.740658635389692677e+00 8.716021689365841492e-19 9.740658635389692677e+00 8.716021689365841492e-19
5.498100000000000000e+04 8.516228398156684420e+00 5.643093961732845720e+00 1.261836908227294352e+01 8.716021077255084616e-19 1.261836908227294352e+01 8.716021077255084616e-19
5.498500000000000000e+04 2.940021912383076241e+01 5.643093961732845720e+00 2.761301931683333422e+01 8.716017365910701769e-19 2.761301931683333422e+01 8.716017365910701769e-19
5.498700000000000000e+04 3.339238365863234037e+01 5.643093961732845720e+00 3.698113532148148863e+01 8.716014404989387201e-19 3.698113532148148863e+01 8.716014404989387201e-19
5.498800000000000000e+04 4.638043224306160539e+01 5.643093961732845720e+00 4.209516568424355398e+01 8.716012528962566048e-19 4.209516568424355398e+01 8.716012528962566048e-19
5.498900000000000000e+04 4.948487424904219978e+01 5.643093961732845720e+00 4.711547825657126509e+01 8.716010327425725717e-19 4.711547825657126509e+01 8.716010327425725717e-19
5.499300000000000000e+04 6.715306209218888966e+01 5.643093961732845720e+00 6.549985504210982867e+01 7.505983906838168407e-01 6.549985504210982867e+01 7.505983906838168407e-01
5.499500000000000000e+04 6.769163235722439254e+01 5.643093961732845720e+00 6.925870503056015082e+01 2.680580088357593205e+00 6.925870503056015082e+01 2.680580088357593205e+00
5.499700000000000000e+04 8.713517015242101138e+01 5.643093961732845720e+00 7.457003354548812979e+01 5.789889591216336839e+00 6.841287481237441170e+01 5.789889591216336839e+00
5.499900000000000000e+04 8.797250117752888343e+01 5.643093961732845720e+00 7.675641500426864638e+01 1.009469526581835552e+01 6.504780932565140006e+01 1.009469526581835552e+01
5.500000000000000000e+04 9.939673699656803763e+01 5.643093961732845720e+00 7.742977792928846270e+01 1.269273137910385429e+01 6.320798198309262261e+01 1.269273137910385429e+01
5.500200000000000000e+04 9.393628922133126480e+01 5.643093961732845720e+00 7.777073697113253559e+01 1.874044088442200007e+01 5.914124484496770862e+01 1.874044088442200007e+01
5.500300000000000000e+04 9.065205219139576798e+01 5.643093961732845720e+00 7.654726045620641628e+01 2.209041545346666879e+01 5.628475033544589223e+01 2.209041545346666879e+01
5.500500000000000000e+04 1.047506382878096929e+02 5.643093961732845720e+00 7.250912717690557940e+01 2.958490825718519801e+01 5.000629460476246635e+01 2.958490825718519801e+01
5.500700000000000000e+04 1.105606480329260393e+02 5.643093961732845720e+00 6.861229691973812805e+01 3.769238260525701634e+01 4.455343955827151348e+01 3.769238260525701634e+01
5.500900000000000000e+04 1.081470162511709390e+02 5.643093961732845720e+00 6.418577169178358588e+01 4.535018634951246952e+01 3.937777404403901471e+01 4.535018634951246952e+01
5.501000000000000000e+04 1.109853086986832693e+02 5.643093961732845720e+00 6.174778233739241529e+01 4.911345556622313779e+01 3.686434766411487374e+01 4.911345556622313779e+01
5.501300000000000000e+04 1.117708904722630763e+02 5.643093961732845720e+00 5.426347408240056325e+01 5.859840515225634761e+01 2.997981993502793685e+01 5.540696402444812918e+01
5.501600000000000000e+04 1.063397740920967323e+02 5.643093961732845720e+00 4.432913695178363866e+01 6.585871368036306706e+01 2.279133005233092391e+01 5.352626274411823459e+01
5.501700000000000000e+04 1.048811110401417892e+02 5.643093961732845720e+00 4.124040106871525779e+01 6.702526272915120842e+01 2.072381963252022885e+01 5.203824746052112715e+01
5.501800000000000000e+04 1.065717408166854199e+02 5.643093961732845720e+00 3.836203622380108413e+01 6.804212844515956249e+01 1.885112345149930135e+01 5.056638558647409809e+01
5.501900000000000000e+04 9.824701816059334192e+01 5.643093961732845720e+00 3.554610638545676693e+01 6.890260866488391400e+01 1.708947422377729097e+01 4.910391153426733268e+01
5.502000000000000000e+04 9.875945363676837019e+01 5.643093961732845720e+00 3.282387556754014923e+01 6.911482437562307268e+01 1.544652967884242400e+01 4.731299587597417400e+01
5.502200000000000000e+04 8.586609194860044170e+01 5.643093961732845720e+00 2.784037122824809174e+01 6.687618747534499164e+01 1.256901635586821442e+01 4.243412910872144295e+01
5.502300000000000000e+04 8.859655554995323712e+01 5.643093961732845720e+00 2.556670431982701430e+01 6.535222629307199327e+01 1.131270102647213349e+01 4.000503568380997876e+01
5.502400000000000000e+04 8.583173633848116424e+01 5.643093961732845720e+00 2.346707148171969592e+01 6.389404358125552363e+01 1.018094207449878574e+01 3.778030013082754124e+01
5.502500000000000000e+04 8.124454490073901525e+01 5.643093961732845720e+00 2.155616958569424924e+01 6.233204407960418081e+01 9.172838121572022274e+00 3.564275164661721362e+01
5.502800000000000000e+04 6.687631596408293433e+01 5.643093961732845720e+00 1.669018186388912639e+01 5.667082437709052556e+01 6.716370971383953226e+00 2.949147813129190610e+01
5.502900000000000000e+04 6.769394681321657004e+01 5.643093961732845720e+00 1.536100468320107204e+01 5.455269249939095744e+01 6.071543353043900915e+00 2.756300146493076042e+01
5.503100000000000000e+04 6.397970190719971839e+01 5.643093961732845720e+00 1.311685755855353364e+01 5.023178789753802675e+01 5.006434182654020404e+00 2.398385594802235588e+01
5.503300000000000000e+04 4.828172849137659028e+01 5.643093961732845720e+00 1.136099714595861343e+01 4.438962918227347387e+01 4.192249869357422831e+00 2.008944115779936368e+01
5.503400000000000000e+04 6.035239717166339801e+01 5.643093961732845720e+00 1.067498515595003106e+01 4.133800279571573810e+01 3.874767751706000407e+00 1.823306404186474339e+01
5.503500000000000000e+04 4.846361844967673704e+01 5.643093961732845720e+00 1.007365997051950224e+01 3.854298870534643129e+01 3.597735703756966164e+00 1.657905570601618450e+01
5.503700000000000000e+04 4.556123366109910222e+01 5.643093961732845720e+00 9.090046217753702251e+00 3.335865368481327664e+01 3.145344712025503142e+00 1.367157937902183562e+01
5.503800000000000000e+04 4.636470602430735255e+01 5.643093961732845720e+00 8.696679411712059604e+00 3.086340202070147853e+01 2.963093496324381348e+00 1.235722374307394134e+01
5.503900000000000000e+04 4.365518679100190980e+01 5.643093961732845720e+00 8.350427924706488980e+00 2.850432483582629573e+01 2.802157021713587159e+00 1.115541829830396736e+01
5.504000000000000000e+04 3.575542194974454446e+01 5.643093961732845720e+00 8.026789845313659910e+00 2.627226074768998032e+01 2.653484246384680389e+00 1.005521308469457331e+01
5.504100000000000000e+04 3.092289807335010110e+01 5.643093961732845720e+00 7.716454289724283377e+00 2.416754945687294764e+01 2.513503025968822246e+00 9.050160821177707149e+00
5.504300000000000000e+04 3.178285877839003248e+01 5.643093961732845720e+00 7.131343358989600034e+00 2.044148629716081800e+01 2.256754227528354306e+00 7.338270497257618707e+00
5.504400000000000000e+04 2.621383718312478095e+01 5.643093961732845720e+00 6.826557922612931151e+00 1.878340663537717248e+01 2.129971270706062736e+00 6.606431709122529305e+00
5.504500000000000000e+04 2.043924279196017579e+01 5.643093961732845720e+00 6.509746066610660797e+00 1.726332928492831087e+01 2.002998789726357476e+00 5.951230448472252910e+00
5.504600000000000000e+04 1.748659350458611073e+01 5.643093961732845720e+00 6.202733048169092100e+00 1.589576950539383304e+01 1.882468299899572761e+00 5.373096777107163824e+00
5.504700000000000000e+04 1.577789071554112610e+01 5.643093961732845720e+00 5.905269464250255673e+00 1.464941980222432605e+01 1.768044749775525615e+00 4.857234682435121798e+00
5.504900000000000000e+04 6.463350404635859192e+00 5.643093961732845720e+00 5.320107792451603146e+00 1.254091737018101682e+01 1.551051834533994978e+00 4.005147346123217211e+00
5.505000000000000000e+04 1.098584046240789291e+01 5.643093961732845720e+00 4.999396640630950017e+00 1.164703677160238726e+01 1.438675292267899364e+00 3.652482680507522339e+00
5.505100000000000000e+04 1.665315377222046322e+01 5.643093961732845720e+00 4.664373798667502236e+00 1.088777598070555186e+01 1.325106192803267691e+00 3.353799895485938709e+00
5.505300000000000000e+04 7.018163455954853802e+00 5.643093961732845720e+00 4.002660935886081184e+00 9.675318673399534219e+00 1.108770342350714921e+00 2.878188563005573020e+00
5.505400000000000000e+04 6.912992844841496343e+00 5.643093961732845720e+00 3.676595545779516083e+00 9.178678289421876357e+00 1.005908494057323077e+00 2.684452003223524841e+00
5.505500000000000000e+04 2.135116636328547202e+01 5.643093961732845720e+00 3.366261583820283843e+00 8.748587595816216478e+00 9.098004280595362037e-01 2.516275769620402780e+00
5.505700000000000000e+04 1.049793234986752921e+01 5.643093961732845720e+00 2.792808846892607555e+00 8.052278417596165028e+00 7.368888778080757707e-01 2.241725617370870172e+00
5.505800000000000000e+04 1.026921578652492961e+01 5.643093961732845720e+00 2.521165749530275946e+00 7.747324884484425134e+00 6.574095826676078502e-01 2.122787397107745111e+00
5.505900000000000000e+04 -2.950527230416408742e-01 5.643093961732845720e+00 2.262059628193343386e+00 7.454446734297293986e+00 5.830050588127172473e-01 2.010802420775057886e+00
5.506100000000000000e+04 1.336713520806697453e+01 5.643093961732845720e+00 1.788495952871900885e+00 6.900973887443506705e+00 4.505027589097987395e-01 1.805403382022683800e+00
5.506300000000000000e+04 6.809717408827221874e+00 5.643093961732845720e+00 1.386686094252291612e+00 6.309606427541203821e+00 3.415482990769190819e-01 1.602399031781086114e+00
5.506400000000000000e+04 1.182359118402163745e+01 5.643093961732845720e+00 1.217259562851066068e+00 6.016669881407019638e+00 2.965309531914898100e-01 1.505974639919658298e+00
5.506700000000000000e+04 1.291658744705663686e+01 5.643093961732845720e+00 8.055697861184052400e-01 5.171827237070153238e+00 1.899928740845295005e-01 1.240841467627196382e+00
5.506800000000000000e+04 -3.834965150056059535e+00 5.643093961732845720e+00 6.984592360489960683e-01 4.863413052005789439e+00 1.630009885761951050e-01 1.150940233814319757e+00
5.506900000000000000e+04 7.615703247696281153e+00 5.643093961732845720e+00 6.041151809993059452e-01 4.540555876011965530e+00 1.395185175518027509e-01 1.060084954242614286e+00
5.507000000000000000e+04 -6.400122116938849359e+00 5.643093961732845720e+00 5.213051974008690026e-01 4.218043737497755963e+00 1.191554736916271978e-01 9.717203597258007308e-01
5.507200000000000000e+04 8.330768551340886674e+00 5.643093961732845720e+00 3.866552933637701361e-01 3.585862599615545321e+00 8.659693020465177027e-02 8.047267952458585505e-01
5.507400000000000000e+04 9.948136878121609072e+00 5.643093961732845720e+00 2.851410479943118359e-01 3.003286738699099345e+00 6.259957145868536021e-02 6.570018241816371063e-01
5.507600000000000000e+04 -1.999999874703877190e-01 5.643093961732845720e+00 2.071047123817978119e-01 2.464707414570782795e+00 4.458659039435906163e-02 5.259276661340864800e-01
5.507800000000000000e+04 8.200644550193995741e+00 5.643093961732845720e+00 1.498987299367342263e-01 1.973234474819993478e+00 3.165759871947924908e-02 4.109535310771395000e-01
5.508000000000000000e+04 3.777304669157072858e+00 5.643093961732845720e+00 1.082212382656883992e-01 1.546081715605439610e+00 2.242927217941729015e-02 3.144487706649526926e-01
5.508200000000000000e+04 6.717875913792717313e+00 5.643093961732845720e+00 7.791006564250946287e-02 1.193715005167661714e+00 1.585148843184322476e-02 2.372247625531919146e-01
5.508300000000000000e+04 -1.110123411304639873e+01 5.643093961732845720e+00 6.608829424894981097e-02 1.044703705467923793e+00 1.332425287277213925e-02 2.052624382010224402e-01
5.508400000000000000e+04 -5.369025810886778771e+00 5.643093961732845720e+00 5.599451227511507284e-02 9.103525370522108640e-01 1.118771474028273233e-02 1.768636417959688623e-01
5.508600000000000000e+04 1.520411902924795733e+01 5.643093961732845720e+00 4.030270157209958626e-02 6.862211218266953683e-01 7.910245647124551638e-03 1.304007908609561006e-01
5.508900000000000000e+04 7.447268828741586688e+00 5.643093961732845720e+00 2.488616509710727537e-02 4.421169221107514313e-01 4.758348966942117439e-03 8.134326650551063076e-02
5.509000000000000000e+04 -7.039923041767522705e+00 5.643093961732845720e+00 2.118333920506677501e-02 3.805276945824889734e-01 4.015798901434460173e-03 6.927754416372142177e-02
5.509200000000000000e+04 -3.858439537050084578e+00 5.643093961732845720e+00 1.534572671461119017e-02 2.808467173922460369e-01 2.860340487345981557e-03 5.007965716694829511e-02
5.509300000000000000e+04 7.522639604788662560e+00 5.643093961732845720e+00 1.306200868546821339e-02 2.397435674663262184e-01 2.414419350363810127e-03 4.231565367592597660e-02
5.509500000000000000e+04 -2.421472698590368733e+00 5.643093961732845720e+00 9.457692270565396658e-03 1.738918478275211787e-01 1.719580412830072277e-03 3.008093132914495954e-02
5.509600000000000000e+04 5.086859087869401108e+00 5.643093961732845720e+00 8.050493224126868685e-03 1.478637794910461212e-01 1.451847290194205504e-03 2.532607897558340412e-02
5.509700000000000000e+04 4.121388948284312015e+00 5.643093961732845720e+00 6.851297276344533310e-03 1.257036969388772574e-01 1.225634575374692737e-03 2.132016569519628105e-02
5.509800000000000000e+04 2.190164165610675173e+00 5.643093961732845720e+00 5.827465602245930631e-03 1.068279318779030290e-01 1.034155386379047173e-03 1.794341774353383490e-02
5.510000000000000000e+04 -2.580698282144809674e+00 5.643093961732845720e+00 4.221467558909533686e-03 7.695961039613613552e-02 7.373742460977353481e-04 1.268119074547458328e-02
5.510100000000000000e+04 9.769053119290699527e+00 5.643093961732845720e+00 3.591402833215952013e-03 6.530376223980099981e-02 6.224268341795411233e-04 1.065940229821771279e-02
5.510200000000000000e+04 1.193254642681288669e+00 5.643093961732845720e+00 3.057552182926639821e-03 5.534786236312674162e-02 5.258043306838589264e-04 8.950171792226187251e-03
5.510600000000000000e+04 -1.729462910215430471e-01 5.643093961732845720e+00 1.599703116689868117e-03 2.893919128566962984e-02 2.668395524086519138e-04 4.511597543912077707e-03
5.510900000000000000e+04 4.570160052617119106e+00 5.643093961732845720e+00 9.831824963433776193e-04 1.786651035185561620e-02 1.603886617199637324e-04 2.712307255261054220e-03
5.511100000000000000e+04 -8.508165956294437393e+00 5.643093961732845720e+00 7.110679617148581546e-04 1.294592340310272115e-02 1.143196079927424701e-04 1.931535480291048318e-03
5.511200000000000000e+04 -7.159504749389082434e+00 5.643093961732845720e+00 6.042960499304608508e-04 1.102332552220736638e-02 9.645587389153405797e-05 1.630669455947835432e-03
5.511400000000000000e+04 1.055483996616735176e+01 5.643093961732845720e+00 4.370219392535814890e-04 7.985392391634560730e-03 6.876820444588222371e-05 1.161477832155364534e-03
5.511500000000000000e+04 -1.604374247288781064e+01 5.643093961732845720e+00 3.714599451178390074e-04 6.797663507326135758e-03 5.804061642466235168e-05 9.805076602997543633e-04
5.511700000000000000e+04 -2.499704966971538322e+00 5.643093961732845720e+00 2.686686763757244276e-04 4.924631224694343487e-03 4.139733072045060849e-05 6.987274722892087252e-04
5.511800000000000000e+04 5.269395618745799093e-01 5.643093961732845720e+00 2.283598252717424100e-04 4.191589154457654905e-03 3.494412016400036890e-05 5.898993968781883653e-04
5.511900000000000000e+04 1.503039797755412188e+00 5.643093961732845720e+00 1.943012596565455818e-04 3.566854318875911298e-03 2.952906681710418518e-05 4.979414673436328770e-04
5.512000000000000000e+04 1.181442806927656353e+00 5.643093961732845720e+00 1.667056971856056445e-04 3.037382328801606964e-03 2.516312410348764490e-05 4.206434645470872170e-04
