5.497600000000000000e+04 -2.509654840355270089e+00 4.257528668867825772e+00 1.164140563987932975e+00 8.960306594862700832e-19 1.164140563987932975e+00 8.960306594862700832e-19
5.497900000000000000e+04 4.192948918609201492e+00 4.257528668867825772e+00 4.289077145657377521e+00 8.960306594113178972e-19 4.289077145657377521e+00 8.960306594113178972e-19
5.498300000000000000e+04 1.217477417126543315e+01 4.257528668867825772e+00 1.143383206421574805e+01 8.960306592350573665e-19 1.143383206421574805e+01 8.960306592350573665e-19
5.499200000000000000e+04 4.010921392094556381e+01 4.257528668867825772e+00 3.733751665722944324e+01 8.960306580341437497e-19 3.733751665722944324e+01 8.960306580341437497e-19
5.499500000000000000e+04 4.268323630660793810e+01 4.257528668867825772e+00 4.526446668391263017e+01 5.692856059696972670e-04 4.526446668391263017e+01 5.692856059696972670e-04
5.499600000000000000e+04 3.821332968937232977e+01 4.257528668867825772e+00 4.750204251648135312e+01 1.414274411638661300e-01 4.750204251648135312e+01 1.414274411638661300e-01
5.499800000000000000e+04 5.172002103486789082e+01 4.257528668867825772e+00 5.134442274642466941e+01 9.313124511903465574e-01 5.091672227927872996e+01 9.313124511903465574e-01
5.500200000000000000e+04 6.000337854391685255e+01 4.257528668867825772e+00 5.607810177454611278e+01 4.563436508517902723e+00 5.381775602163734362e+01 4.563436508517902723e+00
5.500700000000000000e+04 7.034118007670807060e+01 4.257528668867825772e+00 5.648314457480308448e+01 1.307602453554221000e+01 5.210622193247517231e+01 1.307602453554221000e+01
5.501100000000000000e+04 7.258570221203909512e+01 4.257528668867825772e+00 5.352259368761153979e+01 2.257211756982848527e+01 4.789065290588005297e+01 2.257211756982848527e+01
5.501600000000000000e+04 7.856627077375497947e+01 4.257528668867825772e+00 4.675056931226794177e+01 3.420387990938652933e+01 4.031611703369087962e+01 3.420387990938652933e+01
5.502200000000000000e+04 8.724778645302193070e+01 4.257528668867825772e+00 3.835387450028797218e+01 4.679669887706855747e+01 3.169741694238675578e+01 4.239599463405377122e+01
5.502800000000000000e+04 8.521074240146435841e+01 4.257528668867825772e+00 3.318213401303346188e+01 5.097575535852396911e+01 2.632666932167046880e+01 4.221245061156341194e+01
5.503000000000000000e+04 8.321669376207900370e+01 4.257528668867825772e+00 3.196480405889403187e+01 5.093619071689847289e+01 2.502725028100064719e+01 4.100482266696061373e+01
5.503300000000000000e+04 7.892423650115655676e+01 4.257528668867825772e+00 3.013577213775413455e+01 4.958023514039950186e+01 2.313864568316503068e+01 3.831252232470404806e+01
5.503800000000000000e+04 7.839085063655491581e+01 4.257528668867825772e+00 2.625758423300979061e+01 4.452834494137091070e+01 1.953108020902245556e+01 3.225289362695270512e+01
5.504200000000000000e+04 7.630117687919853608e+01 4.257528668867825772e+00 2.283183582941351375e+01 3.967825261928995673e+01 1.656882135661357935e+01 2.736808705979442635e+01
5.504400000000000000e+04 5.489827579897276166e+01 4.257528668867825772e+00 2.115988347540010395e+01 3.764131656742312515e+01 1.517055024046465839e+01 2.535793355390940462e+01
5.504600000000000000e+04 5.058808138827329515e+01 4.257528668867825772e+00 1.962835676023393106e+01 3.595011704732373659e+01 1.390504162668881349e+01 2.366696316479508511e+01
5.505000000000000000e+04 5.107451450308573726e+01 4.257528668867825772e+00 1.717513203404249822e+01 3.344961297334164385e+01 1.188425964160150627e+01 2.106133545733638002e+01
5.505600000000000000e+04 4.768854416145688191e+01 4.257528668867825772e+00 1.488245412815933477e+01 3.037341190060883633e+01 9.950825172612551839e+00 1.795118906655368463e+01
5.505900000000000000e+04 4.183204094432630171e+01 4.257528668867825772e+00 1.398474837313888308e+01 2.829247938917688288e+01 9.195652533626304859e+00 1.622368220034227093e+01
5.506300000000000000e+04 4.056778750138966672e+01 4.257528668867825772e+00 1.300642276027979527e+01 2.509535022592993059e+01 8.367487622413662507e+00 1.384112857863875767e+01
5.506500000000000000e+04 3.039484515839914280e+01 4.257528668867825772e+00 1.258557091575379161e+01 2.343456350028374402e+01 8.010164788539839265e+00 1.268309979990460690e+01
5.506700000000000000e+04 4.045156399677445336e+01 4.257528668867825772e+00 1.218020759632103456e+01 2.186628239656118211e+01 7.670155917078735897e+00 1.161678924537065605e+01
5.507000000000000000e+04 3.010064575124836139e+01 4.257528668867825772e+00 1.161577501968092108e+01 1.981526360805366949e+01 7.200455628366551508e+00 1.024468183644590624e+01
5.507400000000000000e+04 2.741128491013980906e+01 4.257528668867825772e+00 1.087498681917440635e+01 1.786550229369706955e+01 6.603708294373577203e+00 8.917591241737580887e+00
5.507900000000000000e+04 2.905880055031558840e+01 4.257528668867825772e+00 9.863364215833684057e+00 1.619295245952782025e+01 5.840457257125583723e+00 7.748194870342034690e+00
5.508300000000000000e+04 2.163656780929739654e+01 4.257528668867825772e+00 8.879229105875593220e+00 1.514382866434126207e+01 5.155149271873892936e+00 7.013954269992709989e+00
5.509100000000000000e+04 2.247118986860978396e+01 4.257528668867825772e+00 6.186840476112480225e+00 1.351581824007614507e+01 3.457107999615824934e+00 5.882837101230095733e+00
