5.497400000000000000e+04 2.398705344362578984e+00 4.559076205856548825e+00 2.872527343123094101e-01 8.716023866393842389e-19 2.872527343123094101e-01 8.716023866393842389e-19
5.497600000000000000e+04 -2.493739538210678397e+00 4.559076205856548825e+00 1.958814406946931541e+00 8.716023356981633868e-19 1.958814406946931541e+00 8.716023356981633868e-19
5.498000000000000000e+04 1.019785966220693574e+01 4.559076205856548825e+00 9.740658635389692677e+00 8.716021689365841492e-19 9.740658635389692677e+00 8.716021689365841492e-19
5.498100000000000000e+04 9.304234653030221125e+00 4.559076205856548825e+00 1.261836908227294352e+01 8.716021077255084616e-19 1.261836908227294352e+01 8.716021077255084616e-19
5.498500000000000000e+04 2.905690456319760884e+01 4.559076205856548825e+00 2.761301931683333422e+01 8.716017365910701769e-19 2.761301931683333422e+01 8.716017365910701769e-19
5.498700000000000000e+04 3.408176975610651027e+01 4.559076205856548825e+00 3.698113532148148863e+01 8.716014404989387201e-19 3.698113532148148863e+01 8.716014404989387201e-19
5.498800000000000000e+04 4.555724817596603771e+01 4.559076205856548825e+00 4.209516568424355398e+01 8.716012528962566048e-19 4.209516568424355398e+01 8.716012528962566048e-19
5.498900000000000000e+04 4.902972192587373712e+01 4.559076205856548825e+00 4.711547825657126509e+01 8.716010327425725717e-19 4.711547825657126509e+01 8.716010327425725717e-19
5.499300000000000000e+04 6.697967426274156821e+01 4.559076205856548825e+00 6.549985504210982867e+01 7.505983906838168407e-01 6.549985504210982867e+01 7.505983906838168407e-01
5.499500000000000000e+04 6.850759095116185904e+01 4.559076205856548825e+00 6.925870503056015082e+01 2.680580088357593205e+00 6.925870503056015082e+01 2.680580088357593205e+00
5.499700000000000000e+04 7.969019376845584191e+01 4.559076205856548825e+00 6.842655738733689930e+01 5.789889591216336839e+00 6.841287481237441170e+01 5.789889591216336839e+00
5.499900000000000000e+04 7.607449952177903185e+01 4.559076205856548825e+00 6.507382844938165078e+01 1.009469526581835552e+01 6.504780932565140006e+01 1.009469526581835552e+01
5.500000000000000000e+04 8.342499974826800724e+01 4.559076205856548825e+00 6.323958597408416438e+01 1.269273137910385429e+01 6.320798198309262261e+01 1.269273137910385429e+01
5.500200000000000000e+04 7.584282267627249041e+01 4.559076205856548825e+00 5.918264371635918053e+01 1.874044088442200007e+01 5.914124484496770862e+01 1.874044088442200007e+01
5.500300000000000000e+04 7.196857904407379181e+01 4.559076205856548825e+00 5.632977813571424264e+01 2.209041545346666879e+01 5.628475033544589223e+01 2.209041545346666879e+01
5.500500000000000000e+04 8.178748829720338165e+01 4.559076205856548825e+00 5.005630089936722982e+01 2.958490825718519801e+01 5.000629460476246635e+01 2.958490825718519801e+01
5.500700000000000000e+04 8.573769878048753412e+01 4.559076205856548825e+00 4.460690368574144316e+01 3.769238260525701634e+01 4.455343955827151348e+01 3.769238260525701634e+01
5.500900000000000000e+04 8.366095813610154153e+01 4.559076205856548825e+00 3.943290292770066685e+01 4.535018634951246952e+01 3.937777404403901471e+01 4.535018634951246952e+01
5.501000000000000000e+04 8.613333699995919801e+01 4.559076205856548825e+00 3.691964418561105532e+01 4.911345556622313779e+01 3.686434766411487374e+01 4.911345556622313779e+01
5.501300000000000000e+04 8.839349574320723946e+01 4.559076205856548825e+00 3.003378361091098725e+01 5.924112593493994439e+01 2.997981993502793685e+01 5.540696402444812918e+01
5.501600000000000000e+04 8.807264903707303461e+01 4.559076205856548825e+00 2.283919184544081560e+01 6.834233227169015379e+01 2.279133005233092391e+01 5.352626274411823459e+01
5.501700000000000000e+04 8.807850059286137423e+01 4.559076205856548825e+00 2.076941203571177041e+01 7.004348108186144373e+01 2.072381963252022885e+01 5.203824746052112715e+01
5.501800000000000000e+04 9.059141529872302101e+01 4.559076205856548825e+00 1.889448103543774948e+01 7.156154888197815467e+01 1.885112345149930135e+01 5.056638558647409809e+01
5.501900000000000000e+04 8.500996169338951347e+01 4.559076205856548825e+00 1.713048896191435588e+01 7.288984628146641853e+01 1.708947422377729097e+01 4.910391153426733268e+01
5.502000000000000000e+04 8.642209170252557726e+01 4.559076205856548825e+00 1.548514600303952982e+01 7.350547039291348028e+01 1.544652967884242400e+01 4.731299587597417400e+01
5.502200000000000000e+04 7.725117476131742933e+01 4.559076205856548825e+00 1.260295270002905710e+01 7.179854645195668184e+01 1.256901635586821442e+01 4.243412910872144295e+01
5.502300000000000000e+04 7.992499014693372317e+01 4.559076205856548825e+00 1.134437658934625404e+01 7.045686884632615943e+01 1.131270102647213349e+01 4.000503568380997876e+01
5.502400000000000000e+04 7.812793751307614798e+01 4.559076205856548825e+00 1.021046680651483030e+01 6.915306135946671873e+01 1.018094207449878574e+01 3.778030013082754124e+01
5.502500000000000000e+04 7.477149802103409115e+01 4.559076205856548825e+00 9.200356635936737248e+00 6.770697102791406508e+01 9.172838121572022274e+00 3.564275164661721362e+01
5.502800000000000000e+04 6.364397277360919958e+01 4.559076205856548825e+00 6.738534995589519738e+00 6.214444271825829702e+01 6.716370971383953226e+00 2.949147813129190610e+01
5.502900000000000000e+04 6.428695856443970058e+01 4.559076205856548825e+00 6.092186600444250644e+00 5.998811638827530857e+01 6.071543353043900915e+00 2.756300146493076042e+01
5.503100000000000000e+04 6.105211990405108935e+01 4.559076205856548825e+00 5.024457345711574874e+00 5.551782974848214280e+01 5.006434182654020404e+00 2.398385594802235588e+01
5.503300000000000000e+04 4.745744764743168531e+01 4.559076205856548825e+00 4.208180418860981042e+00 4.928341704831339598e+01 4.192249869357422831e+00 2.008944115779936368e+01
5.503400000000000000e+04 5.661839922820570337e+01 4.559076205856548825e+00 3.889879345937654165e+00 4.599108073919962436e+01 3.874767751706000407e+00 1.823306404186474339e+01
5.503500000000000000e+04 4.645477373606958338e+01 4.559076205856548825e+00 3.612126646571993227e+00 4.296628076771154525e+01 3.597735703756966164e+00 1.657905570601618450e+01
5.503700000000000000e+04 4.299659424709084732e+01 4.559076205856548825e+00 3.158555159816010427e+00 3.732341170472960812e+01 3.145344712025503142e+00 1.367157937902183562e+01
5.503800000000000000e+04 4.306365654087926487e+01 4.559076205856548825e+00 2.975834798358576450e+00 3.459034070161256835e+01 2.963093496324381348e+00 1.235722374307394134e+01
5.503900000000000000e+04 4.030678383050410929e+01 4.559076205856548825e+00 2.814486512609126745e+00 3.199820184685509616e+01 2.802157021713587159e+00 1.115541829830396736e+01
5.504000000000000000e+04 3.338022661715330486e+01 4.559076205856548825e+00 2.665424925493411479e+00 2.953819395759877509e+01 2.653484246384680389e+00 1.005521308469457331e+01
5.504100000000000000e+04 2.896060791608479690e+01 4.559076205856548825e+00 2.525065139888278409e+00 2.721202355711713494e+01 2.513503025968822246e+00 9.050160821177707149e+00
5.504300000000000000e+04 2.874921290793087536e+01 4.559076205856548825e+00 2.267586647820490242e+00 2.308032836797466558e+01 2.256754227528354306e+00 7.338270497257618707e+00
5.504400000000000000e+04 2.386399311338345441e+01 4.559076205856548825e+00 2.140408129932521941e+00 2.123571408580345476e+01 2.129971270706062736e+00 6.606431709122529305e+00
5.504500000000000000e+04 1.886105859274938013e+01 4.559076205856548825e+00 2.013013783674988844e+00 1.954146030060348593e+01 2.002998789726357476e+00 5.951230448472252910e+00
5.504600000000000000e+04 1.618100961092773815e+01 4.559076205856548825e+00 1.892068888229060608e+00 1.801491887428489491e+01 1.882468299899572761e+00 5.373096777107163824e+00
5.504700000000000000e+04 1.453950268379485067e+01 4.559076205856548825e+00 1.777238582474358619e+00 1.662145708329298444e+01 1.768044749775525615e+00 4.857234682435121798e+00
5.504900000000000000e+04 6.611131093381533930e+00 4.559076205856548825e+00 1.559427514440478779e+00 1.425992661113710369e+01 1.551051834533994978e+00 4.005147346123217211e+00
5.505000000000000000e+04 1.013042544134728651e+01 4.559076205856548825e+00 1.446588006375372881e+00 1.325705113717010164e+01 1.438675292267899364e+00 3.652482680507522339e+00
5.505100000000000000e+04 1.462706698478354639e+01 4.559076205856548825e+00 1.332526787482965824e+00 1.240503505342338819e+01 1.325106192803267691e+00 3.353799895485938709e+00
5.505300000000000000e+04 6.778896589379033166e+00 4.559076205856548825e+00 1.115201210336349114e+00 1.104418515396498535e+01 1.108770342350714921e+00 2.878188563005573020e+00
5.505400000000000000e+04 6.697596161413079230e+00 4.559076205856548825e+00 1.011843354172261344e+00 1.048654330539237733e+01 1.005908494057323077e+00 2.684452003223524841e+00
5.505500000000000000e+04 1.838101954045122000e+01 4.559076205856548825e+00 9.152592306278932721e-01 1.000370594970287463e+01 9.098004280595362037e-01 2.516275769620402780e+00
5.505700000000000000e+04 9.683449056268266020e+00 4.559076205856548825e+00 7.414575888504858492e-01 9.222459189863759121e+00 7.368888778080757707e-01 2.241725617370870172e+00
5.505800000000000000e+04 9.542181355978950563e+00 4.559076205856548825e+00 6.615512630384138282e-01 8.880044239581117438e+00 6.574095826676078502e-01 2.122787397107745111e+00
5.505900000000000000e+04 1.049097383436727426e+00 4.559076205856548825e+00 5.867362911891186306e-01 8.550736214103855204e+00 5.830050588127172473e-01 2.010802420775057886e+00
5.506100000000000000e+04 1.215974416840234973e+01 4.559076205856548825e+00 4.534760771186034378e-01 7.927165169785200582e+00 4.505027589097987395e-01 1.805403382022683800e+00
5.506300000000000000e+04 6.885189252979157182e+00 4.559076205856548825e+00 3.438708275106420742e-01 7.257585694742894056e+00 3.415482990769190819e-01 1.602399031781086114e+00
5.506400000000000000e+04 1.093165527025751338e+01 4.559076205856548825e+00 2.985770167685111165e-01 6.925073784206556837e+00 2.965309531914898100e-01 1.505974639919658298e+00
5.506700000000000000e+04 1.176104218384525169e+01 4.559076205856548825e+00 1.913608227779381443e-01 5.963484093416305143e+00 1.899928740845295005e-01 1.240841467627196382e+00
5.506800000000000000e+04 -1.816484535825999558e+00 4.559076205856548825e+00 1.641908957928013557e-01 5.611063827891570988e+00 1.630009885761951050e-01 1.150940233814319757e+00
5.506900000000000000e+04 7.378390927094414131e+00 4.559076205856548825e+00 1.405509545816860939e-01 5.241484047757182019e+00 1.395185175518027509e-01 1.060084954242614286e+00
5.507000000000000000e+04 -4.007752980423617828e+00 4.559076205856548825e+00 1.200491397443144148e-01 4.871817195521274790e+00 1.191554736916271978e-01 9.717203597258007308e-01
5.507200000000000000e+04 7.754262787769190979e+00 4.559076205856548825e+00 8.726372656722758414e-02 4.145952449106663273e+00 8.659693020465177027e-02 8.047267952458585505e-01
5.507400000000000000e+04 8.919299837944246079e+00 4.559076205856548825e+00 6.309410807320897652e-02 3.475802450650533171e+00 6.259957145868536021e-02 6.570018241816371063e-01
5.507600000000000000e+04 5.799563679167305530e-01 4.559076205856548825e+00 4.494774177655336961e-02 2.855156113908727811e+00 4.458659039435906163e-02 5.259276661340864800e-01
5.507800000000000000e+04 7.229824450536090907e+00 4.559076205856548825e+00 3.192035678885092598e-02 2.287860498212651361e+00 3.165759871947924908e-02 4.109535310771395000e-01
5.508000000000000000e+04 3.531919660460746790e+00 4.559076205856548825e+00 2.261992099294233768e-02 1.794118905905953909e+00 2.242927217941729015e-02 3.144487706649526926e-01
5.508200000000000000e+04 5.802376840591698226e+00 4.559076205856548825e+00 1.598939638120025833e-02 1.386341512360853345e+00 1.585148843184322476e-02 2.372247625531919146e-01
5.508300000000000000e+04 -8.638941107775719885e+00 4.559076205856548825e+00 1.344150629805253294e-02 1.213757849570285652e+00 1.332425287277213925e-02 2.052624382010224402e-01
5.508400000000000000e+04 -4.049014518293063247e+00 4.559076205856548825e+00 1.128728540147124794e-02 1.058069050680204182e+00 1.118771474028273233e-02 1.768636417959688623e-01
5.508600000000000000e+04 1.250264139160683285e+01 4.559076205856548825e+00 7.982228882513384485e-03 7.981571607017400316e-01 7.910245647124551638e-03 1.304007908609561006e-01
5.508900000000000000e+04 6.158957971895986816e+00 4.559076205856548825e+00 4.803077447231373677e-03 5.147727277534734913e-01 4.758348966942117439e-03 8.134326650551063076e-02
5.509000000000000000e+04 -5.564859361957611661e+00 4.559076205856548825e+00 4.053948990998088205e-03 4.432100165418241255e-01 4.015798901434460173e-03 6.927754416372142177e-02
5.509200000000000000e+04 -3.026333614652852333e+00 4.559076205856548825e+00 2.888085790073237607e-03 3.273206392431740608e-01 2.860340487345981557e-03 5.007965716694829511e-02
5.509300000000000000e+04 6.155266878930262031e+00 4.559076205856548825e+00 2.438080659997375350e-03 2.795033556602262714e-01 2.414419350363810127e-03 4.231565367592597660e-02
5.509500000000000000e+04 -1.899854848069043811e+00 4.559076205856548825e+00 1.736776216958373347e-03 2.028537685112219158e-01 1.719580412830072277e-03 3.008093132914495954e-02
5.509600000000000000e+04 4.157736333177765253e+00 4.559076205856548825e+00 1.466510947825166956e-03 1.725415108448546120e-01 1.451847290194205504e-03 2.532607897558340412e-02
5.509700000000000000e+04 3.370557024893088727e+00 4.559076205856548825e+00 1.238136048043514620e-03 1.467253803143407642e-01 1.225634575374692737e-03 2.132016569519628105e-02
5.509800000000000000e+04 1.804200008136598088e+00 4.559076205856548825e+00 1.044807186858751156e-03 1.247282854188523915e-01 1.034155386379047173e-03 1.794341774353383490e-02
5.510000000000000000e+04 -2.059892362827639101e+00 4.559076205856548825e+00 7.451166756817615040e-04 8.990456990911660506e-02 7.373742460977353481e-04 1.268119074547458328e-02
5.510100000000000000e+04 7.913730565156350316e+00 4.559076205856548825e+00 6.290245586218440408e-04 7.630852917248096001e-02 6.224268341795411233e-04 1.065940229821771279e-02
5.510200000000000000e+04 9.820721051338515695e-01 4.559076205856548825e+00 5.314304370221762048e-04 6.469184171421087093e-02 5.258043306838589264e-04 8.950171792226187251e-03
5.510600000000000000e+04 -1.302679851933877531e-01 4.559076205856548825e+00 2.698014714403879901e-04 3.385863724755135834e-02 2.668395524086519138e-04 4.511597543912077707e-03
5.510900000000000000e+04 3.698100864991392456e+00 4.559076205856548825e+00 1.622170924635713408e-04 2.091839847547535478e-02 1.603886617199637324e-04 2.712307255261054220e-03
5.511100000000000000e+04 -6.869532114891369723e+00 4.559076205856548825e+00 1.156457154454582970e-04 1.516409874866896275e-02 1.143196079927424701e-04 1.931535480291048318e-03
5.511200000000000000e+04 -5.780571526668686566e+00 4.559076205856548825e+00 9.758440761606501234e-05 1.291490209110685711e-02 9.645587389153405797e-05 1.630669455947835432e-03
5.511400000000000000e+04 8.529918468229768180e+00 4.559076205856548825e+00 6.958654607878823439e-05 9.359652962640789553e-03 6.876820444588222371e-05 1.161477832155364534e-03
5.511500000000000000e+04 -1.295956214447150856e+01 4.559076205856548825e+00 5.873710382175830266e-05 7.969174059852283595e-03 5.804061642466235168e-05 9.805076602997543633e-04
5.511700000000000000e+04 -2.017898867635860238e+00 4.559076205856548825e+00 4.190237815524010603e-05 5.775681285942599850e-03 4.139733072045060849e-05 6.987274722892087252e-04
5.511800000000000000e+04 4.270978055511079341e-01 4.559076205856548825e+00 3.537393284201757483e-05 4.916929452859076198e-03 3.494412016400036890e-05 5.898993968781883653e-04
5.511900000000000000e+04 1.215487481048100005e+00 4.559076205856548825e+00 2.989522724563628027e-05 4.184899268142827991e-03 2.952906681710418518e-05 4.979414673436328770e-04
5.512000000000000000e+04 9.554932030448103353e-01 4.559076205856548825e+00 2.547766315478123457e-05 3.564364461186198159e-03 2.516312410348764490e-05 4.206434645470872170e-04
