5.497400000000000000e+04 3.510383474519835012e+00 6.959426224439432929e+00 2.872527343123094101e-01 1.361878729124037428e-18 2.872527343123094101e-01 1.361878729124037428e-18
5.497600000000000000e+04 -4.838005670737933528e+00 6.959426224439432929e+00 1.958814406946931541e+00 1.361878649528380196e-18 1.958814406946931541e+00 1.361878649528380196e-18
5.498000000000000000e+04 1.043857564142376049e+01 6.959426224439432929e+00 9.740658635389692677e+00 1.361878388963412926e-18 9.740658635389692677e+00 1.361878388963412926e-18
5.498100000000000000e+04 7.559345495748770460e+00 6.959426224439432929e+00 1.261836908227294352e+01 1.361878293321106731e-18 1.261836908227294352e+01 1.361878293321106731e-18
5.498500000000000000e+04 2.981710900406435272e+01 6.959426224439432929e+00 2.761301931683333422e+01 1.361877713423546935e-18 2.761301931683333422e+01 1.361877713423546935e-18
5.498700000000000000e+04 3.255525607779021158e+01 6.959426224439432929e+00 3.698113532148148863e+01 1.361877250779591196e-18 3.698113532148148863e+01 1.361877250779591196e-18
5.498800000000000000e+04 4.738003187119497994e+01 6.959426224439432929e+00 4.209516568424355398e+01 1.361876957650400692e-18 4.209516568424355398e+01 1.361876957650400692e-18
5.498900000000000000e+04 5.003756970461449782e+01 6.959426224439432929e+00 4.711547825657126509e+01 1.361876613660269607e-18 4.711547825657126509e+01 1.361876613660269607e-18
5.499300000000000000e+04 6.778582004804357553e+01 6.959426224439432929e+00 6.549985504210982867e+01 1.172809985443463487e+00 6.549985504210982867e+01 1.172809985443463487e+00
5.499500000000000000e+04 6.820863298418151999e+01 6.959426224439432929e+00 6.925870503056015082e+01 4.188406388058739438e+00 6.925870503056015082e+01 4.188406388058739438e+00
5.499700000000000000e+04 9.106935623220886100e+01 6.959426224439432929e+00 7.366698359796477291e+01 9.046702486275524535e+00 6.841287481237441170e+01 9.046702486275524535e+00
5.499900000000000000e+04 9.219508554351126861e+01 6.959426224439432929e+00 7.503915283807144476e+01 1.577296135284117895e+01 6.504780932565140006e+01 1.577296135284117895e+01
5.500000000000000000e+04 1.066138810570654556e+02 6.959426224439432929e+00 7.534391452384639365e+01 1.983239277984976923e+01 6.320798198309262261e+01 1.983239277984976923e+01
5.500200000000000000e+04 1.011448321578208862e+02 6.959426224439432929e+00 7.503841145929503398e+01 2.928193888190937244e+01 5.914124484496770862e+01 2.928193888190937244e+01
5.500300000000000000e+04 9.824331528122073109e+01 6.959426224439432929e+00 7.357542563849486328e+01 3.451627414604166688e+01 5.628475033544589223e+01 3.451627414604166688e+01
5.500500000000000000e+04 1.187114242964833153e+02 6.959426224439432929e+00 6.920871173299124735e+01 4.622641915185185724e+01 5.000629460476246635e+01 4.622641915185185724e+01
5.500700000000000000e+04 1.292267462746895887e+02 6.959426224439432929e+00 6.508366450672302506e+01 5.889434782071408847e+01 4.455343955827151348e+01 5.889434782071408847e+01
5.500900000000000000e+04 1.296939992413287541e+02 6.959426224439432929e+00 6.054726537011438836e+01 7.085966617111323274e+01 3.937777404403901471e+01 7.085966617111323274e+01
5.501000000000000000e+04 1.349909983208972335e+02 6.959426224439432929e+00 5.809821191864504186e+01 7.673977432222363859e+01 3.686434766411487374e+01 7.673977432222363859e+01
5.501300000000000000e+04 1.378430470157818206e+02 6.959426224439432929e+00 5.070187147411923689e+01 8.848665301466941457e+01 2.997981993502793685e+01 8.657338128820018142e+01
5.501600000000000000e+04 1.274526638335022284e+02 6.959426224439432929e+00 4.117025860653058089e+01 9.102810057921605846e+01 2.279133005233092391e+01 8.363478553768472068e+01
5.501700000000000000e+04 1.243517447507183817e+02 6.959426224439432929e+00 3.823130245807331562e+01 9.029449032016984233e+01 2.072381963252022885e+01 8.130976165706424297e+01
5.501800000000000000e+04 1.251938018539744917e+02 6.959426224439432929e+00 3.550043568386348625e+01 8.948670049256338643e+01 1.885112345149930135e+01 7.900997747886577827e+01
5.501900000000000000e+04 1.137850002933515583e+02 6.959426224439432929e+00 3.283913366841044734e+01 8.859419788846638255e+01 1.708947422377729097e+01 7.672486177229268378e+01
5.502000000000000000e+04 1.133511184232964126e+02 6.959426224439432929e+00 3.027519817053115148e+01 8.699677116694751078e+01 1.544652967884242400e+01 7.392655605620964820e+01
5.502200000000000000e+04 9.564196992360734839e+01 6.959426224439432929e+00 2.560057251363238251e+01 8.095636194023261112e+01 1.256901635586821442e+01 6.630332673237724350e+01
5.502300000000000000e+04 9.831554598396907352e+01 6.959426224439432929e+00 2.347611717013496602e+01 7.770353102897530562e+01 1.131270102647213349e+01 6.250786825595308471e+01
5.502400000000000000e+04 9.431924183482419721e+01 6.959426224439432929e+00 2.151843916866063111e+01 7.468693082112967829e+01 1.018094207449878574e+01 5.903171895441801809e+01
5.502500000000000000e+04 8.817165880537038447e+01 6.959426224439432929e+00 1.973994763762299343e+01 7.169205342920363933e+01 9.172838121572022274e+00 5.569179944783939362e+01
5.502800000000000000e+04 6.960449561399182983e+01 6.959426224439432929e+00 1.522735626632169925e+01 6.237447624768237375e+01 6.716370971383953226e+00 4.608043458014359572e+01
5.502900000000000000e+04 7.050854450135933860e+01 6.959426224439432929e+00 1.399855035477801835e+01 5.924753299266443207e+01 6.071543353043900915e+00 4.306718978895430183e+01
5.503100000000000000e+04 6.591602108517878378e+01 6.959426224439432929e+00 1.192732879675493862e+01 5.321043290718272090e+01 5.006434182654020404e+00 3.747477491878492373e+01
5.503300000000000000e+04 4.705619157233152805e+01 6.959426224439432929e+00 1.030958087872377327e+01 4.595773562364694698e+01 4.192249869357422831e+00 3.138975180906150086e+01
5.503400000000000000e+04 6.230290886754740143e+01 6.959426224439432929e+00 9.677619936660905253e+00 4.234059340471776522e+01 3.874767751706000407e+00 2.848916256541365399e+01
5.503500000000000000e+04 4.800730247232526438e+01 6.959426224439432929e+00 9.123857744727663643e+00 3.907217143966283146e+01 3.597735703756966164e+00 2.590477454065029050e+01
5.503700000000000000e+04 4.522099429082265942e+01 6.959426224439432929e+00 8.218156663580234778e+00 3.316426091551780786e+01 3.145344712025503142e+00 2.136184277972161283e+01
5.503800000000000000e+04 4.665028598120413506e+01 6.959426224439432929e+00 7.855753477455198919e+00 3.040263204038160083e+01 2.963093496324381348e+00 1.930816209855303001e+01
5.503900000000000000e+04 4.375443953939979735e+01 6.959426224439432929e+00 7.536681525600863907e+00 2.783102562015928427e+01 2.802157021713587159e+00 1.743034109109994390e+01
5.504000000000000000e+04 3.446820039621111675e+01 6.959426224439432929e+00 7.238705024137408905e+00 2.543340459609932935e+01 2.653484246384680389e+00 1.571127044483526802e+01
5.504100000000000000e+04 2.897182136567014510e+01 6.959426224439432929e+00 6.953354771040149096e+00 2.320376389292265529e+01 2.513503025968822246e+00 1.414087628309016509e+01
5.504300000000000000e+04 3.092991906176536077e+01 6.959426224439432929e+00 6.416403619708617612e+00 1.932143689832627231e+01 2.256754227528354306e+00 1.146604765196502740e+01
5.504400000000000000e+04 2.450511633736381611e+01 6.959426224439432929e+00 6.137725213666590740e+00 1.762265658408434277e+01 2.129971270706062736e+00 1.032254954550394999e+01
5.504500000000000000e+04 1.781767049496216870e+01 6.959426224439432929e+00 5.848756466000962995e+00 1.608041064772353934e+01 2.002998789726357476e+00 9.298797575737893339e+00
5.504600000000000000e+04 1.458520666439268254e+01 6.959426224439432929e+00 5.569094218422895537e+00 1.470381514910232035e+01 1.882468299899572761e+00 8.395463714229940422e+00
5.504700000000000000e+04 1.286727414049128448e+01 6.959426224439432929e+00 5.298476506127295593e+00 1.345985267077920078e+01 1.768044749775525615e+00 7.589429191304875921e+00
5.504900000000000000e+04 2.086212006038248745e+00 6.959426224439432929e+00 4.767312918623687779e+00 1.137524426726276872e+01 1.551051834533994978e+00 6.258042728317525949e+00
5.505000000000000000e+04 7.995896713729450767e+00 6.959426224439432929e+00 4.477157509537701863e+00 1.049974630562146594e+01 1.438675292267899364e+00 5.707004188293002933e+00
5.505100000000000000e+04 1.528938098850696292e+01 6.959426224439432929e+00 4.174614549807413866e+00 9.756937539695732298e+00 1.325106192803267691e+00 5.240312336696778317e+00
5.505300000000000000e+04 3.936965291680413870e+00 6.959426224439432929e+00 3.578223648834227166e+00 8.572055031163939631e+00 1.108770342350714921e+00 4.497169629696206705e+00
5.505400000000000000e+04 4.044242428594939653e+00 6.959426224439432929e+00 3.284894778193594433e+00 8.087750550961873230e+00 1.005908494057323077e+00 4.194456255036756787e+00
5.505500000000000000e+04 2.206475793635190641e+01 6.959426224439432929e+00 3.005980614308707111e+00 7.667957239829172877e+00 9.098004280595362037e-01 3.931680890031879372e+00
5.505700000000000000e+04 9.049267886239997338e+00 6.959426224439432929e+00 2.491273918093542150e+00 6.986127724759686686e+00 7.368888778080757707e-01 3.502696277141983838e+00
5.505800000000000000e+04 8.937479563821323580e+00 6.959426224439432929e+00 2.247814845057084732e+00 6.688770414074184600e+00 6.574095826676078502e-01 3.316855307980851375e+00
5.505900000000000000e+04 -3.925751664763490467e+00 6.959426224439432929e+00 2.015798291350851201e+00 6.405348273803298298e+00 5.830050588127172473e-01 3.141878782461027253e+00
5.506100000000000000e+04 1.323679629914960643e+01 6.959426224439432929e+00 1.592256951090792683e+00 5.875741725648511604e+00 4.505027589097987395e-01 2.820942784410442883e+00
5.506300000000000000e+04 5.465741204298744549e+00 6.959426224439432929e+00 1.233399217626569788e+00 5.325723407033668977e+00 3.415482990769190819e-01 2.503748487157946734e+00
5.506400000000000000e+04 1.179973634575129182e+01 6.959426224439432929e+00 1.082219366767661395e+00 5.057251087680201707e+00 2.965309531914898100e-01 2.353085374874466229e+00
5.506700000000000000e+04 1.356858504416975109e+01 6.959426224439432929e+00 7.152851723534366934e-01 4.295444174262582848e+00 1.899928740845295005e-01 1.938814793167494166e+00
5.506800000000000000e+04 -6.944883826394764981e+00 6.959426224439432929e+00 6.199253597529851278e-01 4.023974792473314466e+00 1.630009885761951050e-01 1.798344115334874260e+00
5.506900000000000000e+04 7.326338157959229491e+00 6.959426224439432929e+00 5.359743370270053653e-01 3.742928079846929990e+00 1.395185175518027509e-01 1.656382741004084558e+00
5.507000000000000000e+04 -9.811101788536522150e+00 6.959426224439432929e+00 4.623232379235135969e-01 3.464486745034894177e+00 1.191554736916271978e-01 1.518313062071563468e+00
5.507200000000000000e+04 8.642200549996752912e+00 6.959426224439432929e+00 3.426467334337660597e-01 2.924678946471666929e+00 8.659693020465177027e-02 1.257385617571653791e+00
5.507400000000000000e+04 1.089884817737576306e+01 6.959426224439432929e+00 2.525016314357532710e-01 2.433165193242681656e+00 6.259957145868536021e-02 1.026565350283807909e+00
5.507600000000000000e+04 -1.374372464430193563e+00 6.959426224439432929e+00 1.832687211569734853e-01 1.984062120490840853e+00 4.458659039435906163e-02 8.217619783345098128e-01
5.507800000000000000e+04 9.206438038941447743e+00 6.959426224439432929e+00 1.325566973582035235e-01 1.578703674228523868e+00 3.165759871947924908e-02 6.421148923080304272e-01
5.508000000000000000e+04 3.943551826992495180e+00 6.959426224439432929e+00 9.563841657303531751e-02 1.229691223781630427e+00 2.242927217941729015e-02 4.913262041639884781e-01
5.508200000000000000e+04 7.729555200084472943e+00 6.959426224439432929e+00 6.880814098494507369e-02 9.440804222234059351e-01 1.585148843184322476e-02 3.706636914893623458e-01
5.508300000000000000e+04 -1.417833772261368708e+01 6.959426224439432929e+00 5.834956818044373383e-02 8.239683280972603940e-01 1.332425287277213925e-02 3.207225596890974639e-01
5.508400000000000000e+04 -7.047689544940226369e+00 6.959426224439432929e+00 4.942284863667299744e-02 7.160766697214288046e-01 1.118771474028273233e-02 2.763494403062012883e-01
5.508600000000000000e+04 1.842721887503886080e+01 6.959426224439432929e+00 3.555180803643658016e-02 5.369660066171307866e-01 7.910245647124551638e-03 2.037512357202438951e-01
5.508900000000000000e+04 8.973829478733033937e+00 6.959426224439432929e+00 2.193408539801638274e-02 3.433829736217781647e-01 4.758348966942117439e-03 1.270988539148603380e-01
5.509000000000000000e+04 -8.863995175619189482e+00 6.959426224439432929e+00 1.866543329386737005e-02 2.948408981142880969e-01 4.015798901434460173e-03 1.082461627558146955e-01
5.509200000000000000e+04 -4.893650174312258905e+00 6.959426224439432929e+00 1.351453673461229348e-02 2.165945172470513935e-01 2.860340487345981557e-03 7.824946432335670721e-02
5.509300000000000000e+04 9.161603422286640708e+00 6.959426224439432929e+00 1.150036224965290087e-02 1.844764145643766062e-01 2.414419350363810127e-03 6.611820886863432889e-02
5.509500000000000000e+04 -3.070895234933199713e+00 6.959426224439432929e+00 8.322769198097549476e-03 1.332162244784305394e-01 1.719580412830072277e-03 4.700145520178898584e-02
5.509600000000000000e+04 6.201274266370814914e+00 6.959426224439432929e+00 7.082691820483410713e-03 1.130334562279006472e-01 1.451847290194205504e-03 3.957199839934906482e-02
5.509700000000000000e+04 5.021203419987616989e+00 6.959426224439432929e+00 6.026200080202289908e-03 9.589077649003512060e-02 1.225634575374692737e-03 3.331275889874418111e-02
5.509800000000000000e+04 2.648564740191439615e+00 6.959426224439432929e+00 5.124446770585453469e-03 8.132293360452225173e-02 1.034155386379047173e-03 2.803659022427161529e-02
5.510000000000000000e+04 -3.220740942370972970e+00 6.959426224439432929e+00 3.710467206363804362e-03 5.834932891761490659e-02 7.373742460977353481e-04 1.981436053980403095e-02
5.510100000000000000e+04 1.201542894754245694e+01 6.959426224439432929e+00 3.155953020023944278e-03 4.941465731028456959e-02 6.224268341795411233e-04 1.665531609096517277e-02
5.510200000000000000e+04 1.444055347171938841e+00 6.959426224439432929e+00 2.686229164597698366e-03 4.180009919838136023e-02 5.258043306838589264e-04 1.398464342535341541e-02
5.510600000000000000e+04 -2.278530598766024817e-01 6.959426224439432929e+00 1.404216460595289571e-03 2.169373481505473128e-02 2.668395524086519138e-04 7.049371162362620333e-03
5.510900000000000000e+04 5.627153948245398496e+00 6.959426224439432929e+00 8.625060672652767619e-04 1.332293799744402145e-02 1.603886617199637324e-04 4.237980086345396677e-03
5.511100000000000000e+04 -1.049941515690899685e+01 6.959426224439432929e+00 6.235448698356145254e-04 9.621159308780989280e-03 1.143196079927424701e-04 3.018024187954762658e-03
5.511200000000000000e+04 -8.835192777147328869e+00 6.959426224439432929e+00 5.298128241114183779e-04 8.178826489988360801e-03 9.645587389153405797e-05 2.547921024918492483e-03
5.511400000000000000e+04 1.301280883568086644e+01 6.959426224439432929e+00 3.830113914817855699e-04 5.905751814687479687e-03 6.876820444588222371e-05 1.814809112742756881e-03
5.511500000000000000e+04 -1.978967104449537118e+01 6.959426224439432929e+00 3.254917769095064185e-04 5.019433199125132410e-03 5.804061642466235168e-05 1.532043219218365976e-03
5.511700000000000000e+04 -3.085341033038720315e+00 6.959426224439432929e+00 2.353355456796176034e-04 3.625194643337995709e-03 4.139733072045060849e-05 1.091761675451888552e-03
5.511800000000000000e+04 6.476857014955652581e-01 6.959426224439432929e+00 1.999921885226068870e-04 3.080933943757863201e-03 3.494412016400036890e-05 9.217178076221691852e-04
5.511900000000000000e+04 1.851794782683860996e+00 6.959426224439432929e+00 1.701346713734274547e-04 2.617849461204877458e-03 2.952906681710418518e-05 7.780335427244262957e-04
5.512000000000000000e+04 1.455451666750381845e+00 6.959426224439432929e+00 1.459461198002283194e-04 2.225992633950116782e-03 2.516312410348764490e-05 6.572554133548237122e-04
