5.497500000000000000e+04 -3.130407701987682589e+00 1.004181902168333451e+01 9.676860811788584593e-01 2.279498584667664851e-18 9.676860811788584593e-01 2.279498584667664851e-18
5.497600000000000000e+04 -8.331439051830926701e+00 1.004181902168333451e+01 2.014654457448330049e+00 2.279498485609617514e-18 2.014654457448330049e+00 2.279498485609617514e-18
5.497900000000000000e+04 -3.117907363545584509e+00 1.004181902168333451e+01 7.421511495175619366e+00 2.279498072863251428e-18 7.421511495175619366e+00 2.279498072863251428e-18
5.498000000000000000e+04 1.546493871960032962e+01 1.004181902168333451e+01 1.010928248076253944e+01 2.279497885001649794e-18 1.010928248076253944e+01 2.279497885001649794e-18
5.498100000000000000e+04 3.332874493933202587e+01 1.004181902168333451e+01 1.326427468792255127e+01 2.279497664544057483e-18 1.326427468792255127e+01 2.279497664544057483e-18
5.498200000000000000e+04 1.416040458040162520e+01 1.004181902168333451e+01 1.681188057541250913e+01 2.279497405834730840e-18 1.681188057541250913e+01 2.279497405834730840e-18
5.498400000000000000e+04 2.625881516869359800e+01 1.004181902168333451e+01 2.504964300095078400e+01 2.279496745960992233e-18 2.504964300095078400e+01 2.279496745960992233e-18
5.498500000000000000e+04 3.434975007789847012e+01 1.004181902168333451e+01 2.982457128805857849e+01 2.279496327867838250e-18 2.982457128805857849e+01 2.279496327867838250e-18
5.498700000000000000e+04 3.601954766108092798e+01 1.004181902168333451e+01 4.097582893337165899e+01 2.279495261463979831e-18 4.097582893337165899e+01 2.279495261463979831e-18
5.499000000000000000e+04 5.094873487049987659e+01 1.004181902168333451e+01 6.053040193995693841e+01 1.209607601473573046e+00 6.053040193995693841e+01 1.209607601473573046e+00
5.499200000000000000e+04 9.154958801698032289e+01 1.004181902168333451e+01 7.440742163840896239e+01 4.302310410807026031e+00 7.440742163840896239e+01 4.302310410807026031e+00
5.499300000000000000e+04 9.489715517984534188e+01 1.004181902168333451e+01 8.115791156796579742e+01 6.537636875244362322e+00 8.115791156796579742e+01 6.537636875244362322e+00
5.499400000000000000e+04 9.786585296464457429e+01 1.004181902168333451e+01 8.659722275531558466e+01 9.276889368969523986e+00 8.659722275531558466e+01 9.276889368969523986e+00
5.499600000000000000e+04 1.033079535980640600e+02 1.004181902168333451e+01 9.298895886639343189e+01 1.658034335990318908e+01 9.298895886639343189e+01 1.658034335990318908e+01
5.499700000000000000e+04 1.085759946734059582e+02 1.004181902168333451e+01 9.602629760471731402e+01 2.101485071926563819e+01 9.534931745081652821e+01 2.101485071926563819e+01
5.499800000000000000e+04 1.248871690637606093e+02 1.004181902168333451e+01 9.863784169684963388e+01 2.589679503310846798e+01 9.725679520493949326e+01 2.589679503310846798e+01
5.500000000000000000e+04 1.369911714478776048e+02 1.004181902168333451e+01 1.022499452215769935e+02 3.728071411007321956e+01 9.942624000542298290e+01 3.728071411007321956e+01
5.500200000000000000e+04 1.587966824861818509e+02 1.004181902168333451e+01 1.036108342321895606e+02 5.121978616671457729e+01 9.937735874946248771e+01 5.121978616671457729e+01
5.500300000000000000e+04 1.639895449916871257e+02 1.004181902168333451e+01 1.031740598268749380e+02 5.921981088614808897e+01 9.828909195663038645e+01 5.921981088614808897e+01
5.500400000000000000e+04 1.710949863245845677e+02 1.004181902168333451e+01 1.020215581162302669e+02 6.746366186135364273e+01 9.653818898204983157e+01 6.746366186135364273e+01
5.500500000000000000e+04 1.797841782589558477e+02 1.004181902168333451e+01 1.004061950617473542e+02 7.566300242494617123e+01 9.437559456880096320e+01 7.566300242494617123e+01
5.500900000000000000e+04 1.955592072430654014e+02 1.004181902168333451e+01 9.017081903220253025e+01 1.082465284441444737e+02 8.255133116561614770e+01 1.082465284441444737e+02
5.501200000000000000e+04 1.991992150361834035e+02 1.004181902168333451e+01 7.954012997154671893e+01 1.212962504621199855e+02 7.142612246008147281e+01 1.191866468135206389e+02
5.501300000000000000e+04 1.835431593296362394e+02 1.004181902168333451e+01 7.582115327606729238e+01 1.244400694647200964e+02 6.765517379857884350e+01 1.215709940061743595e+02
5.501400000000000000e+04 2.046966756361600233e+02 1.004181902168333451e+01 7.174937864106662744e+01 1.268978802194007187e+02 6.361888512242121152e+01 1.232616612135995240e+02
5.501600000000000000e+04 1.946320446195555292e+02 1.004181902168333451e+01 6.330950889054347641e+01 1.298086653061772893e+02 5.543739832797152900e+01 1.246601990840077718e+02
5.501700000000000000e+04 1.883028902745033974e+02 1.004181902168333451e+01 5.987996236392293525e+01 1.300849626030463639e+02 5.211031447560955598e+01 1.242216984368281061e+02
5.501800000000000000e+04 1.738144195537893495e+02 1.004181902168333451e+01 5.691195513632015235e+01 1.293853034244093294e+02 4.922327896239417555e+01 1.228613649457879831e+02
5.501900000000000000e+04 1.735174929930632857e+02 1.004181902168333451e+01 5.416712466546491811e+01 1.277924276649884519e+02 4.656333247267679099e+01 1.206727362275622966e+02
5.502000000000000000e+04 1.797350917427304751e+02 1.004181902168333451e+01 5.138545182187672822e+01 1.256257133203951781e+02 4.390417961541074021e+01 1.179694932110012076e+02
5.502100000000000000e+04 1.839181787795716048e+02 1.004181902168333451e+01 4.848122463163545603e+01 1.230508255311777788e+02 4.117301454915962466e+01 1.149148538767069141e+02
5.502200000000000000e+04 1.744063480509543069e+02 1.004181902168333451e+01 4.559697173179837648e+01 1.200422916728510643e+02 3.849145005216814042e+01 1.114909368188455971e+02
5.502500000000000000e+04 1.424250504634288461e+02 1.004181902168333451e+01 3.782979850566403002e+01 1.078339411204519678e+02 3.137059333747742329e+01 9.853247543900947392e+01
5.502900000000000000e+04 1.143940665142249031e+02 1.004181902168333451e+01 2.920560302190056490e+01 8.890739195858363075e+01 2.366167303078713857e+01 7.952360640302650552e+01
5.503100000000000000e+04 1.161377030013202472e+02 1.004181902168333451e+01 2.557948924994742157e+01 7.829146578867778317e+01 2.048817721261307412e+01 6.929674790996440947e+01
5.503200000000000000e+04 8.567852009936414959e+01 1.004181902168333451e+01 2.394717605849132980e+01 7.397710518743720343e+01 1.907229695642826428e+01 6.513789309451193787e+01
5.503300000000000000e+04 9.591277781033345207e+01 1.004181902168333451e+01 2.262392352702791953e+01 7.024161907933647342e+01 1.791710107470335345e+01 6.152909870299270523e+01
5.503400000000000000e+04 8.200832666626320133e+01 1.004181902168333451e+01 2.147933193290936416e+01 6.678928001549576265e+01 1.691552365168480421e+01 5.820416559084598873e+01
5.503500000000000000e+04 7.278054270004051318e+01 1.004181902168333451e+01 2.039049086870866034e+01 6.329885096051843618e+01 1.596874529619285887e+01 5.488022451926343592e+01
5.503600000000000000e+04 8.675070426388649025e+01 1.004181902168333451e+01 1.941880354892018801e+01 5.966484470855094457e+01 1.512367877641758973e+01 5.146626818644953261e+01
5.503700000000000000e+04 5.910545836946042186e+01 1.004181902168333451e+01 1.852455611395492596e+01 5.606279700098288998e+01 1.434788638676704053e+01 4.811431256521017019e+01
5.503900000000000000e+04 8.376684447258914190e+01 1.004181902168333451e+01 1.673617309726067148e+01 4.940453855937080618e+01 1.282170619571031622e+01 4.197496903939745039e+01
5.504000000000000000e+04 4.451269652506204011e+01 1.004181902168333451e+01 1.589267687945648433e+01 4.638534357362756566e+01 1.210962883225882791e+01 3.921324167184678089e+01
5.504200000000000000e+04 5.891161533234905789e+01 1.004181902168333451e+01 1.434775242191906663e+01 4.077950904225229323e+01 1.081543224929825442e+01 3.413368129425988684e+01
5.504400000000000000e+04 5.259105132051561071e+01 1.004181902168333451e+01 1.292985326397151802e+01 3.568476063955585431e+01 9.643386980885679804e+00 2.957709128848392055e+01
5.504500000000000000e+04 2.956162985619800310e+01 1.004181902168333451e+01 1.223968894972166765e+01 3.337264348630321820e+01 9.080561577061848411e+00 2.752609987322931318e+01
5.504600000000000000e+04 4.371472286492346626e+01 1.004181902168333451e+01 1.154627238083720364e+01 3.120093287265813586e+01 8.521234229400151960e+00 2.561022151576634798e+01
5.504700000000000000e+04 6.019875042630445705e+01 1.004181902168333451e+01 1.084237905159458393e+01 2.918538241757434903e+01 7.960046289989414880e+00 2.384037119553533302e+01
5.504800000000000000e+04 4.494965738264866673e+01 1.004181902168333451e+01 1.014445000566668753e+01 2.754978253999073701e+01 7.409034476823465276e+00 2.239637634337918826e+01
5.505000000000000000e+04 2.368892013794715723e+01 1.004181902168333451e+01 8.699088686422088657e+00 2.478948097917738735e+01 6.288194800073795498e+00 1.996093162024107315e+01
5.505200000000000000e+04 3.451445965805656613e+01 1.004181902168333451e+01 7.222475931940756766e+00 2.248493145386230196e+01 5.167770414954748759e+00 1.793485798345880156e+01
5.505400000000000000e+04 3.216930339881101020e+01 1.004181902168333451e+01 5.869315163318349349e+00 2.028233648833925429e+01 4.157327640826142812e+00 1.602713274463789261e+01
5.505600000000000000e+04 4.346107846912575212e+01 1.004181902168333451e+01 4.727932062215185915e+00 1.827576829716660001e+01 3.315520380235053022e+00 1.430812518372081854e+01
5.505800000000000000e+04 1.250647915678395705e+01 1.004181902168333451e+01 3.787477502041184607e+00 1.646506464120107438e+01 2.629827455937498115e+00 1.277252706632618029e+01
5.506000000000000000e+04 2.707531960737486543e+01 1.004181902168333451e+01 2.995901927756850380e+00 1.476612819449970004e+01 2.059888564189253035e+00 1.135070197132731273e+01
5.506100000000000000e+04 1.537311629204536167e+01 1.004181902168333451e+01 2.654024268909282558e+00 1.391943611372514944e+01 1.815959130283463896e+00 1.065154278675018951e+01
5.506200000000000000e+04 1.010420691013074901e+01 1.004181902168333451e+01 2.345079197716878561e+00 1.306144095608638267e+01 1.596812745279095003e+00 9.950057862486769267e+00
5.506400000000000000e+04 2.133050333324674597e+01 1.004181902168333451e+01 1.811859333670083227e+00 1.135823889129305897e+01 1.221917543613490142e+00 8.575491801655763524e+00
5.506500000000000000e+04 2.345580456718414197e+00 1.004181902168333451e+01 1.583818745934913563e+00 1.045726795252272190e+01 1.063036946060080368e+00 7.860243500092245483e+00
5.506700000000000000e+04 2.158005823988596816e+01 1.004181902168333451e+01 1.201827785603489351e+00 8.670226813690330658e+00 7.990344961129509649e-01 6.459713018693435949e+00
5.506800000000000000e+04 2.468045155561553727e+01 1.004181902168333451e+01 1.042468658547259119e+00 7.836219533764803735e+00 6.898283870746817481e-01 5.812788022969217927e+00
5.506900000000000000e+04 -7.456093283586771037e-01 1.004181902168333451e+01 9.004851998950269554e-01 7.036277032098246842e+00 5.930877954916861095e-01 5.196659551032679403e+00
5.507100000000000000e+04 8.858056819844554397e+00 1.004181902168333451e+01 6.659457661966353692e-01 5.660422169156293926e+00 4.345486239456022304e-01 4.144400475293815944e+00
5.507300000000000000e+04 1.714356054141848062e+01 1.004181902168333451e+01 4.886815028999467181e-01 4.528562879124371499e+00 3.159510589642119949e-01 3.287284319921872644e+00
5.507400000000000000e+04 1.369395496126084666e+01 1.004181902168333451e+01 4.178481216093821726e-01 4.030480162437366509e+00 2.689201451984696289e-01 2.913249123554294773e+00
5.507500000000000000e+04 -1.729916678389839646e+00 1.004181902168333451e+01 3.560312979680194112e-01 3.577511463855685747e+00 2.280935985444418612e-01 2.574860705236566183e+00
5.507800000000000000e+04 8.917191906063692386e+00 1.004181902168333451e+01 2.185092787472127651e-01 2.461894820743639301e+00 1.381047141620609098e-01 1.749623211387704602e+00
5.508000000000000000e+04 -1.630983004159105576e+01 1.004181902168333451e+01 1.572415689218624180e-01 1.885428903455810046e+00 9.849760017656127020e-02 1.328796182575100682e+00
5.508100000000000000e+04 6.555305548825172579e+00 1.004181902168333451e+01 1.333909640673398289e-01 1.643116280161817322e+00 8.318738014801362046e-02 1.153225912522330976e+00
5.508200000000000000e+04 5.657333712818109817e+00 1.004181902168333451e+01 1.130206550029837359e-01 1.428973316985998165e+00 7.017301316464903682e-02 9.987931201411885951e-01
5.508400000000000000e+04 1.119819678193822376e+01 1.004181902168333451e+01 8.101974624268991343e-02 1.069411431245946398e+00 4.986444254227592049e-02 7.413597443646077201e-01
5.508500000000000000e+04 4.386673591477852518e+00 1.004181902168333451e+01 6.858488622423000725e-02 9.199305724024354758e-01 4.202762805578161287e-02 6.351357169307066952e-01
5.508800000000000000e+04 -1.356151878576039582e+00 1.004181902168333451e+01 4.196589014715486343e-02 5.790198094342888790e-01 2.538464199561750803e-02 3.949388237052650075e-01
5.508900000000000000e+04 1.577512405705163268e+00 1.004181902168333451e+01 3.562436169332934555e-02 4.948130671651840840e-01 2.145658115601357940e-02 3.361501814980870639e-01
5.509000000000000000e+04 -6.517033899346930781e+00 1.004181902168333451e+01 3.024389813533267732e-02 4.213744116110383908e-01 1.813835800367798873e-02 2.851169981805523612e-01
5.509100000000000000e+04 9.035761560644063550e+00 1.004181902168333451e+01 2.568476611502895288e-02 3.579645196592585177e-01 1.533876746194622574e-02 2.412484968723941914e-01
5.509300000000000000e+04 7.321921662034206690e+00 1.004181902168333451e+01 1.849570144702505220e-02 2.581867631259728291e-01 1.095262713745783802e-02 1.726308927025761164e-01
5.509500000000000000e+04 1.351906913187045944e+01 1.004181902168333451e+01 1.333371440287446121e-02 1.855941031326855672e-01 7.830004347216196550e-03 1.231220002207015773e-01
5.509600000000000000e+04 1.189305240446538736e+00 1.004181902168333451e+01 1.131477568343696241e-02 1.573593279724862792e-01 6.616827885050855125e-03 1.039842251850170152e-01
5.509700000000000000e+04 -6.542191858035995011e+00 1.004181902168333451e+01 9.603371256732710914e-03 1.332585519996685175e-01 5.592785077591702451e-03 8.771626645581130644e-02
5.509800000000000000e+04 2.955204902356948438e+00 1.004181902168333451e+01 8.156974366974970372e-03 1.127696111670026535e-01 4.730874821351913062e-03 7.394243732673441705e-02
5.509900000000000000e+04 -3.006739427258676933e+00 1.004181902168333451e+01 6.922525051176041389e-03 9.542807691528054637e-02 3.998454947828823484e-03 6.233055317784489541e-02
5.510100000000000000e+04 -5.815407584849327627e+00 1.004181902168333451e+01 4.987091709119397670e-03 6.843497356451663793e-02 2.857113554350843541e-03 4.435764426012227257e-02
5.510400000000000000e+04 6.835480879978724111e+00 1.004181902168333451e+01 3.051077160374982954e-03 4.185374361744898658e-02 1.726894476100850886e-03 2.682072644501697772e-02
5.510700000000000000e+04 -3.252985746117366261e+01 1.004181902168333451e+01 1.855208563363728398e-03 2.557624400867983608e-02 1.037530654529236849e-03 1.620595869261173133e-02
5.510800000000000000e+04 -1.318332667447866147e+00 1.004181902168333451e+01 1.572218603448912594e-03 2.168757081055869979e-02 8.757902202812570909e-04 1.369078392182229709e-02
5.510900000000000000e+04 -9.487777424875135424e+00 1.004181902168333451e+01 1.331482129531405718e-03 1.839797189444857331e-02 7.387683124515371895e-04 1.157105150594250030e-02
5.511000000000000000e+04 -7.292390872546945513e-01 1.004181902168333451e+01 1.127435049168664999e-03 1.561987992215290756e-02 6.230988444615148105e-04 9.787505434020245254e-03
5.511100000000000000e+04 2.416544179789350366e+01 1.004181902168333451e+01 9.552231054538337608e-04 1.324854363284307286e-02 5.258591276927242816e-04 8.271034856313568689e-03
5.511400000000000000e+04 -2.049067351652714208e+01 1.004181902168333451e+01 5.808402238707360788e-04 8.094372235010973207e-03 3.160519228810185948e-04 4.998068684786028705e-03
