5.497500000000000000e+04 -3.751676430497689285e+00 1.156415317644449559e+01 9.676860811788584593e-01 2.279498802305776228e-18 9.676860811788584593e-01 2.279498802305776228e-18
5.497600000000000000e+04 -9.899901048957053362e+00 1.156415317644449559e+01 2.014654457448330049e+00 2.279498741010288571e-18 2.014654457448330049e+00 2.279498741010288571e-18
5.497900000000000000e+04 -4.715677375663926973e+00 1.156415317644449559e+01 7.421511495175619366e+00 2.279498485609617514e-18 7.421511495175619366e+00 2.279498485609617514e-18
5.498000000000000000e+04 1.627685321397007101e+01 1.156415317644449559e+01 1.010928248076253944e+01 2.279498369363932715e-18 1.010928248076253944e+01 2.279498369363932715e-18
5.498100000000000000e+04 3.637050742229993716e+01 1.156415317644449559e+01 1.326427468792255127e+01 2.279498232948373031e-18 1.326427468792255127e+01 2.279498232948373031e-18
5.498200000000000000e+04 1.375844230055785289e+01 1.156415317644449559e+01 1.681188057541250913e+01 2.279498072863251428e-18 1.681188057541250913e+01 2.279498072863251428e-18
5.498400000000000000e+04 2.644212499393210436e+01 1.156415317644449559e+01 2.504964300095078400e+01 2.279497664544057483e-18 2.504964300095078400e+01 2.279497664544057483e-18
5.498500000000000000e+04 3.503576465486893454e+01 1.156415317644449559e+01 2.982457128805857849e+01 2.279497405834730840e-18 2.982457128805857849e+01 2.279497405834730840e-18
5.498700000000000000e+04 3.526817818856613229e+01 1.156415317644449559e+01 4.097582893337165899e+01 2.279496745960992233e-18 4.097582893337165899e+01 2.279496745960992233e-18
5.499000000000000000e+04 4.810317605645278149e+01 1.156415317644449559e+01 6.053040193995693841e+01 2.279495261463979831e-18 6.053040193995693841e+01 2.279495261463979831e-18
5.499200000000000000e+04 8.958129686493793997e+01 1.156415317644449559e+01 7.440742163840896239e+01 3.875042658400934537e-01 7.440742163840896239e+01 3.875042658400934537e-01
5.499300000000000000e+04 9.066088546484220956e+01 1.156415317644449559e+01 8.115791156796579742e+01 1.209607601473573046e+00 8.115791156796579742e+01 1.209607601473573046e+00
5.499400000000000000e+04 9.140922846638363808e+01 1.156415317644449559e+01 8.659722275531558466e+01 2.518318071810412118e+00 8.659722275531558466e+01 2.518318071810412118e+00
5.499600000000000000e+04 9.231603015868385853e+01 1.156415317644449559e+01 9.298895886639343189e+01 6.537636875244362322e+00 9.298895886639343189e+01 6.537636875244362322e+00
5.499700000000000000e+04 9.896822632269049791e+01 1.156415317644449559e+01 9.943980316945653897e+01 9.276889368969523986e+00 9.534931745081652821e+01 9.276889368969523986e+00
5.499800000000000000e+04 1.186440073731741478e+02 1.156415317644449559e+01 1.056014282335233219e+02 1.263660310095317385e+01 9.725679520493949326e+01 1.263660310095317385e+01
5.500000000000000000e+04 1.345781606811148379e+02 1.156415317644449559e+01 1.164877827903535632e+02 2.101485071926563819e+01 9.942624000542298290e+01 2.101485071926563819e+01
5.500200000000000000e+04 1.608364595272007591e+02 1.156415317644449559e+01 1.249570908915741256e+02 3.131205375118847201e+01 9.937735874946248771e+01 3.131205375118847201e+01
5.500300000000000000e+04 1.669235979893146293e+02 1.156415317644449559e+01 1.278053062712065042e+02 3.728071411007321956e+01 9.828909195663038645e+01 3.728071411007321956e+01
5.500400000000000000e+04 1.753969970320339087e+02 1.156415317644449559e+01 1.296700954406893516e+02 4.387309556528447985e+01 9.653818898204983157e+01 4.387309556528447985e+01
5.500500000000000000e+04 1.863119675808391662e+02 1.156415317644449559e+01 1.308140116318149921e+02 5.121978616671457729e+01 9.437559456880096320e+01 5.121978616671457729e+01
5.500900000000000000e+04 2.094729540323122023e+02 1.156415317644449559e+01 1.285902085566802668e+02 8.417417817184538364e+01 8.255133116561614770e+01 8.417417817184538364e+01
5.501200000000000000e+04 2.268141826035339079e+02 1.156415317644449559e+01 1.204530129166813879e+02 1.082465284441444737e+02 7.142612246008147281e+01 1.082465284441444737e+02
5.501300000000000000e+04 2.117856591015536765e+02 1.156415317644449559e+01 1.169960920498823924e+02 1.140420795379653924e+02 6.765517379857884350e+01 1.129241306445840110e+02
5.501400000000000000e+04 2.382495685088348409e+02 1.156415317644449559e+01 1.127453882139548682e+02 1.185376753149350293e+02 6.361888512242121152e+01 1.162361985829917899e+02
5.501600000000000000e+04 2.311312637955439868e+02 1.156415317644449559e+01 1.030026860933710964e+02 1.263852053688188875e+02 5.543739832797152900e+01 1.215709940061743595e+02
5.501700000000000000e+04 2.265056120068558698e+02 1.156415317644449559e+01 9.905649678668619629e+01 1.293631134436727166e+02 5.211031447560955598e+01 1.232616612135995240e+02
5.501800000000000000e+04 2.129701775462651767e+02 1.156415317644449559e+01 9.568020964710179044e+01 1.316651983271813720e+02 4.922327896239417555e+01 1.242828000067787144e+02
5.501900000000000000e+04 2.160846526864274892e+02 1.156415317644449559e+01 9.250737262346697776e+01 1.332991508805295098e+02 4.656333247267679099e+01 1.246601990840077718e+02
5.502000000000000000e+04 2.263048522520829806e+02 1.156415317644449559e+01 8.910792294743765751e+01 1.340600569530248833e+02 4.390417961541074021e+01 1.242216984368281061e+02
5.502100000000000000e+04 2.334032440122939533e+02 1.156415317644449559e+01 8.533107265313331879e+01 1.338083125624577008e+02 4.117301454915962466e+01 1.228613649457879831e+02
5.502200000000000000e+04 2.241403203362175987e+02 1.156415317644449559e+01 8.142481344035648760e+01 1.326193371140909392e+02 3.849145005216814042e+01 1.206727362275622966e+02
5.502500000000000000e+04 1.925088962653053954e+02 1.156415317644449559e+01 7.039874850863309064e+01 1.258398203874310468e+02 3.137059333747742329e+01 1.114909368188455971e+02
5.502900000000000000e+04 1.625537354686092044e+02 1.156415317644449559e+01 5.715950354047249959e+01 1.096769478726482134e+02 2.366167303078713857e+01 9.387738412449559178e+01
5.503100000000000000e+04 1.658539453871304374e+02 1.156415317644449559e+01 5.125117529735160815e+01 1.004763899876143967e+02 2.048817721261307412e+01 8.456896724822354372e+01
5.503200000000000000e+04 1.296946211503311304e+02 1.156415317644449559e+01 4.852755237593608229e+01 9.526928047082574835e+01 1.907229695642826428e+01 7.952360640302650552e+01
5.503300000000000000e+04 1.394832635559370431e+02 1.156415317644449559e+01 4.635691561057997490e+01 8.961715358652013208e+01 1.791710107470335345e+01 7.419252718480018416e+01
5.503400000000000000e+04 1.216714488792261477e+02 1.156415317644449559e+01 4.449121030866137971e+01 8.438957960475465825e+01 1.691552365168480421e+01 6.929674790996440947e+01
5.503500000000000000e+04 1.100932774193978219e+02 1.156415317644449559e+01 4.268605305125313265e+01 7.996979135213230450e+01 1.596874529619285887e+01 6.513789309451193787e+01
5.503600000000000000e+04 1.260537015260758267e+02 1.156415317644449559e+01 4.107591155675017802e+01 7.614841255482377846e+01 1.512367877641758973e+01 6.152909870299270523e+01
5.503700000000000000e+04 9.436513898565738145e+01 1.156415317644449559e+01 3.958438375245158625e+01 7.260969657458038284e+01 1.434788638676704053e+01 5.820416559084598873e+01
5.503900000000000000e+04 1.219953539932856188e+02 1.156415317644449559e+01 3.647390761493713285e+01 6.522320167268750879e+01 1.282170619571031622e+01 5.146626818644953261e+01
5.504000000000000000e+04 7.596082711174889823e+01 1.156415317644449559e+01 3.496776421603059504e+01 6.145160000828643376e+01 1.210962883225882791e+01 4.811431256521017019e+01
5.504200000000000000e+04 9.095820089497887295e+01 1.156415317644449559e+01 3.215860625006342843e+01 5.444153484409849852e+01 1.081543224929825442e+01 4.197496903939745039e+01
5.504400000000000000e+04 8.228195937992765607e+01 1.156415317644449559e+01 2.950104945192546424e+01 4.820164681966459597e+01 9.643386980885679804e+00 3.660513883631880816e+01
5.504500000000000000e+04 5.496998491559815392e+01 1.156415317644449559e+01 2.816881006820356248e+01 4.528515497309459192e+01 9.080561577061848411e+00 3.413368129425988684e+01
5.504600000000000000e+04 7.040642633798235295e+01 1.156415317644449559e+01 2.679928165146347752e+01 4.249295194561175748e+01 8.521234229400151960e+00 3.179182399043226326e+01
5.504700000000000000e+04 8.843028460419562009e+01 1.156415317644449559e+01 2.537583156785726146e+01 3.982555341994360987e+01 7.960046289989414880e+00 2.957709128848392055e+01
5.504800000000000000e+04 6.962885364548192513e+01 1.156415317644449559e+01 2.393710858772125150e+01 3.733640186804824168e+01 7.409034476823465276e+00 2.752609987322931318e+01
5.505000000000000000e+04 4.237927479083668914e+01 1.156415317644449559e+01 2.085542687392474903e+01 3.280911883929572070e+01 6.288194800073795498e+00 2.384037119553533302e+01
5.505200000000000000e+04 5.263620954374755456e+01 1.156415317644449559e+01 1.758282205984203728e+01 2.951758877218997767e+01 5.167770414954748759e+00 2.114440456460600615e+01
5.505400000000000000e+04 4.819664518211651227e+01 1.156415317644449559e+01 1.450159027672975398e+01 2.676513051456502623e+01 4.157327640826142812e+00 1.890459847052198938e+01
5.505600000000000000e+04 5.978904607442483865e+01 1.156415317644449559e+01 1.184966983896007875e+01 2.438067103089070997e+01 3.315520380235053022e+00 1.698291378579737554e+01
5.505800000000000000e+04 2.273472296773749690e+01 1.156415317644449559e+01 9.624642523240055425e+00 2.203044225308687132e+01 2.629827455937498115e+00 1.513703604032353489e+01
5.506000000000000000e+04 3.838435464279457676e+01 1.156415317644449559e+01 7.715518606027266024e+00 1.994365706770598123e+01 2.059888564189253035e+00 1.351929031162281980e+01
5.506100000000000000e+04 2.446592552701785905e+01 1.156415317644449559e+01 6.879761165078902785e+00 1.896847994620101119e+01 1.815959130283463896e+00 1.277252706632618029e+01
5.506200000000000000e+04 1.803296680302214483e+01 1.156415317644449559e+01 6.118028352262324887e+00 1.802107942053011058e+01 1.596812745279095003e+00 1.205423372610709798e+01
5.506400000000000000e+04 3.031897037986179910e+01 1.156415317644449559e+01 4.786495401842763009e+00 1.613495701336918842e+01 1.221917543613490142e+00 1.065154278675018951e+01
5.506500000000000000e+04 8.215246260529903921e+00 1.156415317644449559e+01 4.209732610092524752e+00 1.517085322293357841e+01 1.063036946060080368e+00 9.950057862486769267e+00
5.506700000000000000e+04 2.996059120840189749e+01 1.156415317644449559e+01 3.232813667823387416e+00 1.324484708765732854e+01 7.990344961129509649e-01 8.575491801655763524e+00
5.506800000000000000e+04 3.323583466861266800e+01 1.156415317644449559e+01 2.820570309070959070e+00 1.221796249654338595e+01 6.898283870746817481e-01 7.860243500092245483e+00
5.506900000000000000e+04 3.628798472015445142e+00 1.156415317644449559e+01 2.450460844632999624e+00 1.117695186668630747e+01 5.930877954916861095e-01 7.145018133789109882e+00
5.507100000000000000e+04 1.395623783396469442e+01 1.156415317644449559e+01 1.832708821490577122e+00 9.208037507185538928e+00 4.345486239456022304e-01 5.812788022969217927e+00
5.507300000000000000e+04 2.276225178447599973e+01 1.156415317644449559e+01 1.359632192040693299e+00 7.437960676513016622e+00 3.159510589642119949e-01 4.637421707408826421e+00
5.507400000000000000e+04 1.850427273936309902e+01 1.156415317644449559e+01 1.168780735061588638e+00 6.688233487029159541e+00 2.689201451984696289e-01 4.144400475293815944e+00
5.507500000000000000e+04 4.821820357540183011e-01 1.156415317644449559e+01 1.001125613371409928e+00 6.003093150368894015e+00 2.280935985444418612e-01 3.697168904581446203e+00
5.507800000000000000e+04 1.206348552212870828e+01 1.156415317644449559e+01 6.239294776413586430e-01 4.257274690038138409e+00 1.381047141620609098e-01 2.574860705236566183e+00
5.508000000000000000e+04 -1.734155193204886913e+01 1.156415317644449559e+01 4.534435521728174545e-01 3.339733856751227581e+00 9.849760017656127020e-02 1.996015931598868809e+00
5.508100000000000000e+04 8.834582447287001372e+00 1.156415317644449559e+01 3.865301618577452469e-01 2.944790827086645635e+00 8.318738014801362046e-02 1.749623211387704602e+00
5.508200000000000000e+04 7.654175276494289193e+00 1.156415317644449559e+01 3.290693279343052113e-01 2.585883001672048209e+00 7.017301316464903682e-02 1.527396929516862567e+00
5.508400000000000000e+04 1.378435928683273204e+01 1.156415317644449559e+01 2.381126860278759694e-01 1.975245342968248607e+00 4.986444254227592049e-02 1.153225912522330976e+00
5.508500000000000000e+04 5.836431230529972147e+00 1.156415317644449559e+01 2.024933147355613972e-01 1.720620908067225674e+00 4.202762805578161287e-02 9.987931201411885951e-01
5.508800000000000000e+04 -1.038285953289280306e+00 1.156415317644449559e+01 1.255727470239206833e-01 1.113011830349370346e+00 2.538464199561750803e-02 6.351357169307066952e-01
5.508900000000000000e+04 2.270129161454111255e+00 1.156415317644449559e+01 1.070619029941609485e-01 9.572562999741685008e-01 2.145658115601357940e-02 5.431857799320026770e-01
5.509000000000000000e+04 -7.112352148802157714e+00 1.156415317644449559e+01 9.128310048930984855e-02 8.214607423124854479e-01 1.813835800367798873e-02 4.635259803140082679e-01
5.509100000000000000e+04 1.074544005502237809e+01 1.156415317644449559e+01 7.785191425310805657e-02 7.038204777251526600e-01 1.533876746194622574e-02 3.949388237052650075e-01
5.509300000000000000e+04 8.683575638096353799e+00 1.156415317644449559e+01 5.652979444456113223e-02 5.137523190215372848e-01 1.095262713745783802e-02 2.851169981805523612e-01
5.509500000000000000e+04 1.575229109888212875e+01 1.156415317644449559e+01 4.108481581027809831e-02 3.717389855389363063e-01 7.830004347216196550e-03 2.040615828835353474e-01
5.509600000000000000e+04 1.526552009633595608e+00 1.156415317644449559e+01 3.500301951191903127e-02 3.161907430740383829e-01 6.616827885050855125e-03 1.726308927025761164e-01
5.509700000000000000e+04 -7.400103512259997629e+00 1.156415317644449559e+01 2.982576354028879106e-02 2.685749247539667706e-01 5.592785077591702451e-03 1.458457370371799289e-01
5.509800000000000000e+04 3.517333634621211846e+00 1.156415317644449559e+01 2.543223686462361965e-02 2.279480712086069116e-01 4.730874821351913062e-03 1.231220002207015773e-01
5.509900000000000000e+04 -3.365214074889696594e+00 1.156415317644449559e+01 2.166642782580004145e-02 1.935458383368721669e-01 3.998454947828823484e-03 1.039842251850170152e-01
5.510100000000000000e+04 -6.626752835420671950e+00 1.156415317644449559e+01 1.572698155992421909e-02 1.390931188553201081e-01 2.857113554350843541e-03 7.394243732673441705e-02
5.510400000000000000e+04 7.914510125468516399e+00 1.156415317644449559e+01 9.727941962771312692e-03 8.475858665224163258e-02 1.726894476100850886e-03 4.435764426012227257e-02
5.510700000000000000e+04 -3.743493196043041848e+01 1.156415317644449559e+01 5.978147878332009182e-03 5.204561966655543714e-02 1.037530654529236849e-03 2.682072644501697772e-02
5.510800000000000000e+04 -1.495672020082924103e+00 1.156415317644449559e+01 5.083787070688641774e-03 4.422131681296693345e-02 8.757902202812570909e-04 2.267294750459748418e-02
5.510900000000000000e+04 -1.090693378347756592e+01 1.156415317644449559e+01 4.320095460722854323e-03 3.758573231956648109e-02 7.387683124515371895e-04 1.917345932743277914e-02
5.511000000000000000e+04 -8.234781182583537085e-01 1.156415317644449559e+01 3.670426053184999444e-03 3.192897981618363773e-02 6.230988444615148105e-04 1.620595869261173133e-02
5.511100000000000000e+04 2.784278153321851335e+01 1.156415317644449559e+01 3.120185134164779259e-03 2.710912124360033079e-02 5.258591276927242816e-04 1.369078392182229709e-02
5.511400000000000000e+04 -2.358849945042911500e+01 1.156415317644449559e+01 1.915969966889310809e-03 1.662312585421901398e-02 3.160519228810185948e-04 8.271034856313568689e-03
