5.497600000000000000e+04 -4.248711042348338296e+00 6.272905362955008002e+00 1.164140563987932975e+00 8.960306594862700832e-19 1.164140563987932975e+00 8.960306594862700832e-19
5.497900000000000000e+04 4.147444917695842115e+00 6.272905362955008002e+00 4.289077145657377521e+00 8.960306594113178972e-19 4.289077145657377521e+00 8.960306594113178972e-19
5.498300000000000000e+04 1.252551225675033564e+01 6.272905362955008002e+00 1.143383206421574805e+01 8.960306592350573665e-19 1.143383206421574805e+01 8.960306592350573665e-19
5.499200000000000000e+04 4.142124597118285578e+01 6.272905362955008002e+00 3.733751665722944324e+01 8.960306580341437497e-19 3.733751665722944324e+01 8.960306580341437497e-19
5.499500000000000000e+04 4.146109565316261580e+01 6.272905362955008002e+00 4.526446668391263017e+01 5.692856059696972670e-04 4.526446668391263017e+01 5.692856059696972670e-04
5.499600000000000000e+04 3.374940556887916188e+01 6.272905362955008002e+00 4.750204251648135312e+01 1.414274411638661300e-01 4.750204251648135312e+01 1.414274411638661300e-01
5.499800000000000000e+04 5.408935842330109267e+01 6.272905362955008002e+00 5.397681728826338343e+01 9.313124511903465574e-01 5.091672227927872996e+01 9.313124511903465574e-01
5.500200000000000000e+04 7.361318424650971792e+01 6.272905362955008002e+00 6.998999170613936371e+01 4.563436508517902723e+00 5.381775602163734362e+01 4.563436508517902723e+00
5.500700000000000000e+04 9.765027557411183068e+01 6.272905362955008002e+00 8.342206131389274049e+01 1.307602453554221000e+01 5.210622193247517231e+01 1.307602453554221000e+01
5.501100000000000000e+04 1.055879051284808554e+02 6.272905362955008002e+00 8.818584826088752493e+01 2.257211756982848527e+01 4.789065290588005297e+01 2.257211756982848527e+01
5.501600000000000000e+04 1.170383059181112202e+02 6.272905362955008002e+00 8.635309107446248333e+01 3.420387990938652933e+01 4.031611703369087962e+01 3.420387990938652933e+01
5.502200000000000000e+04 1.285480733339731785e+02 6.272905362955008002e+00 7.932278589832286286e+01 4.613532136077731138e+01 3.169741694238675578e+01 4.239599463405377122e+01
5.502800000000000000e+04 1.265858535161549838e+02 6.272905362955008002e+00 7.537588693487474245e+01 4.965872689944320229e+01 2.632666932167046880e+01 4.221245061156341194e+01
5.503000000000000000e+04 1.245725516348599768e+02 6.272905362955008002e+00 7.466379576330923840e+01 4.944361517182111498e+01 2.502725028100064719e+01 4.100482266696061373e+01
5.503300000000000000e+04 1.199216716221630321e+02 6.272905362955008002e+00 7.320141948326089221e+01 4.788682165364758703e+01 2.313864568316503068e+01 3.831252232470404806e+01
5.503800000000000000e+04 1.215459402722125191e+02 6.272905362955008002e+00 6.765761495207469522e+01 4.268347942590921207e+01 1.953108020902245556e+01 3.225289362695270512e+01
5.504200000000000000e+04 1.195267133458135760e+02 6.272905362955008002e+00 6.137919871557500784e+01 3.782816993404785677e+01 1.656882135661357935e+01 2.736808705979442635e+01
5.504400000000000000e+04 8.806761986424184840e+01 6.272905362955008002e+00 5.802280350470517334e+01 3.579525900469852218e+01 1.517055024046465839e+01 2.535793355390940462e+01
5.504600000000000000e+04 8.160540946810360197e+01 6.272905362955008002e+00 5.485399871312469600e+01 3.410409392046971533e+01 1.390504162668881349e+01 2.366696316479508511e+01
5.505000000000000000e+04 8.198965865915413076e+01 6.272905362955008002e+00 4.973919187799478436e+01 3.158779091891310387e+01 1.188425964160150627e+01 2.106133545733638002e+01
5.505600000000000000e+04 7.732617385530073761e+01 6.272905362955008002e+00 4.523545615217939542e+01 2.850648823768725393e+01 9.950825172612551839e+00 1.795118906655368463e+01
5.505900000000000000e+04 6.928324083082873130e+01 6.272905362955008002e+00 4.346049300442464869e+01 2.647867171917862095e+01 9.195652533626304859e+00 1.622368220034227093e+01
5.506300000000000000e+04 6.859527455483096503e+01 6.272905362955008002e+00 4.155796402547969137e+01 2.340396431362027840e+01 8.367487622413662507e+00 1.384112857863875767e+01
5.506500000000000000e+04 5.427672315122654823e+01 6.272905362955008002e+00 4.074610624634445344e+01 2.181873658577589481e+01 8.010164788539839265e+00 1.268309979990460690e+01
5.506700000000000000e+04 6.970142736754968382e+01 6.272905362955008002e+00 3.993850186022897475e+01 2.032589614262503375e+01 7.670155917078735897e+00 1.161678924537065605e+01
5.507000000000000000e+04 5.520776694851207367e+01 6.272905362955008002e+00 3.879101460669912171e+01 1.837691027821666268e+01 7.200455628366551508e+00 1.024468183644590624e+01
5.507400000000000000e+04 5.172601211984052583e+01 6.272905362955008002e+00 3.716368916824617941e+01 1.652072953444304204e+01 6.603708294373577203e+00 8.917591241737580887e+00
5.507900000000000000e+04 5.397095971161332528e+01 6.272905362955008002e+00 3.462339871169188399e+01 1.492379813976579150e+01 5.840457257125583723e+00 7.748194870342034690e+00
5.508300000000000000e+04 4.220587432548599338e+01 6.272905362955008002e+00 3.180005379848130431e+01 1.392199783050853235e+01 5.155149271873892936e+00 7.013954269992709989e+00
5.509100000000000000e+04 3.943542340571412552e+01 6.272905362955008002e+00 2.298769393264546679e+01 1.236866500533627722e+01 3.457107999615824934e+00 5.882837101230095733e+00
