5.497400000000000000e+04 4.080110468248395073e+00 8.189588231665453577e+00 2.872527343123094101e-01 1.361878388963412926e-18 2.872527343123094101e-01 1.361878388963412926e-18
5.497600000000000000e+04 -6.039425092378890803e+00 8.189588231665453577e+00 1.958814406946931541e+00 1.361878181083838162e-18 1.958814406946931541e+00 1.361878181083838162e-18
5.498000000000000000e+04 1.056194083811268669e+01 8.189588231665453577e+00 9.740658635389692677e+00 1.361877500567910188e-18 9.740658635389692677e+00 1.361877500567910188e-18
5.498100000000000000e+04 6.665102434740727944e+00 8.189588231665453577e+00 1.261836908227294352e+01 1.361877250779591196e-18 1.261836908227294352e+01 1.361877250779591196e-18
5.498500000000000000e+04 3.018730344922949627e+01 8.189588231665453577e+00 2.761301931683333422e+01 -1.940482729049532867e-02 2.761301931683333422e+01 -1.940482729049532867e-02
5.498700000000000000e+04 3.294573885426929394e+01 8.189588231665453577e+00 3.698113532148148863e+01 1.172809985443463487e+00 3.698113532148148863e+01 1.172809985443463487e+00
5.498800000000000000e+04 5.076271332766844324e+01 8.189588231665453577e+00 4.209516568424355398e+01 2.448518008683664426e+00 4.209516568424355398e+01 2.448518008683664426e+00
5.498900000000000000e+04 5.474249078297909676e+01 8.189588231665453577e+00 4.711547825657126509e+01 4.188406388058739438e+00 4.711547825657126509e+01 4.188406388058739438e+00
5.499300000000000000e+04 8.258273490860848653e+01 8.189588231665453577e+00 6.549985504210982867e+01 1.577296135284117895e+01 6.549985504210982867e+01 1.577296135284117895e+01
5.499500000000000000e+04 8.743926945369373982e+01 8.189588231665453577e+00 6.925870503056015082e+01 2.434500671405781702e+01 6.925870503056015082e+01 2.434500671405781702e+01
5.499700000000000000e+04 1.193978328205531483e+02 8.189588231665453577e+00 7.504892366917474078e+01 3.451627414604166688e+01 6.841287481237441170e+01 3.451627414604166688e+01
5.499900000000000000e+04 1.255209316034112561e+02 8.189588231665453577e+00 7.766708433482776286e+01 4.622641915185185724e+01 6.504780932565140006e+01 4.622641915185185724e+01
5.500000000000000000e+04 1.446141767348081828e+02 8.189588231665453577e+00 7.853591761399258075e+01 5.261895710530443893e+01 6.320798198309262261e+01 5.261895710530443893e+01
5.500200000000000000e+04 1.403794924895967995e+02 8.189588231665453577e+00 7.921969746983425864e+01 6.489662410672829651e+01 5.914124484496770862e+01 6.489662410672829651e+01
5.500300000000000000e+04 1.373936951206791832e+02 8.189588231665453577e+00 7.812323346559890069e+01 7.085966617111323274e+01 5.628475033544589223e+01 7.085966617111323274e+01
5.500500000000000000e+04 1.599895838355105298e+02 8.189588231665453577e+00 7.425934748807226526e+01 8.187481880263729295e+01 5.000629460476246635e+01 8.187481880263729295e+01
5.500700000000000000e+04 1.673370115310077892e+02 8.189588231665453577e+00 7.048354138118553180e+01 9.067695956126088674e+01 4.455343955827151348e+01 8.657338128820018142e+01
5.500900000000000000e+04 1.617760510166277470e+02 8.189588231665453577e+00 6.611528261994149602e+01 9.767648201336757552e+01 3.937777404403901471e+01 8.551609351546802884e+01
5.501000000000000000e+04 1.633551602647047503e+02 8.189588231665453577e+00 6.368316058975845095e+01 9.949194087562976563e+01 3.686434766411487374e+01 8.363478553768472068e+01
5.501300000000000000e+04 1.567510669021606873e+02 8.189588231665453577e+00 5.615220273830733078e+01 1.021821709083393728e+02 2.997981993502793685e+01 7.672486177229268378e+01
5.501600000000000000e+04 1.381508494221497187e+02 8.189588231665453577e+00 4.600429971062996515e+01 9.773110360352406190e+01 2.279133005233092391e+01 6.630332673237724350e+01
5.501700000000000000e+04 1.330237448946741949e+02 8.189588231665453577e+00 4.283613518041931911e+01 9.509947076460701965e+01 2.072381963252022885e+01 6.250786825595308471e+01
5.501800000000000000e+04 1.327317086706759994e+02 8.189588231665453577e+00 3.987955166164677223e+01 9.260896069569098188e+01 1.885112345149930135e+01 5.903171895441801809e+01
5.501900000000000000e+04 1.179904429935956500e+02 8.189588231665453577e+00 3.698162222025406010e+01 9.000908626759803610e+01 1.708947422377729097e+01 5.569179944783939362e+01
5.502000000000000000e+04 1.167833938714117039e+02 8.189588231665453577e+00 3.417544691443887217e+01 8.722185526914665843e+01 1.544652967884242400e+01 5.242958359530334889e+01
5.502200000000000000e+04 9.721166409186037072e+01 8.189588231665453577e+00 2.902814327387763882e+01 8.102783616572449432e+01 1.256901635586821442e+01 4.608043458014359572e+01
5.502300000000000000e+04 1.010757137278953905e+02 8.189588231665453577e+00 2.667534902042129019e+01 7.777073132089368812e+01 1.131270102647213349e+01 4.306718978895430183e+01
5.502400000000000000e+04 9.691340283881025641e+01 8.189588231665453577e+00 2.450043710228132809e+01 7.463248965174474847e+01 1.018094207449878574e+01 4.027222623124582412e+01
5.502500000000000000e+04 8.990722796148504870e+01 8.189588231665453577e+00 2.251931758845931597e+01 7.122455721064261525e+01 9.172838121572022274e+00 3.747477491878492373e+01
5.502800000000000000e+04 6.625262193921730614e+01 8.189588231665453577e+00 1.746592271108397298e+01 5.819766128862700327e+01 6.716370971383953226e+00 2.848916256541365399e+01
5.502900000000000000e+04 6.700824643530451397e+01 8.189588231665453577e+00 1.608351834221329213e+01 5.414615974486722649e+01 6.071543353043900915e+00 2.590477454065029050e+01
5.503100000000000000e+04 6.133912079506485782e+01 8.189588231665453577e+00 1.374766826556793831e+01 4.667562647369172879e+01 5.006434182654020404e+00 2.136184277972161283e+01
5.503300000000000000e+04 4.081695632366997017e+01 8.189588231665453577e+00 1.191856637858315260e+01 3.973769161948965234e+01 4.192249869357422831e+00 1.743034109109994390e+01
5.503400000000000000e+04 5.986979827547715161e+01 8.189588231665453577e+00 1.120389095405789703e+01 3.656326857922064022e+01 3.874767751706000407e+00 1.571127044483526802e+01
5.503500000000000000e+04 4.393418137019742176e+01 8.189588231665453577e+00 1.057734296904548010e+01 3.357892482182590754e+01 3.597735703756966164e+00 1.414087628309016509e+01
5.503700000000000000e+04 4.238376112040176480e+01 8.189588231665453577e+00 9.552411890421453222e+00 2.831425807176243836e+01 3.145344712025503142e+00 1.146604765196502740e+01
5.503800000000000000e+04 4.499768714230521027e+01 8.189588231665453577e+00 9.142624982908879261e+00 2.597979269612433484e+01 2.963093496324381348e+00 1.032254954550394999e+01
5.503900000000000000e+04 4.249512472502820515e+01 8.189588231665453577e+00 8.781960106050380688e+00 2.384397674370710618e+01 2.802157021713587159e+00 9.298797575737893339e+00
5.504000000000000000e+04 3.248387800041896156e+01 8.189588231665453577e+00 8.444713614119246259e+00 2.192559303608291543e+01 2.653484246384680389e+00 8.395463714229940422e+00
5.504100000000000000e+04 2.690660769276009745e+01 8.189588231665453577e+00 8.121128276905263732e+00 2.018029221967966436e+01 2.513503025968822246e+00 7.589429191304875921e+00
5.504300000000000000e+04 3.085371679779847298e+01 8.189588231665453577e+00 7.510478069214364005e+00 1.723339806524080231e+01 2.256754227528354306e+00 6.258042728317525949e+00
5.504400000000000000e+04 2.405468342434508244e+01 8.189588231665453577e+00 7.191847995539021099e+00 1.598646013224635709e+01 2.129971270706062736e+00 5.707004188293002933e+00
5.504500000000000000e+04 1.694957164683475170e+01 8.189588231665453577e+00 6.860270854812774211e+00 1.492755372231444255e+01 2.002998789726357476e+00 5.240312336696778317e+00
5.504600000000000000e+04 1.387234056695213447e+01 8.189588231665453577e+00 6.538753639701166520e+00 1.402665926117572148e+01 1.882468299899572761e+00 4.843459689632500620e+00
5.504700000000000000e+04 1.253165306707476745e+01 8.189588231665453577e+00 6.227053608709400834e+00 1.323696908804781636e+01 1.768044749775525615e+00 4.497169629696206705e+00
5.504900000000000000e+04 1.017516786660504380e+00 8.189588231665453577e+00 5.613256589178528877e+00 1.194523288009485285e+01 1.551051834533994978e+00 3.931680890031879372e+00
5.505000000000000000e+04 8.490009462363730108e+00 8.189588231665453577e+00 5.276341634392520241e+00 1.142865161532313856e+01 1.438675292267899364e+00 3.703866870405477130e+00
5.505100000000000000e+04 1.749588348182623676e+01 8.189588231665453577e+00 4.924094612456942244e+00 1.097394743628583491e+01 1.325106192803267691e+00 3.502696277141983838e+00
5.505300000000000000e+04 4.703982667411825247e+00 8.189588231665453577e+00 4.227741315383275911e+00 1.014135633402770331e+01 1.108770342350714921e+00 3.141878782461027253e+00
5.505400000000000000e+04 5.011646965427683398e+00 8.189588231665453577e+00 3.884315649802353221e+00 9.751117273808640462e+00 1.005908494057323077e+00 2.977258571631851591e+00
5.505500000000000000e+04 2.633446824174179568e+01 8.189588231665453577e+00 3.557319673712786567e+00 9.372864495482136959e+00 9.098004280595362037e-01 2.820942784410442883e+00
5.505700000000000000e+04 1.100521228329260381e+01 8.189588231665453577e+00 2.952713733376959304e+00 8.556310080013565411e+00 7.368888778080757707e-01 2.503748487157946734e+00
5.505800000000000000e+04 1.082014715313751196e+01 8.189588231665453577e+00 2.666124562508484175e+00 8.152970206865049363e+00 6.574095826676078502e-01 2.353085374874466229e+00
5.505900000000000000e+04 -4.374549269215984637e+00 8.189588231665453577e+00 2.392652761367392245e+00 7.762158462702002382e+00 5.830050588127172473e-01 2.210055937219407074e+00
5.506100000000000000e+04 1.567436880139805666e+01 8.189588231665453577e+00 1.892562090180064605e+00 6.993304958955149253e+00 4.505027589097987395e-01 1.938814793167494166e+00
5.506300000000000000e+04 6.312922527400077755e+00 8.189588231665453577e+00 1.467974589432598176e+00 6.131597630648919939e+00 3.415482990769190819e-01 1.656382741004084558e+00
5.506400000000000000e+04 1.364211685708762190e+01 8.189588231665453577e+00 1.288871788046810796e+00 5.692459332318705378e+00 2.965309531914898100e-01 1.518313062071563468e+00
5.506700000000000000e+04 1.534950399696855783e+01 8.189588231665453577e+00 8.534479903877064677e-01 4.425496732188599402e+00 1.899928740845295005e-01 1.137250535074420199e+00
5.506800000000000000e+04 -8.853698870292340928e+00 8.189588231665453577e+00 7.401059886302138180e-01 4.043435601697861870e+00 1.630009885761951050e-01 1.026565350283807909e+00
5.506900000000000000e+04 7.898090070621245573e+00 8.189588231665453577e+00 6.402504770452228655e-01 3.671733055898189324e+00 1.395185175518027509e-01 9.211110972600947688e-01
5.507000000000000000e+04 -1.229900972724369268e+01 8.189588231665453577e+00 5.525835092449212782e-01 3.314659115810078660e+00 1.191554736916271978e-01 8.217619783345098128e-01
5.507200000000000000e+04 9.385848719011001151e+00 8.189588231665453577e+00 4.099931660539237743e-01 2.650907121404472822e+00 8.659693020465177027e-02 6.421148923080304272e-01
5.507400000000000000e+04 1.204237826242811593e+01 8.189588231665453577e+00 3.024498295026383232e-01 2.074968825425356211e+00 6.259957145868536021e-02 4.913262041639884781e-01
5.507600000000000000e+04 -2.347470988917042423e+00 8.189588231665453577e+00 2.197450107585985912e-01 1.600525819851066345e+00 4.458659039435906163e-02 3.706636914893623458e-01
5.507800000000000000e+04 1.019861023667141708e+01 8.189588231665453577e+00 1.590952623647429731e-01 1.219474810183204916e+00 3.165759871947924908e-02 2.763494403062012883e-01
5.508000000000000000e+04 4.114347359406667515e+00 8.189588231665453577e+00 1.148939467390650837e-01 9.184290701325713568e-01 2.242927217941729015e-02 2.037512357202438951e-01
5.508200000000000000e+04 8.672156261079521755e+00 8.189588231665453577e+00 8.273684387000571072e-02 6.855014401479312403e-01 1.585148843184322476e-02 1.489443421145340285e-01
5.508300000000000000e+04 -1.706163061527455582e+01 8.189588231665453577e+00 7.019216413376362651e-02 5.909842509333176341e-01 1.332425287277213925e-02 1.270988539148603380e-01
5.508400000000000000e+04 -8.626330525162616780e+00 8.189588231665453577e+00 5.947948541671314177e-02 5.084538756966128226e-01 1.118771474028273233e-02 1.082461627558146955e-01
5.508600000000000000e+04 2.142852704345533610e+01 8.189588231665453577e+00 4.282211481070875847e-02 3.749714330375252813e-01 7.910245647124551638e-03 7.824946432335670721e-02
5.508900000000000000e+04 1.038853642157521762e+01 8.189588231665453577e+00 2.645166190723123242e-02 2.319145802566672243e-01 4.758348966942117439e-03 4.700145520178898584e-02
5.509000000000000000e+04 -1.058008444876649889e+01 8.189588231665453577e+00 2.251859233979373182e-02 1.971318672261972993e-01 4.015798901434460173e-03 3.957199839934906482e-02
5.509200000000000000e+04 -5.870803331040898243e+00 8.189588231665453577e+00 1.631681231006515409e-02 1.423249466144924091e-01 2.860340487345981557e-03 2.803659022427161529e-02
5.509300000000000000e+04 1.068504654080632044e+01 8.189588231665453577e+00 1.389015452264300184e-02 1.207477610118552203e-01 2.414419350363810127e-03 2.356605663996549915e-02
5.509500000000000000e+04 -3.683293507727825489e+00 8.189588231665453577e+00 1.005954541505592326e-02 8.691743255231085263e-02 1.719580412830072277e-03 1.665531609096517277e-02
5.509600000000000000e+04 7.238282563585532792e+00 8.189588231665453577e+00 8.563721241210521876e-03 7.364313227791108307e-02 1.451847290194205504e-03 1.398464342535341541e-02
5.509700000000000000e+04 5.858505070263088754e+00 8.189588231665453577e+00 7.288848819753298777e-03 6.238693207941051894e-02 1.225634575374692737e-03 1.174143337211776446e-02
5.509800000000000000e+04 3.074209149749415282e+00 8.189588231665453577e+00 6.200278619035576311e-03 5.300655608138160613e-02 1.034155386379047173e-03 9.887807058905687813e-03
5.510000000000000000e+04 -3.820124117772324635e+00 8.189588231665453577e+00 4.492452594350452612e-03 3.845854931338550664e-02 7.373742460977353481e-04 7.049371162362620333e-03
5.510100000000000000e+04 1.411399076223537463e+01 8.189588231665453577e+00 3.822323188696562148e-03 3.273149295635309486e-02 6.224268341795411233e-04 5.947936208677647232e-03
5.510200000000000000e+04 1.678075698082384992e+00 8.189588231665453577e+00 3.254465904767745322e-03 2.786161277815228654e-02 5.258043306838589264e-04 5.019748626793075000e-03
5.510600000000000000e+04 -2.789811735362275336e-01 8.189588231665453577e+00 1.703370282800629326e-03 1.462506668303214727e-02 2.668395524086519138e-04 2.547921024918492483e-03
5.510900000000000000e+04 6.615186931672076831e+00 8.189588231665453577e+00 1.047177572369643265e-03 9.011784624086272358e-03 1.603886617199637324e-04 1.532043219218365976e-03
5.511100000000000000e+04 -1.236008527868622764e+01 8.189588231665453577e+00 7.574817225599117044e-04 6.525459534175936938e-03 1.143196079927424701e-04 1.091761675451888552e-03
5.511200000000000000e+04 -1.040097041143231138e+01 8.189588231665453577e+00 6.437947302890440230e-04 5.552796760238995488e-03 9.645587389153405797e-05 9.217178076221691852e-04
5.511400000000000000e+04 1.531006594456770564e+01 8.189588231665453577e+00 4.656638964052915242e-04 4.021877325400835708e-03 6.876820444588222371e-05 6.572554133548237122e-04
5.511500000000000000e+04 -2.329020430948699172e+01 8.189588231665453577e+00 3.958370040161972173e-04 3.422176774673929035e-03 5.804061642466235168e-05 5.549535845804704675e-04
5.511700000000000000e+04 -3.632492798122918476e+00 8.189588231665453577e+00 2.863453365933568348e-04 2.475826067836955652e-03 4.139733072045060849e-05 3.954109412969871438e-04
5.511800000000000000e+04 7.606587438138425750e-01 8.189588231665453577e+00 2.434032690023445970e-04 2.104296710294628527e-03 3.494412016400036890e-05 3.335494405108148787e-04
5.511900000000000000e+04 2.177837414214592204e+00 8.189588231665453577e+00 2.071168746551687949e-04 1.789383255859392993e-03 2.952906681710418518e-05 2.815177709731275248e-04
5.512000000000000000e+04 1.711628482362923531e+00 8.189588231665453577e+00 1.777145639808814864e-04 1.521779934518314743e-03 2.516312410348764490e-05 2.376444397711154283e-04
