5.497600000000000000e+04 -3.809124765315373917e+00 5.763472754188565972e+00 1.164140563987932975e+00 8.960306593772031297e-19 1.164140563987932975e+00 8.960306593772031297e-19
5.497900000000000000e+04 4.158947095905312530e+00 5.763472754188565972e+00 4.289077145657377521e+00 8.960306592350573665e-19 4.289077145657377521e+00 8.960306592350573665e-19
5.498300000000000000e+04 1.243685517422748354e+01 5.763472754188565972e+00 1.143383206421574805e+01 8.960306589007829505e-19 1.143383206421574805e+01 8.960306589007829505e-19
5.499200000000000000e+04 4.123102726793187145e+01 5.763472754188565972e+00 3.733751665722944324e+01 1.414274411638661300e-01 3.733751665722944324e+01 1.414274411638661300e-01
5.499500000000000000e+04 4.335668249832458798e+01 5.763472754188565972e+00 4.526446668391263017e+01 1.587232095280796784e+00 4.526446668391263017e+01 1.587232095280796784e+00
5.499600000000000000e+04 3.716282425300214243e+01 5.763472754188565972e+00 4.750204251648135312e+01 2.426487086150368899e+00 4.750204251648135312e+01 2.426487086150368899e+00
5.499800000000000000e+04 5.537961523598659852e+01 5.763472754188565972e+00 5.156845632445348571e+01 4.563436508517902723e+00 5.091672227927872996e+01 4.563436508517902723e+00
5.500200000000000000e+04 6.742300343038452581e+01 5.763472754188565972e+00 5.726209240702214487e+01 1.102479628531949452e+01 5.381775602163734362e+01 1.102479628531949452e+01
5.500700000000000000e+04 8.240655447659243293e+01 5.763472754188565972e+00 5.877581833983199289e+01 2.257211756982848527e+01 5.210622193247517231e+01 2.257211756982848527e+01
5.501100000000000000e+04 8.380049790608353533e+01 5.763472754188565972e+00 5.647265790661376172e+01 3.207803185965695292e+01 4.789065290588005297e+01 3.207803185965695292e+01
5.501600000000000000e+04 9.777222358680366199e+01 5.763472754188565972e+00 5.012099669628450727e+01 5.088413557701999679e+01 4.031611703369087962e+01 4.073337782342299107e+01
5.502200000000000000e+04 1.143542795586484289e+02 5.763472754188565972e+00 4.184059036395051123e+01 6.967466417304379434e+01 3.169741694238675578e+01 4.292955278684152631e+01
5.502800000000000000e+04 1.166947161269687427e+02 5.763472754188565972e+00 3.677309170850931963e+01 7.849636337526200691e+01 2.632666932167046880e+01 3.931107941469451816e+01
5.503000000000000000e+04 1.148190350689565378e+02 5.763472754188565972e+00 3.559876079969532725e+01 7.879290838461267299e+01 2.502725028100064719e+01 3.714193852390528150e+01
5.503300000000000000e+04 1.100540289580874429e+02 5.763472754188565972e+00 3.380093361396748008e+01 7.732492589552732909e+01 2.313864568316503068e+01 3.349864657779635024e+01
5.503800000000000000e+04 1.117747881427085304e+02 5.763472754188565972e+00 2.978099110271744365e+01 7.169891447924943861e+01 1.953108020902245556e+01 2.736808705979442635e+01
5.504200000000000000e+04 1.126821582148264298e+02 5.763472754188565972e+00 2.611246245802299981e+01 6.790051731979708904e+01 1.656882135661357935e+01 2.366696316479508511e+01
5.504400000000000000e+04 8.568878060703092103e+01 5.763472754188565972e+00 2.429715326512819829e+01 6.667506740551971234e+01 1.517055024046465839e+01 2.227253721456430569e+01
5.504600000000000000e+04 8.154417987181457761e+01 5.763472754188565972e+00 2.262628373494803569e+01 6.567345622306629593e+01 1.390504162668881349e+01 2.106133545733638002e+01
5.505000000000000000e+04 8.468126967084150181e+01 5.763472754188565972e+00 1.994654138246396968e+01 6.412586938553646121e+01 1.188425964160150627e+01 1.904313992562109448e+01
5.505600000000000000e+04 7.921457866251697055e+01 5.763472754188565972e+00 1.746568834296954975e+01 5.845574182239587202e+01 9.950825172612551839e+00 1.562486416721796978e+01
5.505900000000000000e+04 7.026000428252766028e+01 5.763472754188565972e+00 1.649332238431214392e+01 5.436933716975090647e+01 9.195652533626304859e+00 1.384112857863875767e+01
5.506300000000000000e+04 6.730143127865257213e+01 5.763472754188565972e+00 1.543634116582872373e+01 4.852681371468685256e+01 8.367487622413662507e+00 1.161678924537065605e+01
5.506500000000000000e+04 5.326949191917577764e+01 5.763472754188565972e+00 1.498221222048491263e+01 4.590230801497698110e+01 8.010164788539839265e+00 1.067024059484808518e+01
5.506700000000000000e+04 6.681188977458414513e+01 5.763472754188565972e+00 1.454261561878128362e+01 4.359864093613013125e+01 7.670155917078735897e+00 9.849461411076502415e+00
5.507000000000000000e+04 5.326800640538277065e+01 5.763472754188565972e+00 1.392856136751225726e+01 4.114041543463215334e+01 7.200455628366551508e+00 8.917591241737580887e+00
5.507400000000000000e+04 5.002246790337405002e+01 5.763472754188565972e+00 1.311232318930817797e+01 3.870950598747665339e+01 6.603708294373577203e+00 7.960660138090042359e+00
5.507900000000000000e+04 5.232600403389889721e+01 5.763472754188565972e+00 1.197060119420459401e+01 3.629090078836927802e+01 5.840457257125583723e+00 7.013954269992709989e+00
5.508300000000000000e+04 4.235253598911356931e+01 5.763472754188565972e+00 1.082993759035267622e+01 3.475322135815049052e+01 5.155149271873892936e+00 6.408131830831871767e+00
5.509100000000000000e+04 4.337450226413010768e+01 5.763472754188565972e+00 7.616700344753585483e+00 3.201000475648747567e+01 3.457107999615824934e+00 5.405543130602271873e+00
