5.497500000000000000e+04 -3.258935206576546673e+00 1.035675811499824661e+01 9.676860811788584593e-01 1.458878869086958948e-18 9.676860811788584593e-01 1.458878869086958948e-18
5.497600000000000000e+04 -8.655921030855628473e+00 1.035675811499824661e+01 2.014654457448330049e+00 1.458878766632481191e-18 2.014654457448330049e+00 1.458878766632481191e-18
5.497900000000000000e+04 -3.448452557824073672e+00 1.035675811499824661e+01 7.421511495175619366e+00 1.458878339734227992e-18 7.421511495175619366e+00 1.458878339734227992e-18
5.498000000000000000e+04 1.563290684532773156e+01 1.035675811499824661e+01 1.010928248076253944e+01 1.458878145431422993e-18 1.010928248076253944e+01 1.458878145431422993e-18
5.498100000000000000e+04 3.395802197123013855e+01 1.035675811499824661e+01 1.326427468792255127e+01 1.458877917415035206e-18 1.326427468792255127e+01 1.458877917415035206e-18
5.498200000000000000e+04 1.407724699271638258e+01 1.035675811499824661e+01 1.681188057541250913e+01 1.458877649835416619e-18 1.681188057541250913e+01 1.458877649835416619e-18
5.498400000000000000e+04 2.629673813716656738e+01 1.035675811499824661e+01 2.504964300095078400e+01 1.458876967336947338e-18 2.504964300095078400e+01 1.458876967336947338e-18
5.498500000000000000e+04 3.449640008709268812e+01 1.035675811499824661e+01 2.982457128805857849e+01 4.727942875087466634e-03 2.982457128805857849e+01 4.727942875087466634e-03
5.498700000000000000e+04 3.663825389887266226e+01 1.035675811499824661e+01 4.097582893337165899e+01 7.741488649430867675e-01 4.097582893337165899e+01 7.741488649430867675e-01
5.499000000000000000e+04 5.358477078318229303e+01 1.035675811499824661e+01 6.053040193995693841e+01 4.184087600156392028e+00 6.053040193995693841e+01 4.184087600156392028e+00
5.499200000000000000e+04 9.573739682674487028e+01 1.035675811499824661e+01 7.440742163840896239e+01 8.087425984610032259e+00 7.440742163840896239e+01 8.087425984610032259e+00
5.499300000000000000e+04 9.919680027085317420e+01 1.035675811499824661e+01 8.115791156796579742e+01 1.061141975033804385e+01 8.115791156796579742e+01 1.061141975033804385e+01
5.499400000000000000e+04 1.021009345327486386e+02 1.035675811499824661e+01 8.659722275531558466e+01 1.344950446033000979e+01 8.659722275531558466e+01 1.344950446033000979e+01
5.499600000000000000e+04 1.065709515061607959e+02 1.035675811499824661e+01 9.298895886639343189e+01 2.003971440076062649e+01 9.298895886639343189e+01 2.003971440076062649e+01
5.499700000000000000e+04 1.145688160231849508e+02 1.035675811499824661e+01 9.943980316945653897e+01 2.385965703044686492e+01 9.534931745081652821e+01 2.385965703044686492e+01
5.499800000000000000e+04 1.340437981137461918e+02 1.035675811499824661e+01 1.056014282335233219e+02 2.807878116178207151e+01 9.725679520493949326e+01 2.807878116178207151e+01
5.500000000000000000e+04 1.517693285415431035e+02 1.035675811499824661e+01 1.164877827903535632e+02 3.790067896713478035e+01 9.942624000542298290e+01 3.790067896713478035e+01
5.500200000000000000e+04 1.774718611578917091e+02 1.035675811499824661e+01 1.249570908915741256e+02 4.842432155196556209e+01 9.937735874946248771e+01 4.842432155196556209e+01
5.500300000000000000e+04 1.833224993187045868e+02 1.035675811499824661e+01 1.278053062712065042e+02 5.387147402998105150e+01 9.828909195663038645e+01 5.387147402998105150e+01
5.500400000000000000e+04 1.908562858033337477e+02 1.035675811499824661e+01 1.296700954406893516e+02 5.952593731072717276e+01 9.653818898204983157e+01 5.952593731072717276e+01
5.500500000000000000e+04 1.995718336841668759e+02 1.035675811499824661e+01 1.308140116318149921e+02 6.492632925437264646e+01 9.437559456880096320e+01 6.492632925437264646e+01
5.500900000000000000e+04 2.041873829194638006e+02 1.035675811499824661e+01 1.285902085566802668e+02 7.854495374328462276e+01 8.255133116561614770e+01 7.627945396065322825e+01
5.501200000000000000e+04 2.030302284340149299e+02 1.035675811499824661e+01 1.204530129166813879e+02 8.426572692939610931e+01 7.142612246008147281e+01 7.954099200433840622e+01
5.501300000000000000e+04 1.850651607027626255e+02 1.035675811499824661e+01 1.169960920498823924e+02 8.531145656353888285e+01 6.765517379857884350e+01 7.978252741376498136e+01
5.501400000000000000e+04 2.047829678059227376e+02 1.035675811499824661e+01 1.127453882139548682e+02 8.579843644993593443e+01 6.361888512242121152e+01 7.950188699956999017e+01
5.501600000000000000e+04 1.894404114139223338e+02 1.035675811499824661e+01 1.030026860933710964e+02 8.487637575301822324e+01 5.543739832797152900e+01 7.723055118563988231e+01
5.501700000000000000e+04 1.810648135639507927e+02 1.035675811499824661e+01 9.905649678668619629e+01 8.372247745387471696e+01 5.211031447560955598e+01 7.550047565504078761e+01
5.501800000000000000e+04 1.650885870901358885e+02 1.035675811499824661e+01 9.568020964710179044e+01 8.228271265104621079e+01 4.922327896239417555e+01 7.354550648109243127e+01
5.501900000000000000e+04 1.643380321091399026e+02 1.035675811499824661e+01 9.250737262346697776e+01 8.053748504795586882e+01 4.656333247267679099e+01 7.135419956406119013e+01
5.502000000000000000e+04 1.703112080836577604e+02 1.035675811499824661e+01 8.910792294743765751e+01 7.839392869760645510e+01 4.390417961541074021e+01 6.885115817460605570e+01
5.502100000000000000e+04 1.739538274418167418e+02 1.035675811499824661e+01 8.533107265313331879e+01 7.584816307496812726e+01 4.117301454915962466e+01 6.604106493249292953e+01
5.502200000000000000e+04 1.635164705112262595e+02 1.035675811499824661e+01 8.142481344035648760e+01 7.304961251107110343e+01 3.849145005216814042e+01 6.306078428096606103e+01
5.502500000000000000e+04 1.313633747285832953e+02 1.035675811499824661e+01 7.039874850863309064e+01 6.430488959207320931e+01 3.137059333747742329e+01 5.412413903886307764e+01
5.502900000000000000e+04 1.045046057033078313e+02 1.035675811499824661e+01 5.715950354047249959e+01 5.118066646536468767e+01 2.366167303078713857e+01 4.168825158048764479e+01
5.503100000000000000e+04 1.103728480587250402e+02 1.035675811499824661e+01 5.125117529735160815e+01 4.647020580773144616e+01 2.048817721261307412e+01 3.725066597814144131e+01
5.503200000000000000e+04 8.006182280149697306e+01 1.035675811499824661e+01 4.852755237593608229e+01 4.416409235873398131e+01 1.907229695642826428e+01 3.512334369232860354e+01
5.503300000000000000e+04 9.124256957121684763e+01 1.035675811499824661e+01 4.635691561057997490e+01 4.174284907052000904e+01 1.791710107470335345e+01 3.293841163932770399e+01
5.503400000000000000e+04 7.736360924852324672e+01 1.035675811499824661e+01 4.449121030866137971e+01 3.932902400530332443e+01 1.691552365168480421e+01 3.079316004173451304e+01
5.503500000000000000e+04 6.845130958123108655e+01 1.035675811499824661e+01 4.268605305125313265e+01 3.701618563576359122e+01 1.596874529619285887e+01 2.875937039527899231e+01
5.503600000000000000e+04 8.382600984995487181e+01 1.035675811499824661e+01 4.107591155675017802e+01 3.484258230022304303e+01 1.512367877641758973e+01 2.686398018521436981e+01
5.503700000000000000e+04 5.641551690664538654e+01 1.035675811499824661e+01 3.958438375245158625e+01 3.279858274619940062e+01 1.434788638676704053e+01 2.509647466998194432e+01
5.503900000000000000e+04 8.363534366996425717e+01 1.035675811499824661e+01 3.647390761493713285e+01 2.898249918278054338e+01 1.282170619571031622e+01 2.184555602832633170e+01
5.504000000000000000e+04 4.384076006039288842e+01 1.035675811499824661e+01 3.496776421603059504e+01 2.719548924519153132e+01 1.210962883225882791e+01 2.034676735387665047e+01
5.504200000000000000e+04 5.995694507080625613e+01 1.035675811499824661e+01 3.215860625006342843e+01 2.389529719555087794e+01 1.081543224929825442e+01 1.761670391886676512e+01
5.504400000000000000e+04 5.460003495204408352e+01 1.035675811499824661e+01 2.950104945192546424e+01 2.099783605714926793e+01 9.643386980885679804e+00 1.525783756514261391e+01
5.504500000000000000e+04 3.148262830174462934e+01 1.035675811499824661e+01 2.816881006820356248e+01 1.986791503971705453e+01 9.080561577061848411e+00 1.433368085976268347e+01
5.504600000000000000e+04 4.668840009331688634e+01 1.035675811499824661e+01 2.679928165146347752e+01 1.889125681420159353e+01 8.521234229400151960e+00 1.353241892134784763e+01
5.504700000000000000e+04 6.413980548632139289e+01 1.035675811499824661e+01 2.537583156785726146e+01 1.796036720953403432e+01 7.960046289989414880e+00 1.277499623695428888e+01
5.504800000000000000e+04 4.854976705375633372e+01 1.035675811499824661e+01 2.393710858772125150e+01 1.712968352932162119e+01 7.409034476823465276e+00 1.209894302113407427e+01
5.505000000000000000e+04 2.635206281484144597e+01 1.035675811499824661e+01 2.085542687392474903e+01 1.560362945977005822e+01 6.288194800073795498e+00 1.086906482291032106e+01
5.505200000000000000e+04 3.664011976889940314e+01 1.035675811499824661e+01 1.758282205984203728e+01 1.409948304197559921e+01 5.167770414954748759e+00 9.687703065807063751e+00
5.505400000000000000e+04 3.347191267479856691e+01 1.035675811499824661e+01 1.450159027672975398e+01 1.276394052333183105e+01 4.157327640826142812e+00 8.652345799438604601e+00
5.505600000000000000e+04 4.448213848199762310e+01 1.035675811499824661e+01 1.184966983896007875e+01 1.153349082913927504e+01 3.315520380235053022e+00 7.714709584708543844e+00
5.505800000000000000e+04 1.196201416234253045e+01 1.035675811499824661e+01 9.624642523240055425e+00 1.032637248855628265e+01 2.629827455937498115e+00 6.816987383520122457e+00
5.506000000000000000e+04 2.641682193879258378e+01 1.035675811499824661e+01 7.715518606027266024e+00 9.095923446506635202e+00 2.059888564189253035e+00 5.927227581458772931e+00
5.506100000000000000e+04 1.411847311492401680e+01 1.035675811499824661e+01 6.879761165078902785e+00 8.476702136100692897e+00 1.815959130283463896e+00 5.488314753059690076e+00
5.506200000000000000e+04 8.468915963851305406e+00 1.035675811499824661e+01 6.118028352262324887e+00 7.819495997787766939e+00 1.596812745279095003e+00 5.030555840059037109e+00
5.506400000000000000e+04 1.971091663267489835e+01 1.035675811499824661e+01 4.786495401842763009e+00 6.508083349777413318e+00 1.221917543613490142e+00 4.134216331963799895e+00
5.506500000000000000e+04 1.032926019417388375e-01 1.035675811499824661e+01 4.209732610092524752e+00 5.893144004598745767e+00 1.063036946060080368e+00 3.720184334700300077e+00
5.506700000000000000e+04 2.006830737196249004e+01 1.035675811499824661e+01 3.232813667823387416e+00 4.760294832968331669e+00 7.990344961129509649e-01 2.967949892741649442e+00
5.506800000000000000e+04 2.339838991117145284e+01 1.035675811499824661e+01 2.820570309070959070e+00 4.280469431698662675e+00 6.898283870746817481e-01 2.652416304188042862e+00
5.506900000000000000e+04 -2.662234177355103704e+00 1.035675811499824661e+01 2.450460844632999624e+00 3.841979616236092632e+00 5.930877954916861095e-01 2.366188098932125783e+00
5.507100000000000000e+04 7.508070398183249949e+00 1.035675811499824661e+01 1.832708821490577122e+00 3.064271958119349382e+00 4.345486239456022304e-01 1.864479439074748779e+00
5.507300000000000000e+04 1.628265087149062396e+01 1.035675811499824661e+01 1.359632192040693299e+00 2.416387857120388727e+00 3.159510589642119949e-01 1.452767304226771250e+00
5.507400000000000000e+04 1.284180538978054642e+01 1.035675811499824661e+01 1.168780735061588638e+00 2.137429668320785847e+00 2.689201451984696289e-01 1.277450196223276269e+00
5.507500000000000000e+04 -2.955289379123846150e+00 1.035675811499824661e+01 1.001125613371409928e+00 1.884666129335453633e+00 2.280935985444418612e-01 1.119758855288131238e+00
5.507800000000000000e+04 8.320477141482438554e+00 1.035675811499824661e+01 6.239294776413586430e-01 1.264157019499679402e+00 1.381047141620609098e-01 7.380645840142919800e-01
5.508000000000000000e+04 -1.751848457829352768e+01 1.035675811499824661e+01 4.534435521728174545e-01 9.561573307564752433e-01 9.849760017656127020e-02 5.518627096597454873e-01
5.508100000000000000e+04 6.141969125978197219e+00 1.035675811499824661e+01 3.865301618577452469e-01 8.267643869154106540e-01 8.318738014801362046e-02 4.744702363933489542e-01
5.508200000000000000e+04 5.285805025492612330e+00 1.035675811499824661e+01 3.290693279343052113e-01 7.123275714235972611e-01 7.017301316464903682e-02 4.064868588356523871e-01
5.508400000000000000e+04 1.112673876008102880e+01 1.035675811499824661e+01 2.381126860278759694e-01 5.257348750799908377e-01 4.986444254227592049e-02 2.966566274009653781e-01
5.508500000000000000e+04 4.157672148747367125e+00 1.035675811499824661e+01 2.024933147355613972e-01 4.504451057440977957e-01 4.202762805578161287e-02 2.527608471713695959e-01
5.508800000000000000e+04 -1.633833132320983150e+00 1.035675811499824661e+01 1.255727470239206833e-01 2.797401770453785130e-01 2.538464199561750803e-02 1.543990379983322947e-01
5.508900000000000000e+04 1.424888984839431938e+00 1.035675811499824661e+01 1.070619029941609485e-01 2.379129507449193326e-01 2.145658115601357940e-02 1.305994130454626312e-01
5.509000000000000000e+04 -6.893563153558176282e+00 1.035675811499824661e+01 9.128310048930984855e-02 2.023620755673846139e-01 1.813835800367798873e-02 1.104837713296487195e-01
5.509100000000000000e+04 9.173206204330082159e+00 1.035675811499824661e+01 7.785191425310805657e-02 1.718879518425387998e-01 1.533876746194622574e-02 9.334127170379516447e-02
5.509300000000000000e+04 7.446596427790102446e+00 1.035675811499824661e+01 5.652979444456113223e-02 1.238693365355982151e-01 1.095262713745783802e-02 6.654990411841091302e-02
5.509500000000000000e+04 1.386800203304352408e+01 1.035675811499824661e+01 4.108481581027809831e-02 8.901959606740487974e-02 7.830004347216196550e-03 4.732315988911003218e-02
5.509600000000000000e+04 1.163078887600485611e+00 1.035675811499824661e+01 3.500301951191903127e-02 7.543492867795502377e-02 6.616827885050855125e-03 3.989155403382074055e-02
5.509700000000000000e+04 -6.800977456190813619e+00 1.035675811499824661e+01 2.982576354028879106e-02 6.391225453698821946e-02 5.592785077591702451e-03 3.362210244462529585e-02
5.509800000000000000e+04 3.002846820963849250e+00 1.035675811499824661e+01 2.543223686462361965e-02 5.424549545743465040e-02 4.730874821351913062e-03 2.838889232647826000e-02
5.509900000000000000e+04 -3.138815332333876107e+00 1.035675811499824661e+01 2.166642782580004145e-02 4.611789284221185642e-02 3.998454947828823484e-03 2.401098185151864448e-02
5.510100000000000000e+04 -6.024483383902858868e+00 1.035675811499824661e+01 1.572698155992421909e-02 3.330919658659548671e-02 2.857113554350843541e-03 1.716526492481086630e-02
5.510400000000000000e+04 7.033709710398300174e+00 1.035675811499824661e+01 9.727941962771312692e-03 2.043454708235753134e-02 1.726894476100850886e-03 1.037181356327150986e-02
5.510700000000000000e+04 -3.355986960775317129e+01 1.035675811499824661e+01 5.978147878332009182e-03 1.252738055519813688e-02 1.037530654529236849e-03 6.264003477772957240e-03
5.510800000000000000e+04 -1.367945902585641083e+00 1.035675811499824661e+01 5.083787070688641774e-03 1.063880054670016985e-02 8.757902202812570909e-04 5.293462308040685488e-03
5.510900000000000000e+04 -9.792331778382168395e+00 1.035675811499824661e+01 4.320095460722854323e-03 9.036598416969571571e-03 7.387683124515371895e-04 4.474228062073362308e-03
5.511000000000000000e+04 -7.580307368896972431e-01 1.035675811499824661e+01 3.670426053184999444e-03 7.681426829932677149e-03 6.230988444615148105e-04 3.784699857081531057e-03
5.511100000000000000e+04 2.491833141721732758e+01 1.035675811499824661e+01 3.120185134164779259e-03 6.523879092877511027e-03 5.258591276927242816e-04 3.198763958263059048e-03
5.511400000000000000e+04 -2.113634748981828082e+01 1.035675811499824661e+01 1.915969966889310809e-03 4.001287535031946771e-03 3.160519228810185948e-04 1.933736485130459161e-03
