5.497400000000000000e+04 2.300041173817791051e+00 4.346039233034977300e+00 2.872527343123094101e-01 8.716024504912307401e-19 2.872527343123094101e-01 8.716024504912307401e-19
5.497600000000000000e+04 -2.285680148331953987e+00 4.346039233034977300e+00 1.958814406946931541e+00 8.716024236303062206e-19 1.958814406946931541e+00 8.716024236303062206e-19
5.498000000000000000e+04 1.017649552650792266e+01 4.346039233034977300e+00 9.740658635389692677e+00 8.716023356981633868e-19 9.740658635389692677e+00 8.716023356981633868e-19
5.498100000000000000e+04 9.459097860936825697e+00 4.346039233034977300e+00 1.261836908227294352e+01 8.716023034220134351e-19 1.261836908227294352e+01 8.716023034220134351e-19
5.498500000000000000e+04 2.898943454776070539e+01 4.346039233034977300e+00 2.761301931683333422e+01 8.716021077255084616e-19 2.761301931683333422e+01 8.716021077255084616e-19
5.498700000000000000e+04 3.421725160270454325e+01 4.346039233034977300e+00 3.698113532148148863e+01 8.716019515982127606e-19 3.698113532148148863e+01 8.716019515982127606e-19
5.498800000000000000e+04 4.539547163607235092e+01 4.346039233034977300e+00 4.209516568424355398e+01 8.716018526766135158e-19 4.209516568424355398e+01 8.716018526766135158e-19
5.498900000000000000e+04 4.894027295460469418e+01 4.346039233034977300e+00 4.711547825657126509e+01 8.716017365910701769e-19 4.711547825657126509e+01 8.716017365910701769e-19
5.499300000000000000e+04 6.619500076755939233e+01 4.346039233034977300e+00 6.549985504210982867e+01 8.716010327425725717e-19 6.549985504210982867e+01 8.716010327425725717e-19
5.499500000000000000e+04 6.597494832456447966e+01 4.346039233034977300e+00 6.925870503056015082e+01 -1.241908946591701104e-02 6.925870503056015082e+01 -1.241908946591701104e-02
5.499700000000000000e+04 7.626963754564661713e+01 4.346039233034977300e+00 7.030107015719596575e+01 7.505983906838168407e-01 6.841287481237441170e+01 7.505983906838168407e-01
5.499900000000000000e+04 7.218266976648830280e+01 4.346039233034977300e+00 6.863844840042735029e+01 2.680580088357593205e+00 6.504780932565140006e+01 2.680580088357593205e+00
5.500000000000000000e+04 7.879979913535302671e+01 4.346039233034977300e+00 6.756933273992601130e+01 4.087902819091672413e+00 6.320798198309262261e+01 4.087902819091672413e+00
5.500200000000000000e+04 7.066376076983922871e+01 4.346039233034977300e+00 6.485428909699159306e+01 7.792526908311754319e+00 5.914124484496770862e+01 7.792526908311754319e+00
5.500300000000000000e+04 6.644313918842888711e+01 4.346039233034977300e+00 6.249858677247912198e+01 1.009469526581835552e+01 5.628475033544589223e+01 1.009469526581835552e+01
5.500500000000000000e+04 7.453395514968798352e+01 4.346039233034977300e+00 5.690716326021968285e+01 1.558080429699700353e+01 5.000629460476246635e+01 1.558080429699700353e+01
5.500700000000000000e+04 7.729964660643528873e+01 4.346039233034977300e+00 5.193148914912127623e+01 2.209041545346666879e+01 4.455343955827151348e+01 2.209041545346666879e+01
5.500900000000000000e+04 7.550077216257224677e+01 4.346039233034977300e+00 4.698555998934735101e+01 2.958490825718519801e+01 3.937777404403901471e+01 2.958490825718519801e+01
5.501000000000000000e+04 7.826695352986519083e+01 4.346039233034977300e+00 4.449526763058666035e+01 3.367613254739485029e+01 3.686434766411487374e+01 3.367613254739485029e+01
5.501300000000000000e+04 8.193676654683585525e+01 4.346039233034977300e+00 3.742680720688887419e+01 4.535018634951246952e+01 2.997981993502793685e+01 4.535018634951246952e+01
5.501600000000000000e+04 8.096717616369215875e+01 4.346039233034977300e+00 2.939625750149642514e+01 5.453452191392029391e+01 2.279133005233092391e+01 5.453452191392029391e+01
5.501700000000000000e+04 8.300181617380853538e+01 4.346039233034977300e+00 2.701557127295336969e+01 5.859286445585389913e+01 2.072381963252022885e+01 5.540696402444812918e+01
5.501800000000000000e+04 8.667906427331710972e+01 4.346039233034977300e+00 2.483447003500518235e+01 6.171553515875884699e+01 1.885112345149930135e+01 5.535025574776578594e+01
5.501900000000000000e+04 8.214453635134897524e+01 4.346039233034977300e+00 2.274950808669233027e+01 6.417127657400722285e+01 1.708947422377729097e+01 5.473029984989954499e+01
5.502000000000000000e+04 8.416438318084277626e+01 4.346039233034977300e+00 2.077558241804306149e+01 6.583730317526543274e+01 1.544652967884242400e+01 5.352626274411823459e+01
5.502200000000000000e+04 7.844781715258490351e+01 4.346039233034977300e+00 1.725223185006471027e+01 6.801178861380765284e+01 1.256901635586821442e+01 5.056638558647409809e+01
5.502300000000000000e+04 8.276358318756236088e+01 4.346039233034977300e+00 1.568392870310096399e+01 6.886823592680993045e+01 1.131270102647213349e+01 4.910391153426733268e+01
5.502400000000000000e+04 8.215447522339316322e+01 4.346039233034977300e+00 1.425535509271319690e+01 6.907697397892229674e+01 1.018094207449878574e+01 4.731299587597417400e+01
5.502500000000000000e+04 7.926405363130827197e+01 4.346039233034977300e+00 1.297039310390283973e+01 6.832968690723131999e+01 9.172838121572022274e+00 4.502780026835672089e+01
5.502800000000000000e+04 6.862951734391833725e+01 4.346039233034977300e+00 9.775006311752205690e+00 6.384870722109852892e+01 6.716370971383953226e+00 3.778030013082754124e+01
5.502900000000000000e+04 6.949647515162834566e+01 4.346039233034977300e+00 8.920311494292100463e+00 6.228570850246358503e+01 6.071543353043900915e+00 3.564275164661721362e+01
5.503100000000000000e+04 6.665252330110615731e+01 4.346039233034977300e+00 7.493630684596537250e+00 5.867288332561813746e+01 5.006434182654020404e+00 3.150221923523121603e+01
5.503300000000000000e+04 5.514431563944835091e+01 4.346039233034977300e+00 6.390665700848454200e+00 5.450583539690057222e+01 4.192249869357422831e+00 2.756300146493076042e+01
5.503400000000000000e+04 6.483332660643394263e+01 4.346039233034977300e+00 5.960167755674170564e+00 5.245054744357457821e+01 3.874767751706000407e+00 2.577422478799732986e+01
5.503500000000000000e+04 5.565204787224016059e+01 4.346039233034977300e+00 5.583685812230811507e+00 5.018621857123678609e+01 3.597735703756966164e+00 2.398385594802235588e+01
5.503700000000000000e+04 5.171295148352061233e+01 4.346039233034977300e+00 4.968386507115485351e+00 4.434744135584210056e+01 3.145344712025503142e+00 2.008944115779936368e+01
5.503800000000000000e+04 5.125987742416421611e+01 4.346039233034977300e+00 4.721393177043268885e+00 4.129789005482363962e+01 2.963093496324381348e+00 1.823306404186474339e+01
5.503900000000000000e+04 4.824585046620003936e+01 4.346039233034977300e+00 4.503626765298077039e+00 3.850485687722259343e+01 2.802157021713587159e+00 1.657905570601618450e+01
5.504000000000000000e+04 4.131546410422365767e+01 4.346039233034977300e+00 4.301297963389567158e+00 3.589253905165467273e+01 2.653484246384680389e+00 1.508089876119944250e+01
5.504100000000000000e+04 3.669335217455346054e+01 4.346039233034977300e+00 4.109074746853830007e+00 3.332447473636572255e+01 2.513503025968822246e+00 1.367157937902183562e+01
5.504300000000000000e+04 3.546819513540688007e+01 4.346039233034977300e+00 3.751628227843136099e+00 2.847420520642087993e+01 2.256754227528354306e+00 1.115541829830396736e+01
5.504400000000000000e+04 3.027943761214097762e+01 4.346039233034977300e+00 3.570257843957503230e+00 2.624410615105284350e+01 2.129971270706062736e+00 1.005521308469457331e+01
5.504500000000000000e+04 2.495881464437314534e+01 4.346039233034977300e+00 3.385067954637544396e+00 2.414130399049153297e+01 2.002998789726357476e+00 9.050160821177707149e+00
5.504600000000000000e+04 2.184993294309699863e+01 4.346039233034977300e+00 3.207349489368891859e+00 2.219445372240735281e+01 1.882468299899572761e+00 8.144753659599029305e+00
5.504700000000000000e+04 1.977667109779992671e+01 4.346039233034977300e+00 3.036793662214442691e+00 2.041873765861932455e+01 1.768044749775525615e+00 7.338270497257618707e+00
5.504900000000000000e+04 1.117264562856353116e+01 4.346039233034977300e+00 2.706895661628728078e+00 1.724369022444835053e+01 1.551051834533994978e+00 5.951230448472252910e+00
5.505000000000000000e+04 1.404861470442938653e+01 4.346039233034977300e+00 2.530629839099234779e+00 1.587750097635166746e+01 1.438675292267899364e+00 5.373096777107163824e+00
5.505100000000000000e+04 1.782950799722709689e+01 4.346039233034977300e+00 2.349148258601632566e+00 1.463241948083580546e+01 1.325106192803267691e+00 4.857234682435121798e+00
5.505300000000000000e+04 9.393258743379199416e+00 4.346039233034977300e+00 1.996230124368227221e+00 1.252609832500036013e+01 1.108770342350714921e+00 4.005147346123217211e+00
5.505400000000000000e+04 8.881617851837365407e+00 4.346039233034977300e+00 1.824919189918795759e+00 1.163315733741645808e+01 1.005908494057323077e+00 3.652482680507522339e+00
5.505500000000000000e+04 1.965117807488883628e+01 4.346039233034977300e+00 1.663115182492832078e+00 1.087469616111315673e+01 9.098004280595362037e-01 3.353799895485938709e+00
5.505700000000000000e+04 1.076352710353114972e+01 4.346039233034977300e+00 1.367371001660665275e+00 9.663518100291211610e+00 7.368888778080757707e-01 2.878188563005573020e+00
5.505800000000000000e+04 1.039692354239170946e+01 4.346039233034977300e+00 1.228961473838826368e+00 9.167403591008337571e+00 6.574095826676078502e-01 2.684452003223524841e+00
5.505900000000000000e+04 2.125262023475723794e+00 4.346039233034977300e+00 1.097915126756109139e+00 8.737767610006850205e+00 5.830050588127172473e-01 2.516275769620402780e+00
5.506100000000000000e+04 1.250552394302724935e+01 4.346039233034977300e+00 8.608206717248434447e-01 8.042190652317996680e+00 4.505027589097987395e-01 2.241725617370870172e+00
5.506300000000000000e+04 7.424255725784552951e+00 4.346039233034977300e+00 6.620572229307000178e-01 7.444995962919652044e+00 3.415482990769190819e-01 2.010802420775057886e+00
5.506400000000000000e+04 1.127809921601048515e+01 4.346039233034977300e+00 5.788877268204265514e-01 7.164475026774889344e+00 2.965309531914898100e-01 1.905445485844385223e+00
5.506700000000000000e+04 1.202443430248477441e+01 4.346039233034977300e+00 3.787697937749180399e-01 6.301434192479121954e+00 1.899928740845295005e-01 1.602399031781086114e+00
5.506800000000000000e+04 -9.009447038654583295e-01 4.346039233034977300e+00 3.272081844678540463e-01 6.008838813279437474e+00 1.630009885761951050e-01 1.505974639919658298e+00
5.506900000000000000e+04 7.909993731179877585e+00 4.346039233034977300e+00 2.819948276757037187e-01 5.724928899773153113e+00 1.395185175518027509e-01 1.414435799820420669e+00
5.507000000000000000e+04 -2.888631135736146049e+00 4.346039233034977300e+00 2.424813889624613805e-01 5.447971671814901384e+00 1.191554736916271978e-01 1.327155096666236656e+00
5.507200000000000000e+04 8.392097405773657925e+00 4.346039233034977300e+00 1.786148282401146814e-01 4.856967786696429812e+00 8.659693020465177027e-02 1.150940233814319757e+00
5.507400000000000000e+04 9.472240635741757231e+00 4.346039233034977300e+00 1.308456242629441602e-01 4.212407759411346930e+00 6.259957145868536021e-02 9.717203597258007308e-01
5.507600000000000000e+04 1.463728318054567268e+00 4.346039233034977300e+00 9.442548113717361136e-02 3.581034238844071016e+00 4.458659039435906163e-02 8.047267952458585505e-01
5.507800000000000000e+04 7.747738122807982464e+00 4.346039233034977300e+00 6.791821229277078542e-02 2.999213327389173678e+00 3.165759871947924908e-02 6.570018241816371063e-01
5.508000000000000000e+04 4.145113976514171128e+00 4.346039233034977300e+00 4.873880844587377692e-02 2.461341477507524189e+00 2.242927217941729015e-02 5.259276661340864800e-01
5.508200000000000000e+04 6.199845108671259375e+00 4.346039233034977300e+00 3.488278544311419760e-02 1.970522181514884119e+00 1.585148843184322476e-02 4.109535310771395000e-01
5.508300000000000000e+04 -7.626757521211375845e+00 4.346039233034977300e+00 2.950522556146662617e-02 1.748851710087838907e+00 1.332425287277213925e-02 3.604022071278390471e-01
5.508400000000000000e+04 -3.310327174851906307e+00 4.346039233034977300e+00 2.492846598429798721e-02 1.543943463964917884e+00 1.118771474028273233e-02 3.144487706649526926e-01
5.508600000000000000e+04 1.235984504060574096e+01 4.346039233034977300e+00 1.784393213078356091e-02 1.192054431829789429e+00 7.910245647124551638e-03 2.372247625531919146e-01
5.508900000000000000e+04 6.176785797655440113e+00 4.346039233034977300e+00 1.093087924685943318e-02 7.899903704434738660e-01 4.758348966942117439e-03 1.519942992676236448e-01
5.509000000000000000e+04 -5.036651554964659994e+00 4.346039233034977300e+00 9.280511261215037416e-03 6.852561559743243214e-01 4.015798901434460173e-03 1.304007908609561006e-01
5.509200000000000000e+04 -2.681116383419670512e+00 4.346039233034977300e+00 6.689192263707312985e-03 5.118919149792305889e-01 2.860340487345981557e-03 9.532437895330177213e-02
5.509300000000000000e+04 6.046046357923501091e+00 4.346039233034977300e+00 5.679680079795828250e-03 4.414905789586589524e-01 2.414419350363810127e-03 8.134326650551063076e-02
5.509500000000000000e+04 -1.675386395857487276e+00 4.346039233034977300e+00 4.092601382535572194e-03 3.266296589670322215e-01 1.719580412830072277e-03 5.893182841083124957e-02
5.509600000000000000e+04 4.081497765189932458e+00 4.346039233034977300e+00 3.475432043266888857e-03 2.804460801349105137e-01 1.451847290194205504e-03 5.007965716694829511e-02
5.509700000000000000e+04 3.314359482476092911e+00 4.346039233034977300e+00 2.950837803672110189e-03 2.394008106715512230e-01 1.225634575374692737e-03 4.231565367592597660e-02
5.509800000000000000e+04 1.806351208454517687e+00 4.346039233034977300e+00 2.504103852578224744e-03 2.038498912830096488e-01 1.034155386379047173e-03 3.566927231548724930e-02
5.510000000000000000e+04 -1.900594433645835579e+00 4.346039233034977300e+00 1.805829528693353534e-03 1.476510404276512312e-01 7.373742460977353481e-04 2.532607897558340412e-02
5.510100000000000000e+04 7.597649945427244589e+00 4.346039233034977300e+00 1.532912807217373446e-03 1.255224755304681084e-01 6.224268341795411233e-04 2.132016569519628105e-02
5.510200000000000000e+04 9.819820537230870006e-01 4.346039233034977300e+00 1.302207005371645073e-03 1.066736184853086522e-01 5.258043306838589264e-04 1.794341774353383490e-02
5.510600000000000000e+04 -1.007715960373391506e-01 4.346039233034977300e+00 6.755843787882248683e-04 5.526731081699670645e-02 2.668395524086519138e-04 8.950171792226187251e-03
5.510900000000000000e+04 3.539529684930124098e+00 4.346039233034977300e+00 4.127121043378106642e-04 3.391689651865802818e-02 1.603886617199637324e-04 5.343347226255695630e-03
5.511100000000000000e+04 -6.538199689724553565e+00 4.346039233034977300e+00 2.973224364675246495e-04 2.460066415909075571e-02 1.143196079927424701e-04 3.806679173553694298e-03
5.511200000000000000e+04 -5.501662234403176477e+00 4.346039233034977300e+00 2.521935278768049874e-04 2.094640706988214543e-02 9.645587389153405797e-05 3.212639121147568746e-03
5.511400000000000000e+04 8.137707335235701223e+00 4.346039233034977300e+00 1.816993497869100042e-04 1.518268730683247289e-02 6.876820444588222371e-05 2.288272389876785419e-03
5.511500000000000000e+04 -1.234855824239475552e+01 4.346039233034977300e+00 1.541558772239031946e-04 1.292680120184784044e-02 5.804061642466235168e-05 1.931535480291048318e-03
5.511700000000000000e+04 -1.919676096026212475e+00 4.346039233034977300e+00 1.110938767214012624e-04 9.364834928272574091e-03 4.139733072045060849e-05 1.375664330264058039e-03
5.511800000000000000e+04 4.104872481458550215e-01 4.346039233034977300e+00 9.425826973037459630e-05 7.973545317746577599e-03 3.494412016400036890e-05 1.161477832155364534e-03
5.511900000000000000e+04 1.161539837758702953e+00 4.346039233034977300e+00 8.005920595453287455e-05 6.787564278425051514e-03 2.952906681710418518e-05 9.805076602997543633e-04
5.512000000000000000e+04 9.132660178435477727e-01 4.346039233034977300e+00 6.856951318200382294e-05 5.774723677540599849e-03 2.516312410348764490e-05 8.273243091032378470e-04
