5.497400000000000000e+04 3.257152633129996033e+00 6.412646865966423526e+00 2.872527343123094101e-01 1.361878828892547995e-18 2.872527343123094101e-01 1.361878828892547995e-18
5.497600000000000000e+04 -4.304001745431239812e+00 6.412646865966423526e+00 1.958814406946931541e+00 1.361878786922353313e-18 1.958814406946931541e+00 1.361878786922353313e-18
5.498000000000000000e+04 1.038374258471477063e+01 6.412646865966423526e+00 9.740658635389692677e+00 1.361878649528380196e-18 9.740658635389692677e+00 1.361878649528380196e-18
5.498100000000000000e+04 7.956816434003068039e+00 6.412646865966423526e+00 1.261836908227294352e+01 1.361878599096895607e-18 1.261836908227294352e+01 1.361878599096895607e-18
5.498500000000000000e+04 2.964394088555351559e+01 6.412646865966423526e+00 2.761301931683333422e+01 1.361878293321106731e-18 2.761301931683333422e+01 1.361878293321106731e-18
5.498700000000000000e+04 3.290298293565189880e+01 6.412646865966423526e+00 3.698113532148148863e+01 1.361878049372206945e-18 3.698113532148148863e+01 1.361878049372206945e-18
5.498800000000000000e+04 4.696481721841665546e+01 6.412646865966423526e+00 4.209516568424355398e+01 1.361877894807208667e-18 4.209516568424355398e+01 1.361877894807208667e-18
5.498900000000000000e+04 4.980799053589657177e+01 6.412646865966423526e+00 4.711547825657126509e+01 1.361877713423546935e-18 4.711547825657126509e+01 1.361877713423546935e-18
5.499300000000000000e+04 6.652555311308216801e+01 6.412646865966423526e+00 6.549985504210982867e+01 1.361876613660269607e-18 6.549985504210982867e+01 1.361876613660269607e-18
5.499500000000000000e+04 6.441239188760124534e+01 6.412646865966423526e+00 6.925870503056015082e+01 -1.940482729049532867e-02 6.925870503056015082e+01 -1.940482729049532867e-02
5.499700000000000000e+04 8.225165197987089982e+01 6.412646865966423526e+00 7.337964952375278926e+01 1.172809985443463487e+00 6.841287481237441170e+01 1.172809985443463487e+00
5.499900000000000000e+04 7.995547344406409707e+01 6.412646865966423526e+00 7.449275123973598056e+01 4.188406388058739438e+00 6.504780932565140006e+01 4.188406388058739438e+00
5.500000000000000000e+04 9.160653985665533128e+01 6.412646865966423526e+00 7.468023071302394555e+01 6.387348154830737812e+00 6.320798198309262261e+01 6.387348154830737812e+00
5.500200000000000000e+04 8.341883034943899133e+01 6.412646865966423526e+00 7.416903516007400299e+01 1.217582329423711585e+01 5.914124484496770862e+01 1.217582329423711585e+01
5.500300000000000000e+04 7.932817404483238022e+01 6.412646865966423526e+00 7.262984183285938400e+01 1.577296135284117895e+01 5.628475033544589223e+01 1.577296135284117895e+01
5.500500000000000000e+04 9.552247201336720650e+01 6.412646865966423526e+00 6.815857954629125004e+01 2.434500671405781702e+01 5.000629460476246635e+01 2.434500671405781702e+01
5.500700000000000000e+04 1.033135500622773293e+02 6.412646865966423526e+00 6.396091782985457996e+01 3.451627414604166688e+01 4.455343955827151348e+01 3.451627414604166688e+01
5.500900000000000000e+04 1.040376251540329520e+02 6.412646865966423526e+00 5.938955881321963659e+01 4.622641915185185724e+01 3.937777404403901471e+01 4.622641915185185724e+01
5.501000000000000000e+04 1.096969324938385029e+02 6.412646865966423526e+00 5.693698496722542046e+01 5.261895710530443893e+01 3.686434766411487374e+01 5.261895710530443893e+01
5.501300000000000000e+04 1.191885327435106348e+02 6.412646865966423526e+00 4.956863428057519627e+01 7.085966617111323274e+01 2.997981993502793685e+01 7.085966617111323274e+01
5.501600000000000000e+04 1.210025098530687444e+02 6.412646865966423526e+00 4.016516095122278784e+01 8.521019049050045169e+01 2.279133005233092391e+01 8.521019049050045169e+01
5.501700000000000000e+04 1.235939318779783207e+02 6.412646865966423526e+00 3.727386199105087883e+01 9.016617661166051789e+01 2.072381963252022885e+01 8.657338128820018142e+01
5.501800000000000000e+04 1.284433659504668697e+02 6.412646865966423526e+00 3.458992642115606486e+01 9.366301089817240211e+01 1.885112345149930135e+01 8.648477460588402721e+01
5.501900000000000000e+04 1.210932444365620029e+02 6.412646865966423526e+00 3.197782416753206647e+01 9.616284715814379069e+01 1.708947422377729097e+01 8.551609351546802884e+01
5.502000000000000000e+04 1.233696128187976910e+02 6.412646865966423526e+00 2.946425536239192411e+01 9.751815993694037843e+01 1.544652967884242400e+01 8.363478553768472068e+01
5.502200000000000000e+04 1.135139596941408229e+02 6.412646865966423526e+00 2.488790928625465071e+01 9.868346187110336132e+01 1.256901635586821442e+01 7.900997747886577827e+01
5.502300000000000000e+04 1.191852853961166687e+02 6.412646865966423526e+00 2.281093034977840972e+01 9.901343411714368870e+01 1.131270102647213349e+01 7.672486177229268378e+01
5.502400000000000000e+04 1.176306512290051671e+02 6.412646865966423526e+00 2.089841979632365110e+01 9.847017266687123538e+01 1.018094207449878574e+01 7.392655605620964820e+01
5.502500000000000000e+04 1.127917517355948718e+02 6.412646865966423526e+00 1.916205883596395410e+01 9.663388073216866303e+01 9.172838121572022274e+00 7.035593791930737950e+01
5.502800000000000000e+04 9.582241445759926535e+01 6.412646865966423526e+00 1.476191175800478916e+01 8.842951499371818613e+01 6.716370971383953226e+00 5.903171895441801809e+01
5.502900000000000000e+04 9.678010803757571523e+01 6.412646865966423526e+00 1.356504215937068558e+01 8.573752524994873170e+01 6.071543353043900915e+00 5.569179944783939362e+01
5.503100000000000000e+04 9.212900444247530629e+01 6.412646865966423526e+00 1.154884237254629475e+01 7.986304798306663599e+01 5.006434182654020404e+00 4.922221755504877194e+01
5.503300000000000000e+04 7.493869455602882113e+01 6.412646865966423526e+00 9.975039339149049056e+00 7.345109218506156878e+01 4.192249869357422831e+00 4.306718978895430183e+01
5.503400000000000000e+04 8.919251631734184116e+01 6.412646865966423526e+00 9.360276457796185667e+00 7.035557922598644609e+01 3.874767751706000407e+00 4.027222623124582412e+01
5.503500000000000000e+04 7.567138381635223254e+01 6.412646865966423526e+00 8.821647945612079766e+00 6.702363494224682938e+01 3.597735703756966164e+00 3.747477491878492373e+01
5.503700000000000000e+04 7.022365006373419760e+01 6.412646865966423526e+00 7.940737259979585794e+00 5.874592051065860687e+01 3.145344712025503142e+00 3.138975180906150086e+01
5.503800000000000000e+04 6.982053041105294255e+01 6.412646865966423526e+00 7.588186134737108901e+00 5.449976798763631791e+01 2.963093496324381348e+00 2.848916256541365399e+01
5.503900000000000000e+04 6.563645831378427431e+01 6.412646865966423526e+00 7.277762216794528172e+00 5.063088183970097589e+01 2.802157021713587159e+00 2.590477454065029050e+01
5.504000000000000000e+04 5.567648157195355907e+01 6.412646865966423526e+00 6.987950762854056030e+00 4.703355301149075984e+01 2.653484246384680389e+00 2.356390431437412758e+01
5.504100000000000000e+04 4.914313267647376904e+01 6.412646865966423526e+00 6.710550378731560350e+00 4.352475466368279200e+01 2.513503025968822246e+00 2.136184277972161283e+01
5.504300000000000000e+04 4.793411498988018593e+01 6.412646865966423526e+00 6.188922793573758518e+00 3.696103828367743205e+01 2.256754227528354306e+00 1.743034109109994390e+01
5.504400000000000000e+04 4.057254105404660294e+01 6.412646865966423526e+00 5.918551169910934995e+00 3.396776670173385071e+01 2.129971270706062736e+00 1.571127044483526802e+01
5.504500000000000000e+04 3.300939270727879205e+01 6.412646865966423526e+00 5.638441593079695835e+00 3.115942088978918179e+01 2.002998789726357476e+00 1.414087628309016509e+01
5.504600000000000000e+04 2.869691205735878370e+01 6.412646865966423526e+00 5.367481863503651418e+00 2.857026869656221635e+01 1.882468299899572761e+00 1.272617759312348085e+01
5.504700000000000000e+04 2.589430986746631902e+01 6.412646865966423526e+00 5.105406019451808497e+00 2.621711795621803276e+01 1.768044749775525615e+00 1.146604765196502740e+01
5.504900000000000000e+04 1.367294038761481190e+01 6.412646865966423526e+00 4.591423640587532162e+00 2.203350085571094041e+01 1.551051834533994978e+00 9.298797575737893339e+00
5.505000000000000000e+04 1.811992132425985247e+01 6.412646865966423526e+00 4.310990513280760439e+00 2.024146301500838874e+01 1.438675292267899364e+00 8.395463714229940422e+00
5.505100000000000000e+04 2.388300587623702853e+01 6.412646865966423526e+00 4.018782061533750394e+00 1.861307509167520990e+01 1.325106192803267691e+00 7.589429191304875921e+00
5.505300000000000000e+04 1.174242254271635488e+01 6.412646865966423526e+00 3.443175421135909797e+00 1.586726733764908737e+01 1.108770342350714921e+00 6.258042728317525949e+00
5.505400000000000000e+04 1.111457825767165275e+01 6.412646865966423526e+00 3.160262715779892151e+00 1.470694979323106999e+01 1.005908494057323077e+00 5.707004188293002933e+00
5.505500000000000000e+04 2.710898421469941866e+01 6.412646865966423526e+00 2.891345760373205565e+00 1.372175785364051492e+01 9.098004280595362037e-01 5.240312336696778317e+00
5.505700000000000000e+04 1.414993805331024035e+01 6.412646865966423526e+00 2.395330986202931278e+00 1.214910375462430281e+01 7.368888778080757707e-01 4.497169629696206705e+00
5.505800000000000000e+04 1.366705710693126186e+01 6.412646865966423526e+00 2.160839557270160416e+00 1.150539350756582380e+01 6.574095826676078502e-01 4.194456255036756787e+00
5.505900000000000000e+04 1.508365034675328786e+00 6.412646865966423526e+00 1.937442411446422152e+00 1.094776543829376791e+01 5.830050588127172473e-01 3.931680890031879372e+00
5.506100000000000000e+04 1.688936090279909052e+01 6.412646865966423526e+00 1.529817268705894628e+00 1.004398157470463993e+01 4.505027589097987395e-01 3.502696277141983838e+00
5.506300000000000000e+04 9.447261450231204449e+00 6.412646865966423526e+00 1.184626120518386116e+00 9.270113347651260938e+00 3.415482990769190819e-01 3.141878782461027253e+00
5.506400000000000000e+04 1.516276698942726142e+01 6.412646865966423526e+00 1.039252031650214292e+00 8.907957646322500977e+00 2.965309531914898100e-01 2.977258571631851591e+00
5.506700000000000000e+04 1.637498337287246386e+01 6.412646865966423526e+00 6.865582497918558680e-01 7.802932160227740610e+00 1.899928740845295005e-01 2.503748487157946734e+00
5.506800000000000000e+04 -2.652310199111754585e+00 6.412646865966423526e+00 5.949373082042545002e-01 7.431043613853563379e+00 1.630009885761951050e-01 2.353085374874466229e+00
5.506900000000000000e+04 1.039337581171970193e+01 6.412646865966423526e+00 5.142931593994553019e-01 7.071073971133492897e+00 1.395185175518027509e-01 2.210055937219407074e+00
5.507000000000000000e+04 -5.494216364297416000e+00 6.412646865966423526e+00 4.435562508170823315e-01 6.720796356711362662e+00 1.191554736916271978e-01 2.073679838540994247e+00
5.507200000000000000e+04 1.125892837863425200e+01 6.412646865966423526e+00 3.286440098196738435e-01 5.977695839373122766e+00 8.659693020465177027e-02 1.798344115334874260e+00
5.507400000000000000e+04 1.298290751906368357e+01 6.412646865966423526e+00 2.421163625307574119e-01 5.172892602477817015e+00 6.259957145868536021e-02 1.518313062071563468e+00
5.507600000000000000e+04 1.300517087414303052e+00 6.412646865966423526e+00 1.756845421308929622e-01 4.388275805325072554e+00 4.458659039435906163e-02 1.257385617571653791e+00
5.507800000000000000e+04 1.070126284458909538e+01 6.412646865966423526e+00 1.270387779013982810e-01 3.667917996564045158e+00 3.165759871947924908e-02 1.026565350283807909e+00
5.508000000000000000e+04 5.508513616299985927e+00 6.412646865966423526e+00 9.163479148900932625e-02 3.004361792790968266e+00 2.242927217941729015e-02 8.217619783345098128e-01
5.508200000000000000e+04 8.655739761669586585e+00 6.412646865966423526e+00 6.591207404844731665e-02 2.400867582339726081e+00 1.585148843184322476e-02 6.421148923080304272e-01
5.508300000000000000e+04 -1.169259481468717610e+01 6.412646865966423526e+00 5.588724624955546116e-02 2.128907100073117675e+00 1.332425287277213925e-02 5.631284486372484244e-01
5.508400000000000000e+04 -5.274151733640187523e+00 6.412646865966423526e+00 4.733186475171415053e-02 1.877848752314764003e+00 1.118771474028273233e-02 4.913262041639884781e-01
5.508600000000000000e+04 1.793339746512030075e+01 6.412646865966423526e+00 3.404016009327107822e-02 1.447441715265959994e+00 7.910245647124551638e-03 3.706636914893623458e-01
5.508900000000000000e+04 8.910134896985582031e+00 6.412646865966423526e+00 2.099478731194201475e-02 9.569703576545147694e-01 4.758348966942117439e-03 2.374910926056618965e-01
5.509000000000000000e+04 -7.609119665524401555e+00 6.412646865966423526e+00 1.786428141303119874e-02 8.294712806171127273e-01 4.015798901434460173e-03 2.037512357202438951e-01
5.509200000000000000e+04 -4.089555539854927702e+00 6.412646865966423526e+00 1.293188537733991512e-02 6.187147971437743088e-01 2.860340487345981557e-03 1.489443421145340285e-01
5.509300000000000000e+04 8.805473397307608252e+00 6.412646865966423526e+00 1.100347474734802815e-02 5.332432415997965247e-01 2.414419350363810127e-03 1.270988539148603380e-01
5.509500000000000000e+04 -2.558113638818451108e+00 6.412646865966423526e+00 7.961657311403233517e-03 3.939684810245960844e-01 1.719580412830072277e-03 9.208098189192380489e-02
5.509600000000000000e+04 5.948193853562097289e+00 6.412646865966423526e+00 6.774755010233220881e-03 3.380376858769010284e-01 1.451847290194205504e-03 7.824946432335670721e-02
5.509700000000000000e+04 4.826932432637872417e+00 6.412646865966423526e+00 5.763669154157030801e-03 2.883745679805486128e-01 1.225634575374692737e-03 6.611820886863432889e-02
5.509800000000000000e+04 2.611114383801134142e+00 6.412646865966423526e+00 4.900758960511665714e-03 2.453934468829536697e-01 1.034155386379047173e-03 5.573323799294881836e-02
5.510000000000000000e+04 -2.843813959478769693e+00 6.412646865966423526e+00 3.547876185099253787e-03 1.775199848194799201e-01 7.373742460977353481e-04 3.957199839934906482e-02
5.510100000000000000e+04 1.117681659749294631e+01 6.412646865966423526e+00 3.017400806735578891e-03 1.508235159140642878e-01 6.224268341795411233e-04 3.331275889874418111e-02
5.510200000000000000e+04 1.420276719792444187e+00 6.412646865966423526e+00 2.568080931493035412e-03 1.280991807346970324e-01 5.258043306838589264e-04 2.803659022427161529e-02
5.510600000000000000e+04 -1.636753081316743574e-01 6.412646865966423526e+00 1.342016160928833106e-03 6.621728661904842383e-02 2.668395524086519138e-04 1.398464342535341541e-02
5.510900000000000000e+04 5.213371902888529696e+00 6.412646865966423526e+00 8.241090216495175263e-04 4.057186850935867728e-02 1.603886617199637324e-04 8.348980041024522958e-03
5.511100000000000000e+04 -9.653956885078079253e+00 6.412646865966423526e+00 5.956966133285825256e-04 2.939767471138927946e-02 1.143196079927424701e-04 5.947936208677647232e-03
5.511200000000000000e+04 -8.123540464332878130e+00 6.412646865966423526e+00 5.061136158962683228e-04 2.501842715593668651e-02 9.645587389153405797e-05 5.019748626793075000e-03
5.511400000000000000e+04 1.200312283444642958e+01 6.412646865966423526e+00 3.658262171907596572e-04 1.811668156172760794e-02 6.876820444588222371e-05 3.575425609182477163e-03
5.511500000000000000e+04 -1.822405785990520855e+01 6.412646865966423526e+00 3.108655415704915360e-04 1.541757656416690471e-02 5.804061642466235168e-05 3.018024187954762658e-03
5.511700000000000000e+04 -2.835109367582593354e+00 6.412646865966423526e+00 2.247295495490381483e-04 1.115900214150915108e-02 4.139733072045060849e-05 2.149475516037590347e-03
5.511800000000000000e+04 6.034638618219386741e-01 6.412646865966423526e+00 1.909661222842456236e-04 9.496896086982845736e-03 3.494412016400036890e-05 1.814809112742756881e-03
5.511900000000000000e+04 1.711979588609520375e+00 6.412646865966423526e+00 1.624453023742535322e-04 8.080761959767271407e-03 2.952906681710418518e-05 1.532043219218365976e-03
5.512000000000000000e+04 1.345927309235714242e+00 6.412646865966423526e+00 1.393407997230628143e-04 6.871962542488767138e-03 2.516312410348764490e-05 1.292694232973808696e-03
