5.497400000000000000e+04 3.405474417942661702e+00 6.732905211681083024e+00 2.872527343123094101e-01 1.361878828892547995e-18 2.872527343123094101e-01 1.361878828892547995e-18
5.497600000000000000e+04 -4.616777293874512189e+00 6.732905211681083024e+00 1.958814406946931541e+00 1.361878786922353313e-18 1.958814406946931541e+00 1.361878786922353313e-18
5.498000000000000000e+04 1.041585927631984632e+01 6.732905211681083024e+00 9.740658635389692677e+00 1.361878649528380196e-18 9.740658635389692677e+00 1.361878649528380196e-18
5.498100000000000000e+04 7.724010672076598638e+00 6.732905211681083024e+00 1.261836908227294352e+01 1.361878599096895607e-18 1.261836908227294352e+01 1.361878599096895607e-18
5.498500000000000000e+04 2.974536851683732763e+01 6.732905211681083024e+00 2.761301931683333422e+01 1.361878293321106731e-18 2.761301931683333422e+01 1.361878293321106731e-18
5.498700000000000000e+04 3.269931316185073911e+01 6.732905211681083024e+00 3.698113532148148863e+01 1.361878049372206945e-18 3.698113532148148863e+01 1.361878049372206945e-18
5.498800000000000000e+04 4.720801578792124786e+01 6.732905211681083024e+00 4.209516568424355398e+01 1.361877894807208667e-18 4.209516568424355398e+01 1.361877894807208667e-18
5.498900000000000000e+04 4.994245911750045508e+01 6.732905211681083024e+00 4.711547825657126509e+01 1.361877713423546935e-18 4.711547825657126509e+01 1.361877713423546935e-18
5.499300000000000000e+04 6.657677819599695113e+01 6.732905211681083024e+00 6.549985504210982867e+01 1.361876613660269607e-18 6.549985504210982867e+01 1.361876613660269607e-18
5.499500000000000000e+04 6.417132798615726585e+01 6.732905211681083024e+00 6.925870503056015082e+01 -1.940482729049532867e-02 6.925870503056015082e+01 -1.940482729049532867e-02
5.499700000000000000e+04 8.430543671749204293e+01 6.732905211681083024e+00 7.504892366917474078e+01 1.172809985443463487e+00 6.841287481237441170e+01 1.172809985443463487e+00
5.499900000000000000e+04 8.319344800948265117e+01 6.732905211681083024e+00 7.766708433482776286e+01 4.188406388058739438e+00 6.504780932565140006e+01 4.188406388058739438e+00
5.500000000000000000e+04 9.598856015510725115e+01 6.732905211681083024e+00 7.853591761399258075e+01 6.387348154830737812e+00 6.320798198309262261e+01 6.387348154830737812e+00
5.500200000000000000e+04 8.832336190539861320e+01 6.732905211681083024e+00 7.921969746983425864e+01 1.217582329423711585e+01 5.914124484496770862e+01 1.217582329423711585e+01
5.500300000000000000e+04 8.436836346990745028e+01 6.732905211681083024e+00 7.812323346559890069e+01 1.577296135284117895e+01 5.628475033544589223e+01 1.577296135284117895e+01
5.500500000000000000e+04 1.017740081757241057e+02 6.732905211681083024e+00 7.425934748807226526e+01 2.434500671405781702e+01 5.000629460476246635e+01 2.434500671405781702e+01
5.500700000000000000e+04 1.100777094524595441e+02 6.732905211681083024e+00 7.048354138118553180e+01 3.451627414604166688e+01 4.455343955827151348e+01 3.451627414604166688e+01
5.500900000000000000e+04 1.106845233726969582e+02 6.732905211681083024e+00 6.611528261994149602e+01 4.622641915185185724e+01 3.937777404403901471e+01 4.622641915185185724e+01
5.501000000000000000e+04 1.164501494146113458e+02 6.732905211681083024e+00 6.368316058975845095e+01 5.261895710530443893e+01 3.686434766411487374e+01 5.261895710530443893e+01
5.501300000000000000e+04 1.257101851214101629e+02 6.732905211681083024e+00 5.615220273830733078e+01 7.085966617111323274e+01 2.997981993502793685e+01 7.085966617111323274e+01
5.501600000000000000e+04 1.266232615653601385e+02 6.732905211681083024e+00 4.600429971062996515e+01 8.521019049050045169e+01 2.279133005233092391e+01 8.521019049050045169e+01
5.501700000000000000e+04 1.294749069928629694e+02 6.732905211681083024e+00 4.283613518041931911e+01 9.067695956126088674e+01 2.072381963252022885e+01 8.657338128820018142e+01
5.501800000000000000e+04 1.347630218567092584e+02 6.732905211681083024e+00 3.987955166164677223e+01 9.468353123852183728e+01 1.885112345149930135e+01 8.648477460588402721e+01
5.501900000000000000e+04 1.272587170191964390e+02 6.732905211681083024e+00 3.698162222025406010e+01 9.767648201336757552e+01 1.708947422377729097e+01 8.551609351546802884e+01
5.502000000000000000e+04 1.298741558909189848e+02 6.732905211681083024e+00 3.417544691443887217e+01 9.949194087562976563e+01 1.544652967884242400e+01 8.363478553768472068e+01
5.502200000000000000e+04 1.199488628784406927e+02 6.732905211681083024e+00 2.902814327387763882e+01 1.014804150738551840e+02 1.256901635586821442e+01 7.900997747886577827e+01
5.502300000000000000e+04 1.260866408204524589e+02 6.732905211681083024e+00 2.667534902042129019e+01 1.021821709083393728e+02 1.131270102647213349e+01 7.672486177229268378e+01
5.502400000000000000e+04 1.246352062790964368e+02 6.732905211681083024e+00 2.450043710228132809e+01 1.019595061127243270e+02 1.018094207449878574e+01 7.392655605620964820e+01
5.502500000000000000e+04 1.197348766098433259e+02 6.732905211681083024e+00 2.251931758845931597e+01 1.003697810356839000e+02 9.172838121572022274e+00 7.035593791930737950e+01
5.502800000000000000e+04 1.023378502725528705e+02 6.732905211681083024e+00 1.746592271108397298e+01 9.260896069569098188e+01 6.716370971383953226e+00 5.903171895441801809e+01
5.502900000000000000e+04 1.034441693840385170e+02 6.732905211681083024e+00 1.608351834221329213e+01 9.000908626759803610e+01 6.071543353043900915e+00 5.569179944783939362e+01
5.503100000000000000e+04 9.871981047002431353e+01 6.732905211681083024e+00 1.374766826556793831e+01 8.421921423668844398e+01 5.006434182654020404e+00 4.922221755504877194e+01
5.503300000000000000e+04 8.077798388611691394e+01 6.732905211681083024e+00 1.191856637858315260e+01 7.777073132089368812e+01 4.192249869357422831e+00 4.306718978895430183e+01
5.503400000000000000e+04 9.578632157443072970e+01 6.732905211681083024e+00 1.120389095405789703e+01 7.463248965174474847e+01 3.874767751706000407e+00 4.027222623124582412e+01
5.503500000000000000e+04 8.161931629672584165e+01 6.732905211681083024e+00 1.057734296904548010e+01 7.122455721064261525e+01 3.597735703756966164e+00 3.747477491878492373e+01
5.503700000000000000e+04 7.590115827395409553e+01 6.732905211681083024e+00 9.552411890421453222e+00 6.263511075980132148e+01 3.145344712025503142e+00 3.138975180906150086e+01
5.503800000000000000e+04 7.545904039630799787e+01 6.732905211681083024e+00 9.142624982908879261e+00 5.819766128862700327e+01 2.963093496324381348e+00 2.848916256541365399e+01
5.503900000000000000e+04 7.104187412046003658e+01 6.732905211681083024e+00 8.781960106050380688e+00 5.414615974486722649e+01 2.802157021713587159e+00 2.590477454065029050e+01
5.504000000000000000e+04 6.055254564260769001e+01 6.732905211681083024e+00 8.444713614119246259e+00 5.037020186240613384e+01 2.653484246384680389e+00 2.356390431437412758e+01
5.504100000000000000e+04 5.365003746389869832e+01 6.732905211681083024e+00 8.121128276905263732e+00 4.667562647369172879e+01 2.513503025968822246e+00 2.136184277972161283e+01
5.504300000000000000e+04 5.227125227614191516e+01 6.732905211681083024e+00 7.510478069214364005e+00 3.973769161948965234e+01 2.256754227528354306e+00 1.743034109109994390e+01
5.504400000000000000e+04 4.447561089445947147e+01 6.732905211681083024e+00 7.191847995539021099e+00 3.656326857922064022e+01 2.129971270706062736e+00 1.571127044483526802e+01
5.504500000000000000e+04 3.646152336292666973e+01 6.732905211681083024e+00 6.860270854812774211e+00 3.357892482182590754e+01 2.002998789726357476e+00 1.414087628309016509e+01
5.504600000000000000e+04 3.185898099792753158e+01 6.732905211681083024e+00 6.538753639701166520e+00 3.082280213054507101e+01 1.882468299899572761e+00 1.272617759312348085e+01
5.504700000000000000e+04 2.884200345047836223e+01 6.732905211681083024e+00 6.227053608709400834e+00 2.831425807176243836e+01 1.768044749775525615e+00 1.146604765196502740e+01
5.504900000000000000e+04 1.585840540275532895e+01 6.732905211681083024e+00 5.613256589178528877e+00 2.384397674370710618e+01 1.551051834533994978e+00 9.298797575737893339e+00
5.505000000000000000e+04 2.044815101357852782e+01 6.732905211681083024e+00 5.276341634392520241e+00 2.192559303608291543e+01 1.438675292267899364e+00 8.395463714229940422e+00
5.505100000000000000e+04 2.641802002197767862e+01 6.732905211681083024e+00 4.924094612456942244e+00 2.018029221967966436e+01 1.325106192803267691e+00 7.589429191304875921e+00
5.505300000000000000e+04 1.351515953487481880e+01 6.732905211681083024e+00 4.227741315383275911e+00 1.723339806524080231e+01 1.108770342350714921e+00 6.258042728317525949e+00
5.505400000000000000e+04 1.278090364442761029e+01 6.732905211681083024e+00 3.884315649802353221e+00 1.598646013224635709e+01 1.005908494057323077e+00 5.707004188293002933e+00
5.505500000000000000e+04 2.950493588731944072e+01 6.732905211681083024e+00 3.557319673712786567e+00 1.492755372231444255e+01 9.098004280595362037e-01 5.240312336696778317e+00
5.505700000000000000e+04 1.577548430731810569e+01 6.732905211681083024e+00 2.952713733376959304e+00 1.323696908804781636e+01 7.368888778080757707e-01 4.497169629696206705e+00
5.505800000000000000e+04 1.521176952621277678e+01 6.732905211681083024e+00 2.666124562508484175e+00 1.254477976756393254e+01 6.574095826676078502e-01 4.194456255036756787e+00
5.505900000000000000e+04 2.392864204439337783e+00 6.732905211681083024e+00 2.392652761367392245e+00 1.194523288009485285e+01 5.830050588127172473e-01 3.931680890031879372e+00
5.506100000000000000e+04 1.844753967528227179e+01 6.732905211681083024e+00 1.892562090180064605e+00 1.097394743628583491e+01 4.505027589097987395e-01 3.502696277141983838e+00
5.506300000000000000e+04 1.055153776263113663e+01 6.732905211681083024e+00 1.467974589432598176e+00 1.014135633402770331e+01 3.415482990769190819e-01 3.141878782461027253e+00
5.506400000000000000e+04 1.651602005780544147e+01 6.732905211681083024e+00 1.288871788046810796e+00 9.751117273808640462e+00 2.965309531914898100e-01 2.977258571631851591e+00
5.506700000000000000e+04 1.768906578466837232e+01 6.732905211681083024e+00 8.534479903877064677e-01 8.556310080013565411e+00 1.899928740845295005e-01 2.503748487157946734e+00
5.506800000000000000e+04 -2.318506703781586964e+00 6.732905211681083024e+00 7.401059886302138180e-01 8.152970206865049363e+00 1.630009885761951050e-01 2.353085374874466229e+00
5.506900000000000000e+04 1.135065428666432297e+01 6.732905211681083024e+00 6.402504770452228655e-01 7.762158462702002382e+00 1.395185175518027509e-01 2.210055937219407074e+00
5.507000000000000000e+04 -5.356704886434867419e+00 6.732905211681083024e+00 5.525835092449212782e-01 7.381470753270522600e+00 1.191554736916271978e-01 2.073679838540994247e+00
5.507200000000000000e+04 1.218179101280214738e+01 6.732905211681083024e+00 4.099931660539237743e-01 6.571868735079764434e+00 8.659693020465177027e-02 1.798344115334874260e+00
5.507400000000000000e+04 1.394076126955195249e+01 6.732905211681083024e+00 3.024498295026383232e-01 5.692459332318705378e+00 6.259957145868536021e-02 1.518313062071563468e+00
5.507600000000000000e+04 1.626710231787488858e+00 6.732905211681083024e+00 2.197450107585985912e-01 4.833390313945437278e+00 4.458659039435906163e-02 1.257385617571653791e+00
5.507800000000000000e+04 1.145374944897878500e+01 6.732905211681083024e+00 1.590952623647429731e-01 4.043435601697861870e+00 3.165759871947924908e-02 1.026565350283807909e+00
5.508000000000000000e+04 5.962555243655359938e+00 6.732905211681083024e+00 1.148939467390650837e-01 3.314659115810078660e+00 2.242927217941729015e-02 8.217619783345098128e-01
5.508200000000000000e+04 9.231691124067413767e+00 6.732905211681083024e+00 8.273684387000571072e-02 2.650907121404472822e+00 1.585148843184322476e-02 6.421148923080304272e-01
5.508300000000000000e+04 -1.214874532376259708e+01 6.732905211681083024e+00 7.019216413376362651e-02 2.351511775819421501e+00 1.332425287277213925e-02 5.631284486372484244e-01
5.508400000000000000e+04 -5.424430778844408607e+00 6.732905211681083024e+00 5.947948541671314177e-02 2.074968825425356211e+00 1.118771474028273233e-02 4.913262041639884781e-01
5.508600000000000000e+04 1.891689979735989269e+01 6.732905211681083024e+00 4.282211481070875847e-02 1.600525819851066345e+00 7.910245647124551638e-03 3.706636914893623458e-01
5.508900000000000000e+04 9.414025053760854078e+00 6.732905211681083024e+00 2.645166190723123242e-02 1.059257771239773271e+00 4.758348966942117439e-03 2.374910926056618965e-01
5.509000000000000000e+04 -7.937837130142137987e+00 6.732905211681083024e+00 2.251859233979373182e-02 9.184290701325713568e-01 4.015798901434460173e-03 2.037512357202438951e-01
5.509200000000000000e+04 -4.255168731674867644e+00 6.732905211681083024e+00 1.631681231006515409e-02 6.855014401479312403e-01 2.860340487345981557e-03 1.489443421145340285e-01
5.509300000000000000e+04 9.278680610241408999e+00 6.732905211681083024e+00 1.389015452264300184e-02 5.909842509333176341e-01 2.414419350363810127e-03 1.270988539148603380e-01
5.509500000000000000e+04 -2.660926358611964027e+00 6.732905211681083024e+00 1.005954541505592326e-02 4.368874266844217091e-01 1.719580412830072277e-03 9.208098189192380489e-02
5.509600000000000000e+04 6.266758837881728716e+00 6.732905211681083024e+00 8.563721241210521876e-03 3.749714330375252813e-01 1.451847290194205504e-03 7.824946432335670721e-02
5.509700000000000000e+04 5.086430853044204170e+00 6.732905211681083024e+00 7.288848819753298777e-03 3.199724599988689744e-01 1.225634575374692737e-03 6.611820886863432889e-02
5.509800000000000000e+04 2.757280965441155640e+00 6.732905211681083024e+00 6.200278619035576311e-03 2.723571874239423263e-01 1.034155386379047173e-03 5.573323799294881836e-02
5.510000000000000000e+04 -2.974325174910033009e+00 6.732905211681083024e+00 4.492452594350452612e-03 1.971318672261972993e-01 7.373742460977353481e-04 3.957199839934906482e-02
5.510100000000000000e+04 1.174483377190051847e+01 6.732905211681083024e+00 3.822323188696562148e-03 1.675298645017845034e-01 6.224268341795411233e-04 3.331275889874418111e-02
5.510200000000000000e+04 1.499594131111271933e+00 6.732905211681083024e+00 3.254465904767745322e-03 1.423249466144924091e-01 5.258043306838589264e-04 2.803659022427161529e-02
5.510600000000000000e+04 -1.674363528606394036e-01 6.732905211681083024e+00 1.703370282800629326e-03 7.364313227791108307e-02 2.668395524086519138e-04 1.398464342535341541e-02
5.510900000000000000e+04 5.476473213726468892e+00 6.732905211681083024e+00 1.047177572369643265e-03 4.515295385786882720e-02 1.603886617199637324e-04 8.348980041024522958e-03
5.511100000000000000e+04 -1.013409400841562835e+01 6.732905211681083024e+00 7.574817225599117044e-04 3.273149295635309486e-02 1.143196079927424701e-04 5.947936208677647232e-03
5.511200000000000000e+04 -8.527537579107612231e+00 6.732905211681083024e+00 6.437947302890440230e-04 2.786161277815228654e-02 9.645587389153405797e-05 5.019748626793075000e-03
5.511400000000000000e+04 1.260382303286105454e+01 6.732905211681083024e+00 4.656638964052915242e-04 2.018399264895691728e-02 6.876820444588222371e-05 3.575425609182477163e-03
5.511500000000000000e+04 -1.913313559709339273e+01 6.732905211681083024e+00 3.958370040161972173e-04 1.718040449235128109e-02 5.804061642466235168e-05 3.018024187954762658e-03
5.511700000000000000e+04 -2.975925521486841863e+00 6.732905211681083024e+00 2.863453365933568348e-04 1.243987460151594823e-02 4.139733072045060849e-05 2.149475516037590347e-03
5.511800000000000000e+04 6.342626209441999396e-01 6.732905211681083024e+00 2.434032690023445970e-04 1.058904821103143559e-02 3.494412016400036890e-05 1.814809112742756881e-03
5.511900000000000000e+04 1.798042736814624787e+00 6.732905211681083024e+00 2.071168746551687949e-04 9.011784624086272358e-03 2.952906681710418518e-05 1.532043219218365976e-03
5.512000000000000000e+04 1.413626592385169856e+00 6.732905211681083024e+00 1.777145639808814864e-04 7.665159723841496672e-03 2.516312410348764490e-05 1.292694232973808696e-03
