5.497500000000000000e+04 -4.256825756360391289e+00 1.280195259676890096e+01 9.676860811788584593e-01 2.279498802305776228e-18 9.676860811788584593e-01 2.279498802305776228e-18
5.497600000000000000e+04 -1.117520670032908825e+01 1.280195259676890096e+01 2.014654457448330049e+00 2.279498741010288571e-18 2.014654457448330049e+00 2.279498741010288571e-18
5.497900000000000000e+04 -6.014813172247357009e+00 1.280195259676890096e+01 7.421511495175619366e+00 2.279498485609617514e-18 7.421511495175619366e+00 2.279498485609617514e-18
5.498000000000000000e+04 1.693701529950215345e+01 1.280195259676890096e+01 1.010928248076253944e+01 2.279498369363932715e-18 1.010928248076253944e+01 2.279498369363932715e-18
5.498100000000000000e+04 3.884374355538328416e+01 1.280195259676890096e+01 1.326427468792255127e+01 2.279498232948373031e-18 1.326427468792255127e+01 2.279498232948373031e-18
5.498200000000000000e+04 1.343160953823244874e+01 1.280195259676890096e+01 1.681188057541250913e+01 2.279498072863251428e-18 1.681188057541250913e+01 2.279498072863251428e-18
5.498400000000000000e+04 2.659117295078858589e+01 1.280195259676890096e+01 2.504964300095078400e+01 2.279497664544057483e-18 2.504964300095078400e+01 2.279497664544057483e-18
5.498500000000000000e+04 3.559355838435492103e+01 1.280195259676890096e+01 2.982457128805857849e+01 2.279497405834730840e-18 2.982457128805857849e+01 2.279497405834730840e-18
5.498700000000000000e+04 3.465724484346609557e+01 1.280195259676890096e+01 4.097582893337165899e+01 2.279496745960992233e-18 4.097582893337165899e+01 2.279496745960992233e-18
5.499000000000000000e+04 4.677299538864780715e+01 1.280195259676890096e+01 6.053040193995693841e+01 2.279495261463979831e-18 6.053040193995693841e+01 2.279495261463979831e-18
5.499200000000000000e+04 9.116399480438789737e+01 1.280195259676890096e+01 7.440742163840896239e+01 3.875042658400934537e-01 7.440742163840896239e+01 3.875042658400934537e-01
5.499300000000000000e+04 9.154858764556892936e+01 1.280195259676890096e+01 8.115791156796579742e+01 1.209607601473573046e+00 8.115791156796579742e+01 1.209607601473573046e+00
5.499400000000000000e+04 9.165473932973517890e+01 1.280195259676890096e+01 8.659722275531558466e+01 2.518318071810412118e+00 8.659722275531558466e+01 2.518318071810412118e+00
5.499600000000000000e+04 9.154422838793495032e+01 1.280195259676890096e+01 9.298895886639343189e+01 6.537636875244362322e+00 9.298895886639343189e+01 6.537636875244362322e+00
5.499700000000000000e+04 9.920245456510559734e+01 1.280195259676890096e+01 1.007174840232974731e+02 9.276889368969523986e+00 9.534931745081652821e+01 9.276889368969523986e+00
5.499800000000000000e+04 1.212939441931694233e+02 1.280195259676890096e+01 1.082079103450156765e+02 1.263660310095317385e+01 9.725679520493949326e+01 1.263660310095317385e+01
5.500000000000000000e+04 1.395943785373747232e+02 1.280195259676890096e+01 1.218170292546442397e+02 2.101485071926563819e+01 9.942624000542298290e+01 2.101485071926563819e+01
5.500200000000000000e+04 1.693152736805449194e+02 1.280195259676890096e+01 1.329470305350309332e+02 3.131205375118847201e+01 9.937735874946248771e+01 3.131205375118847201e+01
5.500300000000000000e+04 1.763398047465105094e+02 1.280195259676890096e+01 1.370248230967384302e+02 3.728071411007321956e+01 9.828909195663038645e+01 3.728071411007321956e+01
5.500400000000000000e+04 1.859443178737971607e+02 1.280195259676890096e+01 1.400189892995651064e+02 4.387309556528447985e+01 9.653818898204983157e+01 4.387309556528447985e+01
5.500500000000000000e+04 1.981515893924824354e+02 1.280195259676890096e+01 1.421957083368124017e+02 5.121978616671457729e+01 9.437559456880096320e+01 5.121978616671457729e+01
5.500900000000000000e+04 2.235010888028690772e+02 1.280195259676890096e+01 1.429706504457306266e+02 8.417417817184538364e+01 8.255133116561614770e+01 8.417417817184538364e+01
5.501200000000000000e+04 2.419261389468677805e+02 1.280195259676890096e+01 1.357667735721228723e+02 1.082465284441444737e+02 7.142612246008147281e+01 1.082465284441444737e+02
5.501300000000000000e+04 2.271919837766872377e+02 1.280195259676890096e+01 1.324079406411986497e+02 1.160972987156968088e+02 6.765517379857884350e+01 1.129241306445840110e+02
5.501400000000000000e+04 2.585711193337251075e+02 1.280195259676890096e+01 1.280902633054828357e+02 1.227686729433559378e+02 6.361888512242121152e+01 1.162361985829917899e+02
5.501600000000000000e+04 2.550254613344664278e+02 1.280195259676890096e+01 1.178599088452674835e+02 1.352355737324683673e+02 5.543739832797152900e+01 1.215709940061743595e+02
5.501700000000000000e+04 2.521813958583532553e+02 1.280195259676890096e+01 1.137203392801227295e+02 1.405799246141102685e+02 5.211031447560955598e+01 1.232616612135995240e+02
5.501800000000000000e+04 2.395141915093097680e+02 1.280195259676890096e+01 1.101912322852155910e+02 1.452368800879216053e+02 4.922327896239417555e+01 1.242828000067787144e+02
5.501900000000000000e+04 2.452765752144759972e+02 1.280195259676890096e+01 1.068581916915459686e+02 1.491808602438320861e+02 4.656333247267679099e+01 1.246601990840077718e+02
5.502000000000000000e+04 2.588468790560367552e+02 1.280195259676890096e+01 1.032275071117537237e+02 1.521467362454270642e+02 4.390417961541074021e+01 1.242216984368281061e+02
5.502100000000000000e+04 2.688476649459656187e+02 1.280195259676890096e+01 9.912403252710180368e+01 1.539330041405777365e+02 4.117301454915962466e+01 1.228613649457879831e+02
5.502200000000000000e+04 2.605938495010182692e+02 1.280195259676890096e+01 9.483523463853184410e+01 1.545817751075073261e+02 3.849145005216814042e+01 1.206727362275622966e+02
5.502500000000000000e+04 2.306790492100043934e+02 1.280195259676890096e+01 8.258936107957680406e+01 1.522185760387698679e+02 3.137059333747742329e+01 1.114909368188455971e+02
5.502900000000000000e+04 2.016041782139192549e+02 1.280195259676890096e+01 6.762269535468655590e+01 1.387226105207671480e+02 2.366167303078713857e+01 9.387738412449559178e+01
5.503100000000000000e+04 2.062189034637552538e+02 1.280195259676890096e+01 6.086013041006714985e+01 1.297203388620501130e+02 2.048817721261307412e+01 8.456896724822354372e+01
5.503200000000000000e+04 1.663322227719419857e+02 1.280195259676890096e+01 5.772802842771708498e+01 1.242158732015274012e+02 1.907229695642826428e+01 7.952360640302650552e+01
5.503300000000000000e+04 1.770985619671487257e+02 1.280195259676890096e+01 5.524021432341789506e+01 1.179735374765507743e+02 1.791710107470335345e+01 7.419252718480018416e+01
5.503400000000000000e+04 1.572595806878487394e+02 1.280195259676890096e+01 5.310459495209928349e+01 1.121359974679043745e+02 1.691552365168480421e+01 6.929674790996440947e+01
5.503500000000000000e+04 1.443605985036141135e+02 1.280195259676890096e+01 5.103131934304351347e+01 1.072365134014950030e+02 1.596874529619285887e+01 6.513789309451193787e+01
5.503600000000000000e+04 1.619809791983090292e+02 1.280195259676890096e+01 4.918220338091001054e+01 1.030243228682909944e+02 1.512367877641758973e+01 6.152909870299270523e+01
5.503700000000000000e+04 1.268223956821208134e+02 1.280195259676890096e+01 4.746711253334140679e+01 9.909259191841529457e+01 1.434788638676704053e+01 5.820416559084598873e+01
5.503900000000000000e+04 1.568464210707323332e+02 1.280195259676890096e+01 4.386177472490541618e+01 9.051372585950880989e+01 1.282170619571031622e+01 5.146626818644953261e+01
5.504000000000000000e+04 1.054298848562634277e+02 1.280195259676890096e+01 4.210760137553040039e+01 8.597065369151752634e+01 1.210962883225882791e+01 4.811431256521017019e+01
5.504200000000000000e+04 1.210096427729561555e+02 1.280195259676890096e+01 3.882523868853088089e+01 7.735986793960950081e+01 1.081543224929825442e+01 4.197496903939745039e+01
5.504400000000000000e+04 1.102935721636287667e+02 1.280195259676890096e+01 3.570367595803113403e+01 6.952047967793667738e+01 9.643386980885679804e+00 3.660513883631880816e+01
5.504500000000000000e+04 7.945448941242250385e+01 1.280195259676890096e+01 3.413110679970237271e+01 6.578584395842709398e+01 9.080561577061848411e+00 3.413368129425988684e+01
5.504600000000000000e+04 9.590769449491560295e+01 1.280195259676890096e+01 3.250850858516157871e+01 6.216573263089124879e+01 8.521234229400151960e+00 3.179182399043226326e+01
5.504700000000000000e+04 1.151971534935880754e+02 1.280195259676890096e+01 3.081572720243602603e+01 5.866616057070785928e+01 7.960046289989414880e+00 2.957709128848392055e+01
5.504800000000000000e+04 9.372090554579131094e+01 1.280195259676890096e+01 2.909972381117184170e+01 5.537150250498808646e+01 7.409034476823465276e+00 2.752609987322931318e+01
5.505000000000000000e+04 6.220946473909934582e+01 1.280195259676890096e+01 2.540556463125815156e+01 4.929711955812796020e+01 6.288194800073795498e+00 2.384037119553533302e+01
5.505200000000000000e+04 7.249976969884185962e+01 1.280195259676890096e+01 2.146071697922408106e+01 4.491071529522316297e+01 5.167770414954748759e+00 2.114440456460600615e+01
5.505400000000000000e+04 6.662015790121814973e+01 1.280195259676890096e+01 1.773266531917983002e+01 4.121580558543204376e+01 4.157327640826142812e+00 1.890459847052198938e+01
5.505600000000000000e+04 7.857630952870050578e+01 1.280195259676890096e+01 1.451534822466905972e+01 3.798058839055724434e+01 3.315520380235053022e+00 1.698291378579737554e+01
5.505800000000000000e+04 3.663749590358506225e+01 1.280195259676890096e+01 1.180950317363293145e+01 3.470316882604574005e+01 2.629827455937498115e+00 1.513703604032353489e+01
5.506000000000000000e+04 5.310936471054466779e+01 1.280195259676890096e+01 9.482079038675969684e+00 3.175410908393967802e+01 2.059888564189253035e+00 1.351929031162281980e+01
5.506100000000000000e+04 3.729020579856979367e+01 1.280195259676890096e+01 8.461461567555799590e+00 3.035901958395069400e+01 1.815959130283463896e+00 1.277252706632618029e+01
5.506200000000000000e+04 2.976095389577880113e+01 1.280195259676890096e+01 7.530249544187156197e+00 2.899043211128757136e+01 1.596812745279095003e+00 1.205423372610709798e+01
5.506400000000000000e+04 4.251888968526370860e+01 1.280195259676890096e+01 5.899906667583375786e+00 2.621557710674956354e+01 1.221917543613490142e+00 1.065154278675018951e+01
5.506500000000000000e+04 1.760084467322938195e+01 1.280195259676890096e+01 5.192616570419675170e+00 2.476867903708831520e+01 1.063036946060080368e+00 9.950057862486769267e+00
5.506700000000000000e+04 4.074804069261309536e+01 1.280195259676890096e+01 3.993015087425249465e+00 2.182891438111474969e+01 7.990344961129509649e-01 8.575491801655763524e+00
5.506800000000000000e+04 4.386033713314019167e+01 1.280195259676890096e+01 3.486116736920612524e+00 2.022912267183740198e+01 6.898283870746817481e-01 7.860243500092245483e+00
5.506900000000000000e+04 1.055097090532309068e+01 1.280195259676890096e+01 3.030619326182967477e+00 1.858919367867913053e+01 5.930877954916861095e-01 7.145018133789109882e+00
5.507100000000000000e+04 2.094679824867377960e+01 1.280195259676890096e+01 2.269430188555907613e+00 1.544980928624988437e+01 4.345486239456022304e-01 5.812788022969217927e+00
5.507300000000000000e+04 2.973145950545692884e+01 1.280195259676890096e+01 1.685630494679967395e+00 1.258642625607829579e+01 3.159510589642119949e-01 4.637421707408826421e+00
5.507400000000000000e+04 2.460154677069254348e+01 1.280195259676890096e+01 1.449856070823029031e+00 1.136477498335070280e+01 2.689201451984696289e-01 4.144400475293815944e+00
5.507500000000000000e+04 4.264712503580523340e+00 1.280195259676890096e+01 1.242585496790556077e+00 1.024226701636197845e+01 2.280935985444418612e-01 3.697168904581446203e+00
5.507800000000000000e+04 1.607693195545816423e+01 1.280195259676890096e+01 7.756789375626312877e-01 7.350197369168302686e+00 1.381047141620609098e-01 2.574860705236566183e+00
5.508000000000000000e+04 -1.702262482059067494e+01 1.280195259676890096e+01 5.643124509315549098e-01 5.810003173697987577e+00 9.849760017656127020e-02 1.996015931598868809e+00
5.508100000000000000e+04 1.171556570468953851e+01 1.280195259676890096e+01 4.812805878463328191e-01 5.141967655947325078e+00 8.318738014801362046e-02 1.749623211387704602e+00
5.508200000000000000e+04 1.018822148462728450e+01 1.280195259676890096e+01 4.099367083052468108e-01 4.531786689876531327e+00 7.017301316464903682e-02 1.527396929516862567e+00
5.508400000000000000e+04 1.659287909589833276e+01 1.280195259676890096e+01 2.969128366737277536e-01 3.486432578737511445e+00 4.986444254227592049e-02 1.153225912522330976e+00
5.508500000000000000e+04 7.632422053583104216e+00 1.280195259676890096e+01 2.526154639548865433e-01 3.047617447486808739e+00 4.202762805578161287e-02 9.987931201411885951e-01
5.508800000000000000e+04 -3.721828430696749734e-01 1.280195259676890096e+01 1.568669336761179534e-01 1.991531554007924143e+00 2.538464199561750803e-02 6.351357169307066952e-01
5.508900000000000000e+04 3.187156038698395921e+00 1.280195259676890096e+01 1.338010944307850836e-01 1.718476851970876851e+00 2.145658115601357940e-02 5.431857799320026770e-01
5.509000000000000000e+04 -7.290470757599894824e+00 1.280195259676890096e+01 1.141301762307426332e-01 1.479482223966251730e+00 1.813835800367798873e-02 4.635259803140082679e-01
5.509100000000000000e+04 1.239930731241118700e+01 1.280195259676890096e+01 9.737816523216560882e-02 1.271663518448582497e+00 1.533876746194622574e-02 3.949388237052650075e-01
5.509300000000000000e+04 9.986558961686201386e+00 1.280195259676890096e+01 7.076601919782882222e-02 9.340717977393075966e-01 1.095262713745783802e-02 2.851169981805523612e-01
5.509500000000000000e+04 1.771283386410781091e+01 1.280195259676890096e+01 5.147209957729510788e-02 6.799944126428046909e-01 7.830004347216196550e-03 2.040615828835353474e-01
5.509600000000000000e+04 1.925144215853556773e+00 1.280195259676890096e+01 4.386956887788717036e-02 5.801088518377367498e-01 6.616827885050855125e-03 1.726308927025761164e-01
5.509700000000000000e+04 -7.990940440273980983e+00 1.280195259676890096e+01 3.739503886430139978e-02 4.941982799504840984e-01 5.592785077591702451e-03 1.458457370371799289e-01
5.509800000000000000e+04 4.065876141268701005e+00 1.280195259676890096e+01 3.189839657044741400e-02 4.206586259540490147e-01 4.730874821351913062e-03 1.231220002207015773e-01
5.509900000000000000e+04 -3.578287095320042965e+00 1.280195259676890096e+01 2.718509534479339115e-02 3.581944604948281707e-01 3.998454947828823484e-03 1.039842251850170152e-01
5.510100000000000000e+04 -7.228844335953922950e+00 1.280195259676890096e+01 1.974694033089585687e-02 2.588650788371645306e-01 2.857113554350843541e-03 7.394243732673441705e-02
5.510400000000000000e+04 8.828318432065117349e+00 1.280195259676890096e+01 1.222710364858446176e-02 1.590310262013903686e-01 1.726894476100850886e-03 4.435764426012227257e-02
5.510700000000000000e+04 -4.140017240705868318e+01 1.280195259676890096e+01 7.521370973878796495e-03 9.841865568998979519e-02 1.037530654529236849e-03 2.682072644501697772e-02
5.510800000000000000e+04 -1.620114132807627616e+00 1.280195259676890096e+01 6.398173033286751882e-03 8.383549069299965628e-02 8.757902202812570909e-04 2.267294750459748418e-02
5.510900000000000000e+04 -1.204390403684690192e+01 1.280195259676890096e+01 5.438738439436972306e-03 7.143455741621629329e-02 7.387683124515371895e-04 1.917345932743277914e-02
5.511000000000000000e+04 -8.855749371519666679e-01 1.280195259676890096e+01 4.622271847984409966e-03 6.083392774032592154e-02 6.230988444615148105e-04 1.620595869261173133e-02
5.511100000000000000e+04 3.084524930183114222e+01 1.280195259676890096e+01 3.930534049939267416e-03 5.177717571393973539e-02 5.258591276927242816e-04 1.369078392182229709e-02
5.511400000000000000e+04 -2.609948655472689438e+01 1.280195259676890096e+01 2.415711267348778172e-03 3.197747496147952673e-02 3.160519228810185948e-04 8.271034856313568689e-03
