5.497500000000000000e+04 -2.897282196281255384e+00 9.470576814572718050e+00 9.676860811788584593e-01 2.279498802305776228e-18 9.676860811788584593e-01 2.279498802305776228e-18
5.497600000000000000e+04 -7.742887786522144822e+00 9.470576814572718050e+00 2.014654457448330049e+00 2.279498741010288571e-18 2.014654457448330049e+00 2.279498741010288571e-18
5.497900000000000000e+04 -2.518358529064607332e+00 9.470576814572718050e+00 7.421511495175619366e+00 2.279498485609617514e-18 7.421511495175619366e+00 2.279498485609617514e-18
5.498000000000000000e+04 1.516027510399509737e+01 9.470576814572718050e+00 1.010928248076253944e+01 2.279498369363932715e-18 1.010928248076253944e+01 2.279498369363932715e-18
5.498100000000000000e+04 3.218735091040447571e+01 9.470576814572718050e+00 1.326427468792255127e+01 2.279498232948373031e-18 1.326427468792255127e+01 2.279498232948373031e-18
5.498200000000000000e+04 1.431123731262078635e+01 9.470576814572718050e+00 1.681188057541250913e+01 2.279498072863251428e-18 1.681188057541250913e+01 2.279498072863251428e-18
5.498400000000000000e+04 2.619002980456916418e+01 9.470576814572718050e+00 2.504964300095078400e+01 2.279497664544057483e-18 2.504964300095078400e+01 2.279497664544057483e-18
5.498500000000000000e+04 3.409232927456626783e+01 9.470576814572718050e+00 2.982457128805857849e+01 2.279497405834730840e-18 2.982457128805857849e+01 2.279497405834730840e-18
5.498700000000000000e+04 3.630149230148231965e+01 9.470576814572718050e+00 4.097582893337165899e+01 2.279496745960992233e-18 4.097582893337165899e+01 2.279496745960992233e-18
5.499000000000000000e+04 5.035300325576221070e+01 9.470576814572718050e+00 6.053040193995693841e+01 2.279495261463979831e-18 6.053040193995693841e+01 2.279495261463979831e-18
5.499200000000000000e+04 8.690436961839974117e+01 9.470576814572718050e+00 7.440742163840896239e+01 3.875042658400934537e-01 7.440742163840896239e+01 3.875042658400934537e-01
5.499300000000000000e+04 8.915945294561836931e+01 9.470576814572718050e+00 8.115791156796579742e+01 1.209607601473573046e+00 8.115791156796579742e+01 1.209607601473573046e+00
5.499400000000000000e+04 9.099397884543874682e+01 9.470576814572718050e+00 8.659722275531558466e+01 2.518318071810412118e+00 8.659722275531558466e+01 2.518318071810412118e+00
5.499600000000000000e+04 9.362143224302739952e+01 9.470576814572718050e+00 9.298895886639343189e+01 6.537636875244362322e+00 9.298895886639343189e+01 6.537636875244362322e+00
5.499700000000000000e+04 9.731958482731883464e+01 9.470576814572718050e+00 9.602629760471731402e+01 9.276889368969523986e+00 9.534931745081652821e+01 9.276889368969523986e+00
5.499800000000000000e+04 1.116069228617559759e+02 9.470576814572718050e+00 9.863784169684963388e+01 1.263660310095317385e+01 9.725679520493949326e+01 1.263660310095317385e+01
5.500000000000000000e+04 1.208697701968999354e+02 9.470576814572718050e+00 1.022499452215769935e+02 2.101485071926563819e+01 9.942624000542298290e+01 2.101485071926563819e+01
5.500200000000000000e+04 1.386633353632623766e+02 9.470576814572718050e+00 1.036108342321895606e+02 3.131205375118847201e+01 9.937735874946248771e+01 3.131205375118847201e+01
5.500300000000000000e+04 1.419596761657669504e+02 9.470576814572718050e+00 1.031740598268749380e+02 3.728071411007321956e+01 9.828909195663038645e+01 3.728071411007321956e+01
5.500400000000000000e+04 1.474128463326534018e+02 9.470576814572718050e+00 1.020215581162302669e+02 4.387309556528447985e+01 9.653818898204983157e+01 4.387309556528447985e+01
5.500500000000000000e+04 1.551296303872846636e+02 9.470576814572718050e+00 1.004061950617473542e+02 5.121978616671457729e+01 9.437559456880096320e+01 5.121978616671457729e+01
5.500900000000000000e+04 1.716494460725581064e+02 9.470576814572718050e+00 9.017081903220253025e+01 8.417417817184538364e+01 8.255133116561614770e+01 8.417417817184538364e+01
5.501200000000000000e+04 1.862426253454330833e+02 9.470576814572718050e+00 7.954012997154671893e+01 1.082465284441444737e+02 7.142612246008147281e+01 1.082465284441444737e+02
5.501300000000000000e+04 1.736445021132519173e+02 9.470576814572718050e+00 7.582115327606729238e+01 1.135903830153870473e+02 6.765517379857884350e+01 1.129241306445840110e+02
5.501400000000000000e+04 1.950624520382121432e+02 9.470576814572718050e+00 7.174937864106662744e+01 1.176077857262710893e+02 6.361888512242121152e+01 1.162361985829917899e+02
5.501600000000000000e+04 1.891773302491991728e+02 9.470576814572718050e+00 6.330950889054347641e+01 1.244400694647200964e+02 5.543739832797152900e+01 1.215709940061743595e+02
5.501700000000000000e+04 1.852103549409458481e+02 9.470576814572718050e+00 5.987996236392293525e+01 1.268978802194007187e+02 5.211031447560955598e+01 1.232616612135995240e+02
5.501800000000000000e+04 1.738216301262008585e+02 9.470576814572718050e+00 5.691195513632015235e+01 1.286824111270186961e+02 4.922327896239417555e+01 1.242828000067787144e+02
5.501900000000000000e+04 1.760139683877942218e+02 9.470576814572718050e+00 5.416712466546491811e+01 1.298086653061772893e+02 4.656333247267679099e+01 1.246601990840077718e+02
5.502000000000000000e+04 1.840393868442822622e+02 9.470576814572718050e+00 5.138545182187672822e+01 1.300849626030463639e+02 4.390417961541074021e+01 1.242216984368281061e+02
5.502100000000000000e+04 1.895480553019444869e+02 9.470576814572718050e+00 4.848122463163545603e+01 1.293853034244093294e+02 4.117301454915962466e+01 1.228613649457879831e+02
5.502200000000000000e+04 1.816577567933308330e+02 9.470576814572718050e+00 4.559697173179837648e+01 1.277924276649884519e+02 3.849145005216814042e+01 1.206727362275622966e+02
5.502500000000000000e+04 1.548176381487063509e+02 9.470576814572718050e+00 3.782979850566403002e+01 1.200422916728510643e+02 3.137059333747742329e+01 1.114909368188455971e+02
5.502900000000000000e+04 1.289915164910775616e+02 9.470576814572718050e+00 2.920560302190056490e+01 1.032932857521825127e+02 2.366167303078713857e+01 9.387738412449559178e+01
5.503100000000000000e+04 1.311975754455357617e+02 9.470576814572718050e+00 2.557948924994742157e+01 9.404914847674940859e+01 2.048817721261307412e+01 8.456896724822354372e+01
5.503200000000000000e+04 1.013054232514678290e+02 9.470576814572718050e+00 2.394717605849132980e+01 8.890739195858363075e+01 1.907229695642826428e+01 7.952360640302650552e+01
5.503300000000000000e+04 1.088827940137418295e+02 9.470576814572718050e+00 2.262392352702791953e+01 8.338498130299691979e+01 1.791710107470335345e+01 7.419252718480018416e+01
5.503400000000000000e+04 9.386663707921326250e+01 9.470576814572718050e+00 2.147933193290936416e+01 7.829146578867778317e+01 1.691552365168480421e+01 6.929674790996440947e+01
5.503500000000000000e+04 8.407935844853491858e+01 9.470576814572718050e+00 2.039049086870866034e+01 7.397710518743720343e+01 1.596874529619285887e+01 6.513789309451193787e+01
5.503600000000000000e+04 9.689132797454875856e+01 9.470576814572718050e+00 1.941880354892018801e+01 7.024161907933647342e+01 1.512367877641758973e+01 6.152909870299270523e+01
5.503700000000000000e+04 7.071264952117076064e+01 9.470576814572718050e+00 1.852455611395492596e+01 6.678928001549576265e+01 1.434788638676704053e+01 5.820416559084598873e+01
5.503900000000000000e+04 9.302446465512609564e+01 9.470576814572718050e+00 1.673617309726067148e+01 5.966484470855094457e+01 1.282170619571031622e+01 5.146626818644953261e+01
5.504000000000000000e+04 5.520075399026799801e+01 9.470576814572718050e+00 1.589267687945648433e+01 5.606279700098288998e+01 1.210962883225882791e+01 4.811431256521017019e+01
5.504200000000000000e+04 6.732136685536335108e+01 9.470576814572718050e+00 1.434775242191906663e+01 4.940453855937080618e+01 1.081543224929825442e+01 4.197496903939745039e+01
5.504400000000000000e+04 6.019627480777675999e+01 9.470576814572718050e+00 1.292985326397151802e+01 4.351618904861580006e+01 9.643386980885679804e+00 3.660513883631880816e+01
5.504500000000000000e+04 3.788156093818156478e+01 9.470576814572718050e+00 1.223968894972166765e+01 4.077950904225229323e+01 9.080561577061848411e+00 3.413368129425988684e+01
5.504600000000000000e+04 5.062801535132349784e+01 9.470576814572718050e+00 1.154627238083720364e+01 3.816926388291297911e+01 8.521234229400151960e+00 3.179182399043226326e+01
5.504700000000000000e+04 6.555067516136318773e+01 9.470576814572718050e+00 1.084237905159458393e+01 3.568476063955585431e+01 7.960046289989414880e+00 2.957709128848392055e+01
5.504800000000000000e+04 5.035978385441440253e+01 9.470576814572718050e+00 1.014445000566668753e+01 3.337264348630321820e+01 7.409034476823465276e+00 2.752609987322931318e+01
5.505000000000000000e+04 2.864228765026945922e+01 9.470576814572718050e+00 8.699088686422088657e+00 2.918538241757434903e+01 6.288194800073795498e+00 2.384037119553533302e+01
5.505200000000000000e+04 3.789055669543751037e+01 9.470576814572718050e+00 7.222475931940756766e+00 2.613448404185302465e+01 5.167770414954748759e+00 2.114440456460600615e+01
5.505400000000000000e+04 3.513380277299228283e+01 9.470576814572718050e+00 5.869315163318349349e+00 2.358915797151733784e+01 4.157327640826142812e+00 1.890459847052198938e+01
5.505600000000000000e+04 4.541324326245489829e+01 9.470576814572718050e+00 4.727932062215185915e+00 2.139167820459037728e+01 3.315520380235053022e+00 1.698291378579737554e+01
5.505800000000000000e+04 1.572728721432715560e+01 9.470576814572718050e+00 3.787477502041184607e+00 1.924522762166733969e+01 2.629827455937498115e+00 1.513703604032353489e+01
5.506000000000000000e+04 2.912734590356166819e+01 9.470576814572718050e+00 2.995901927756850380e+00 1.734795332787439648e+01 2.059888564189253035e+00 1.351929031162281980e+01
5.506100000000000000e+04 1.798702798675619263e+01 9.470576814572718050e+00 2.654024268909282558e+00 1.646506464120107438e+01 1.815959130283463896e+00 1.277252706632618029e+01
5.506200000000000000e+04 1.295462775785726706e+01 9.470576814572718050e+00 2.345079197716878561e+00 1.561023267530869063e+01 1.596812745279095003e+00 1.205423372610709798e+01
5.506400000000000000e+04 2.342748507689885074e+01 9.470576814572718050e+00 1.811859333670083227e+00 1.391943611372514944e+01 1.221917543613490142e+00 1.065154278675018951e+01
5.506500000000000000e+04 5.501295205121989440e+00 9.470576814572718050e+00 1.583818745934913563e+00 1.306144095608638267e+01 1.063036946060080368e+00 9.950057862486769267e+00
5.506700000000000000e+04 2.360204498621461866e+01 9.470576814572718050e+00 1.201827785603489351e+00 1.135823889129305897e+01 7.990344961129509649e-01 8.575491801655763524e+00
5.506800000000000000e+04 2.640259568617607755e+01 9.470576814572718050e+00 1.042468658547259119e+00 1.045726795252272190e+01 6.898283870746817481e-01 7.860243500092245483e+00
5.506900000000000000e+04 2.259909605122254916e+00 9.470576814572718050e+00 9.004851998950269554e-01 9.547887732182388731e+00 5.930877954916861095e-01 7.145018133789109882e+00
5.507100000000000000e+04 1.088983570105163778e+01 9.470576814572718050e+00 6.659457661966353692e-01 7.836219533764803735e+00 4.345486239456022304e-01 5.812788022969217927e+00
5.507300000000000000e+04 1.823160584791891381e+01 9.470576814572718050e+00 4.886815028999467181e-01 6.306429779905263544e+00 3.159510589642119949e-01 4.637421707408826421e+00
5.507400000000000000e+04 1.479794721945231828e+01 9.470576814572718050e+00 4.178481216093821726e-01 5.660422169156293926e+00 2.689201451984696289e-01 4.144400475293815944e+00
5.507500000000000000e+04 8.615185354051746458e-02 9.470576814572718050e+00 3.560312979680194112e-01 5.071406586414369144e+00 2.280935985444418612e-01 3.697168904581446203e+00
5.507800000000000000e+04 9.678020594501964169e+00 9.470576814572718050e+00 2.185092787472127651e-01 3.577511463855685747e+00 1.381047141620609098e-01 2.574860705236566183e+00
5.508000000000000000e+04 -1.435443506418093307e+01 9.470576814572718050e+00 1.572415689218624180e-01 2.796817523356335045e+00 9.849760017656127020e-02 1.996015931598868809e+00
5.508100000000000000e+04 7.102235803258905023e+00 9.470576814572718050e+00 1.333909640673398289e-01 2.461894820743639301e+00 8.318738014801362046e-02 1.749623211387704602e+00
5.508200000000000000e+04 6.152465692334708081e+00 9.470576814572718050e+00 1.130206550029837359e-01 2.158211861407326460e+00 7.017301316464903682e-02 1.527396929516862567e+00
5.508400000000000000e+04 1.120032114448781435e+01 9.470576814572718050e+00 8.101974624268991343e-02 1.643116280161817322e+00 4.986444254227592049e-02 1.153225912522330976e+00
5.508500000000000000e+04 4.702407599095609569e+00 9.470576814572718050e+00 6.858488622423000725e-02 1.428973316985998165e+00 4.202762805578161287e-02 9.987931201411885951e-01
5.508800000000000000e+04 -9.027690195195995360e-01 9.470576814572718050e+00 4.196589014715486343e-02 9.199305724024354758e-01 2.538464199561750803e-02 6.351357169307066952e-01
5.508900000000000000e+04 1.813090168083786757e+00 9.470576814572718050e+00 3.562436169332934555e-02 7.899550797551114778e-01 2.145658115601357940e-02 5.431857799320026770e-01
5.509000000000000000e+04 -5.865146641629529256e+00 9.470576814572718050e+00 3.024389813533267732e-02 6.768406364545148657e-01 1.813835800367798873e-02 4.635259803140082679e-01
5.509100000000000000e+04 8.764629956650821896e+00 9.470576814572718050e+00 2.568476611502895288e-02 5.790198094342888790e-01 1.533876746194622574e-02 3.949388237052650075e-01
5.509300000000000000e+04 7.084331525131010387e+00 9.470576814572718050e+00 1.849570144702505220e-02 4.213744116110383908e-01 1.095262713745783802e-02 2.851169981805523612e-01
5.509500000000000000e+04 1.287973164555325489e+01 9.470576814572718050e+00 1.333371440287446121e-02 3.039905400216025844e-01 7.830004347216196550e-03 2.040615828835353474e-01
5.509600000000000000e+04 1.232072718338581563e+00 9.470576814572718050e+00 1.131477568343696241e-02 2.581867631259728291e-01 6.616827885050855125e-03 1.726308927025761164e-01
5.509700000000000000e+04 -6.076174876086482435e+00 9.470576814572718050e+00 9.603371256732710914e-03 2.189873741613256319e-01 5.592785077591702451e-03 1.458457370371799289e-01
5.509800000000000000e+04 2.866797709328938737e+00 9.470576814572718050e+00 8.156974366974970372e-03 1.855941031326855672e-01 4.730874821351913062e-03 1.231220002207015773e-01
5.509900000000000000e+04 -2.767943462092885998e+00 9.470576814572718050e+00 6.922525051176041389e-03 1.573593279724862792e-01 3.998454947828823484e-03 1.039842251850170152e-01
5.510100000000000000e+04 -5.436079054270789079e+00 9.470576814572718050e+00 4.987091709119397670e-03 1.127696111670026535e-01 2.857113554350843541e-03 7.394243732673441705e-02
5.510400000000000000e+04 6.475771175262027057e+00 9.470576814572718050e+00 3.051077160374982954e-03 6.843497356451663793e-02 1.726894476100850886e-03 4.435764426012227257e-02
5.510700000000000000e+04 -3.066151535688847574e+01 9.470576814572718050e+00 1.855208563363728398e-03 4.185374361744898658e-02 1.037530654529236849e-03 2.682072644501697772e-02
5.510800000000000000e+04 -1.228187065207914541e+00 9.470576814572718050e+00 1.572218603448912594e-03 3.551490497120150108e-02 8.757902202812570909e-04 2.267294750459748418e-02
5.510900000000000000e+04 -8.935181815182430043e+00 9.470576814572718050e+00 1.331482129531405718e-03 3.014643010052256433e-02 7.387683124515371895e-04 1.917345932743277914e-02
5.511000000000000000e+04 -6.768462962656378590e-01 9.470576814572718050e+00 1.127435049168664999e-03 2.557624400867983608e-02 6.230988444615148105e-04 1.620595869261173133e-02
5.511100000000000000e+04 2.280000558517884812e+01 9.470576814572718050e+00 9.552231054538337608e-04 2.168757081055869979e-02 5.258591276927242816e-04 1.369078392182229709e-02
5.511400000000000000e+04 -1.931938667663662912e+01 9.470576814572718050e+00 5.808402238707360788e-04 1.324854363284307286e-02 3.160519228810185948e-04 8.271034856313568689e-03
