5.497600000000000000e+04 -7.331766535208807056e+00 9.845830826644665024e+00 1.164140563987932975e+00 1.400047905375606646e-18 1.164140563987932975e+00 1.400047905375606646e-18
5.497900000000000000e+04 4.066773942368951289e+00 9.845830826644665024e+00 4.289077145657377521e+00 1.400047905214326962e-18 4.289077145657377521e+00 1.400047905214326962e-18
5.498300000000000000e+04 1.314731216164719996e+01 9.845830826644665024e+00 1.143383206421574805e+01 1.400047904835056466e-18 1.143383206421574805e+01 1.400047904835056466e-18
5.499200000000000000e+04 4.374725913548262923e+01 9.845830826644665024e+00 3.733751665722944324e+01 1.400047902250976364e-18 3.733751665722944324e+01 1.400047902250976364e-18
5.499500000000000000e+04 3.999242228689645628e+01 9.845830826644665024e+00 4.526446668391263017e+01 6.985466867700927951e-01 4.526446668391263017e+01 6.985466867700927951e-01
5.499600000000000000e+04 2.714936371848420293e+01 9.845830826644665024e+00 4.750204251648135312e+01 1.455175704984916107e+00 4.750204251648135312e+01 1.455175704984916107e+00
5.499800000000000000e+04 5.693114290839218938e+01 9.845830826644665024e+00 5.442488444432102312e+01 3.791386072109951044e+00 5.091672227927872996e+01 3.791386072109951044e+00
5.500200000000000000e+04 8.251180437644555354e+01 9.845830826644665024e+00 7.235797297109141368e+01 1.162962013649368842e+01 5.381775602163734362e+01 1.162962013649368842e+01
5.500700000000000000e+04 1.173734400965964682e+02 9.845830826644665024e+00 8.800740884395055730e+01 2.755757656490886376e+01 5.210622193247517231e+01 2.755757656490886376e+01
5.501100000000000000e+04 1.289860777690188627e+02 9.845830826644665024e+00 9.408597669889195458e+01 4.301492826619860210e+01 4.789065290588005297e+01 4.301492826619860210e+01
5.501600000000000000e+04 1.534208237081869299e+02 9.845830826644665024e+00 9.309394584249561433e+01 6.584970643847226768e+01 4.031611703369087962e+01 5.937755314560169495e+01
5.502200000000000000e+04 1.877490406199717370e+02 9.845830826644665024e+00 8.629621762564794096e+01 9.660287205883902573e+01 3.169741694238675578e+01 6.727219502704667775e+01
5.502800000000000000e+04 1.979480705418966693e+02 9.845830826644665024e+00 8.255780232582642952e+01 1.129554724403930521e+02 2.632666932167046880e+01 6.407003541712595052e+01
5.503000000000000000e+04 1.976466923709842831e+02 9.845830826644665024e+00 8.193170924491184337e+01 1.149849072879814429e+02 2.502725028100064719e+01 6.142356158546017753e+01
5.503300000000000000e+04 1.929081351514436733e+02 9.845830826644665024e+00 8.053174243568757618e+01 1.142074176436204453e+02 2.313864568316503068e+01 5.610779545252785994e+01
5.503800000000000000e+04 1.995797263706351430e+02 9.845830826644665024e+00 7.470442869149000842e+01 1.072883884672342134e+02 1.953108020902245556e+01 4.648543694420893502e+01
5.504200000000000000e+04 1.999178960611686762e+02 9.845830826644665024e+00 6.794045197279397996e+01 1.000845939955861894e+02 1.656882135661357935e+01 3.962177117798344028e+01
5.504400000000000000e+04 1.527128845305740299e+02 9.845830826644665024e+00 6.429734308416136912e+01 9.744132490505474209e+01 1.517055024046465839e+01 3.697962994499231826e+01
5.504600000000000000e+04 1.448027268068565832e+02 9.845830826644665024e+00 6.084985266255291947e+01 9.549350330744444193e+01 1.390504162668881349e+01 3.480083939775672519e+01
5.505000000000000000e+04 1.489855279455294408e+02 9.845830826644665024e+00 5.528201057483773440e+01 9.266339416540489538e+01 1.188425964160150627e+01 3.128406285125081610e+01
5.505600000000000000e+04 1.424568605513412081e+02 9.845830826644665024e+00 5.040192458179983959e+01 8.642919878419428414e+01 9.950825172612551839e+00 2.627826049990705215e+01
5.505900000000000000e+04 1.285479706645821523e+02 9.845830826644665024e+00 4.847764102677115261e+01 8.109985508251976682e+01 9.195652533626304859e+00 2.349018250036778355e+01
5.506300000000000000e+04 1.248601898091840923e+02 9.845830826644665024e+00 4.641780083657756251e+01 7.273955908679666038e+01 8.367487622413662507e+00 1.981734343735094583e+01
5.506500000000000000e+04 1.011331025101639227e+02 9.845830826644665024e+00 4.553938885580668483e+01 6.860258586387247703e+01 8.010164788539839265e+00 1.815123319589164907e+01
5.506700000000000000e+04 1.243055442529063015e+02 9.845830826644665024e+00 4.466331790514948352e+01 6.483004773916684371e+01 7.670155917078735897e+00 1.667225092945013287e+01
5.507000000000000000e+04 1.005337364348775822e+02 9.845830826644665024e+00 4.341658730236179764e+01 6.019377508471163196e+01 7.200455628366551508e+00 1.485532455200188373e+01
5.507400000000000000e+04 9.471279289363647536e+01 9.845830826644665024e+00 4.163836190851372265e+01 5.614830804668137887e+01 6.603708294373577203e+00 1.314948666198627159e+01
5.507900000000000000e+04 9.799538976092540565e+01 9.845830826644665024e+00 3.883787266843370389e+01 5.221406454249686391e+01 5.840457257125583723e+00 1.149456566703288019e+01
5.508300000000000000e+04 7.997432797122405645e+01 9.845830826644665024e+00 3.570147076743546677e+01 4.979178103312530368e+01 5.155149271873892936e+00 1.045935952801707813e+01
5.509100000000000000e+04 7.805716855113416841e+01 9.845830826644665024e+00 2.584741366992767553e+01 4.580733425527962765e+01 3.457107999615824934e+00 8.815035938666337501e+00
