5.497400000000000000e+04 3.455505920589013513e+00 6.840933889271341606e+00 2.872527343123094101e-01 1.361878599096895607e-18 2.872527343123094101e-01 1.361878599096895607e-18
5.497600000000000000e+04 -4.722281894560233617e+00 6.840933889271341606e+00 1.958814406946931541e+00 1.361878470464420193e-18 1.958814406946931541e+00 1.361878470464420193e-18
5.498000000000000000e+04 1.042669279172731578e+01 6.840933889271341606e+00 9.740658635389692677e+00 1.361878049372206945e-18 9.740658635389692677e+00 1.361878049372206945e-18
5.498100000000000000e+04 7.645481263138989014e+00 6.840933889271341606e+00 1.261836908227294352e+01 1.361877894807208667e-18 1.261836908227294352e+01 1.361877894807208667e-18
5.498500000000000000e+04 2.977958181065251964e+01 6.840933889271341606e+00 2.761301931683333422e+01 1.361876957650400692e-18 2.761301931683333422e+01 1.361876957650400692e-18
5.498700000000000000e+04 3.263061182549758854e+01 6.840933889271341606e+00 3.698113532148148863e+01 1.361876209984332906e-18 3.698113532148148863e+01 1.361876209984332906e-18
5.498800000000000000e+04 4.727064604326628938e+01 6.840933889271341606e+00 4.209516568424355398e+01 -1.940482729049532867e-02 4.209516568424355398e+01 -1.940482729049532867e-02
5.498900000000000000e+04 5.034688361305941839e+01 6.840933889271341606e+00 4.711547825657126509e+01 3.590659178903867210e-01 4.711547825657126509e+01 3.590659178903867210e-01
5.499300000000000000e+04 7.298140545702673876e+01 6.840933889271341606e+00 6.549985504210982867e+01 6.387348154830737812e+00 6.549985504210982867e+01 6.387348154830737812e+00
5.499500000000000000e+04 7.628524108549670757e+01 6.840933889271341606e+00 6.925870503056015082e+01 1.217582329423711585e+01 6.925870503056015082e+01 1.217582329423711585e+01
5.499700000000000000e+04 9.647235530137432136e+01 6.840933889271341606e+00 6.842655738733689930e+01 1.983239277984976923e+01 6.841287481237441170e+01 1.983239277984976923e+01
5.499900000000000000e+04 9.571519198625178149e+01 6.840933889271341606e+00 6.507382844938165078e+01 2.928193888190937244e+01 6.504780932565140006e+01 2.928193888190937244e+01
5.500000000000000000e+04 1.089986958622012168e+02 6.840933889271341606e+00 6.323958597408416438e+01 3.451627414604166688e+01 6.320798198309262261e+01 3.451627414604166688e+01
5.500200000000000000e+04 1.022876115795373693e+02 6.840933889271341606e+00 5.918264371635918053e+01 4.622641915185185724e+01 5.914124484496770862e+01 4.622641915185185724e+01
5.500300000000000000e+04 9.926803095153044865e+01 6.840933889271341606e+00 5.632977813571424264e+01 5.261895710530443893e+01 5.628475033544589223e+01 5.261895710530443893e+01
5.500500000000000000e+04 1.181734357074200830e+02 6.840933889271341606e+00 5.005630089936722982e+01 6.489662410672829651e+01 5.000629460476246635e+01 6.489662410672829651e+01
5.500700000000000000e+04 1.265060461480333345e+02 6.840933889271341606e+00 4.460690368574144316e+01 7.673977432222363859e+01 4.455343955827151348e+01 7.673977432222363859e+01
5.500900000000000000e+04 1.229593257852811092e+02 6.840933889271341606e+00 3.943290292770066685e+01 8.521019049050045169e+01 3.937777404403901471e+01 8.521019049050045169e+01
5.501000000000000000e+04 1.296343103301503845e+02 6.840933889271341606e+00 3.691964418561105532e+01 9.256425927334363735e+01 3.686434766411487374e+01 8.657338128820018142e+01
5.501300000000000000e+04 1.354961086330991691e+02 6.840933889271341606e+00 3.003378361091098725e+01 1.067848941745158413e+02 2.997981993502793685e+01 8.363478553768472068e+01
5.501600000000000000e+04 1.320646822973435235e+02 6.840933889271341606e+00 2.283919184544081560e+01 1.138903848147912470e+02 2.279133005233092391e+01 7.672486177229268378e+01
5.501700000000000000e+04 1.315187295251290607e+02 6.840933889271341606e+00 2.076941203571177041e+01 1.148522974889272916e+02 2.072381963252022885e+01 7.392655605620964820e+01
5.501800000000000000e+04 1.332712440446314304e+02 6.840933889271341606e+00 1.889448103543774948e+01 1.141736160554520012e+02 1.885112345149930135e+01 7.035593791930737950e+01
5.501900000000000000e+04 1.217976082752048796e+02 6.840933889271341606e+00 1.713048896191435588e+01 1.121852288311822718e+02 1.708947422377729097e+01 6.630332673237724350e+01
5.502000000000000000e+04 1.217199097135741255e+02 6.840933889271341606e+00 1.548514600303952982e+01 1.100888575723845975e+02 1.544652967884242400e+01 6.250786825595308471e+01
5.502200000000000000e+04 1.076659703816207667e+02 6.840933889271341606e+00 1.260295270002905710e+01 1.057921422311157045e+02 1.256901635586821442e+01 5.569179944783939362e+01
5.502300000000000000e+04 1.117524032318697493e+02 6.840933889271341606e+00 1.134437658934625404e+01 1.032233641824332153e+02 1.131270102647213349e+01 5.242958359530334889e+01
5.502400000000000000e+04 1.086713315568222811e+02 6.840933889271341606e+00 1.021046680651483030e+01 1.003148793771894134e+02 1.018094207449878574e+01 4.922221755504877194e+01
5.502500000000000000e+04 1.030962172451690009e+02 6.840933889271341606e+00 9.200356635936737248e+00 9.710069174727857444e+01 9.172838121572022274e+00 4.608043458014359572e+01
5.502800000000000000e+04 8.562397105056457747e+01 6.840933889271341606e+00 6.738534995589519738e+00 8.674660898200335168e+01 6.716370971383953226e+00 3.747477491878492373e+01
5.502900000000000000e+04 8.561176621861974922e+01 6.840933889271341606e+00 6.092186600444250644e+00 8.221050867775829829e+01 6.071543353043900915e+00 3.448427377422747497e+01
5.503100000000000000e+04 7.765052960976547070e+01 6.840933889271341606e+00 5.024457345711574874e+00 7.186106365499941262e+01 5.006434182654020404e+00 2.848916256541365399e+01
5.503300000000000000e+04 5.785272221606302168e+01 6.840933889271341606e+00 4.208180418860981042e+00 6.269883659968667899e+01 4.192249869357422831e+00 2.356390431437412758e+01
5.503400000000000000e+04 7.231729674370535577e+01 6.840933889271341606e+00 3.889879345937654165e+00 5.831783078864001624e+01 3.874767751706000407e+00 2.136184277972161283e+01
5.503500000000000000e+04 5.747402057280652343e+01 6.840933889271341606e+00 3.612126646571993227e+00 5.404740734626964382e+01 3.597735703756966164e+00 1.930816209855303001e+01
5.503700000000000000e+04 5.308520369205503187e+01 6.840933889271341606e+00 3.158555159816010427e+00 4.615342805874807652e+01 3.145344712025503142e+00 1.571127044483526802e+01
5.503800000000000000e+04 5.374364019263353498e+01 6.840933889271341606e+00 2.975834798358576450e+00 4.251878680799551091e+01 2.963093496324381348e+00 1.414087628309016509e+01
5.503900000000000000e+04 5.020414729801363762e+01 6.840933889271341606e+00 2.814486512609126745e+00 3.914572227644782743e+01 2.802157021713587159e+00 1.272617759312348085e+01
5.504000000000000000e+04 4.049394823956271239e+01 6.840933889271341606e+00 2.665424925493411479e+00 3.606301307496040209e+01 2.653484246384680389e+00 1.146604765196502740e+01
5.504100000000000000e+04 3.454075216735115816e+01 6.840933889271341606e+00 2.525065139888278409e+00 3.318080325906789341e+01 2.513503025968822246e+00 1.032254954550394999e+01
5.504300000000000000e+04 3.551957474965256267e+01 6.840933889271341606e+00 2.267586647820490242e+00 2.814831074107014430e+01 2.256754227528354306e+00 8.395463714229940422e+00
5.504400000000000000e+04 2.884348938946978791e+01 6.840933889271341606e+00 2.140408129932521941e+00 2.597102669264528529e+01 2.129971270706062736e+00 7.589429191304875921e+00
5.504500000000000000e+04 2.199465940443270284e+01 6.840933889271341606e+00 2.013013783674988844e+00 2.402313922207559216e+01 2.002998789726357476e+00 6.881055001740258525e+00
5.504600000000000000e+04 1.858234127639543232e+01 6.840933889271341606e+00 1.892068888229060608e+00 2.228113532990171919e+01 1.882468299899572761e+00 6.258042728317525949e+00
5.504700000000000000e+04 1.670062801954633613e+01 6.840933889271341606e+00 1.777238582474358619e+00 2.071414240182828337e+01 1.768044749775525615e+00 5.707004188293002933e+00
5.504900000000000000e+04 5.992564089307791164e+00 6.840933889271341606e+00 1.559427514440478779e+00 1.825015611053526143e+01 1.551051834533994978e+00 4.843459689632500620e+00
5.505000000000000000e+04 1.184097998274399721e+01 6.840933889271341606e+00 1.446588006375372881e+00 1.725653930307028361e+01 1.438675292267899364e+00 4.497169629696206705e+00
5.505100000000000000e+04 1.905246098307332758e+01 6.840933889271341606e+00 1.332526787482965824e+00 1.638522391467558847e+01 1.325106192803267691e+00 4.194456255036756787e+00
5.505300000000000000e+04 8.023129763619426313e+00 6.840933889271341606e+00 1.115201210336349114e+00 1.498140071741607215e+01 1.108770342350714921e+00 3.703866870405477130e+00
5.505400000000000000e+04 8.218307530496833380e+00 6.840933889271341606e+00 1.011843354172261344e+00 1.441009248416212252e+01 1.005908494057323077e+00 3.502696277141983838e+00
5.505500000000000000e+04 2.598720646158584557e+01 6.840933889271341606e+00 9.152592306278932721e-01 1.387506912434549378e+01 9.098004280595362037e-01 3.316855307980851375e+00
5.505700000000000000e+04 1.318713395113543108e+01 6.840933889271341606e+00 7.414575888504858492e-01 1.286652064316420940e+01 7.368888778080757707e-01 2.977258571631851591e+00
5.505800000000000000e+04 1.304862591893915003e+01 6.840933889271341606e+00 6.615512630384138282e-01 1.238619557778937441e+01 6.574095826676078502e-01 2.820942784410442883e+00
5.505900000000000000e+04 3.246482148007796553e-01 6.840933889271341606e+00 5.867362911891186306e-01 1.187458983418630076e+01 5.830050588127172473e-01 2.662464088382578531e+00
5.506100000000000000e+04 1.694448099052519296e+01 6.840933889271341606e+00 4.534760771186034378e-01 1.082042778782274439e+01 4.505027589097987395e-01 2.353085374874466229e+00
5.506300000000000000e+04 9.091712158187277737e+00 6.840933889271341606e+00 3.438708275106420742e-01 9.822606659200980417e+00 3.415482990769190819e-01 2.073679838540994247e+00
5.506400000000000000e+04 1.518041418630710027e+01 6.840933889271341606e+00 2.985770167685111165e-01 9.317943895962976342e+00 2.965309531914898100e-01 1.938814793167494166e+00
5.506700000000000000e+04 1.621572343014210915e+01 6.840933889271341606e+00 1.913608227779381443e-01 7.612214368001990472e+00 1.899928740845295005e-01 1.518313062071563468e+00
5.506800000000000000e+04 -4.182708171251926288e+00 6.840933889271341606e+00 1.641908957928013557e-01 7.044572370125266048e+00 1.630009885761951050e-01 1.385962927938393818e+00
5.506900000000000000e+04 9.614151255408195595e+00 6.840933889271341606e+00 1.405509545816860939e-01 6.478050701729160643e+00 1.395185175518027509e-01 1.257385617571653791e+00
5.507000000000000000e+04 -7.446146193407326308e+00 6.840933889271341606e+00 1.200491397443144148e-01 5.937812493730562302e+00 1.191554736916271978e-01 1.137250535074420199e+00
5.507200000000000000e+04 1.030741213025716263e+01 6.840933889271341606e+00 8.726372656722758414e-02 4.936787036875203150e+00 8.659693020465177027e-02 9.211110972600947688e-01
5.507400000000000000e+04 1.214313875133636245e+01 6.840933889271341606e+00 6.309410807320897652e-02 4.006702266690400194e+00 6.259957145868536021e-02 7.287563235158966979e-01
5.507600000000000000e+04 -2.624367535853453504e-01 6.840933889271341606e+00 4.494774177655336961e-02 3.174017187898987125e+00 4.458659039435906163e-02 5.631284486372484244e-01
5.507800000000000000e+04 9.864950293706744588e+00 6.840933889271341606e+00 3.192035678885092598e-02 2.465466396886740075e+00 3.165759871947924908e-02 4.269353738461487691e-01
5.508000000000000000e+04 4.492760466145830023e+00 6.840933889271341606e+00 2.261992099294233768e-02 1.896496639953570984e+00 2.242927217941729015e-02 3.207225596890974639e-01
5.508200000000000000e+04 8.055498058754105628e+00 6.840933889271341606e+00 1.598939638120025833e-02 1.437201096012423518e+00 1.585148843184322476e-02 2.374910926056618965e-01
5.508300000000000000e+04 -1.354366835015246195e+01 6.840933889271341606e+00 1.344150629805253294e-02 1.247120563596468612e+00 1.332425287277213925e-02 2.037512357202438951e-01
5.508400000000000000e+04 -6.589348606701356914e+00 6.840933889271341606e+00 1.128728540147124794e-02 1.079524529557073675e+00 1.118771474028273233e-02 1.743981469397534456e-01
5.508600000000000000e+04 1.836301860045359646e+01 6.840933889271341606e+00 7.982228882513384485e-03 8.043323871148021498e-01 7.910245647124551638e-03 1.270988539148603380e-01
5.508900000000000000e+04 8.978184048105898540e+00 6.840933889271341606e+00 4.803077447231373677e-03 5.114384988174593971e-01 4.758348966942117439e-03 7.824946432335670721e-02
5.509000000000000000e+04 -8.580465915191259896e+00 6.840933889271341606e+00 4.053948990998088205e-03 4.367239932191034346e-01 4.015798901434460173e-03 6.611820886863432889e-02
5.509200000000000000e+04 -4.716674162134221859e+00 6.840933889271341606e+00 2.888085790073237607e-03 3.169590132987841757e-01 2.860340487345981557e-03 4.700145520178898584e-02
5.509300000000000000e+04 9.085010603431062037e+00 6.840933889271341606e+00 2.438080659997375350e-03 2.695961106950853226e-01 2.414419350363810127e-03 3.957199839934906482e-02
5.509500000000000000e+04 -2.961114073060178153e+00 6.840933889271341606e+00 1.736776216958373347e-03 1.948879459669568270e-01 1.719580412830072277e-03 2.803659022427161529e-02
5.509600000000000000e+04 6.144528975317212094e+00 6.840933889271341606e+00 1.466510947825166956e-03 1.654431440352137628e-01 1.451847290194205504e-03 2.356605663996549915e-02
5.509700000000000000e+04 4.977243890132355908e+00 6.840933889271341606e+00 1.238136048043514620e-03 1.404758904829946642e-01 1.225634575374692737e-03 1.981436053980403095e-02
5.509800000000000000e+04 2.638771212402914568e+00 6.840933889271341606e+00 1.044807186858751156e-03 1.192320768320014740e-01 1.034155386379047173e-03 1.665531609096517277e-02
5.510000000000000000e+04 -3.140482529083631569e+00 6.840933889271341606e+00 7.451166756817615040e-04 8.567958760301774834e-02 7.373742460977353481e-04 1.174143337211776446e-02
5.510100000000000000e+04 1.183264331070364150e+01 6.840933889271341606e+00 6.290245586218440408e-04 7.283754191872285344e-02 6.224268341795411233e-04 9.887807058905687813e-03
5.510200000000000000e+04 1.438350833007257190e+00 6.840933889271341606e+00 5.314304370221762048e-04 6.207967599304194811e-02 5.258043306838589264e-04 8.348980041024522958e-03
5.510600000000000000e+04 -2.137234788855689183e-01 6.840933889271341606e+00 2.698014714403879901e-04 3.268499761793023511e-02 2.668395524086519138e-04 4.237980086345396677e-03
5.510900000000000000e+04 5.537742931152492609e+00 6.840933889271341606e+00 1.622170924635713408e-04 2.017953451735445686e-02 1.603886617199637324e-04 2.547921024918492483e-03
5.511100000000000000e+04 -1.031598056082197878e+01 6.840933889271341606e+00 1.156457154454582970e-04 1.462445775412622891e-02 1.143196079927424701e-04 1.814809112742756881e-03
5.511200000000000000e+04 -8.680774277951901041e+00 6.840933889271341606e+00 9.758440761606501234e-05 1.245183446851919236e-02 9.645587389153405797e-05 1.532043219218365976e-03
5.511400000000000000e+04 1.279416301174047810e+01 6.840933889271341606e+00 6.958654607878823439e-05 9.024502009285310586e-03 6.876820444588222371e-05 1.091761675451888552e-03
5.511500000000000000e+04 -1.945024133349927098e+01 6.840933889271341606e+00 5.873710382175830266e-05 7.682702270092304879e-03 5.804061642466235168e-05 9.217178076221691852e-04
5.511700000000000000e+04 -3.030993087636087768e+00 6.840933889271341606e+00 4.190237815524010603e-05 5.569319470603433485e-03 4.139733072045060849e-05 6.572554133548237122e-04
5.511800000000000000e+04 6.382092651199340327e-01 6.840933889271341606e+00 3.537393284201757483e-05 4.740857482354043223e-03 3.494412016400036890e-05 5.549535845804704675e-04
5.511900000000000000e+04 1.821589539648765577e+00 6.840933889271341606e+00 2.989522724563628027e-05 4.034339636581125120e-03 2.952906681710418518e-05 4.684556010893086439e-04
5.512000000000000000e+04 1.431797472758732148e+00 6.840933889271341606e+00 2.547766315478123457e-05 3.432641463587405607e-03 2.516312410348764490e-05 3.954109412969871438e-04
