5.497500000000000000e+04 -4.907228424475971629e+00 1.439567549087749754e+01 9.676860811788584593e-01 2.279497885001649794e-18 9.676860811788584593e-01 2.279497885001649794e-18
5.497600000000000000e+04 -1.281722056800807685e+01 1.439567549087749754e+01 2.014654457448330049e+00 2.279497664544057483e-18 2.014654457448330049e+00 2.279497664544057483e-18
5.497900000000000000e+04 -7.687509432703181211e+00 1.439567549087749754e+01 7.421511495175619366e+00 2.279496745960992233e-18 7.421511495175619366e+00 2.279496745960992233e-18
5.498000000000000000e+04 1.778700392630181426e+01 1.439567549087749754e+01 1.010928248076253944e+01 2.279496327867838250e-18 1.010928248076253944e+01 2.279496327867838250e-18
5.498100000000000000e+04 4.202814725044925126e+01 1.439567549087749754e+01 1.326427468792255127e+01 2.279495837231172164e-18 1.326427468792255127e+01 2.279495837231172164e-18
5.498200000000000000e+04 1.301079753322582455e+01 1.439567549087749754e+01 1.681188057541250913e+01 2.279495261463979831e-18 1.681188057541250913e+01 2.279495261463979831e-18
5.498400000000000000e+04 2.717058322115729041e+01 1.439567549087749754e+01 2.504964300095078400e+01 3.875042658400934537e-01 2.504964300095078400e+01 3.875042658400934537e-01
5.498500000000000000e+04 3.752135071129804089e+01 1.439567549087749754e+01 2.982457128805857849e+01 1.209607601473573046e+00 2.982457128805857849e+01 1.209607601473573046e+00
5.498700000000000000e+04 3.817295086355115785e+01 1.439567549087749754e+01 4.097582893337165899e+01 4.302310410807026031e+00 4.097582893337165899e+01 4.302310410807026031e+00
5.499000000000000000e+04 5.769693054940608334e+01 1.439567549087749754e+01 6.053040193995693841e+01 1.263660310095317385e+01 6.053040193995693841e+01 1.263660310095317385e+01
5.499200000000000000e+04 1.138291366381819500e+02 1.439567549087749754e+01 7.440742163840896239e+01 2.101485071926563819e+01 7.440742163840896239e+01 2.101485071926563819e+01
5.499300000000000000e+04 1.173787318966564612e+02 1.439567549087749754e+01 8.115791156796579742e+01 2.589679503310846798e+01 8.115791156796579742e+01 2.589679503310846798e+01
5.499400000000000000e+04 1.207645813808331070e+02 1.439567549087749754e+01 8.659722275531558466e+01 3.131205375118847201e+01 8.659722275531558466e+01 3.131205375118847201e+01
5.499600000000000000e+04 1.278859572930364976e+02 1.439567549087749754e+01 9.298895886639343189e+01 4.387309556528447985e+01 9.298895886639343189e+01 4.387309556528447985e+01
5.499700000000000000e+04 1.398018587998060411e+02 1.439567549087749754e+01 1.007174840232974731e+02 5.121978616671457729e+01 9.534931745081652821e+01 5.121978616671457729e+01
5.499800000000000000e+04 1.679331018864518512e+02 1.439567549087749754e+01 1.082079103450156765e+02 5.921981088614808897e+01 9.725679520493949326e+01 5.921981088614808897e+01
5.500000000000000000e+04 1.938394917127909594e+02 1.439567549087749754e+01 1.218170292546442397e+02 7.566300242494617123e+01 9.942624000542298290e+01 7.566300242494617123e+01
5.500200000000000000e+04 2.316419450817700465e+02 1.439567549087749754e+01 1.329470305350309332e+02 9.300927704801119944e+01 9.937735874946248771e+01 9.300927704801119944e+01
5.500300000000000000e+04 2.407597273042914310e+02 1.439567549087749754e+01 1.370248230967384302e+02 1.014473894599572503e+02 9.828909195663038645e+01 1.014473894599572503e+02
5.500400000000000000e+04 2.505732344927884014e+02 1.439567549087749754e+01 1.400189892995651064e+02 1.082465284441444737e+02 9.653818898204983157e+01 1.082465284441444737e+02
5.500500000000000000e+04 2.636187012854822456e+02 1.439567549087749754e+01 1.421957083368124017e+02 1.160972987156968088e+02 9.437559456880096320e+01 1.129241306445840110e+02
5.500900000000000000e+04 2.794532238511705486e+02 1.439567549087749754e+01 1.429706504457306266e+02 1.405799246141102685e+02 8.255133116561614770e+01 1.232616612135995240e+02
5.501200000000000000e+04 2.855665145434693954e+02 1.439567549087749754e+01 1.357667735721228723e+02 1.521467362454270642e+02 7.142612246008147281e+01 1.242216984368281061e+02
5.501300000000000000e+04 2.623743890030704051e+02 1.439567549087749754e+01 1.324079406411986497e+02 1.539330041405777365e+02 6.765517379857884350e+01 1.228613649457879831e+02
5.501400000000000000e+04 2.913443158782480396e+02 1.439567549087749754e+01 1.280902633054828357e+02 1.545817751075073261e+02 6.361888512242121152e+01 1.206727362275622966e+02
5.501600000000000000e+04 2.736942944395694894e+02 1.439567549087749754e+01 1.178599088452674835e+02 1.536641426039324756e+02 5.543739832797152900e+01 1.149148538767069141e+02
5.501700000000000000e+04 2.635562681076994522e+02 1.439567549087749754e+01 1.137203392801227295e+02 1.522185760387698679e+02 5.211031447560955598e+01 1.114909368188455971e+02
5.501800000000000000e+04 2.421980586361940482e+02 1.439567549087749754e+01 1.101912322852155910e+02 1.499018809382750987e+02 4.922327896239417555e+01 1.075799346478219434e+02
5.501900000000000000e+04 2.414392842382855520e+02 1.439567549087749754e+01 1.068581916915459686e+02 1.466833965649041716e+02 4.656333247267679099e+01 1.031891639570201704e+02
5.502000000000000000e+04 2.499651297451232779e+02 1.439567549087749754e+01 1.032275071117537237e+02 1.428326763963881376e+02 4.390417961541074021e+01 9.853247543900947392e+01
5.502100000000000000e+04 2.556030562803825887e+02 1.439567549087749754e+01 9.912403252710180368e+01 1.387226105207671480e+02 4.117301454915962466e+01 9.387738412449559178e+01
5.502200000000000000e+04 2.418453049983345124e+02 1.439567549087749754e+01 9.483523463853184410e+01 1.344418190004883513e+02 3.849145005216814042e+01 8.928265307510184812e+01
5.502500000000000000e+04 1.959200028714720361e+02 1.439567549087749754e+01 8.258936107957680406e+01 1.179735374765507743e+02 3.137059333747742329e+01 7.419252718480018416e+01
5.502900000000000000e+04 1.613839337346190348e+02 1.439567549087749754e+01 6.762269535468655590e+01 9.909259191841529457e+01 2.366167303078713857e+01 5.820416559084598873e+01
5.503100000000000000e+04 1.689591286806832500e+02 1.439567549087749754e+01 6.086013041006714985e+01 9.051372585950880989e+01 2.048817721261307412e+01 5.146626818644953261e+01
5.503200000000000000e+04 1.261434958303678542e+02 1.439567549087749754e+01 5.772802842771708498e+01 8.597065369151752634e+01 1.907229695642826428e+01 4.811431256521017019e+01
5.503300000000000000e+04 1.411639302086465761e+02 1.439567549087749754e+01 5.524021432341789506e+01 8.155528332873723230e+01 1.791710107470335345e+01 4.493651624262341926e+01
5.503400000000000000e+04 1.214898901367693753e+02 1.439567549087749754e+01 5.310459495209928349e+01 7.735986793960950081e+01 1.691552365168480421e+01 4.197496903939745039e+01
5.503500000000000000e+04 1.087646615135697061e+02 1.439567549087749754e+01 5.103131934304351347e+01 7.337189649219251919e+01 1.596874529619285887e+01 3.921324167184678089e+01
5.503600000000000000e+04 1.296939636226978223e+02 1.439567549087749754e+01 4.918220338091001054e+01 6.952047967793667738e+01 1.512367877641758973e+01 3.660513883631880816e+01
5.503700000000000000e+04 9.105853810416709848e+01 1.439567549087749754e+01 4.746711253334140679e+01 6.578584395842709398e+01 1.434788638676704053e+01 3.413368129425988684e+01
5.503900000000000000e+04 1.277962743913220578e+02 1.439567549087749754e+01 4.386177472490541618e+01 5.866616057070785928e+01 1.282170619571031622e+01 2.957709128848392055e+01
5.504000000000000000e+04 7.201122423581495013e+01 1.439567549087749754e+01 4.210760137553040039e+01 5.537150250498808646e+01 1.210962883225882791e+01 2.752609987322931318e+01
5.504200000000000000e+04 9.354750384142586483e+01 1.439567549087749754e+01 3.882523868853088089e+01 4.929711955812796020e+01 1.081543224929825442e+01 2.384037119553533302e+01
5.504400000000000000e+04 8.631490253922147815e+01 1.439567549087749754e+01 3.570367595803113403e+01 4.491071529522316297e+01 9.643386980885679804e+00 2.114440456460600615e+01
5.504500000000000000e+04 5.407918208906447433e+01 1.439567549087749754e+01 3.413110679970237271e+01 4.295792093992081817e+01 9.080561577061848411e+00 1.996093162024107315e+01
5.504600000000000000e+04 7.511132080114064991e+01 1.439567549087749754e+01 3.250850858516157871e+01 4.121580558543204376e+01 8.521234229400151960e+00 1.890459847052198938e+01
5.504700000000000000e+04 9.933784893594743437e+01 1.439567549087749754e+01 3.081572720243602603e+01 3.960554688487206931e+01 7.960046289989414880e+00 1.793485798345880156e+01
5.504800000000000000e+04 7.748148964540203565e+01 1.439567549087749754e+01 2.909972381117184170e+01 3.798058839055724434e+01 7.409034476823465276e+00 1.698291378579737554e+01
5.505000000000000000e+04 4.606022549078953432e+01 1.439567549087749754e+01 2.540556463125815156e+01 3.470316882604574005e+01 6.288194800073795498e+00 1.513703604032353489e+01
5.505200000000000000e+04 6.010608395474909571e+01 1.439567549087749754e+01 2.146071697922408106e+01 3.175410908393967802e+01 5.167770414954748759e+00 1.351929031162281980e+01
5.505400000000000000e+04 5.534983742469314905e+01 1.439567549087749754e+01 1.773266531917983002e+01 2.899043211128757136e+01 4.157327640826142812e+00 1.205423372610709798e+01
5.505600000000000000e+04 7.005805979043894638e+01 1.439567549087749754e+01 1.451534822466905972e+01 2.621557710674956354e+01 3.315520380235053022e+00 1.065154278675018951e+01
5.505800000000000000e+04 2.401933961668274975e+01 1.439567549087749754e+01 1.180950317363293145e+01 2.331437923994424111e+01 2.629827455937498115e+00 9.261293096029330485e+00
5.506000000000000000e+04 4.306247730021127751e+01 1.439567549087749754e+01 9.482079038675969684e+00 2.022912267183740198e+01 2.059888564189253035e+00 7.860243500092245483e+00
5.506100000000000000e+04 2.532987498040854391e+01 1.439567549087749754e+01 8.461461567555799590e+00 1.858919367867913053e+01 1.815959130283463896e+00 7.145018133789109882e+00
5.506200000000000000e+04 1.691675244556764568e+01 1.439567549087749754e+01 7.530249544187156197e+00 1.698775329655999400e+01 1.596812745279095003e+00 6.459713018693435949e+00
5.506400000000000000e+04 3.155666648551159881e+01 1.439567549087749754e+01 5.899906667583375786e+00 1.395822755407377613e+01 1.221917543613490142e+00 5.196659551032679403e+00
5.506500000000000000e+04 3.879831809602142911e+00 1.439567549087749754e+01 5.192616570419675170e+00 1.258642625607829579e+01 1.063036946060080368e+00 4.637421707408826421e+00
5.506700000000000000e+04 3.101955402623852365e+01 1.439567549087749754e+01 3.993015087425249465e+00 1.024226701636197845e+01 7.990344961129509649e-01 3.697168904581446203e+00
5.506800000000000000e+04 3.533822641606103332e+01 1.439567549087749754e+01 3.486116736920612524e+00 9.199136440869368769e+00 6.898283870746817481e-01 3.287284319921872644e+00
5.506900000000000000e+04 -1.181891035908867238e+00 1.439567549087749754e+01 3.030619326182967477e+00 8.234298647726214782e+00 5.930877954916861095e-01 2.913249123554294773e+00
5.507100000000000000e+04 1.244237145562818370e+01 1.439567549087749754e+01 2.269430188555907613e+00 6.543581731085176934e+00 4.345486239456022304e-01 2.269948912854329759e+00
5.507300000000000000e+04 2.421155139191557026e+01 1.439567549087749754e+01 1.685630494679967395e+00 5.141967655947325078e+00 3.159510589642119949e-01 1.749623211387704602e+00
5.507400000000000000e+04 1.923591881044485419e+01 1.439567549087749754e+01 1.449856070823029031e+00 4.531786689876531327e+00 2.689201451984696289e-01 1.527396929516862567e+00
5.507500000000000000e+04 -2.896516703893925460e+00 1.439567549087749754e+01 1.242585496790556077e+00 3.979877446430683197e+00 2.280935985444418612e-01 1.328796182575100682e+00
5.507800000000000000e+04 1.237188827690808957e+01 1.439567549087749754e+01 7.756789375626312877e-01 2.655321918947219029e+00 1.381047141620609098e-01 8.622854838433522406e-01
5.508000000000000000e+04 -2.375379583967189490e+01 1.439567549087749754e+01 5.643124509315549098e-01 1.991531554007924143e+00 9.849760017656127020e-02 6.351357169307066952e-01
5.508100000000000000e+04 9.050511220658371769e+00 1.439567549087749754e+01 4.812805878463328191e-01 1.718476851970876851e+00 8.318738014801362046e-02 5.431857799320026770e-01
5.508200000000000000e+04 7.789056768381091622e+00 1.439567549087749754e+01 4.099367083052468108e-01 1.479482223966251730e+00 7.017301316464903682e-02 4.635259803140082679e-01
5.508400000000000000e+04 1.579292897451538380e+01 1.439567549087749754e+01 2.969128366737277536e-01 1.091815789505786949e+00 4.986444254227592049e-02 3.361501814980870639e-01
5.508500000000000000e+04 6.058193274855891097e+00 1.439567549087749754e+01 2.526154639548865433e-01 9.340717977393075966e-01 4.202762805578161287e-02 2.851169981805523612e-01
5.508800000000000000e+04 -2.097394253870043634e+00 1.439567549087749754e+01 1.568669336761179534e-01 5.801088518377367498e-01 2.538464199561750803e-02 1.726308927025761164e-01
5.508900000000000000e+04 2.129057255304486418e+00 1.439567549087749754e+01 1.338010944307850836e-01 4.941982799504840984e-01 2.145658115601357940e-02 1.458457370371799289e-01
5.509000000000000000e+04 -9.455279291481883064e+00 1.439567549087749754e+01 1.141301762307426332e-01 4.206586259540490147e-01 1.813835800367798873e-02 1.231220002207015773e-01
5.509100000000000000e+04 1.285900275633534839e+01 1.439567549087749754e+01 9.737816523216560882e-02 3.581944604948281707e-01 1.533876746194622574e-02 1.039842251850170152e-01
5.509300000000000000e+04 1.042949219125556404e+01 1.439567549087749754e+01 7.076601919782882222e-02 2.588650788371645306e-01 1.095262713745783802e-02 7.394243732673441705e-02
5.509500000000000000e+04 1.933373083458425867e+01 1.439567549087749754e+01 5.147209957729510788e-02 1.868705946965259768e-01 7.830004347216196550e-03 5.253453506972701609e-02
5.509600000000000000e+04 1.666049314389709268e+00 1.439567549087749754e+01 4.386956887788717036e-02 1.590310262013903686e-01 6.616827885050855125e-03 4.435764426012227257e-02
5.509700000000000000e+04 -9.410553399598983404e+00 1.439567549087749754e+01 3.739503886430139978e-02 1.355607511313942082e-01 5.592785077591702451e-03 3.751715914299787180e-02
5.509800000000000000e+04 4.210586362469955546e+00 1.439567549087749754e+01 3.189839657044741400e-02 1.155445442035519937e-01 4.730874821351913062e-03 3.173080249452188417e-02
5.509900000000000000e+04 -4.331502181267216756e+00 1.439567549087749754e+01 2.718509534479339115e-02 9.841865568998979519e-02 3.998454947828823484e-03 2.682072644501697772e-02
5.510100000000000000e+04 -8.350882682176441918e+00 1.439567549087749754e+01 1.974694033089585687e-02 7.143455741621629329e-02 2.857113554350843541e-03 1.917345932743277914e-02
5.510400000000000000e+04 9.791095834086855021e+00 1.439567549087749754e+01 1.222710364858446176e-02 4.408570623764091617e-02 1.726894476100850886e-03 1.157105150594250030e-02
5.510700000000000000e+04 -4.663848735961736480e+01 1.439567549087749754e+01 7.521370973878796495e-03 2.722497865958170560e-02 1.037530654529236849e-03 6.990981346989627414e-03
5.510800000000000000e+04 -1.893676385575277399e+00 1.439567549087749754e+01 6.398173033286751882e-03 2.319547924908842845e-02 8.757902202812570909e-04 5.913593526689891328e-03
5.510900000000000000e+04 -1.360451669356493021e+01 1.439567549087749754e+01 5.438738439436972306e-03 1.974487033924720789e-02 7.387683124515371895e-04 4.998068684786028705e-03
5.511000000000000000e+04 -1.047999134752476635e+00 1.439567549087749754e+01 4.622271847984409966e-03 1.680417693816173633e-02 6.230988444615148105e-04 4.223640712351514441e-03
5.511100000000000000e+04 3.464079045141273383e+01 1.439567549087749754e+01 3.930534049939267416e-03 1.430949609777190483e-02 5.258591276927242816e-04 3.571391942938554210e-03
5.511400000000000000e+04 -2.937605576622535963e+01 1.439567549087749754e+01 2.415711267348778172e-03 8.830906627160725608e-03 3.160519228810185948e-04 2.158618095126063445e-03
