5.497500000000000000e+04 -3.632479165715154057e+00 1.127207656127708546e+01 9.676860811788584593e-01 2.279498232948373031e-18 9.676860811788584593e-01 2.279498232948373031e-18
5.497600000000000000e+04 -9.598974297950018553e+00 1.127207656127708546e+01 2.014654457448330049e+00 2.279498072863251428e-18 2.014654457448330049e+00 2.279498072863251428e-18
5.497900000000000000e+04 -4.409127558400755653e+00 1.127207656127708546e+01 7.421511495175619366e+00 2.279497405834730840e-18 7.421511495175619366e+00 2.279497405834730840e-18
5.498000000000000000e+04 1.612107845415193097e+01 1.127207656127708546e+01 1.010928248076253944e+01 2.279497102236597885e-18 1.010928248076253944e+01 2.279497102236597885e-18
5.498100000000000000e+04 3.578691170687181966e+01 1.127207656127708546e+01 1.326427468792255127e+01 2.279496745960992233e-18 1.326427468792255127e+01 2.279496745960992233e-18
5.498200000000000000e+04 1.383556320187545019e+01 1.127207656127708546e+01 1.681188057541250913e+01 2.279496327867838250e-18 1.681188057541250913e+01 2.279496327867838250e-18
5.498400000000000000e+04 2.640695498009831965e+01 1.127207656127708546e+01 2.504964300095078400e+01 2.279495261463979831e-18 2.504964300095078400e+01 2.279495261463979831e-18
5.498500000000000000e+04 3.491153259496456940e+01 1.127207656127708546e+01 2.982457128805857849e+01 7.387410742324164448e-03 2.982457128805857849e+01 7.387410742324164448e-03
5.498700000000000000e+04 3.662194431895786551e+01 1.127207656127708546e+01 4.097582893337165899e+01 1.209607601473573046e+00 4.097582893337165899e+01 1.209607601473573046e+00
5.499000000000000000e+04 5.495468823381335710e+01 1.127207656127708546e+01 6.053040193995693841e+01 6.537636875244362322e+00 6.053040193995693841e+01 6.537636875244362322e+00
5.499200000000000000e+04 1.014569353078448017e+02 1.127207656127708546e+01 7.440742163840896239e+01 1.263660310095317385e+01 7.440742163840896239e+01 1.263660310095317385e+01
5.499300000000000000e+04 1.058221550981742496e+02 1.127207656127708546e+01 8.115791156796579742e+01 1.658034335990318908e+01 8.115791156796579742e+01 1.658034335990318908e+01
5.499400000000000000e+04 1.098478292867777810e+02 1.127207656127708546e+01 8.659722275531558466e+01 2.101485071926563819e+01 8.659722275531558466e+01 2.101485071926563819e+01
5.499600000000000000e+04 1.172725647873745913e+02 1.127207656127708546e+01 9.298895886639343189e+01 3.131205375118847201e+01 9.298895886639343189e+01 3.131205375118847201e+01
5.499700000000000000e+04 1.240717412721629103e+02 1.127207656127708546e+01 9.629327569357960215e+01 3.728071411007321956e+01 9.534931745081652821e+01 3.728071411007321956e+01
5.499800000000000000e+04 1.434512975891414612e+02 1.127207656127708546e+01 9.918247974999729877e+01 4.387309556528447985e+01 9.725679520493949326e+01 4.387309556528447985e+01
5.500000000000000000e+04 1.597327207794168089e+02 1.127207656127708546e+01 1.033635191096377355e+02 5.921981088614808897e+01 9.942624000542298290e+01 5.921981088614808897e+01
5.500200000000000000e+04 1.853953341812008944e+02 1.127207656127708546e+01 1.052803738591805711e+02 7.566300242494617123e+01 9.937735874946248771e+01 7.566300242494617123e+01
5.500300000000000000e+04 1.910658699845925241e+02 1.127207656127708546e+01 1.051005260292248522e+02 8.417417817184538364e+01 9.828909195663038645e+01 8.417417817184538364e+01
5.500400000000000000e+04 1.990002749167123284e+02 1.127207656127708546e+01 1.041840135494281583e+02 9.300927704801119944e+01 9.653818898204983157e+01 9.300927704801119944e+01
5.500500000000000000e+04 2.084019652575910584e+02 1.127207656127708546e+01 1.027844600448811150e+02 1.014473894599572503e+02 9.437559456880096320e+01 1.014473894599572503e+02
5.500900000000000000e+04 2.179857640756689818e+02 1.127207656127708546e+01 9.317568748663094880e+01 1.280183773424025162e+02 8.255133116561614770e+01 1.191866468135206389e+02
5.501200000000000000e+04 2.236037911045480087e+02 1.127207656127708546e+01 8.274002025775837410e+01 1.427015109677833493e+02 7.142612246008147281e+01 1.242828000067787144e+02
5.501300000000000000e+04 2.064892366052794159e+02 1.127207656127708546e+01 7.904153954887965483e+01 1.462139475056327171e+02 6.765517379857884350e+01 1.246601990840077718e+02
5.501400000000000000e+04 2.305142279818804809e+02 1.127207656127708546e+01 7.495577045123665982e+01 1.487679060479453312e+02 6.361888512242121152e+01 1.242216984368281061e+02
5.501600000000000000e+04 2.185922451306479388e+02 1.127207656127708546e+01 6.641400319690988852e+01 1.504789020757701508e+02 5.543739832797152900e+01 1.206727362275622966e+02
5.501700000000000000e+04 2.111001971332896119e+02 1.127207656127708546e+01 6.294404885508876646e+01 1.500218045164302509e+02 5.211031447560955598e+01 1.179694932110012076e+02
5.501800000000000000e+04 1.949075714455358934e+02 1.127207656127708546e+01 5.994410912040362405e+01 1.489756165657628628e+02 4.922327896239417555e+01 1.149148538767069141e+02
5.501900000000000000e+04 1.949801550529512042e+02 1.127207656127708546e+01 5.716580327670529016e+01 1.472906766313768969e+02 4.656333247267679099e+01 1.114909368188455971e+02
5.502000000000000000e+04 2.021745328911367778e+02 1.127207656127708546e+01 5.433581269203234143e+01 1.447810760490387736e+02 4.390417961541074021e+01 1.075799346478219434e+02
5.502100000000000000e+04 2.066876803834695977e+02 1.127207656127708546e+01 5.136333565007664248e+01 1.414207492030961646e+02 4.117301454915962466e+01 1.031891639570201704e+02
5.502200000000000000e+04 1.957128291526539670e+02 1.127207656127708546e+01 4.839914929559621726e+01 1.374725097325060119e+02 3.849145005216814042e+01 9.853247543900947392e+01
5.502500000000000000e+04 1.609988022308552615e+02 1.127207656127708546e+01 4.037709068466720197e+01 1.242571835778148568e+02 3.137059333747742329e+01 8.456896724822354372e+01
5.502900000000000000e+04 1.293601246792275106e+02 1.127207656127708546e+01 3.139194160994529881e+01 1.021427301615041614e+02 2.366167303078713857e+01 6.513789309451193787e+01
5.503100000000000000e+04 1.355021576046146663e+02 1.127207656127708546e+01 2.758733061678350396e+01 9.414523784319338517e+01 2.048817721261307412e+01 5.820416559084598873e+01
5.503200000000000000e+04 1.022479371352374358e+02 1.127207656127708546e+01 2.586966359169930030e+01 9.012430470553439932e+01 1.907229695642826428e+01 5.488022451926343592e+01
5.503300000000000000e+04 1.136898200330006858e+02 1.127207656127708546e+01 2.448013519836719354e+01 8.578912243999273812e+01 1.791710107470335345e+01 5.146626818644953261e+01
5.503400000000000000e+04 9.764206057480220124e+01 1.127207656127708546e+01 2.327914364944863124e+01 8.139017113530951519e+01 1.691552365168480421e+01 4.811431256521017019e+01
5.503500000000000000e+04 8.701354731991497715e+01 1.127207656127708546e+01 2.213427785505292533e+01 7.712454282721458299e+01 1.596874529619285887e+01 4.493651624262341926e+01
5.503600000000000000e+04 1.027974498890328618e+02 1.127207656127708546e+01 2.111265557187895325e+01 7.307842109759096161e+01 1.512367877641758973e+01 4.197496903939745039e+01
5.503700000000000000e+04 7.203187975213154459e+01 1.127207656127708546e+01 2.017169347115578049e+01 6.923882081997986404e+01 1.434788638676704053e+01 3.921324167184678089e+01
5.503900000000000000e+04 1.000215219781731548e+02 1.127207656127708546e+01 1.827990652322419507e+01 6.195604491721111629e+01 1.282170619571031622e+01 3.413368129425988684e+01
5.504000000000000000e+04 5.593336650093090157e+01 1.127207656127708546e+01 1.738458315159077117e+01 5.849059777759727297e+01 1.210962883225882791e+01 3.179182399043226326e+01
5.504200000000000000e+04 7.199107595968047235e+01 1.127207656127708546e+01 1.574078009562868097e+01 5.200230788050483000e+01 1.081543224929825442e+01 2.752609987322931318e+01
5.504400000000000000e+04 6.490647241772502696e+01 1.127207656127708546e+01 1.422592447420255546e+01 4.621694359966479482e+01 9.643386980885679804e+00 2.384037119553533302e+01
5.504500000000000000e+04 3.943921870952102893e+01 1.127207656127708546e+01 1.348554199809455234e+01 4.397080567495635961e+01 9.080561577061848411e+00 2.239637634337918826e+01
5.504600000000000000e+04 5.586037294531603692e+01 1.127207656127708546e+01 1.273924517295322723e+01 4.203507627443674011e+01 8.521234229400151960e+00 2.114440456460600615e+01
5.504700000000000000e+04 7.479664642892286963e+01 1.127207656127708546e+01 1.197907366180507260e+01 4.017536707205920266e+01 7.960046289989414880e+00 1.996093162024107315e+01
5.504800000000000000e+04 5.788374605925006477e+01 1.127207656127708546e+01 1.122320542549218558e+01 3.851622892384150276e+01 7.409034476823465276e+00 1.890459847052198938e+01
5.505000000000000000e+04 3.408957017283397306e+01 1.127207656127708546e+01 9.649863740193248773e+00 3.543994448820196652e+01 6.288194800073795498e+00 1.698291378579737554e+01
5.505200000000000000e+04 4.576449938380660143e+01 1.127207656127708546e+01 8.032782333005661357e+00 3.233573638933913230e+01 5.167770414954748759e+00 1.513703604032353489e+01
5.505400000000000000e+04 4.284712088931161134e+01 1.127207656127708546e+01 6.544465172188513868e+00 2.954776090508283204e+01 4.157327640826142812e+00 1.351929031162281980e+01
5.505600000000000000e+04 5.518983322467148867e+01 1.127207656127708546e+01 5.284939486094674344e+00 2.694121237784936440e+01 3.315520380235053022e+00 1.205423372610709798e+01
5.505800000000000000e+04 1.988134027591658892e+01 1.127207656127708546e+01 4.244015548391934622e+00 2.433238434205213352e+01 2.629827455937498115e+00 1.065154278675018951e+01
5.506000000000000000e+04 3.543333216934544794e+01 1.127207656127708546e+01 3.365033958459563657e+00 2.161400582751325672e+01 2.059888564189253035e+00 9.261293096029330485e+00
5.506100000000000000e+04 2.186242390071081587e+01 1.127207656127708546e+01 2.984528830620873041e+00 2.022529741420512295e+01 1.815959130283463896e+00 8.575491801655763524e+00
5.506200000000000000e+04 1.542078475673589111e+01 1.127207656127708546e+01 2.640170193044455882e+00 1.873253230941983460e+01 1.596812745279095003e+00 7.860243500092245483e+00
5.506400000000000000e+04 2.691857452785912130e+01 1.127207656127708546e+01 2.044512433974091881e+00 1.571389788927365139e+01 1.221917543613490142e+00 6.459713018693435949e+00
5.506500000000000000e+04 5.189625672698145564e+00 1.127207656127708546e+01 1.789197483913721687e+00 1.428376400884225816e+01 1.063036946060080368e+00 5.812788022969217927e+00
5.506700000000000000e+04 2.612769198500172863e+01 1.127207656127708546e+01 1.360675843430744214e+00 1.162462499396170479e+01 7.990344961129509649e-01 4.637421707408826421e+00
5.506800000000000000e+04 2.941036477804185267e+01 1.127207656127708546e+01 1.181538061381515181e+00 1.049113536315876694e+01 6.898283870746817481e-01 4.144400475293815944e+00
5.506900000000000000e+04 7.259672331374300569e-01 1.127207656127708546e+01 1.021712345293527946e+00 9.450333437000633552e+00 5.930877954916861095e-01 3.697168904581446203e+00
5.507100000000000000e+04 1.118952630369969370e+01 1.127207656127708546e+01 7.572009772252119575e-01 7.590470591420715785e+00 4.345486239456022304e-01 2.913249123554294773e+00
5.507300000000000000e+04 2.019524048151139439e+01 1.127207656127708546e+01 5.568005512126309453e-01 6.026487368736960448e+00 3.159510589642119949e-01 2.269948912854329759e+00
5.507400000000000000e+04 1.620344454544718005e+01 1.127207656127708546e+01 4.765802813207279942e-01 5.348524290312328233e+00 2.689201451984696289e-01 1.996015931598868809e+00
5.507500000000000000e+04 -1.219317543543841253e+00 1.127207656127708546e+01 4.064856019660498809e-01 4.731506050555769782e+00 2.280935985444418612e-01 1.749623211387704602e+00
5.507800000000000000e+04 1.045521897488554153e+01 1.127207656127708546e+01 2.502181211188219123e-01 3.204122875352044542e+00 1.381047141620609098e-01 1.153225912522330976e+00
5.508000000000000000e+04 -1.798214892716913127e+01 1.127207656127708546e+01 1.804082044833896503e-01 2.438370891212231495e+00 9.849760017656127020e-02 8.622854838433522406e-01
5.508100000000000000e+04 7.632183435086300705e+00 1.127207656127708546e+01 1.531895605425670770e-01 2.114728670800043453e+00 8.318738014801362046e-02 7.413597443646077201e-01
5.508200000000000000e+04 6.576854867048161246e+00 1.127207656127708546e+01 1.299183165730312117e-01 1.827412484753029087e+00 7.017301316464903682e-02 6.351357169307066952e-01
5.508400000000000000e+04 1.272861315907676882e+01 1.127207656127708546e+01 9.330634488510669566e-02 1.356555133986976580e+00 4.986444254227592049e-02 4.635259803140082679e-01
5.508500000000000000e+04 5.059119211424415674e+00 1.127207656127708546e+01 7.905817113573078425e-02 1.165582950401348183e+00 4.202762805578161287e-02 3.949388237052650075e-01
5.508800000000000000e+04 -1.440985278111357459e+00 1.127207656127708546e+01 4.850497392522593737e-02 7.298732024377413419e-01 2.538464199561750803e-02 2.412484968723941914e-01
5.508900000000000000e+04 1.838975597237458626e+00 1.127207656127708546e+01 4.121165542635528423e-02 6.224082339530710994e-01 2.145658115601357940e-02 2.040615828835353474e-01
5.509000000000000000e+04 -7.256582205247037010e+00 1.127207656127708546e+01 3.501791396190072347e-02 5.308054688818810707e-01 1.813835800367798873e-02 1.726308927025761164e-01
5.509100000000000000e+04 1.019392583548603426e+01 1.127207656127708546e+01 2.976487825990664984e-02 4.520488619467391556e-01 1.533876746194622574e-02 1.458457370371799289e-01
5.509300000000000000e+04 8.257281871598967982e+00 1.127207656127708546e+01 2.147043497755860009e-02 3.274359266851001316e-01 1.095262713745783802e-02 1.039842251850170152e-01
5.509500000000000000e+04 1.520403160187123959e+01 1.127207656127708546e+01 1.550419160792279247e-02 2.364900973020946373e-01 7.830004347216196550e-03 7.394243732673441705e-02
5.509600000000000000e+04 1.359731003038584962e+00 1.127207656127708546e+01 1.316748749125120146e-02 2.008913728921940811e-01 6.616827885050855125e-03 6.233055317784489541e-02
5.509700000000000000e+04 -7.322261128032952371e+00 1.127207656127708546e+01 1.118501087667564571e-02 1.706164095459524188e-01 5.592785077591702451e-03 5.253453506972701609e-02
5.509800000000000000e+04 3.336179499328567832e+00 1.127207656127708546e+01 9.508112215953075722e-03 1.451559550768241336e-01 4.730874821351913062e-03 4.435764426012227257e-02
5.509900000000000000e+04 -3.358221760895013563e+00 1.127207656127708546e+01 8.075679458129874852e-03 1.236978254103782843e-01 3.998454947828823484e-03 3.751715914299787180e-02
5.510100000000000000e+04 -6.514707635852886369e+00 1.127207656127708546e+01 5.827083094098546058e-03 8.975556104824929105e-02 2.857113554350843541e-03 2.682072644501697772e-02
5.510400000000000000e+04 7.681520113326688382e+00 1.127207656127708546e+01 3.573290049947880700e-03 5.543410230394769239e-02 1.726894476100850886e-03 1.620595869261173133e-02
5.510700000000000000e+04 -3.650961148830646152e+01 1.127207656127708546e+01 2.177673090791414946e-03 3.420439524027054506e-02 1.037530654529236849e-03 9.787505434020245254e-03
5.510800000000000000e+04 -1.474999583591387164e+00 1.127207656127708546e+01 1.846866416529114761e-03 2.910908007330997513e-02 8.757902202812570909e-04 8.271034856313568689e-03
5.510900000000000000e+04 -1.064596204787219946e+01 1.127207656127708546e+01 1.565228423591071829e-03 2.477673699186593720e-02 7.387683124515371895e-04 6.990981346989627414e-03
5.511000000000000000e+04 -8.149489830116838363e-01 1.127207656127708546e+01 1.326328200320780245e-03 2.110443257805088429e-02 6.230988444615148105e-04 5.913593526689891328e-03
5.511100000000000000e+04 2.712917378463020768e+01 1.127207656127708546e+01 1.124549744570890698e-03 1.796055981877859448e-02 5.258591276927242816e-04 4.998068684786028705e-03
5.511400000000000000e+04 -2.299902716143168036e+01 1.127207656127708546e+01 6.852637791906245404e-04 1.108151864510073525e-02 3.160519228810185948e-04 3.021463258016341639e-03
