5.497500000000000000e+04 -2.285884331006309278e+00 7.972429861822750929e+00 9.676860811788584593e-01 1.458879094187306028e-18 9.676860811788584593e-01 1.458879094187306028e-18
5.497600000000000000e+04 -6.199345881382868129e+00 7.972429861822750929e+00 2.014654457448330049e+00 1.458879030790155216e-18 2.014654457448330049e+00 1.458879030790155216e-18
5.497900000000000000e+04 -9.459742615475184024e-01 7.972429861822750929e+00 7.421511495175619366e+00 1.458878766632481191e-18 7.421511495175619366e+00 1.458878766632481191e-18
5.498000000000000000e+04 1.436126049749144684e+01 7.972429861822750929e+00 1.010928248076253944e+01 1.458878646401056061e-18 1.010928248076253944e+01 1.458878646401056061e-18
5.498100000000000000e+04 2.919391666300528954e+01 7.972429861822750929e+00 1.326427468792255127e+01 1.458878505308197166e-18 1.326427468792255127e+01 1.458878505308197166e-18
5.498200000000000000e+04 1.470681312150937892e+01 7.972429861822750929e+00 1.681188057541250913e+01 1.458878339734227992e-18 1.681188057541250913e+01 1.458878339734227992e-18
5.498400000000000000e+04 2.600963244881695147e+01 7.972429861822750929e+00 2.504964300095078400e+01 1.458877917415035206e-18 2.504964300095078400e+01 1.458877917415035206e-18
5.498500000000000000e+04 3.341721425805295809e+01 7.972429861822750929e+00 2.982457128805857849e+01 1.458877649835416619e-18 2.982457128805857849e+01 1.458877649835416619e-18
5.498700000000000000e+04 3.704092383963499913e+01 7.972429861822750929e+00 4.097582893337165899e+01 1.458876967336947338e-18 4.097582893337165899e+01 1.458876967336947338e-18
5.499000000000000000e+04 5.273711095681191807e+01 7.972429861822750929e+00 6.053040193995693841e+01 7.741488649430867675e-01 6.053040193995693841e+01 7.741488649430867675e-01
5.499200000000000000e+04 8.735475570918241317e+01 7.972429861822750929e+00 7.440742163840896239e+01 2.753478662916496678e+00 7.440742163840896239e+01 2.753478662916496678e+00
5.499300000000000000e+04 9.105951951740146910e+01 7.972429861822750929e+00 8.115791156796579742e+01 4.184087600156392028e+00 8.115791156796579742e+01 4.184087600156392028e+00
5.499400000000000000e+04 9.411572057241272660e+01 7.972429861822750929e+00 8.659722275531558466e+01 5.937209196140496026e+00 8.659722275531558466e+01 5.937209196140496026e+00
5.499600000000000000e+04 9.862935069129130738e+01 7.972429861822750929e+00 9.298895886639343189e+01 1.061141975033804385e+01 9.298895886639343189e+01 1.061141975033804385e+01
5.499700000000000000e+04 1.027551229128886092e+02 7.972429861822750929e+00 9.602629760471731402e+01 1.344950446033000979e+01 9.534931745081652821e+01 1.344950446033000979e+01
5.499800000000000000e+04 1.154916740032120543e+02 7.972429861822750929e+00 9.863784169684963388e+01 1.657394882118942192e+01 9.725679520493949326e+01 1.657394882118942192e+01
5.500000000000000000e+04 1.240934447217388765e+02 7.972429861822750929e+00 1.022499452215769935e+02 2.385965703044686492e+01 9.942624000542298290e+01 2.385965703044686492e+01
5.500200000000000000e+04 1.395402448070351511e+02 7.972429861822750929e+00 1.036108342321895606e+02 3.278066314669732861e+01 9.937735874946248771e+01 3.278066314669732861e+01
5.500300000000000000e+04 1.423415811102767918e+02 7.972429861822750929e+00 1.031740598268749380e+02 3.790067896713478035e+01 9.828909195663038645e+01 3.790067896713478035e+01
5.500400000000000000e+04 1.464763320392196988e+02 7.972429861822750929e+00 1.020215581162302669e+02 4.317674359126633732e+01 9.653818898204983157e+01 4.317674359126633732e+01
5.500500000000000000e+04 1.517799248415378202e+02 7.972429861822750929e+00 1.004061950617473542e+02 4.842432155196556209e+01 9.437559456880096320e+01 4.842432155196556209e+01
5.500900000000000000e+04 1.571794543156466659e+02 7.972429861822750929e+00 9.017081903220253025e+01 6.927777820425247057e+01 8.255133116561614770e+01 6.927777820425247057e+01
5.501200000000000000e+04 1.558699472025564603e+02 7.972429861822750929e+00 7.954012997154671893e+01 7.762960029575680210e+01 7.142612246008147281e+01 7.627945396065322825e+01
5.501300000000000000e+04 1.421899447092394837e+02 7.972429861822750929e+00 7.582115327606729238e+01 7.964164445742086684e+01 6.765517379857884350e+01 7.780543616395159745e+01
5.501400000000000000e+04 1.577667923605352769e+02 7.972429861822750929e+00 7.174937864106662744e+01 8.121464334041647248e+01 6.361888512242121152e+01 7.888746317670370445e+01
5.501600000000000000e+04 1.475889510500818176e+02 7.972429861822750929e+00 6.330950889054347641e+01 8.307754579595346911e+01 5.543739832797152900e+01 7.978252741376498136e+01
5.501700000000000000e+04 1.418148110628698078e+02 7.972429861822750929e+00 5.987996236392293525e+01 8.325437606594968543e+01 5.211031447560955598e+01 7.950188699956999017e+01
5.501800000000000000e+04 1.298081378532516794e+02 7.972429861822750929e+00 5.691195513632015235e+01 8.280659419162198276e+01 4.922327896239417555e+01 7.863127356530432621e+01
5.501900000000000000e+04 1.292519343224983004e+02 7.972429861822750929e+00 5.416712466546491811e+01 8.178715370559262965e+01 4.656333247267679099e+01 7.723055118563988231e+01
5.502000000000000000e+04 1.339484959940498356e+02 7.972429861822750929e+00 5.138545182187672822e+01 8.040045652505291685e+01 4.390417961541074021e+01 7.550047565504078761e+01
5.502100000000000000e+04 1.370673838549377592e+02 7.972429861822750929e+00 4.848122463163545603e+01 7.875252833995376989e+01 4.117301454915962466e+01 7.354550648109243127e+01
5.502200000000000000e+04 1.293844274797808964e+02 7.972429861822750929e+00 4.559697173179837648e+01 7.682706667062467432e+01 3.849145005216814042e+01 7.135419956406119013e+01
5.502500000000000000e+04 1.042722514005484982e+02 7.972429861822750929e+00 3.782979850566403002e+01 6.901372231708926108e+01 3.137059333747742329e+01 6.306078428096606103e+01
5.502900000000000000e+04 8.315379148298818279e+01 7.972429861822750929e+00 2.920560302190056490e+01 5.690073085349352766e+01 2.366167303078713857e+01 5.089510809793696922e+01
5.503100000000000000e+04 8.542487920555338121e+01 7.972429861822750929e+00 2.557948924994742157e+01 5.010653810475378833e+01 2.048817721261307412e+01 4.434991866237722746e+01
5.503200000000000000e+04 6.157033344106935147e+01 7.972429861822750929e+00 2.394717605849132980e+01 4.734534731995981360e+01 1.907229695642826428e+01 4.168825158048764479e+01
5.503300000000000000e+04 6.999782948202619082e+01 7.972429861822750929e+00 2.262392352702791953e+01 4.495463621077535521e+01 1.791710107470335345e+01 3.937862316991534328e+01
5.503400000000000000e+04 5.925428743217547378e+01 7.972429861822750929e+00 2.147933193290936416e+01 4.274513920991729776e+01 1.691552365168480421e+01 3.725066597814144131e+01
5.503500000000000000e+04 5.224101027917426165e+01 7.972429861822750929e+00 2.039049086870866034e+01 4.051126461473180740e+01 1.596874529619285887e+01 3.512334369232860354e+01
5.503600000000000000e+04 6.369135533567382623e+01 7.972429861822750929e+00 1.941880354892018801e+01 3.818550061347261249e+01 1.512367877641758973e+01 3.293841163932770399e+01
5.503700000000000000e+04 4.211331575554486051e+01 7.972429861822750929e+00 1.852455611395492596e+01 3.588019008062904902e+01 1.434788638676704053e+01 3.079316004173451304e+01
5.503900000000000000e+04 6.234886787513558914e+01 7.972429861822750929e+00 1.673617309726067148e+01 3.161890467799731397e+01 1.282170619571031622e+01 2.686398018521436981e+01
5.504000000000000000e+04 3.147499965836608737e+01 7.972429861822750929e+00 1.589267687945648433e+01 2.968661988712164401e+01 1.210962883225882791e+01 2.509647466998194432e+01
5.504200000000000000e+04 4.345112332477641104e+01 7.972429861822750929e+00 1.434775242191906663e+01 2.609888578704147122e+01 1.081543224929825442e+01 2.184555602832633170e+01
5.504400000000000000e+04 3.892508471306343409e+01 7.972429861822750929e+00 1.292985326397151802e+01 2.283824680931575202e+01 9.643386980885679804e+00 1.892933842462971228e+01
5.504500000000000000e+04 2.085516078882719881e+01 7.972429861822750929e+00 1.223968894972166765e+01 2.135849183123406547e+01 9.080561577061848411e+00 1.761670391886676512e+01
5.504600000000000000e+04 3.228300378628262024e+01 7.972429861822750929e+00 1.154627238083720364e+01 1.996859703850120837e+01 8.521234229400151960e+00 1.639054177009046143e+01
5.504700000000000000e+04 4.553523341137578484e+01 7.972429861822750929e+00 1.084237905159458393e+01 1.867864474724758850e+01 7.960046289989414880e+00 1.525783756514261391e+01
5.504800000000000000e+04 3.353655860168343850e+01 7.972429861822750929e+00 1.014445000566668753e+01 1.763186082559407453e+01 7.409034476823465276e+00 1.433368085976268347e+01
5.505000000000000000e+04 1.678419055302876117e+01 7.972429861822750929e+00 8.699088686422088657e+00 1.586526782667353253e+01 6.288194800073795498e+00 1.277499623695428888e+01
5.505200000000000000e+04 2.542926083890262134e+01 7.972429861822750929e+00 7.222475931940756766e+00 1.439035613047187390e+01 5.167770414954748759e+00 1.147830910941363491e+01
5.505400000000000000e+04 2.362756191201810907e+01 7.972429861822750929e+00 5.869315163318349349e+00 1.298069535253712559e+01 4.157327640826142812e+00 1.025736495656825298e+01
5.505600000000000000e+04 3.266600428530990996e+01 7.972429861822750929e+00 4.727932062215185915e+00 1.169649171018662592e+01 3.315520380235053022e+00 9.157200117581325571e+00
5.505800000000000000e+04 8.175342250121380161e+00 7.972429861822750929e+00 3.787477502041184607e+00 1.053764137036868931e+01 2.629827455937498115e+00 8.174417322448755741e+00
5.506000000000000000e+04 1.984025756740798840e+01 7.972429861822750929e+00 2.995901927756850380e+00 9.450322044479808170e+00 2.059888564189253035e+00 7.264449261649479794e+00
5.506100000000000000e+04 1.060948274625163457e+01 7.972429861822750929e+00 2.654024268909282558e+00 8.908439112784096281e+00 1.815959130283463896e+00 6.816987383520122457e+00
5.506200000000000000e+04 6.494773617146053724e+00 7.972429861822750929e+00 2.345079197716878561e+00 8.359322211895285903e+00 1.596812745279095003e+00 6.368037031991533148e+00
5.506400000000000000e+04 1.555986453637797595e+01 7.972429861822750929e+00 1.811859333670083227e+00 7.269272890427559197e+00 1.221917543613490142e+00 5.488314753059690076e+00
5.506500000000000000e+04 5.789860127982295879e-01 7.972429861822750929e+00 1.583818745934913563e+00 6.692651489614544147e+00 1.063036946060080368e+00 5.030555840059037109e+00
5.506700000000000000e+04 1.604602489673746746e+01 7.972429861822750929e+00 1.201827785603489351e+00 5.548945160761811657e+00 7.990344961129509649e-01 4.134216331963799895e+00
5.506800000000000000e+04 1.860303061296240656e+01 7.972429861822750929e+00 1.042468658547259119e+00 5.015180501609474817e+00 6.898283870746817481e-01 3.720184334700300077e+00
5.506900000000000000e+04 -1.489430919884085824e+00 7.972429861822750929e+00 9.004851998950269554e-01 4.503217300542878831e+00 5.930877954916861095e-01 3.325862112660915137e+00
5.507100000000000000e+04 6.298581680784035797e+00 7.972429861822750929e+00 6.659457661966353692e-01 3.622670188260029178e+00 4.345486239456022304e-01 2.652416304188042862e+00
5.507300000000000000e+04 1.301432157489959707e+01 7.972429861822750929e+00 4.886815028999467181e-01 2.898280242639598381e+00 3.159510589642119949e-01 2.103861964749998759e+00
5.507400000000000000e+04 1.033766996953033157e+01 7.972429861822750929e+00 4.178481216093821726e-01 2.579507303959915010e+00 2.689201451984696289e-01 1.864479439074748779e+00
5.507500000000000000e+04 -1.850711385502743944e+00 7.972429861822750929e+00 3.560312979680194112e-01 2.289607336867639287e+00 2.280935985444418612e-01 1.647910851351402695e+00
5.507800000000000000e+04 6.745650491235958945e+00 7.972429861822750929e+00 2.185092787472127651e-01 1.575612685275929348e+00 1.381047141620609098e-01 1.119758855288131238e+00
5.508000000000000000e+04 -1.320655396630809619e+01 7.972429861822750929e+00 1.572415689218624180e-01 1.206674498211718793e+00 9.849760017656127020e-02 8.504295568480645384e-01
5.508100000000000000e+04 4.978982688532716416e+00 7.972429861822750929e+00 1.333909640673398289e-01 1.051594419303563344e+00 8.318738014801362046e-02 7.380645840142919800e-01
5.508200000000000000e+04 4.294825950407016535e+00 7.972429861822750929e+00 1.130206550029837359e-01 9.145429228710391101e-01 7.017301316464903682e-02 6.392275968903607941e-01
5.508400000000000000e+04 8.742594052169129881e+00 7.972429861822750929e+00 8.101974624268991343e-02 6.844233159974058012e-01 4.986444254227592049e-02 4.744702363933489542e-01
5.508500000000000000e+04 3.355215938570818679e+00 7.972429861822750929e+00 6.858488622423000725e-02 5.887555663375587667e-01 4.202762805578161287e-02 4.064868588356523871e-01
5.508800000000000000e+04 -1.157156188810462005e+00 7.972429861822750929e+00 4.196589014715486343e-02 3.705726780379449692e-01 2.538464199561750803e-02 2.527608471713695959e-01
5.508900000000000000e+04 1.183601504172315355e+00 7.972429861822750929e+00 3.562436169332934555e-02 3.166803629857178892e-01 2.145658115601357940e-02 2.151361161587757309e-01
5.509000000000000000e+04 -5.232648898676181659e+00 7.972429861822750929e+00 3.024389813533267732e-02 2.696796234310645524e-01 1.813835800367798873e-02 1.824748788355535223e-01
5.509100000000000000e+04 7.123891939991345623e+00 7.972429861822750929e+00 2.568476611502895288e-02 2.290972925819255157e-01 1.533876746194622574e-02 1.543990379983322947e-01
5.509300000000000000e+04 5.777111812341400920e+00 7.972429861822750929e+00 1.849570144702505220e-02 1.652395284006226428e-01 1.095262713745783802e-02 1.104837713296487195e-01
5.509500000000000000e+04 1.070727887305571890e+01 7.972429861822750929e+00 1.333371440287446121e-02 1.187802260049187902e-01 7.830004347216196550e-03 7.879808014124903282e-02
5.509600000000000000e+04 9.223271554665027905e-01 7.972429861822750929e+00 1.131477568343696241e-02 1.007099699023912276e-01 6.616827885050855125e-03 6.654990411841091302e-02
5.509700000000000000e+04 -5.212528295603537032e+00 7.972429861822750929e+00 9.603371256732710914e-03 8.528547327978787396e-02 5.592785077591702451e-03 5.613841053171924472e-02
5.509800000000000000e+04 2.330527924923801564e+00 7.972429861822750929e+00 8.156974366974970372e-03 7.217255114688170270e-02 4.730874821351913062e-03 4.732315988911003218e-02
5.509900000000000000e+04 -2.400381210854670933e+00 7.972429861822750929e+00 6.922525051176041389e-03 6.107396922577955356e-02 3.998454947828823484e-03 3.989155403382074055e-02
5.510100000000000000e+04 -4.626491111299415593e+00 7.972429861822750929e+00 4.987091709119397670e-03 4.379838308129065799e-02 2.857113554350843541e-03 2.838889232647826000e-02
5.510400000000000000e+04 5.421031163825480448e+00 7.972429861822750929e+00 3.051077160374982954e-03 2.678639591516735613e-02 1.726894476100850886e-03 1.716526492481086630e-02
5.510700000000000000e+04 -2.582975252178154335e+01 7.972429861822750929e+00 1.855208563363728398e-03 1.636879616555509537e-02 1.037530654529236849e-03 1.037181356327150986e-02
5.510800000000000000e+04 -1.049668681036707740e+00 7.972429861822750929e+00 1.572218603448912594e-03 1.388004531875756779e-02 8.757902202812570909e-04 8.762101709966271107e-03
5.510900000000000000e+04 -7.535121043330433643e+00 7.972429861822750929e+00 1.331482129531405718e-03 1.177470201244708824e-02 7.387683124515371895e-04 7.405472963803201060e-03
5.511000000000000000e+04 -5.811315134850695285e-01 7.972429861822750929e+00 1.127435049168664999e-03 9.996723150177862227e-03 6.230988444615148105e-04 6.264003477772957240e-03
5.511100000000000000e+04 1.918365470506203607e+01 7.972429861822750929e+00 9.552231054538337608e-04 8.479067925019569477e-03 5.258591276927242816e-04 5.293462308040685488e-03
5.511400000000000000e+04 -1.626914070928968314e+01 7.972429861822750929e+00 5.808402238707360788e-04 5.180398230407024310e-03 3.160519228810185948e-04 3.198763958263059048e-03
