5.497400000000000000e+04 2.718792169024045080e+00 5.250211881446030127e+00 2.872527343123094101e-01 8.716023034220134351e-19 2.872527343123094101e-01 8.716023034220134351e-19
5.497600000000000000e+04 -3.168726912852940281e+00 5.250211881446030127e+00 1.958814406946931541e+00 8.716022210972289233e-19 1.958814406946931541e+00 8.716022210972289233e-19
5.498000000000000000e+04 1.026716930439796194e+01 5.250211881446030127e+00 9.740658635389692677e+00 8.716019515982127606e-19 9.740658635389692677e+00 8.716019515982127606e-19
5.498100000000000000e+04 8.801826613698338519e+00 5.250211881446030127e+00 1.261836908227294352e+01 8.716018526766135158e-19 1.261836908227294352e+01 8.716018526766135158e-19
5.498500000000000000e+04 2.927579114463657461e+01 5.250211881446030127e+00 2.761301931683333422e+01 8.716012528962566048e-19 2.761301931683333422e+01 8.716012528962566048e-19
5.498700000000000000e+04 3.364223883178632235e+01 5.250211881446030127e+00 3.698113532148148863e+01 8.716007743899730289e-19 3.698113532148148863e+01 8.716007743899730289e-19
5.498800000000000000e+04 4.606966539408134054e+01 5.250211881446030127e+00 4.209516568424355398e+01 -1.241908946591701104e-02 4.209516568424355398e+01 -1.241908946591701104e-02
5.498900000000000000e+04 4.954971493968589868e+01 5.250211881446030127e+00 4.711547825657126509e+01 2.298021874498475392e-01 4.711547825657126509e+01 2.298021874498475392e-01
5.499300000000000000e+04 7.042752532564360024e+01 5.250211881446030127e+00 6.549985504210982867e+01 4.087902819091672413e+00 6.549985504210982867e+01 4.087902819091672413e+00
5.499500000000000000e+04 7.309930819829124005e+01 5.250211881446030127e+00 6.925870503056015082e+01 7.792526908311754319e+00 6.925870503056015082e+01 7.792526908311754319e+00
5.499700000000000000e+04 9.010461591697603012e+01 5.250211881446030127e+00 7.110834207998198053e+01 1.269273137910385429e+01 6.841287481237441170e+01 1.269273137910385429e+01
5.499900000000000000e+04 8.995733529431926456e+01 5.250211881446030127e+00 7.017357670051271157e+01 1.874044088442200007e+01 6.504780932565140006e+01 1.874044088442200007e+01
5.500000000000000000e+04 1.001529233831683570e+02 5.250211881446030127e+00 6.943396820842724537e+01 2.209041545346666879e+01 6.320798198309262261e+01 2.209041545346666879e+01
5.500200000000000000e+04 9.448611038630633630e+01 5.250211881446030127e+00 6.729682250908874153e+01 2.958490825718519801e+01 5.914124484496770862e+01 2.958490825718519801e+01
5.500300000000000000e+04 9.140170892014604931e+01 5.250211881446030127e+00 6.515522698831216530e+01 3.367613254739485029e+01 5.628475033544589223e+01 3.367613254739485029e+01
5.500500000000000000e+04 1.038630195826617069e+02 5.250211881446030127e+00 5.985753464190068485e+01 4.153383942830611630e+01 5.000629460476246635e+01 4.153383942830611630e+01
5.500700000000000000e+04 1.081589887660778402e+02 5.250211881446030127e+00 5.508587266984689990e+01 4.911345556622313779e+01 4.455343955827151348e+01 4.911345556622313779e+01
5.500900000000000000e+04 1.034804448080583228e+02 5.250211881446030127e+00 5.023816412538496934e+01 5.453452191392029391e+01 3.937777404403901471e+01 5.453452191392029391e+01
5.501000000000000000e+04 1.051196703980402276e+02 5.250211881446030127e+00 4.775776239886082664e+01 5.724647523005979366e+01 3.686434766411487374e+01 5.540696402444812918e+01
5.501300000000000000e+04 1.002301823056299526e+02 5.250211881446030127e+00 4.061066408398885130e+01 6.063455043653713972e+01 2.997981993502793685e+01 5.352626274411823459e+01
5.501600000000000000e+04 8.915559715483418302e+01 5.250211881446030127e+00 3.222010329498021974e+01 6.051566057483105965e+01 2.279133005233092391e+01 4.910391153426733268e+01
5.501700000000000000e+04 8.643593637207602853e+01 5.250211881446030127e+00 2.970552306125449604e+01 5.987932758063291772e+01 2.072381963252022885e+01 4.731299587597417400e+01
5.501800000000000000e+04 8.603058367888057489e+01 5.250211881446030127e+00 2.739256748737363978e+01 5.848210698854171596e+01 1.885112345149930135e+01 4.502780026835672089e+01
5.501900000000000000e+04 7.592171371386147882e+01 5.250211881446030127e+00 2.516937763677919193e+01 5.652225997281695413e+01 1.708947422377729097e+01 4.243412910872144295e+01
5.502000000000000000e+04 7.471091864818180284e+01 5.250211881446030127e+00 2.305394554567231680e+01 5.461487471553738970e+01 1.544652967884242400e+01 4.000503568380997876e+01
5.502200000000000000e+04 6.204635764676595500e+01 5.250211881446030127e+00 1.925447615555451364e+01 5.102616325729721325e+01 1.256901635586821442e+01 3.564275164661721362e+01
5.502300000000000000e+04 6.454336625936346650e+01 5.250211881446030127e+00 1.755278691267416136e+01 4.915126659225622774e+01 1.131270102647213349e+01 3.355493350099414585e+01
5.502400000000000000e+04 6.176473799563687095e+01 5.250211881446030127e+00 1.599731428165993918e+01 4.719032441437636294e+01 1.018094207449878574e+01 3.150221923523121603e+01
5.502500000000000000e+04 5.729172484883043381e+01 5.250211881446030127e+00 1.459398545142108716e+01 4.515735131463416963e+01 9.172838121572022274e+00 2.949147813129190610e+01
5.502800000000000000e+04 4.416234123204655759e+01 5.250211881446030127e+00 1.108268373988066280e+01 3.911287228003485694e+01 6.716370971383953226e+00 2.398385594802235588e+01
5.502900000000000000e+04 4.479742782669860190e+01 5.250211881446030127e+00 1.013826309091270517e+01 3.672437219860130142e+01 6.071543353043900915e+00 2.206993521550558768e+01
5.503100000000000000e+04 4.069461251930403733e+01 5.250211881446030127e+00 8.556997304992252751e+00 3.155049401804274822e+01 5.006434182654020404e+00 1.823306404186474339e+01
5.503300000000000000e+04 2.747902692110933032e+01 5.250211881446030127e+00 7.330568121558389549e+00 2.709735889412316112e+01 4.192249869357422831e+00 1.508089876119944250e+01
5.503400000000000000e+04 3.962954703027440218e+01 5.250211881446030127e+00 6.851751815341720508e+00 2.501899026360996103e+01 3.874767751706000407e+00 1.367157937902183562e+01
5.503500000000000000e+04 2.931435472246212370e+01 5.250211881446030127e+00 6.432751438317453108e+00 2.302397927809536782e+01 3.597735703756966164e+00 1.235722374307394134e+01
5.503700000000000000e+04 2.804617580451489545e+01 5.250211881446030127e+00 5.747802926755404940e+00 1.940253916822664593e+01 3.145344712025503142e+00 1.005521308469457331e+01
5.503800000000000000e+04 2.956766037265465741e+01 5.250211881446030127e+00 5.473129997060764751e+00 1.776365565980760763e+01 2.963093496324381348e+00 9.050160821177707149e+00
5.503900000000000000e+04 2.781497094127847447e+01 5.250211881446030127e+00 5.231066728134925015e+00 1.625692830455966131e+01 2.802157021713587159e+00 8.144753659599029305e+00
5.504000000000000000e+04 2.125159275723414254e+01 5.250211881446030127e+00 5.005798030804699650e+00 1.489081849303516414e+01 2.653484246384680389e+00 7.338270497257618707e+00
5.504100000000000000e+04 1.752215241120998002e+01 5.250211881446030127e+00 4.791239468101768040e+00 1.362510475689430578e+01 2.513503025968822246e+00 6.606431709122529305e+00
5.504300000000000000e+04 1.974590896895368530e+01 5.250211881446030127e+00 4.390741025079166526e+00 1.143824841910572943e+01 2.256754227528354306e+00 5.373096777107163824e+00
5.504400000000000000e+04 1.524920387759058116e+01 5.250211881446030127e+00 4.186032538318625207e+00 1.050134138342473200e+01 2.129971270706062736e+00 4.857234682435121798e+00
5.504500000000000000e+04 1.054161413844171769e+01 5.250211881446030127e+00 3.975952597606819960e+00 9.667386841484939097e+00 2.002998789726357476e+00 4.403875201113765847e+00
5.504600000000000000e+04 8.408034679424893909e+00 5.250211881446030127e+00 3.773784200808672828e+00 8.925070346100975271e+00 1.882468299899572761e+00 4.005147346123217211e+00
5.504700000000000000e+04 7.395455148018000635e+00 5.250211881446030127e+00 3.579229791445574627e+00 8.260454830235811841e+00 1.768044749775525615e+00 3.652482680507522339e+00
5.504900000000000000e+04 -1.867204519482612568e-01 5.250211881446030127e+00 3.201060776111258832e+00 7.216367460777258103e+00 1.551051834533994978e+00 3.099814201364801125e+00
5.505000000000000000e+04 4.526966247054633463e+00 5.250211881446030127e+00 2.997479971440168089e+00 6.795978834968760651e+00 1.438675292267899364e+00 2.878188563005573020e+00
5.505100000000000000e+04 1.023896538869525408e+01 5.250211881446030127e+00 2.786963344703833112e+00 6.427651876518408081e+00 1.325106192803267691e+00 2.684452003223524841e+00
5.505300000000000000e+04 2.012767621910342974e+00 5.250211881446030127e+00 2.375651335520641894e+00 5.833264380604030741e+00 1.108770342350714921e+00 2.370474797059505256e+00
5.505400000000000000e+04 2.237370641032990548e+00 5.250211881446030127e+00 2.175075936700149981e+00 5.590863689722949559e+00 1.005908494057323077e+00 2.241725617370870172e+00
5.505500000000000000e+04 1.594316145643472282e+01 5.250211881446030127e+00 1.985184534025907555e+00 5.364708309970693811e+00 9.098004280595362037e-01 2.122787397107745111e+00
5.505700000000000000e+04 6.255902983504981307e+00 5.250211881446030127e+00 1.636924953162859353e+00 4.941963412085997653e+00 7.368888778080757707e-01 1.905445485844385223e+00
5.505800000000000000e+04 6.216428885736593024e+00 5.250211881446030127e+00 1.473320615716376070e+00 4.742433603897186600e+00 6.574095826676078502e-01 1.805403382022683800e+00
5.505900000000000000e+04 -3.463900114965312582e+00 5.250211881446030127e+00 1.318057836963791196e+00 4.532578864062502433e+00 5.830050588127172473e-01 1.703977016564850455e+00
5.506100000000000000e+04 9.494133820556177383e+00 5.250211881446030127e+00 1.036246446044319036e+00 4.105889258276956610e+00 4.505027589097987395e-01 1.505974639919658298e+00
5.506300000000000000e+04 3.680714952906340542e+00 5.250211881446030127e+00 7.990864005203597298e-01 3.706478753969465245e+00 3.415482990769190819e-01 1.327155096666236656e+00
5.506400000000000000e+04 8.476344920263684912e+00 5.250211881446030127e+00 6.996054778646820793e-01 3.506617987514456303e+00 2.965309531914898100e-01 1.240841467627196382e+00
5.506700000000000000e+04 9.758415690070471271e+00 5.250211881446030127e+00 4.594787666860262187e-01 2.842865084413802812e+00 1.899928740845295005e-01 9.717203597258007308e-01
5.506800000000000000e+04 -5.720696704375823671e+00 5.250211881446030127e+00 3.974127102476212037e-01 2.624503751157837073e+00 1.630009885761951050e-01 8.870162738805721370e-01
5.506900000000000000e+04 5.049645787651622086e+00 5.250211881446030127e+00 3.429086124388208145e-01 2.407742571375608875e+00 1.395185175518027509e-01 8.047267952458585505e-01
5.507000000000000000e+04 -7.866851286662218001e+00 5.250211881446030127e+00 2.952076860710064476e-01 2.201862603972567278e+00 1.191554736916271978e-01 7.278403424476290740e-01
5.507200000000000000e+04 6.095309955409954128e+00 5.250211881446030127e+00 2.179558136320879913e-01 1.822532523705158169e+00 8.659693020465177027e-02 5.895111022464607498e-01
5.507400000000000000e+04 7.828975751253127946e+00 5.250211881446030127e+00 1.600232845198373832e-01 1.472903980584449268e+00 6.259957145868536021e-02 4.664040470501739089e-01
5.507600000000000000e+04 -1.394057238338721083e+00 5.250211881446030127e+00 1.157334126866377960e-01 1.162080876663004192e+00 4.458659039435906163e-02 3.604022071278390471e-01
5.507800000000000000e+04 6.636979018883392811e+00 5.250211881446030127e+00 8.342093838569977771e-02 8.991737140818603091e-01 3.165759871947924908e-02 2.732386392615352988e-01
5.508000000000000000e+04 2.724288765361908560e+00 5.250211881446030127e+00 5.998708844385153977e-02 6.891070575284725663e-01 2.242927217941729015e-02 2.052624382010224402e-01
5.508200000000000000e+04 5.630460362639995608e+00 5.250211881446030127e+00 4.301935445517933443e-02 5.203676829726363584e-01 1.585148843184322476e-02 1.519942992676236448e-01
5.508300000000000000e+04 -1.087461084519846288e+01 5.250211881446030127e+00 3.642317765300992494e-02 4.507694538481530899e-01 1.332425287277213925e-02 1.304007908609561006e-01
5.508400000000000000e+04 -5.473954275128394720e+00 5.250211881446030127e+00 3.080313499442044814e-02 3.895357010046333057e-01 1.118771474028273233e-02 1.116148140414422174e-01
5.508600000000000000e+04 1.378101981949046007e+01 5.250211881446030127e+00 2.209094301872473187e-02 2.892891930001980083e-01 7.910245647124551638e-03 8.134326650551063076e-02
5.508900000000000000e+04 6.690948507301187398e+00 5.250211881446030127e+00 1.356985958392552954e-02 1.830912266023629886e-01 4.758348966942117439e-03 5.007965716694829511e-02
5.509000000000000000e+04 -6.755892207974154573e+00 5.250211881446030127e+00 1.153136654546905136e-02 1.561109095412261116e-01 4.015798901434460173e-03 4.231565367592597660e-02
5.509200000000000000e+04 -3.744081118800902441e+00 5.250211881446030127e+00 8.326165124615416899e-03 1.129719456997368005e-01 2.860340487345981557e-03 3.008093132914495954e-02
5.509300000000000000e+04 6.866726602529178436e+00 5.250211881446030127e+00 7.075697348176182046e-03 9.595544802269041773e-02 2.414419350363810127e-03 2.532607897558340412e-02
5.509500000000000000e+04 -2.349187336577867935e+00 5.250211881446030127e+00 5.107153826105314924e-03 6.917546408487165732e-02 1.719580412830072277e-03 1.794341774353383490e-02
5.509600000000000000e+04 4.650630315936545855e+00 5.250211881446030127e+00 4.340587843493616017e-03 5.864592296885879491e-02 1.451847290194205504e-03 1.508227624957792119e-02
5.509700000000000000e+04 3.764543333744072129e+00 5.250211881446030127e+00 3.688424691132600412e-03 4.973055762745311886e-02 1.225634575374692737e-03 1.268119074547458328e-02
5.509800000000000000e+04 1.978157335143909012e+00 5.250211881446030127e+00 3.132560080880771210e-03 4.215580420899141256e-02 1.034155386379047173e-03 1.065940229821771279e-02
5.510000000000000000e+04 -2.444074649149929002e+00 5.250211881446030127e+00 2.262632874150900635e-03 3.021737720061437940e-02 7.373742460977353481e-04 7.514517358155370884e-03
5.510100000000000000e+04 9.052395195081491153e+00 5.250211881446030127e+00 1.922178549313258589e-03 2.565703996136142750e-02 6.224268341795411233e-04 6.328196517699642178e-03
5.510200000000000000e+04 1.079314651632782285e+00 5.250211881446030127e+00 1.634147279332364821e-03 2.184146612204278248e-02 5.258043306838589264e-04 5.343347226255695630e-03
5.510600000000000000e+04 -1.770208314564234164e-01 5.250211881446030127e+00 8.503376016606508259e-04 1.144702154010375159e-02 2.668395524086519138e-04 2.712307255261054220e-03
5.510900000000000000e+04 4.242005246670093044e+00 5.250211881446030127e+00 5.205895182106584250e-04 7.044492049694649725e-03 1.603886617199637324e-04 1.630669455947835432e-03
5.511100000000000000e+04 -7.923048446796102873e+00 5.250211881446030127e+00 3.755627761777575579e-04 5.094706362966290765e-03 1.143196079927424701e-04 1.161477832155364534e-03
5.511200000000000000e+04 -6.667213353001816500e+00 5.250211881446030127e+00 3.187770176241309017e-04 4.333451655460794465e-03 9.645587389153405797e-05 9.805076602997543633e-04
5.511400000000000000e+04 9.815521972507537996e+00 5.250211881446030127e+00 2.299815061283639163e-04 3.134491440689390895e-03 6.876820444588222371e-05 6.987274722892087252e-04
5.511500000000000000e+04 -1.493055791065699367e+01 5.250211881446030127e+00 1.952486336525641197e-04 2.665873354371908581e-03 5.804061642466235168e-05 5.898993968781883653e-04
5.511700000000000000e+04 -2.328433070169031005e+00 5.250211881446030127e+00 1.408916753739815971e-04 1.928902671027122890e-03 4.139733072045060849e-05 4.206434645470872170e-04
5.511800000000000000e+04 4.879009605065183774e-01 5.250211881446030127e+00 1.196172177333896576e-04 1.640460554534577597e-03 3.494412016400036890e-05 3.551702941315011404e-04
5.511900000000000000e+04 1.396392624668940430e+00 5.250211881446030127e+00 1.016626712379262886e-04 1.394723492011176865e-03 2.952906681710418518e-05 2.998115846971575321e-04
5.512000000000000000e+04 1.097480454790227267e+00 5.250211881446030127e+00 8.712731720832596609e-05 1.185650778985372416e-03 2.516312410348764490e-05 2.530630024300718631e-04
