5.497400000000000000e+04 2.975796165602654142e+00 5.805138286156424243e+00 2.872527343123094101e-01 8.716020358936565545e-19 2.872527343123094101e-01 8.716020358936565545e-19
5.497600000000000000e+04 -3.710687529653197814e+00 5.805138286156424243e+00 1.958814406946931541e+00 8.716018526766135158e-19 1.958814406946931541e+00 8.716018526766135158e-19
5.498000000000000000e+04 1.032281937704111563e+01 5.805138286156424243e+00 9.740658635389692677e+00 8.716012528962566048e-19 9.740658635389692677e+00 8.716012528962566048e-19
5.498100000000000000e+04 8.398433333896585751e+00 5.805138286156424243e+00 1.261836908227294352e+01 8.716010327425725717e-19 1.261836908227294352e+01 8.716010327425725717e-19
5.498500000000000000e+04 3.020213786950046497e+01 5.805138286156424243e+00 2.761301931683333422e+01 7.505983906838168407e-01 2.761301931683333422e+01 7.505983906838168407e-01
5.498700000000000000e+04 3.596991091060728252e+01 5.805138286156424243e+00 3.698113532148148863e+01 2.680580088357593205e+00 3.698113532148148863e+01 2.680580088357593205e+00
5.498800000000000000e+04 5.059138867940784934e+01 5.805138286156424243e+00 4.209516568424355398e+01 4.087902819091672413e+00 4.209516568424355398e+01 4.087902819091672413e+00
5.498900000000000000e+04 5.534280225597436953e+01 5.805138286156424243e+00 4.711547825657126509e+01 5.789889591216336839e+00 4.711547825657126509e+01 5.789889591216336839e+00
5.499300000000000000e+04 8.200918686702037519e+01 5.805138286156424243e+00 6.549985504210982867e+01 1.558080429699700353e+01 6.549985504210982867e+01 1.558080429699700353e+01
5.499500000000000000e+04 8.697949420446860813e+01 5.805138286156424243e+00 6.925870503056015082e+01 2.209041545346666879e+01 6.925870503056015082e+01 2.209041545346666879e+01
5.499700000000000000e+04 1.068557801075334623e+02 5.805138286156424243e+00 7.030107015719596575e+01 2.958490825718519801e+01 6.841287481237441170e+01 2.958490825718519801e+01
5.499900000000000000e+04 1.074844232256054397e+02 5.805138286156424243e+00 6.863844840042735029e+01 3.769238260525701634e+01 6.504780932565140006e+01 3.769238260525701634e+01
5.500000000000000000e+04 1.186437140398100496e+02 5.805138286156424243e+00 6.756933273992601130e+01 4.153383942830611630e+01 6.320798198309262261e+01 4.153383942830611630e+01
5.500200000000000000e+04 1.113189167871450280e+02 5.805138286156424243e+00 6.485428909699159306e+01 4.911345556622313779e+01 5.914124484496770862e+01 4.911345556622313779e+01
5.500300000000000000e+04 1.066835358254325712e+02 5.805138286156424243e+00 6.249858677247912198e+01 5.239988403368787573e+01 5.628475033544589223e+01 5.239988403368787573e+01
5.500500000000000000e+04 1.182329162771742972e+02 5.805138286156424243e+00 5.690716326021968285e+01 5.859286445585389913e+01 5.000629460476246635e+01 5.540696402444812918e+01
5.500700000000000000e+04 1.204809465398234067e+02 5.805138286156424243e+00 5.193148914912127623e+01 6.417127657400722285e+01 4.455343955827151348e+01 5.473029984989954499e+01
5.500900000000000000e+04 1.125559776319587115e+02 5.805138286156424243e+00 4.698555998934735101e+01 6.699924360542095769e+01 3.937777404403901471e+01 5.203824746052112715e+01
5.501000000000000000e+04 1.126346897956918269e+02 5.805138286156424243e+00 4.449526763058666035e+01 6.801178861380765284e+01 3.686434766411487374e+01 5.056638558647409809e+01
5.501300000000000000e+04 1.046341770523652883e+02 5.805138286156424243e+00 3.742680720688887419e+01 6.832968690723131999e+01 2.997981993502793685e+01 4.502780026835672089e+01
5.501600000000000000e+04 8.928638869990457749e+01 5.805138286156424243e+00 2.939625750149642514e+01 6.384870722109852892e+01 2.279133005233092391e+01 3.778030013082754124e+01
5.501700000000000000e+04 8.581953785713237437e+01 5.805138286156424243e+00 2.701557127295336969e+01 6.228570850246358503e+01 2.072381963252022885e+01 3.564275164661721362e+01
5.501800000000000000e+04 8.557351318666918871e+01 5.805138286156424243e+00 2.483447003500518235e+01 6.056665496929444004e+01 1.885112345149930135e+01 3.355493350099414585e+01
5.501900000000000000e+04 7.504260962984403704e+01 5.805138286156424243e+00 2.274950808669233027e+01 5.867288332561813746e+01 1.708947422377729097e+01 3.150221923523121603e+01
5.502000000000000000e+04 7.412868044274631529e+01 5.805138286156424243e+00 2.077558241804306149e+01 5.662363801208045544e+01 1.544652967884242400e+01 2.949147813129190610e+01
5.502200000000000000e+04 6.059816686680926523e+01 5.805138286156424243e+00 1.725223185006471027e+01 5.245054744357457821e+01 1.256901635586821442e+01 2.577422478799732986e+01
5.502300000000000000e+04 6.348108402567591213e+01 5.805138286156424243e+00 1.568392870310096399e+01 5.018621857123678609e+01 1.131270102647213349e+01 2.398385594802235588e+01
5.502400000000000000e+04 6.013242019059546806e+01 5.805138286156424243e+00 1.425535509271319690e+01 4.745036071333702665e+01 1.018094207449878574e+01 2.206993521550558768e+01
5.502500000000000000e+04 5.459825139677799655e+01 5.805138286156424243e+00 1.297039310390283973e+01 4.434744135584210056e+01 9.172838121572022274e+00 2.008944115779936368e+01
5.502800000000000000e+04 3.899664389418524024e+01 5.805138286156424243e+00 9.775006311752205690e+00 3.589253905165467273e+01 6.716370971383953226e+00 1.508089876119944250e+01
5.502900000000000000e+04 3.996129459604141232e+01 5.805138286156424243e+00 8.920311494292100463e+00 3.332447473636572255e+01 6.071543353043900915e+00 1.367157937902183562e+01
5.503100000000000000e+04 3.661701345033081623e+01 5.805138286156424243e+00 7.493630684596537250e+00 2.847420520642087993e+01 5.006434182654020404e+00 1.115541829830396736e+01
5.503300000000000000e+04 2.284859863954792658e+01 5.805138286156424243e+00 6.390665700848454200e+00 2.414130399049153297e+01 4.192249869357422831e+00 9.050160821177707149e+00
5.503400000000000000e+04 3.673350109185783907e+01 5.805138286156424243e+00 5.960167755674170564e+00 2.219445372240735281e+01 3.874767751706000407e+00 8.144753659599029305e+00
5.503500000000000000e+04 2.584499890358007690e+01 5.805138286156424243e+00 5.583685812230811507e+00 2.041873765861932455e+01 3.597735703756966164e+00 7.338270497257618707e+00
5.503700000000000000e+04 2.541398848620361406e+01 5.805138286156424243e+00 4.968386507115485351e+00 1.724369022444835053e+01 3.145344712025503142e+00 5.951230448472252910e+00
5.503800000000000000e+04 2.759891701482437298e+01 5.805138286156424243e+00 4.721393177043268885e+00 1.587750097635166746e+01 2.963093496324381348e+00 5.373096777107163824e+00
5.503900000000000000e+04 2.613175821202765547e+01 5.805138286156424243e+00 4.503626765298077039e+00 1.463241948083580546e+01 2.802157021713587159e+00 4.857234682435121798e+00
5.504000000000000000e+04 1.931938663466851125e+01 5.805138286156424243e+00 4.301297963389567158e+00 1.351989686741926455e+01 2.653484246384680389e+00 4.403875201113765847e+00
5.504100000000000000e+04 1.564646875846796092e+01 5.805138286156424243e+00 4.109074746853830007e+00 1.252609832500036013e+01 2.513503025968822246e+00 4.005147346123217211e+00
5.504300000000000000e+04 1.895724664704357210e+01 5.805138286156424243e+00 3.751628227843136099e+00 1.087469616111315673e+01 2.256754227528354306e+00 3.353799895485938709e+00
5.504400000000000000e+04 1.442085784435863260e+01 5.805138286156424243e+00 3.570257843957503230e+00 1.022938686450384260e+01 2.129971270706062736e+00 3.099814201364801125e+00
5.504500000000000000e+04 9.619020791177087304e+00 5.805138286156424243e+00 3.385067954637544396e+00 9.663518100291211610e+00 2.002998789726357476e+00 2.878188563005573020e+00
5.504600000000000000e+04 7.630410708260254360e+00 5.805138286156424243e+00 3.207349489368891859e+00 9.167403591008337571e+00 1.882468299899572761e+00 2.684452003223524841e+00
5.504700000000000000e+04 6.860594511907919468e+00 5.805138286156424243e+00 3.036793662214442691e+00 8.737767610006850205e+00 1.768044749775525615e+00 2.516275769620402780e+00
5.504900000000000000e+04 -9.758784942749141322e-01 5.805138286156424243e+00 2.706895661628728078e+00 8.042190652317996680e+00 1.551051834533994978e+00 2.241725617370870172e+00
5.505000000000000000e+04 4.445050134930037089e+00 5.805138286156424243e+00 2.530629839099234779e+00 7.737560062457730758e+00 1.438675292267899364e+00 2.122787397107745111e+00
5.505100000000000000e+04 1.092676410618592442e+01 5.805138286156424243e+00 2.349148258601632566e+00 7.444995962919652044e+00 1.325106192803267691e+00 2.010802420775057886e+00
5.505300000000000000e+04 2.037301360624652169e+00 5.805138286156424243e+00 1.996230124368227221e+00 6.892127410871596638e+00 1.108770342350714921e+00 1.805403382022683800e+00
5.505400000000000000e+04 2.314913506034915969e+00 5.805138286156424243e+00 1.824919189918795759e+00 6.602910939188794792e+00 1.005908494057323077e+00 1.703977016564850455e+00
5.505500000000000000e+04 1.746609212252889876e+01 5.805138286156424243e+00 1.663115182492832078e+00 6.301434192479121954e+00 9.098004280595362037e-01 1.602399031781086114e+00
5.505700000000000000e+04 6.735176256185083865e+00 5.805138286156424243e+00 1.367371001660665275e+00 5.724928899773153113e+00 7.368888778080757707e-01 1.414435799820420669e+00
5.505800000000000000e+04 6.677679121288543129e+00 5.805138286156424243e+00 1.228961473838826368e+00 5.447971671814901384e+00 6.574095826676078502e-01 1.327155096666236656e+00
5.505900000000000000e+04 -4.036128380729977927e+00 5.805138286156424243e+00 1.097915126756109139e+00 5.165002608998204181e+00 5.830050588127172473e-01 1.240841467627196382e+00
5.506100000000000000e+04 1.020732098065754556e+01 5.805138286156424243e+00 8.608206717248434447e-01 4.534513391772782676e+00 4.505027589097987395e-01 1.060084954242614286e+00
5.506300000000000000e+04 3.646242635938828691e+00 5.805138286156424243e+00 6.620572229307000178e-01 3.896218983020413251e+00 3.415482990769190819e-01 8.870162738805721370e-01
5.506400000000000000e+04 8.881378185724873475e+00 5.805138286156424243e+00 5.788877268204265514e-01 3.581034238844071016e+00 2.965309531914898100e-01 8.047267952458585505e-01
5.506700000000000000e+04 1.024223768388611155e+01 5.805138286156424243e+00 3.787697937749180399e-01 2.725015070134265027e+00 1.899928740845295005e-01 5.895111022464607498e-01
5.506800000000000000e+04 -6.878122761110497585e+00 5.805138286156424243e+00 3.272081844678540463e-01 2.461341477507524189e+00 1.630009885761951050e-01 5.259276661340864800e-01
5.506900000000000000e+04 5.033573142302980585e+00 5.805138286156424243e+00 2.819948276757037187e-01 2.209589172900199294e+00 1.395185175518027509e-01 4.664040470501739089e-01
5.507000000000000000e+04 -9.246343080326180797e+00 5.805138286156424243e+00 2.424813889624613805e-01 1.970522181514884119e+00 1.191554736916271978e-01 4.109535310771395000e-01
5.507200000000000000e+04 6.205958343504579311e+00 5.805138286156424243e+00 1.786148282401146814e-01 1.543943463964917884e+00 8.659693020465177027e-02 3.144487706649526926e-01
5.507400000000000000e+04 8.173846094468144585e+00 5.805138286156424243e+00 1.308456242629441602e-01 1.192054431829789429e+00 6.259957145868536021e-02 2.372247625531919146e-01
5.507600000000000000e+04 -1.950773065641300041e+00 5.805138286156424243e+00 9.442548113717361136e-02 9.090791188312800086e-01 4.458659039435906163e-02 1.768636417959688623e-01
5.507800000000000000e+04 7.005204555110575271e+00 5.805138286156424243e+00 6.791821229277078542e-02 6.852561559743243214e-01 3.165759871947924908e-02 1.304007908609561006e-01
5.508000000000000000e+04 2.744595516950839809e+00 5.805138286156424243e+00 4.873880844587377692e-02 5.118919149792305889e-01 2.242927217941729015e-02 9.532437895330177213e-02
5.508200000000000000e+04 6.017512831926031147e+00 5.805138286156424243e+00 3.488278544311419760e-02 3.799873297380120252e-01 1.585148843184322476e-02 6.927754416372142177e-02
5.508300000000000000e+04 -1.220656579341216386e+01 5.805138286156424243e+00 2.950522556146662617e-02 3.266296589670322215e-01 1.332425287277213925e-02 5.893182841083124957e-02
5.508400000000000000e+04 -6.211921780559670481e+00 5.805138286156424243e+00 2.492846598429798721e-02 2.804460801349105137e-01 1.118771474028273233e-02 5.007965716694829511e-02
5.508600000000000000e+04 1.511502056772726732e+01 5.805138286156424243e+00 1.784393213078356091e-02 2.038498912830096488e-01 7.910245647124551638e-03 3.566927231548724930e-02
5.508900000000000000e+04 7.317160991139358472e+00 5.805138286156424243e+00 1.093087924685943318e-02 1.255224755304681084e-01 4.758348966942117439e-03 2.132016569519628105e-02
5.509000000000000000e+04 -7.539370267918751978e+00 5.805138286156424243e+00 9.280511261215037416e-03 1.066736184853086522e-01 4.015798901434460173e-03 1.794341774353383490e-02
5.509200000000000000e+04 -4.190397151631858108e+00 5.805138286156424243e+00 6.689192263707312985e-03 7.684801591757597916e-02 2.860340487345981557e-03 1.268119074547458328e-02
5.509300000000000000e+04 7.549479598319411622e+00 5.805138286156424243e+00 5.679680079795828250e-03 6.520889355934687825e-02 2.414419350363810127e-03 1.065940229821771279e-02
5.509500000000000000e+04 -2.628694208453683956e+00 5.805138286156424243e+00 4.092601382535572194e-03 4.683422943470334082e-02 1.719580412830072277e-03 7.514517358155370884e-03
5.509600000000000000e+04 5.115819201356526236e+00 5.805138286156424243e+00 3.475432043266888857e-03 3.980435609633074107e-02 1.451847290194205504e-03 6.328196517699642178e-03
5.509700000000000000e+04 4.140243092044829432e+00 5.805138286156424243e+00 2.950837803672110189e-03 3.391689651865802818e-02 1.225634575374692737e-03 5.343347226255695630e-03
5.509800000000000000e+04 2.168566379285799428e+00 5.805138286156424243e+00 2.504103852578224744e-03 2.889678226875685638e-02 1.034155386379047173e-03 4.511597543912077707e-03
5.510000000000000000e+04 -2.715564348457923050e+00 5.805138286156424243e+00 1.805829528693353534e-03 2.094640706988214543e-02 7.373742460977353481e-04 3.212639121147568746e-03
5.510100000000000000e+04 9.998076056464112682e+00 5.805138286156424243e+00 1.532912807217373446e-03 1.784020097147958478e-02 6.224268341795411233e-04 2.712307255261054220e-03
5.510200000000000000e+04 1.183921897477030249e+00 5.805138286156424243e+00 1.302207005371645073e-03 1.518268730683247289e-02 5.258043306838589264e-04 2.288272389876785419e-03
5.510600000000000000e+04 -2.006792367244988884e-01 5.805138286156424243e+00 6.755843787882248683e-04 7.973545317746577599e-03 2.668395524086519138e-04 1.161477832155364534e-03
5.510900000000000000e+04 4.687333567297907067e+00 5.805138286156424243e+00 4.127121043378106642e-04 4.917294586235306832e-03 1.603886617199637324e-04 6.987274722892087252e-04
5.511100000000000000e+04 -8.762672595984886570e+00 5.805138286156424243e+00 2.973224364675246495e-04 3.561526345175334684e-03 1.143196079927424701e-04 4.979414673436328770e-04
5.511200000000000000e+04 -7.373770065601036094e+00 5.805138286156424243e+00 2.521935278768049874e-04 3.032839379384498490e-03 9.645587389153405797e-05 4.206434645470872170e-04
5.511400000000000000e+04 1.085164113594996316e+01 5.805138286156424243e+00 1.816993497869100042e-04 2.196119857906679140e-03 6.876820444588222371e-05 2.998115846971575321e-04
5.511500000000000000e+04 -1.650979932478588452e+01 5.805138286156424243e+00 1.541558772239031946e-04 1.868237615440005404e-03 5.804061642466235168e-05 2.530630024300718631e-04
5.511700000000000000e+04 -2.575365770835154500e+00 5.805138286156424243e+00 1.110938767214012624e-04 1.350834872237455415e-03 4.139733072045060849e-05 1.801713734228016527e-04
5.511800000000000000e+04 5.387673470377967178e-01 5.805138286156424243e+00 9.425826973037459630e-05 1.149058395181297518e-03 3.494412016400036890e-05 1.520924414535138741e-04
5.511900000000000000e+04 1.543388020060847854e+00 5.805138286156424243e+00 8.005920595453287455e-05 9.767669498745793887e-04 2.952906681710418518e-05 1.283109293759710076e-04
5.512000000000000000e+04 1.212971962015602090e+00 5.805138286156424243e+00 6.856951318200382294e-05 8.309471895226137059e-04 2.516312410348764490e-05 1.083373128451908503e-04
