5.497600000000000000e+04 -4.476238967083089548e+00 6.536585441976551891e+00 1.164140563987932975e+00 1.400047905276879818e-18 1.164140563987932975e+00 1.400047905276879818e-18
5.497900000000000000e+04 4.141491440813910963e+00 6.536585441976551891e+00 4.289077145657377521e+00 1.400047905054776955e-18 4.289077145657377521e+00 1.400047905054776955e-18
5.498300000000000000e+04 1.257140077296065783e+01 6.536585441976551891e+00 1.143383206421574805e+01 1.400047904532473228e-18 1.143383206421574805e+01 1.400047904532473228e-18
5.499200000000000000e+04 4.181388493455762045e+01 6.536585441976551891e+00 3.733751665722944324e+01 2.209803768185407968e-01 3.733751665722944324e+01 2.209803768185407968e-01
5.499500000000000000e+04 4.378067879357971748e+01 6.536585441976551891e+00 4.526446668391263017e+01 2.480050148876244531e+00 4.526446668391263017e+01 2.480050148876244531e+00
5.499600000000000000e+04 3.681533052101418946e+01 6.536585441976551891e+00 4.750204251648135312e+01 3.791386072109951044e+00 4.750204251648135312e+01 3.791386072109951044e+00
5.499800000000000000e+04 5.775398759599772092e+01 6.536585441976551891e+00 5.147680622435078135e+01 7.130369544559223449e+00 5.091672227927872996e+01 7.130369544559223449e+00
5.500200000000000000e+04 7.302420989981180810e+01 6.536585441976551891e+00 5.677773260282739187e+01 1.722624419581170585e+01 5.381775602163734362e+01 1.722624419581170585e+01
5.500700000000000000e+04 9.430746179252614070e+01 6.536585441976551891e+00 5.783790634504742911e+01 3.526893370285700513e+01 5.210622193247517231e+01 3.526893370285700513e+01
5.501100000000000000e+04 1.000003552648073679e+02 6.536585441976551891e+00 5.526581345338557583e+01 5.012192478071398227e+01 4.789065290588005297e+01 5.012192478071398227e+01
5.501600000000000000e+04 1.175301099855936542e+02 6.536585441976551891e+00 4.874218549373227916e+01 7.245449580341363571e+01 4.031611703369087962e+01 6.364590284909841245e+01
5.502200000000000000e+04 1.339202743673449447e+02 6.536585441976551891e+00 4.041420660154310696e+01 9.028621570482607694e+01 3.169741694238675578e+01 6.707742622943986532e+01
5.502800000000000000e+04 1.323481545109727904e+02 6.536585441976551891e+00 3.530406356036009896e+01 9.542764527917093176e+01 2.632666932167046880e+01 6.142356158546017753e+01
5.503000000000000000e+04 1.287748627806527679e+02 6.536585441976551891e+00 3.411214213300389275e+01 9.417802786967730810e+01 2.502725028100064719e+01 5.803427894360199701e+01
5.503300000000000000e+04 1.214590108586275363e+02 6.536585441976551891e+00 3.230154937369837853e+01 9.037306747066119783e+01 2.313864568316503068e+01 5.234163527780678749e+01
5.503800000000000000e+04 1.212473397034255527e+02 6.536585441976551891e+00 2.833959738329158284e+01 8.123190340435230894e+01 1.953108020902245556e+01 4.276263603092878185e+01
5.504200000000000000e+04 1.213083372544600564e+02 6.536585441976551891e+00 2.477038792813730339e+01 7.536448582789435591e+01 1.656882135661357935e+01 3.697962994499231826e+01
5.504400000000000000e+04 9.035389236513776723e+01 6.536585441976551891e+00 2.301372471478488535e+01 7.333232877895297008e+01 1.517055024046465839e+01 3.480083939775672519e+01
5.504600000000000000e+04 8.535981150647734239e+01 6.536585441976551891e+00 2.139985906347408573e+01 7.162170388960451817e+01 1.390504162668881349e+01 3.290833665208808867e+01
5.505000000000000000e+04 8.837997101501103714e+01 6.536585441976551891e+00 1.881278301265518493e+01 6.887665671848078830e+01 1.188425964160150627e+01 2.975490613378295279e+01
5.505600000000000000e+04 8.172529830381954241e+01 6.536585441976551891e+00 1.640891070963809995e+01 6.158149589904781607e+01 9.950825172612551839e+00 2.441385026127807123e+01
5.505900000000000000e+04 7.157979811648850443e+01 6.536585441976551891e+00 1.546708756155944187e+01 5.679620605190797278e+01 9.195652533626304859e+00 2.162676340412305720e+01
5.506300000000000000e+04 6.840925598594866130e+01 6.536585441976551891e+00 1.444228363628598011e+01 5.018089929336203880e+01 8.367487622413662507e+00 1.815123319589164907e+01
5.506500000000000000e+04 5.261108392168758030e+01 6.536585441976551891e+00 1.400176805036763739e+01 4.724582468387578871e+01 8.010164788539839265e+00 1.667225092945013287e+01
5.506700000000000000e+04 6.808642998310178029e+01 6.536585441976551891e+00 1.357617597322936476e+01 4.467654136930481457e+01 7.670155917078735897e+00 1.538978345480703069e+01
5.507000000000000000e+04 5.283582714333991959e+01 6.536585441976551891e+00 1.298242149794489109e+01 4.189595835258837297e+01 7.200455628366551508e+00 1.393373631521496847e+01
5.507400000000000000e+04 4.927799064992439781e+01 6.536585441976551891e+00 1.219704921970799916e+01 3.912166916612624590e+01 6.603708294373577203e+00 1.243853146576569202e+01
5.507900000000000000e+04 5.208342540788538599e+01 6.536585441976551891e+00 1.110854970305285683e+01 3.636516102920283089e+01 5.840457257125583723e+00 1.095930354686360708e+01
5.508300000000000000e+04 4.097786101632324574e+01 6.536585441976551891e+00 1.003192048306659601e+01 3.460991951008350753e+01 5.155149271873892936e+00 1.001270598567479730e+01
5.509100000000000000e+04 4.281518264573290367e+01 6.536585441976551891e+00 7.031757671218587191e+00 3.153289800592268222e+01 3.457107999615824934e+00 8.446161141566047803e+00
