5.497600000000000000e+04 -2.830647332321617249e+00 4.629523999751629759e+00 1.164140563987932975e+00 8.960306592350573665e-19 1.164140563987932975e+00 8.960306592350573665e-19
5.497900000000000000e+04 4.184549855582440969e+00 4.629523999751629759e+00 4.289077145657377521e+00 8.960306590053393761e-19 4.289077145657377521e+00 8.960306590053393761e-19
5.498300000000000000e+04 1.223951290251418555e+01 4.629523999751629759e+00 1.143383206421574805e+01 8.960306584651271971e-19 1.143383206421574805e+01 8.960306584651271971e-19
5.499200000000000000e+04 4.193861900457643088e+01 4.629523999751629759e+00 3.733751665722944324e+01 1.587232095280796784e+00 3.733751665722944324e+01 1.587232095280796784e+00
5.499500000000000000e+04 4.702052256587234069e+01 4.629523999751629759e+00 4.526446668391263017e+01 4.563436508517902723e+00 4.526446668391263017e+01 4.563436508517902723e+00
5.499600000000000000e+04 4.314735952196922142e+01 4.629523999751629759e+00 4.750204251648135312e+01 5.899401966142534093e+00 4.750204251648135312e+01 5.899401966142534093e+00
5.499800000000000000e+04 5.988212785187931786e+01 4.629523999751629759e+00 5.133933107419673547e+01 9.147065651372599859e+00 5.091672227927872996e+01 9.147065651372599859e+00
5.500200000000000000e+04 7.299412388651776951e+01 4.629523999751629759e+00 5.605119289653529790e+01 1.763684900154167678e+01 5.381775602163734362e+01 1.763684900154167678e+01
5.500700000000000000e+04 8.715138970768924764e+01 4.629523999751629759e+00 5.643103835287060122e+01 2.987001332578356028e+01 5.210622193247517231e+01 2.987001332578356028e+01
5.501100000000000000e+04 8.842441087676120048e+01 4.629523999751629759e+00 5.345554677354331830e+01 3.878446767385669602e+01 4.789065290588005297e+01 3.800163401318508249e+01
5.501600000000000000e+04 8.999363795352488182e+01 4.629523999751629759e+00 4.667396868990392278e+01 4.591651130512867951e+01 4.031611703369087962e+01 4.282857131343035206e+01
5.502200000000000000e+04 8.782168099340854894e+01 4.629523999751629759e+00 3.827463095793200409e+01 4.726659603938688292e+01 3.169741694238675578e+01 4.168497754598013927e+01
5.502800000000000000e+04 7.718174411373598787e+01 4.629523999751629759e+00 3.310052133813628927e+01 4.293637825445604506e+01 2.632666932167046880e+01 3.590898908961783320e+01
5.503000000000000000e+04 7.296990068830815801e+01 4.629523999751629759e+00 3.188221413296672679e+01 4.074440383257370257e+01 2.502725028100064719e+01 3.349864657779635024e+01
5.503300000000000000e+04 6.629657007683080394e+01 4.629523999751629759e+00 3.005247301329474041e+01 3.710504765236313318e+01 2.313864568316503068e+01 2.975067964429372225e+01
5.503800000000000000e+04 6.623915704424541673e+01 4.629523999751629759e+00 2.617750680415279874e+01 3.179225990508302502e+01 1.953108020902245556e+01 2.448006460697853726e+01
5.504200000000000000e+04 6.675919689214964592e+01 4.629523999751629759e+00 2.275727613330874988e+01 2.900585617834045138e+01 1.656882135661357935e+01 2.164777683285353405e+01
5.504400000000000000e+04 4.478002311425300519e+01 4.629523999751629759e+00 2.108858188926991417e+01 2.793537775751689978e+01 1.517055024046465839e+01 2.053316997979926484e+01
5.504600000000000000e+04 4.109892670809418291e+01 4.629523999751629759e+00 1.956022205626315369e+01 2.696512529867056074e+01 1.390504162668881349e+01 1.952438295465249141e+01
5.505000000000000000e+04 4.233942968311957600e+01 4.629523999751629759e+00 1.711214545794200959e+01 2.473821677862519053e+01 1.188425964160150627e+01 1.739310748690514785e+01
5.505600000000000000e+04 3.801059300426958032e+01 4.629523999751629759e+00 1.482374425964091813e+01 2.054161892355778107e+01 9.950825172612551839e+00 1.384112857863875767e+01
5.505900000000000000e+04 3.183035785478557500e+01 4.629523999751629759e+00 1.392773532743040299e+01 1.838670689144316839e+01 9.195652533626304859e+00 1.213644019237172778e+01
5.506300000000000000e+04 3.157545013699909831e+01 4.629523999751629759e+00 1.295119734197186823e+01 1.594277387387711897e+01 8.367487622413662507e+00 1.024468183644590624e+01
5.506500000000000000e+04 2.140559161106515873e+01 4.629523999751629759e+00 1.253110179519172362e+01 1.499128048230180887e+01 8.010164788539839265e+00 9.507407713281207151e+00
5.506700000000000000e+04 3.333618471708664543e+01 4.629523999751629759e+00 1.212651650490148292e+01 1.424496024955161033e+01 7.670155917078735897e+00 8.917591241737580887e+00
5.507000000000000000e+04 2.344590542617194728e+01 4.629523999751629759e+00 1.156321169359384449e+01 1.332932773784704672e+01 7.200455628366551508e+00 8.186039266625957822e+00
5.507400000000000000e+04 2.166051031633274349e+01 4.629523999751629759e+00 1.082413826530773271e+01 1.228171352391129290e+01 6.603708294373577203e+00 7.356522026901044953e+00
5.507900000000000000e+04 2.435004083474873582e+01 4.629523999751629759e+00 9.815472466325255496e+00 1.126974686302571449e+01 5.840457257125583723e+00 6.548371216168340503e+00
5.508300000000000000e+04 1.682669847295905896e+01 4.629523999751629759e+00 8.834894822137480119e+00 1.058680967627271841e+01 5.155149271873892936e+00 6.007723116713606260e+00
5.509100000000000000e+04 1.847269455580396169e+01 4.629523999751629759e+00 6.154343660916092418e+00 9.307923388453223978e+00 3.457107999615824934e+00 5.046038918168288312e+00
