5.497600000000000000e+04 -4.866834909050467672e+00 6.989243589162310144e+00 1.164140563987932975e+00 8.960306594862700832e-19 1.164140563987932975e+00 8.960306594862700832e-19
5.497900000000000000e+04 4.131271139664547398e+00 6.989243589162310144e+00 4.289077145657377521e+00 8.960306594113178972e-19 4.289077145657377521e+00 8.960306594113178972e-19
5.498300000000000000e+04 1.265017733735622052e+01 6.989243589162310144e+00 1.143383206421574805e+01 8.960306592350573665e-19 1.143383206421574805e+01 8.960306592350573665e-19
5.499200000000000000e+04 4.188758991291420131e+01 6.989243589162310144e+00 3.733751665722944324e+01 8.960306580341437497e-19 3.733751665722944324e+01 8.960306580341437497e-19
5.499500000000000000e+04 4.102670238542594916e+01 6.989243589162310144e+00 4.526446668391263017e+01 5.692856059696972670e-04 4.526446668391263017e+01 5.692856059696972670e-04
5.499600000000000000e+04 3.216276447305842368e+01 6.989243589162310144e+00 4.750204251648135312e+01 1.414274411638661300e-01 4.750204251648135312e+01 1.414274411638661300e-01
5.499800000000000000e+04 5.440319211531596011e+01 6.989243589162310144e+00 5.438415106649760844e+01 9.313124511903465574e-01 5.091672227927872996e+01 9.313124511903465574e-01
5.500200000000000000e+04 7.565852275810880201e+01 6.989243589162310144e+00 7.214270194700485206e+01 4.563436508517902723e+00 5.381775602163734362e+01 4.563436508517902723e+00
5.500700000000000000e+04 1.019503483319776365e+02 6.989243589162310144e+00 8.759055906849076223e+01 1.307602453554221000e+01 5.210622193247517231e+01 1.307602453554221000e+01
5.501100000000000000e+04 1.103612600415425504e+02 6.989243589162310144e+00 9.354960138634608313e+01 2.257211756982848527e+01 4.789065290588005297e+01 2.257211756982848527e+01
5.501600000000000000e+04 1.227645396194759257e+02 6.989243589162310144e+00 9.248114086358350505e+01 3.420387990938652933e+01 4.031611703369087962e+01 3.420387990938652933e+01
5.502200000000000000e+04 1.392595575606733007e+02 6.989243589162310144e+00 8.566226928680018204e+01 5.015446165208560814e+01 3.169741694238675578e+01 4.239599463405377122e+01
5.502800000000000000e+04 1.412954928986347056e+02 6.989243589162310144e+00 8.190490092664900601e+01 5.766220753539561628e+01 2.632666932167046880e+01 4.221245061156341194e+01
5.503000000000000000e+04 1.403031295068271049e+02 6.989243589162310144e+00 8.127098983749340277e+01 5.851388194575280011e+01 2.502725028100064719e+01 4.100482266696061373e+01
5.503300000000000000e+04 1.367431279632283463e+02 6.989243589162310144e+00 7.986534944001242309e+01 5.817756515006309570e+01 2.313864568316503068e+01 3.831252232470404806e+01
5.503800000000000000e+04 1.404427845669985402e+02 6.989243589162310144e+00 7.406380926063404502e+01 5.389458525063798078e+01 1.953108020902245556e+01 3.225289362695270512e+01
5.504200000000000000e+04 1.390546790694337460e+02 6.989243589162310144e+00 6.734397440395589740e+01 4.907098009821140749e+01 1.656882135661357935e+01 2.736808705979442635e+01
5.504400000000000000e+04 1.043334212791117181e+02 6.989243589162310144e+00 6.372693039511988644e+01 4.701360880894804239e+01 1.517055024046465839e+01 2.535793355390940462e+01
5.504600000000000000e+04 9.743468221969818899e+01 6.989243589162310144e+00 6.030477503078671475e+01 4.532223446058259242e+01 1.390504162668881349e+01 2.366696316479508511e+01
5.505000000000000000e+04 9.841840882621799835e+01 6.989243589162310144e+00 5.477811796603382533e+01 4.290194032659420742e+01 1.188425964160150627e+01 2.106133545733638002e+01
5.505600000000000000e+04 9.377741808091509768e+01 6.989243589162310144e+00 4.993224563365252777e+01 3.985163972774918051e+01 9.950825172612551839e+00 1.795118906655368463e+01
5.505900000000000000e+04 8.479175054831836178e+01 6.989243589162310144e+00 4.802153666110328345e+01 3.750104140609115433e+01 9.195652533626304859e+00 1.622368220034227093e+01
5.506300000000000000e+04 8.370664227308249394e+01 6.989243589162310144e+00 4.597599749011411063e+01 3.368238639611741547e+01 8.367487622413662507e+00 1.384112857863875767e+01
5.506500000000000000e+04 6.750704181580877616e+01 6.989243589162310144e+00 4.510363589131011963e+01 3.163799245086204337e+01 8.010164788539839265e+00 1.268309979990460690e+01
5.506700000000000000e+04 8.443519073751701853e+01 6.989243589162310144e+00 4.423378917379307040e+01 2.968670491654470922e+01 7.670155917078735897e+00 1.161678924537065605e+01
5.507000000000000000e+04 6.792975415589786792e+01 6.989243589162310144e+00 4.299608069366518492e+01 2.711767282107230770e+01 7.200455628366551508e+00 1.024468183644590624e+01
5.507400000000000000e+04 6.374233561754674326e+01 6.989243589162310144e+00 4.123157347758030511e+01 2.469281014837136112e+01 6.603708294373577203e+00 8.917591241737580887e+00
5.507900000000000000e+04 6.602002712465858281e+01 6.989243589162310144e+00 3.845473867236626120e+01 2.263635131370425668e+01 5.840457257125583723e+00 7.748194870342034690e+00
5.508300000000000000e+04 5.277605701850784214e+01 6.989243589162310144e+00 3.534679649753053354e+01 2.134696982072281202e+01 5.155149271873892936e+00 7.013954269992709989e+00
5.509100000000000000e+04 4.947214182317543418e+01 6.989243589162310144e+00 2.558743914835656952e+01 1.933982697029394160e+01 3.457107999615824934e+00 5.882837101230095733e+00
