5.497500000000000000e+04 -3.059635772363247685e+00 9.868402075486764957e+00 9.676860811788584593e-01 1.458879295390727262e-18 9.676860811788584593e-01 1.458879295390727262e-18
5.497600000000000000e+04 -8.152767444867171420e+00 9.868402075486764957e+00 2.014654457448330049e+00 1.458879266904542626e-18 2.014654457448330049e+00 1.458879266904542626e-18
5.497900000000000000e+04 -2.935897129222563073e+00 9.868402075486764957e+00 7.421511495175619366e+00 1.458879148210798260e-18 7.421511495175619366e+00 1.458879148210798260e-18
5.498000000000000000e+04 1.537244934613000780e+01 9.868402075486764957e+00 1.010928248076253944e+01 1.458879094187306028e-18 1.010928248076253944e+01 1.458879094187306028e-18
5.498100000000000000e+04 3.298224206464985286e+01 9.868402075486764957e+00 1.326427468792255127e+01 1.458879030790155216e-18 1.326427468792255127e+01 1.458879030790155216e-18
5.498200000000000000e+04 1.420619417977355425e+01 9.868402075486764957e+00 1.681188057541250913e+01 1.458878956392917053e-18 1.681188057541250913e+01 1.458878956392917053e-18
5.498400000000000000e+04 2.623793339973290983e+01 9.868402075486764957e+00 2.504964300095078400e+01 1.458878766632481191e-18 2.504964300095078400e+01 1.458878766632481191e-18
5.498500000000000000e+04 3.427160261427330568e+01 9.868402075486764957e+00 2.982457128805857849e+01 1.458878646401056061e-18 2.982457128805857849e+01 1.458878646401056061e-18
5.498700000000000000e+04 3.610514003840579278e+01 9.868402075486764957e+00 4.097582893337165899e+01 1.458878339734227992e-18 4.097582893337165899e+01 1.458878339734227992e-18
5.499000000000000000e+04 4.992548692109335207e+01 9.868402075486764957e+00 6.053040193995693841e+01 1.458877649835416619e-18 6.053040193995693841e+01 1.458877649835416619e-18
5.499200000000000000e+04 8.702554002987109527e+01 9.868402075486764957e+00 7.440742163840896239e+01 1.458876967336947338e-18 7.440742163840896239e+01 1.458876967336947338e-18
5.499300000000000000e+04 8.823987827736235090e+01 9.868402075486764957e+00 8.115791156796579742e+01 4.727942875087466634e-03 8.115791156796579742e+01 4.727942875087466634e-03
5.499400000000000000e+04 8.880257000644027698e+01 9.868402075486764957e+00 8.659722275531558466e+01 2.480027301376598325e-01 8.659722275531558466e+01 2.480027301376598325e-01
5.499600000000000000e+04 8.844746400999514435e+01 9.868402075486764957e+00 9.298895886639343189e+01 1.611723565958664173e+00 9.298895886639343189e+01 1.611723565958664173e+00
5.499700000000000000e+04 9.515199779805122660e+01 9.868402075486764957e+00 1.007174840232974731e+02 2.753478662916496678e+00 9.534931745081652821e+01 2.753478662916496678e+00
5.499800000000000000e+04 1.127384422305212439e+02 9.868402075486764957e+00 1.082079103450156765e+02 4.184087600156392028e+00 9.725679520493949326e+01 4.184087600156392028e+00
5.500000000000000000e+04 1.274088229789255848e+02 9.868402075486764957e+00 1.218170292546442397e+02 8.087425984610032259e+00 9.942624000542298290e+01 8.087425984610032259e+00
5.500200000000000000e+04 1.502941052711335317e+02 9.868402075486764957e+00 1.329470305350309332e+02 1.344950446033000979e+01 9.937735874946248771e+01 1.344950446033000979e+01
5.500300000000000000e+04 1.551668897389488961e+02 9.868402075486764957e+00 1.370248230967384302e+02 1.657394882118942192e+01 9.828909195663038645e+01 1.657394882118942192e+01
5.500400000000000000e+04 1.616406702270563756e+02 9.868402075486764957e+00 1.400189892995651064e+02 2.003971440076062649e+01 9.653818898204983157e+01 2.003971440076062649e+01
5.500500000000000000e+04 1.697061903706002681e+02 9.868402075486764957e+00 1.421957083368124017e+02 2.385965703044686492e+01 9.437559456880096320e+01 2.385965703044686492e+01
5.500900000000000000e+04 1.833386123860585712e+02 9.868402075486764957e+00 1.429706504457306266e+02 4.317674359126633732e+01 8.255133116561614770e+01 4.317674359126633732e+01
5.501200000000000000e+04 1.936838184728640329e+02 9.868402075486764957e+00 1.357667735721228723e+02 5.952593731072717276e+01 7.142612246008147281e+01 5.952593731072717276e+01
5.501300000000000000e+04 1.809049186686193025e+02 9.868402075486764957e+00 1.324079406411986497e+02 6.492632925437264646e+01 6.765517379857884350e+01 6.492632925437264646e+01
5.501400000000000000e+04 2.033129880314584454e+02 9.868402075486764957e+00 1.280902633054828357e+02 6.927777820425247057e+01 6.361888512242121152e+01 6.927777820425247057e+01
5.501600000000000000e+04 1.979195862038798737e+02 9.868402075486764957e+00 1.178599088452674835e+02 7.857195068374780078e+01 5.543739832797152900e+01 7.439116709311475972e+01
5.501700000000000000e+04 1.947968189843674338e+02 9.868402075486764957e+00 1.137203392801227295e+02 8.270981192953630057e+01 5.211031447560955598e+01 7.627945396065322825e+01
5.501800000000000000e+04 1.844747325477482605e+02 9.868402075486764957e+00 1.101912322852155910e+02 8.655076718877977271e+01 4.922327896239417555e+01 7.780543616395159745e+01
5.501900000000000000e+04 1.885330740429280922e+02 9.868402075486764957e+00 1.068581916915459686e+02 8.997115175303058265e+01 4.656333247267679099e+01 7.888746317670370445e+01
5.502000000000000000e+04 1.988559961851644005e+02 9.868402075486764957e+00 1.032275071117537237e+02 9.295160325626984843e+01 4.390417961541074021e+01 7.954099200433840622e+01
5.502100000000000000e+04 2.067720097569203119e+02 9.868402075486764957e+00 9.912403252710180368e+01 9.547575055605254590e+01 4.117301454915962466e+01 7.978252741376498136e+01
5.502200000000000000e+04 2.008248275296037093e+02 9.868402075486764957e+00 9.483523463853184410e+01 9.737391119707334042e+01 3.849145005216814042e+01 7.950188699956999017e+01
5.502500000000000000e+04 1.782442750596075882e+02 9.868402075486764957e+00 8.258936107957680406e+01 9.883767268001388118e+01 3.137059333747742329e+01 7.550047565504078761e+01
5.502900000000000000e+04 1.578453646334914993e+02 9.868402075486764957e+00 6.762269535468655590e+01 9.387737380153869537e+01 2.366167303078713857e+01 6.604106493249292953e+01
5.503100000000000000e+04 1.616975088043249684e+02 9.868402075486764957e+00 6.086013041006714985e+01 8.878247073329099237e+01 2.048817721261307412e+01 6.008152583967718385e+01
5.503200000000000000e+04 1.317365093118893355e+02 9.868402075486764957e+00 5.772802842771708498e+01 8.604276416031255792e+01 1.907229695642826428e+01 5.714089796806518251e+01
5.503300000000000000e+04 1.412558422458182577e+02 9.868402075486764957e+00 5.524021432341789506e+01 8.302101687171207800e+01 1.791710107470335345e+01 5.412413903886307764e+01
5.503400000000000000e+04 1.264505803613813981e+02 9.868402075486764957e+00 5.310459495209928349e+01 7.949815884897755325e+01 1.691552365168480421e+01 5.089510809793696922e+01
5.503500000000000000e+04 1.158139734366528870e+02 9.868402075486764957e+00 5.103131934304351347e+01 7.550306398499249383e+01 1.596874529619285887e+01 4.748321739827211729e+01
5.503600000000000000e+04 1.284838917319732161e+02 9.868402075486764957e+00 4.918220338091001054e+01 7.176703837945882469e+01 1.512367877641758973e+01 4.434991866237722746e+01
5.503700000000000000e+04 1.008839505647033548e+02 9.868402075486764957e+00 4.746711253334140679e+01 6.863136857695681670e+01 1.434788638676704053e+01 4.168825158048764479e+01
5.503900000000000000e+04 1.246027723022353939e+02 9.868402075486764957e+00 4.386177472490541618e+01 6.341925882778580359e+01 1.282170619571031622e+01 3.725066597814144131e+01
5.504000000000000000e+04 8.543353386534631966e+01 9.868402075486764957e+00 4.210760137553040039e+01 6.078445859394387440e+01 1.210962883225882791e+01 3.512334369232860354e+01
5.504200000000000000e+04 9.756545711338770843e+01 9.868402075486764957e+00 3.882523868853088089e+01 5.502121836257123277e+01 1.081543224929825442e+01 3.079316004173451304e+01
5.504400000000000000e+04 8.912175786836351676e+01 9.868402075486764957e+00 3.570367595803113403e+01 4.951031548135009075e+01 9.643386980885679804e+00 2.686398018521436981e+01
5.504500000000000000e+04 6.531560518764291601e+01 9.868402075486764957e+00 3.413110679970237271e+01 4.695801375500321484e+01 9.080561577061848411e+00 2.509647466998194432e+01
5.504600000000000000e+04 7.795242466891517097e+01 9.868402075486764957e+00 3.250850858516157871e+01 4.449310699387947210e+01 8.521234229400151960e+00 2.342728885524403992e+01
5.504700000000000000e+04 9.274131389611846998e+01 9.868402075486764957e+00 3.081572720243602603e+01 4.210294013339333929e+01 7.960046289989414880e+00 2.184555602832633170e+01
5.504800000000000000e+04 7.601592015146160008e+01 9.868402075486764957e+00 2.909972381117184170e+01 3.978606888377041173e+01 7.409034476823465276e+00 2.034676735387665047e+01
5.505000000000000000e+04 5.121291151288390608e+01 9.868402075486764957e+00 2.540556463125815156e+01 3.543776160319239210e+01 6.288194800073795498e+00 1.761670391886676512e+01
5.505200000000000000e+04 5.773491049789425489e+01 9.868402075486764957e+00 2.146071697922408106e+01 3.155015651720189851e+01 5.167770414954748759e+00 1.525783756514261391e+01
5.505400000000000000e+04 5.238925316668434107e+01 9.868402075486764957e+00 1.773266531917983002e+01 2.874285778894282473e+01 4.157327640826142812e+00 1.353241892134784763e+01
5.505600000000000000e+04 6.099755372182785607e+01 9.868402075486764957e+00 1.451534822466905972e+01 2.637811557467650658e+01 3.315520380235053022e+00 1.209894302113407427e+01
5.505800000000000000e+04 2.850478720103762598e+01 9.868402075486764957e+00 1.180950317363293145e+01 2.430757656995663751e+01 2.629827455937498115e+00 1.086906482291032106e+01
5.506000000000000000e+04 4.084456094915005053e+01 9.868402075486764957e+00 9.482079038675969684e+00 2.221002804866927249e+01 2.059888564189253035e+00 9.687703065807063751e+00
5.506100000000000000e+04 2.853296110253749163e+01 9.868402075486764957e+00 8.461461567555799590e+00 2.125111431287098540e+01 1.815959130283463896e+00 9.157200117581325571e+00
5.506200000000000000e+04 2.264213428216555712e+01 9.868402075486764957e+00 7.530249544187156197e+00 2.032262981372139521e+01 1.596812745279095003e+00 8.652345799438604601e+00
5.506400000000000000e+04 3.247326241211987963e+01 9.868402075486764957e+00 5.899906667583375786e+00 1.855387655122405022e+01 1.221917543613490142e+00 7.714709584708543844e+00
5.506500000000000000e+04 1.333967813337517150e+01 9.868402075486764957e+00 5.192616570419675170e+00 1.767513149851934884e+01 1.063036946060080368e+00 7.264449261649479794e+00
5.506700000000000000e+04 3.135078223133058373e+01 9.868402075486764957e+00 3.993015087425249465e+00 1.585195458373652500e+01 7.990344961129509649e-01 6.368037031991533148e+00
5.506800000000000000e+04 3.393619465069087937e+01 9.868402075486764957e+00 3.486116736920612524e+00 1.492120271356431793e+01 6.898283870746817481e-01 5.927227581458772931e+00
5.506900000000000000e+04 8.468692971500017208e+00 9.868402075486764957e+00 3.030619326182967477e+00 1.397050520391344186e+01 5.930877954916861095e-01 5.488314753059690076e+00
5.507100000000000000e+04 1.665448208858418866e+01 9.868402075486764957e+00 2.269430188555907613e+00 1.189708395435464539e+01 4.345486239456022304e-01 4.572811605625031639e+00
5.507300000000000000e+04 2.349040947911315058e+01 9.868402075486764957e+00 1.685630494679967395e+00 9.887877943199926634e+00 3.159510589642119949e-01 3.720184334700300077e+00
5.507400000000000000e+04 1.946908126052494481e+01 9.868402075486764957e+00 1.449856070823029031e+00 8.933265634607217009e+00 2.689201451984696289e-01 3.325862112660915137e+00
5.507500000000000000e+04 3.732243833740313654e+00 9.868402075486764957e+00 1.242585496790556077e+00 8.055312803890110729e+00 2.280935985444418612e-01 2.967949892741649442e+00
5.507800000000000000e+04 1.279220801292081866e+01 9.868402075486764957e+00 7.756789375626312877e-01 5.887447322156397433e+00 1.381047141620609098e-01 2.103861964749998759e+00
5.508000000000000000e+04 -1.276712369129054814e+01 9.868402075486764957e+00 5.643124509315549098e-01 4.704126316267713825e+00 9.849760017656127020e-02 1.647910851351402695e+00
5.508100000000000000e+04 9.365443860749987692e+00 9.868402075486764957e+00 4.812805878463328191e-01 4.187892307894514055e+00 8.318738014801362046e-02 1.452767304226771250e+00
5.508200000000000000e+04 8.172608722035683115e+00 9.868402075486764957e+00 4.099367083052468108e-01 3.718402031166712529e+00 7.017301316464903682e-02 1.277450196223276269e+00
5.508400000000000000e+04 1.307150228208314857e+01 9.868402075486764957e+00 2.969128366737277536e-01 2.900343481520980315e+00 4.986444254227592049e-02 9.775340348907921584e-01
5.508500000000000000e+04 6.139210754366215106e+00 9.868402075486764957e+00 2.526154639548865433e-01 2.547121565715637637e+00 4.202762805578161287e-02 8.504295568480645384e-01
5.508800000000000000e+04 -8.672048765951778648e-02 9.868402075486764957e+00 1.568669336761179534e-01 1.699406028126220436e+00 2.538464199561750803e-02 5.518627096597454873e-01
5.508900000000000000e+04 2.637209895353700873e+00 9.868402075486764957e+00 1.338010944307850836e-01 1.474416259592332024e+00 2.145658115601357940e-02 4.744702363933489542e-01
5.509000000000000000e+04 -5.459596870657914103e+00 9.868402075486764957e+00 1.141301762307426332e-01 1.274580194565071434e+00 1.813835800367798873e-02 4.064868588356523871e-01
5.509100000000000000e+04 9.699898185592887856e+00 9.868402075486764957e+00 9.737816523216560882e-02 1.099825185261361415e+00 1.533876746194622574e-02 3.476388991564817732e-01
5.509300000000000000e+04 7.808202283717795567e+00 9.868402075486764957e+00 7.076601919782882222e-02 8.138646518070929980e-01 1.095262713745783802e-02 2.527608471713695959e-01
5.509500000000000000e+04 1.373938751220323873e+01 9.868402075486764957e+00 5.147209957729510788e-02 5.978059505531569950e-01 7.830004347216196550e-03 1.824748788355535223e-01
5.509600000000000000e+04 1.557040242750882708e+00 9.868402075486764957e+00 4.386956887788717036e-02 5.101653013540896620e-01 6.616827885050855125e-03 1.543990379983322947e-01
5.509700000000000000e+04 -6.097014946759073517e+00 9.868402075486764957e+00 3.739503886430139978e-02 4.351964240913950843e-01 5.592785077591702451e-03 1.305994130454626312e-01
5.509800000000000000e+04 3.188499879004772719e+00 9.868402075486764957e+00 3.189839657044741400e-02 3.712696651761516198e-01 4.730874821351913062e-03 1.104837713296487195e-01
5.509900000000000000e+04 -2.711925681050388448e+00 9.868402075486764957e+00 2.718509534479339115e-02 3.162868991683098763e-01 3.998454947828823484e-03 9.334127170379516447e-02
5.510100000000000000e+04 -5.538141256514558464e+00 9.868402075486764957e+00 1.974694033089585687e-02 2.292444547166900548e-01 2.857113554350843541e-03 6.654990411841091302e-02
5.510400000000000000e+04 6.826310771078602180e+00 9.868402075486764957e+00 1.222710364858446176e-02 1.407772941853533966e-01 1.726894476100850886e-03 3.989155403382074055e-02
5.510700000000000000e+04 -3.190076136325955858e+01 9.868402075486764957e+00 7.521370973878796495e-03 8.675888072409232432e-02 1.037530654529236849e-03 2.401098185151864448e-02
5.510800000000000000e+04 -1.238077177657096462e+00 9.868402075486764957e+00 6.398173033286751882e-03 7.394850829027328765e-02 8.757902202812570909e-04 2.030771359649400851e-02
5.510900000000000000e+04 -9.274890545007581366e+00 9.868402075486764957e+00 5.438738439436972306e-03 6.298793964159347947e-02 7.387683124515371895e-04 1.716526492481086630e-02
5.511000000000000000e+04 -6.748266225399952578e-01 9.868402075486764957e+00 4.622271847984409966e-03 5.365471404351979806e-02 6.230988444615148105e-04 1.451068640294239306e-02
5.511100000000000000e+04 2.378380747178195875e+01 9.868402075486764957e+00 3.930534049939267416e-03 4.571811674637844131e-02 5.258591276927242816e-04 1.227101396955698233e-02
5.511400000000000000e+04 -2.011470516788992668e+01 9.868402075486764957e+00 2.415711267348778172e-03 2.821485199209019384e-02 3.160519228810185948e-04 7.405472963803201060e-03
