5.497500000000000000e+04 -2.564525510258830021e+00 8.655202009579753053e+00 9.676860811788584593e-01 1.458878646401056061e-18 9.676860811788584593e-01 1.458878646401056061e-18
5.497600000000000000e+04 -6.902806526408635790e+00 8.655202009579753053e+00 2.014654457448330049e+00 1.458878505308197166e-18 2.014654457448330049e+00 1.458878505308197166e-18
5.497900000000000000e+04 -1.662579652935407104e+00 8.655202009579753053e+00 7.421511495175619366e+00 1.458877917415035206e-18 7.421511495175619366e+00 1.458877917415035206e-18
5.498000000000000000e+04 1.472540696387802051e+01 8.655202009579753053e+00 1.010928248076253944e+01 1.458877649835416619e-18 1.010928248076253944e+01 1.458877649835416619e-18
5.498100000000000000e+04 3.055815768523243747e+01 8.655202009579753053e+00 1.326427468792255127e+01 1.458877335827950478e-18 1.326427468792255127e+01 1.458877335827950478e-18
5.498200000000000000e+04 1.452653164502283722e+01 8.655202009579753053e+00 1.681188057541250913e+01 1.458876967336947338e-18 1.681188057541250913e+01 1.458876967336947338e-18
5.498400000000000000e+04 2.633985027127952350e+01 8.655202009579753053e+00 2.504964300095078400e+01 2.480027301376598325e-01 2.504964300095078400e+01 2.480027301376598325e-01
5.498500000000000000e+04 3.449904303981708154e+01 8.655202009579753053e+00 2.982457128805857849e+01 7.741488649430867675e-01 2.982457128805857849e+01 7.741488649430867675e-01
5.498700000000000000e+04 3.945741068843268806e+01 8.655202009579753053e+00 4.097582893337165899e+01 2.753478662916496678e+00 4.097582893337165899e+01 2.753478662916496678e+00
5.499000000000000000e+04 5.931665828427713905e+01 8.655202009579753053e+00 6.053040193995693841e+01 8.087425984610032259e+00 6.053040193995693841e+01 8.087425984610032259e+00
5.499200000000000000e+04 9.892380023129818767e+01 8.655202009579753053e+00 7.440742163840896239e+01 1.344950446033000979e+01 7.440742163840896239e+01 1.344950446033000979e+01
5.499300000000000000e+04 1.039390386866863309e+02 8.655202009579753053e+00 8.115791156796579742e+01 1.657394882118942192e+01 8.115791156796579742e+01 1.657394882118942192e+01
5.499400000000000000e+04 1.083536499634687118e+02 8.655202009579753053e+00 8.659722275531558466e+01 2.003971440076062649e+01 8.659722275531558466e+01 2.003971440076062649e+01
5.499600000000000000e+04 1.156709850067258856e+02 8.655202009579753053e+00 9.298895886639343189e+01 2.807878116178207151e+01 9.298895886639343189e+01 2.807878116178207151e+01
5.499700000000000000e+04 1.215107114633455723e+02 8.655202009579753053e+00 9.602629760471731402e+01 3.278066314669732861e+01 9.534931745081652821e+01 3.278066314669732861e+01
5.499800000000000000e+04 1.368423738361418316e+02 8.655202009579753053e+00 9.863784169684963388e+01 3.790067896713478035e+01 9.725679520493949326e+01 3.790067896713478035e+01
5.500000000000000000e+04 1.484854421604449612e+02 8.655202009579753053e+00 1.022499452215769935e+02 4.842432155196556209e+01 9.942624000542298290e+01 4.842432155196556209e+01
5.500200000000000000e+04 1.665551829356934093e+02 8.655202009579753053e+00 1.036108342321895606e+02 5.952593731072717276e+01 9.937735874946248771e+01 5.952593731072717276e+01
5.500300000000000000e+04 1.694757258796410326e+02 8.655202009579753053e+00 1.031740598268749380e+02 6.492632925437264646e+01 9.828909195663038645e+01 6.492632925437264646e+01
5.500400000000000000e+04 1.726868192945762530e+02 8.655202009579753053e+00 1.020215581162302669e+02 6.927777820425247057e+01 9.653818898204983157e+01 6.927777820425247057e+01
5.500500000000000000e+04 1.763060406435256482e+02 8.655202009579753053e+00 1.004061950617473542e+02 7.269784512984772107e+01 9.437559456880096320e+01 7.227144361253377269e+01
5.500900000000000000e+04 1.689219862795582401e+02 8.655202009579753053e+00 9.017081903220253025e+01 8.121464334041647248e+01 8.255133116561614770e+01 7.888746317670370445e+01
5.501200000000000000e+04 1.613834073901582542e+02 8.655202009579753053e+00 7.954012997154671893e+01 8.325437606594968543e+01 7.142612246008147281e+01 7.950188699956999017e+01
5.501300000000000000e+04 1.442181852439497618e+02 8.655202009579753053e+00 7.582115327606729238e+01 8.280659419162198276e+01 6.765517379857884350e+01 7.863127356530432621e+01
5.501400000000000000e+04 1.587506199657153161e+02 8.655202009579753053e+00 7.174937864106662744e+01 8.178715370559262965e+01 6.361888512242121152e+01 7.723055118563988231e+01
5.501600000000000000e+04 1.433668659968462862e+02 8.655202009579753053e+00 6.330950889054347641e+01 7.875252833995376989e+01 5.543739832797152900e+01 7.354550648109243127e+01
5.501700000000000000e+04 1.352744951500830553e+02 8.655202009579753053e+00 5.987996236392293525e+01 7.682706667062467432e+01 5.211031447560955598e+01 7.135419956406119013e+01
5.501800000000000000e+04 1.206910633864259097e+02 8.655202009579753053e+00 5.691195513632015235e+01 7.453826383982851667e+01 4.922327896239417555e+01 6.885115817460605570e+01
5.501900000000000000e+04 1.187764799087687635e+02 8.655202009579753053e+00 5.416712466546491811e+01 7.188569917901855888e+01 4.656333247267679099e+01 6.604106493249292953e+01
5.502000000000000000e+04 1.227469693875488019e+02 8.655202009579753053e+00 5.138545182187672822e+01 6.901372231708926108e+01 4.390417961541074021e+01 6.306078428096606103e+01
5.502100000000000000e+04 1.252647268939206811e+02 8.655202009579753053e+00 4.848122463163545603e+01 6.610770288139680417e+01 4.117301454915962466e+01 6.008152583967718385e+01
5.502200000000000000e+04 1.163627214338588800e+02 8.655202009579753053e+00 4.559697173179837648e+01 6.320926133227371224e+01 3.849145005216814042e+01 5.714089796806518251e+01
5.502500000000000000e+04 8.840470932925141767e+01 8.655202009579753053e+00 3.782979850566403002e+01 5.336638803391803521e+01 3.137059333747742329e+01 4.748321739827211729e+01
5.502900000000000000e+04 6.874533920024092026e+01 8.655202009579753053e+00 2.920560302190056490e+01 4.274513920991729776e+01 2.366167303078713857e+01 3.725066597814144131e+01
5.503100000000000000e+04 7.433789317789629081e+01 8.655202009579753053e+00 2.557948924994742157e+01 3.818550061347261249e+01 2.048817721261307412e+01 3.293841163932770399e+01
5.503200000000000000e+04 4.927255169208501684e+01 8.655202009579753053e+00 2.394717605849132980e+01 3.588019008062904902e+01 1.907229695642826428e+01 3.079316004173451304e+01
5.503300000000000000e+04 5.893048222416179982e+01 8.655202009579753053e+00 2.262392352702791953e+01 3.368009866991123147e+01 1.791710107470335345e+01 2.875937039527899231e+01
5.503400000000000000e+04 4.770239810420410720e+01 8.655202009579753053e+00 2.147933193290936416e+01 3.161890467799731397e+01 1.691552365168480421e+01 2.686398018521436981e+01
5.503500000000000000e+04 4.067464493353648436e+01 8.655202009579753053e+00 2.039049086870866034e+01 2.968661988712164401e+01 1.596874529619285887e+01 2.509647466998194432e+01
5.503600000000000000e+04 5.387752089569013947e+01 8.655202009579753053e+00 1.941880354892018801e+01 2.785036099111411545e+01 1.512367877641758973e+01 2.342728885524403992e+01
5.503700000000000000e+04 3.127935292430663949e+01 8.655202009579753053e+00 1.852455611395492596e+01 2.609888578704147122e+01 1.434788638676704053e+01 2.184555602832633170e+01
5.503900000000000000e+04 5.476666145568002264e+01 8.655202009579753053e+00 1.673617309726067148e+01 2.283824680931575202e+01 1.282170619571031622e+01 1.892933842462971228e+01
5.504000000000000000e+04 2.193895614933772009e+01 8.655202009579753053e+00 1.589267687945648433e+01 2.135849183123406547e+01 1.210962883225882791e+01 1.761670391886676512e+01
5.504200000000000000e+04 3.628819138534262123e+01 8.655202009579753053e+00 1.434775242191906663e+01 1.867864474724758850e+01 1.081543224929825442e+01 1.525783756514261391e+01
5.504400000000000000e+04 3.308327710366044982e+01 8.655202009579753053e+00 1.292985326397151802e+01 1.672606978678593848e+01 9.643386980885679804e+00 1.353241892134784763e+01
5.504500000000000000e+04 1.427060336650903594e+01 8.655202009579753053e+00 1.223968894972166765e+01 1.586526782667353253e+01 9.080561577061848411e+00 1.277499623695428888e+01
5.504600000000000000e+04 2.747725215378275720e+01 8.655202009579753053e+00 1.154627238083720364e+01 1.509706110177109828e+01 8.521234229400151960e+00 1.209894302113407427e+01
5.504700000000000000e+04 4.261842832989460561e+01 8.655202009579753053e+00 1.084237905159458393e+01 1.439035613047187390e+01 7.960046289989414880e+00 1.147830910941363491e+01
5.504800000000000000e+04 3.008868902266130618e+01 8.655202009579753053e+00 1.014445000566668753e+01 1.369067405093784018e+01 7.409034476823465276e+00 1.086906482291032106e+01
5.505000000000000000e+04 1.256956205665588655e+01 8.655202009579753053e+00 8.699088686422088657e+00 1.231694567786709982e+01 6.288194800073795498e+00 9.687703065807063751e+00
5.505200000000000000e+04 2.246844014360992148e+01 8.655202009579753053e+00 7.222475931940756766e+00 1.110269012983961723e+01 5.167770414954748759e+00 8.652345799438604601e+00
5.505400000000000000e+04 2.104657291606045533e+01 8.655202009579753053e+00 5.869315163318349349e+00 9.990548912197562359e+00 4.157327640826142812e+00 7.714709584708543844e+00
5.505600000000000000e+04 3.126890764512054943e+01 8.655202009579753053e+00 4.727932062215185915e+00 8.908439112784096281e+00 3.315520380235053022e+00 6.816987383520122457e+00
5.505800000000000000e+04 4.926666074553586405e+00 8.655202009579753053e+00 3.787477502041184607e+00 7.815642288911538671e+00 2.629827455937498115e+00 5.927227581458772931e+00
5.506000000000000000e+04 1.771582434242352022e+01 8.655202009579753053e+00 2.995901927756850380e+00 6.692651489614544147e+00 2.059888564189253035e+00 5.030555840059037109e+00
5.506100000000000000e+04 7.730076936087733053e+00 8.655202009579753053e+00 2.654024268909282558e+00 6.110648148596729889e+00 1.815959130283463896e+00 4.572811605625031639e+00
5.506200000000000000e+04 3.323877043240320184e+00 8.655202009579753053e+00 2.345079197716878561e+00 5.548945160761811657e+00 1.596812745279095003e+00 4.134216331963799895e+00
5.506400000000000000e+04 1.334865835279299162e+01 8.655202009579753053e+00 1.811859333670083227e+00 4.503217300542878831e+00 1.221917543613490142e+00 3.325862112660915137e+00
5.506500000000000000e+04 -2.736775763798946492e+00 8.655202009579753053e+00 1.583818745934913563e+00 4.036115059139369521e+00 1.063036946060080368e+00 2.967949892741649442e+00
5.506700000000000000e+04 1.453884078193042306e+01 8.655202009579753053e+00 1.201827785603489351e+00 3.245700215305197034e+00 7.990344961129509649e-01 2.366188098932125783e+00
5.506800000000000000e+04 1.756053767866288240e+01 8.655202009579753053e+00 1.042468658547259119e+00 2.898280242639598381e+00 6.898283870746817481e-01 2.103861964749998759e+00
5.506900000000000000e+04 -4.003480322613016895e+00 8.655202009579753053e+00 9.004851998950269554e-01 2.579507303959915010e+00 5.930877954916861095e-01 1.864479439074748779e+00
5.507100000000000000e+04 4.875094518539257571e+00 8.655202009579753053e+00 6.659457661966353692e-01 2.027046219587613773e+00 4.345486239456022304e-01 1.452767304226771250e+00
5.507300000000000000e+04 1.251615711908078055e+01 8.655202009579753053e+00 4.886815028999467181e-01 1.575612685275929348e+00 3.159510589642119949e-01 1.119758855288131238e+00
5.507400000000000000e+04 9.768054997896806313e+00 8.655202009579753053e+00 4.178481216093821726e-01 1.381255591300689201e+00 2.689201451984696289e-01 9.775340348907921584e-01
5.507500000000000000e+04 -3.318719115209733950e+00 8.655202009579753053e+00 3.560312979680194112e-01 1.206674498211718793e+00 2.280935985444418612e-01 8.504295568480645384e-01
5.507800000000000000e+04 6.386900909784177571e+00 8.655202009579753053e+00 2.185092787472127651e-01 7.928059686971903330e-01 1.381047141620609098e-01 5.518627096597454873e-01
5.508000000000000000e+04 -1.507231217566541126e+01 8.655202009579753053e+00 1.572415689218624180e-01 5.887555663375587667e-01 9.849760017656127020e-02 4.064868588356523871e-01
5.508100000000000000e+04 4.757883757114485412e+00 8.655202009579753053e+00 1.333909640673398289e-01 5.055712510432714968e-01 8.318738014801362046e-02 3.476388991564817732e-01
5.508200000000000000e+04 4.093274816366847091e+00 8.655202009579753053e+00 1.130206550029837359e-01 4.331780073308895695e-01 7.017301316464903682e-02 2.966566274009653781e-01
5.508400000000000000e+04 9.058027572174475850e+00 8.655202009579753053e+00 8.101974624268991343e-02 3.166803629857178892e-01 4.986444254227592049e-02 2.151361161587757309e-01
5.508500000000000000e+04 3.267190537580562992e+00 8.655202009579753053e+00 6.858488622423000725e-02 2.696796234310645524e-01 4.202762805578161287e-02 1.824748788355535223e-01
5.508800000000000000e+04 -1.496920607098886968e+00 8.655202009579753053e+00 4.196589014715486343e-02 1.652395284006226428e-01 2.538464199561750803e-02 1.104837713296487195e-01
5.508900000000000000e+04 1.078266698900095744e+00 8.655202009579753053e+00 3.562436169332934555e-02 1.401519194632484255e-01 2.145658115601357940e-02 9.334127170379516447e-02
5.509000000000000000e+04 -5.857366996230285672e+00 8.655202009579753053e+00 3.024389813533267732e-02 1.187802260049187902e-01 1.813835800367798873e-02 7.879808014124903282e-02
5.509100000000000000e+04 7.583786607635640387e+00 8.655202009579753053e+00 2.568476611502895288e-02 1.007099699023912276e-01 1.533876746194622574e-02 6.654990411841091302e-02
5.509300000000000000e+04 6.163070904759451629e+00 8.655202009579753053e+00 1.849570144702505220e-02 7.217255114688170270e-02 1.095262713745783802e-02 4.732315988911003218e-02
5.509500000000000000e+04 1.154584716264120381e+01 8.655202009579753053e+00 1.333371440287446121e-02 5.167380924714461143e-02 7.830004347216196550e-03 3.362210244462529585e-02
5.509600000000000000e+04 9.348112141782951579e-01 8.655202009579753053e+00 1.131477568343696241e-02 4.379838308129065799e-02 6.616827885050855125e-03 2.838889232647826000e-02
5.509700000000000000e+04 -5.715163988902825842e+00 8.655202009579753053e+00 9.603371256732710914e-03 3.718580759344691788e-02 5.592785077591702451e-03 2.401098185151864448e-02
5.509800000000000000e+04 2.482636477278083120e+00 8.655202009579753053e+00 8.156974366974970372e-03 3.157037155710958748e-02 4.730874821351913062e-03 2.030771359649400851e-02
5.509900000000000000e+04 -2.646064754580618850e+00 8.655202009579753053e+00 6.922525051176041389e-03 2.678639591516735613e-02 3.998454947828823484e-03 1.716526492481086630e-02
5.510100000000000000e+04 -5.051394238728878605e+00 8.655202009579753053e+00 4.987091709119397670e-03 1.929371526433443923e-02 2.857113554350843541e-03 1.227101396955698233e-02
5.510400000000000000e+04 5.867730260610827031e+00 8.655202009579753053e+00 3.051077160374982954e-03 1.177470201244708824e-02 1.726894476100850886e-03 7.405472963803201060e-03
5.510700000000000000e+04 -2.805259178421529853e+01 8.655202009579753053e+00 1.855208563363728398e-03 7.193216455395344371e-03 1.037530654529236849e-03 4.474228062073362308e-03
5.510800000000000000e+04 -1.148660463186105707e+00 8.655202009579753053e+00 1.572218603448912594e-03 6.106991689386758598e-03 8.757902202812570909e-04 3.784699857081531057e-03
5.510900000000000000e+04 -8.188158076014817155e+00 8.655202009579753053e+00 1.331482129531405718e-03 5.180398230407024310e-03 7.387683124515371895e-04 3.198763958263059048e-03
5.511000000000000000e+04 -6.374563294072653763e-01 8.655202009579753053e+00 1.127435049168664999e-03 4.393667592867938308e-03 6.230988444615148105e-04 2.703130055904970092e-03
5.511100000000000000e+04 2.082101639855229180e+01 8.655202009579753053e+00 9.552231054538337608e-04 3.728647472970024988e-03 5.258591276927242816e-04 2.285690843480675440e-03
5.511400000000000000e+04 -1.766585264861756244e+01 8.655202009579753053e+00 5.808402238707360788e-04 2.278119192872242807e-03 3.160519228810185948e-04 1.381515580880680839e-03
