5.497600000000000000e+04 -5.734116015668790922e+00 7.994327914497803000e+00 1.164140563987932975e+00 8.960306590053393761e-19 1.164140563987932975e+00 8.960306590053393761e-19
5.497900000000000000e+04 4.108577933877137767e+00 7.994327914497803000e+00 4.289077145657377521e+00 8.960306586340978904e-19 4.289077145657377521e+00 8.960306586340978904e-19
5.498300000000000000e+04 1.282509319951404869e+01 7.994327914497803000e+00 1.143383206421574805e+01 8.960306577610746169e-19 1.143383206421574805e+01 8.960306577610746169e-19
5.499200000000000000e+04 4.710534720022257460e+01 7.994327914497803000e+00 3.733751665722944324e+01 4.563436508517902723e+00 3.733751665722944324e+01 4.563436508517902723e+00
5.499500000000000000e+04 4.956370752419913828e+01 7.994327914497803000e+00 4.526446668391263017e+01 9.147065651372599859e+00 4.526446668391263017e+01 9.147065651372599859e+00
5.499600000000000000e+04 4.081993899028857697e+01 7.994327914497803000e+00 4.750204251648135312e+01 1.102479628531949452e+01 4.750204251648135312e+01 1.102479628531949452e+01
5.499800000000000000e+04 6.866903665821985214e+01 7.994327914497803000e+00 5.442488444432102312e+01 1.528761230289747708e+01 5.091672227927872996e+01 1.528761230289747708e+01
5.500200000000000000e+04 9.623215141657387051e+01 7.994327914497803000e+00 7.235797297109141368e+01 2.507244594133692317e+01 5.381775602163734362e+01 2.507244594133692317e+01
5.500700000000000000e+04 1.276608887461717075e+02 7.994327914497803000e+00 8.800740884395055730e+01 3.818510409454869858e+01 5.210622193247517231e+01 3.621157334713011267e+01
5.501100000000000000e+04 1.405657221254500655e+02 7.994327914497803000e+00 9.408597669889195458e+01 5.306858396310133941e+01 4.789065290588005297e+01 4.170419171952954684e+01
5.501600000000000000e+04 1.549358411114178580e+02 7.994327914497803000e+00 9.309394584249561433e+01 6.632615905567016057e+01 4.031611703369087962e+01 4.292955278684152631e+01
5.502200000000000000e+04 1.638244786981115624e+02 7.994327914497803000e+00 8.629621762564794096e+01 7.359034066430814391e+01 3.169741694238675578e+01 3.931107941469451816e+01
5.502800000000000000e+04 1.554588492201612269e+02 7.994327914497803000e+00 8.255780232582642952e+01 7.092411308566900630e+01 2.632666932167046880e+01 3.225289362695270512e+01
5.503000000000000000e+04 1.511890633540556337e+02 7.994327914497803000e+00 8.193170924491184337e+01 6.866456861902989317e+01 2.502725028100064719e+01 2.975067964429372225e+01
5.503300000000000000e+04 1.440613739202474051e+02 7.994327914497803000e+00 8.053174243568757618e+01 6.501633321148315758e+01 2.313864568316503068e+01 2.630642654723170537e+01
5.503800000000000000e+04 1.500999717007419179e+02 7.994327914497803000e+00 7.470442869149000842e+01 6.111584211676444767e+01 1.953108020902245556e+01 2.227253721456430569e+01
5.504200000000000000e+04 1.531404419295297998e+02 7.994327914497803000e+00 6.794045197279397996e+01 5.930457226585914299e+01 1.656882135661357935e+01 2.002180022480052202e+01
5.504400000000000000e+04 1.154503358060143086e+02 7.994327914497803000e+00 6.429734308416136912e+01 5.848148271158238742e+01 1.517055024046465839e+01 1.904313992562109448e+01
5.504600000000000000e+04 1.085642135107667912e+02 7.994327914497803000e+00 6.084985266255291947e+01 5.708478123164072571e+01 1.390504162668881349e+01 1.795118906655368463e+01
5.505000000000000000e+04 1.092198276405047181e+02 7.994327914497803000e+00 5.528201057483773440e+01 5.309328844020665628e+01 1.188425964160150627e+01 1.562486416721796978e+01
5.505600000000000000e+04 1.001779847913733192e+02 7.994327914497803000e+00 5.040192458179983959e+01 4.520823971658468565e+01 9.950825172612551839e+00 1.213644019237172778e+01
5.505900000000000000e+04 8.913294781207947892e+01 7.994327914497803000e+00 4.847764102677115261e+01 4.149123055306678509e+01 9.195652533626304859e+00 1.067024059484808518e+01
5.506300000000000000e+04 8.883346667541782438e+01 7.994327914497803000e+00 4.641780083657756251e+01 3.778524988406006457e+01 8.367487622413662507e+00 9.201327136018521813e+00
5.506500000000000000e+04 7.146326629413162834e+01 7.994327914497803000e+00 4.553938885580668483e+01 3.648643859458881877e+01 8.010164788539839265e+00 8.655305087080730431e+00
5.506700000000000000e+04 9.209060152171539926e+01 7.994327914497803000e+00 4.466331790514948352e+01 3.540052680852395639e+01 7.670155917078735897e+00 8.186039266625957822e+00
5.507000000000000000e+04 7.478743414476377893e+01 7.994327914497803000e+00 4.341658730236179764e+01 3.386891502630245299e+01 7.200455628366551508e+00 7.546549693917661727e+00
5.507400000000000000e+04 7.138525203419388276e+01 7.994327914497803000e+00 4.163836190851372265e+01 3.224272634627131850e+01 6.603708294373577203e+00 6.851408063381070335e+00
5.507900000000000000e+04 7.502430988439250825e+01 7.994327914497803000e+00 3.883787266843370389e+01 3.054869698654119858e+01 5.840457257125583723e+00 6.136124733662989605e+00
5.508300000000000000e+04 6.053707136271698630e+01 7.994327914497803000e+00 3.570147076743546677e+01 2.931669392337896696e+01 5.155149271873892936e+00 5.641623000746457173e+00
5.509100000000000000e+04 5.736296312286872734e+01 7.994327914497803000e+00 2.584741366992767553e+01 2.631710040060788103e+01 3.457107999615824934e+00 4.672365805700467334e+00
