5.497400000000000000e+04 3.976113434729270590e+00 7.965036471071869961e+00 2.872527343123094101e-01 1.361878599096895607e-18 2.872527343123094101e-01 1.361878599096895607e-18
5.497600000000000000e+04 -5.820119956343068779e+00 7.965036471071869961e+00 1.958814406946931541e+00 1.361878470464420193e-18 1.958814406946931541e+00 1.361878470464420193e-18
5.498000000000000000e+04 1.053942195690049566e+01 7.965036471071869961e+00 9.740658635389692677e+00 1.361878049372206945e-18 9.740658635389692677e+00 1.361878049372206945e-18
5.498100000000000000e+04 6.828336100362346173e+00 7.965036471071869961e+00 1.261836908227294352e+01 1.361877894807208667e-18 1.261836908227294352e+01 1.361877894807208667e-18
5.498500000000000000e+04 3.013559146260279675e+01 7.965036471071869961e+00 2.761301931683333422e+01 1.361876957650400692e-18 2.761301931683333422e+01 1.361876957650400692e-18
5.498700000000000000e+04 3.191573359787883746e+01 7.965036471071869961e+00 3.698113532148148863e+01 1.361876209984332906e-18 3.698113532148148863e+01 1.361876209984332906e-18
5.498800000000000000e+04 4.812426982396826247e+01 7.965036471071869961e+00 4.209516568424355398e+01 -1.940482729049532867e-02 4.209516568424355398e+01 -1.940482729049532867e-02
5.498900000000000000e+04 5.081886656611776942e+01 7.965036471071869961e+00 4.711547825657126509e+01 3.590659178903867210e-01 4.711547825657126509e+01 3.590659178903867210e-01
5.499300000000000000e+04 7.316120482440607020e+01 7.965036471071869961e+00 6.549985504210982867e+01 6.387348154830737812e+00 6.549985504210982867e+01 6.387348154830737812e+00
5.499500000000000000e+04 7.543910996161490345e+01 7.965036471071869961e+00 6.925870503056015082e+01 1.217582329423711585e+01 6.925870503056015082e+01 1.217582329423711585e+01
5.499700000000000000e+04 1.053884463776148124e+02 7.965036471071869961e+00 7.599302134158550359e+01 1.983239277984976923e+01 6.841287481237441170e+01 1.983239277984976923e+01
5.499900000000000000e+04 1.103271481329957027e+02 7.965036471071869961e+00 7.946240387221574508e+01 2.928193888190937244e+01 6.504780932565140006e+01 2.928193888190937244e+01
5.500000000000000000e+04 1.283231261839800652e+02 7.965036471071869961e+00 8.071659299240927510e+01 3.451627414604166688e+01 6.320798198309262261e+01 3.451627414604166688e+01
5.500200000000000000e+04 1.246682704349224764e+02 7.965036471071869961e+00 8.207621959584616889e+01 4.622641915185185724e+01 5.914124484496770862e+01 4.622641915185185724e+01
5.500300000000000000e+04 1.225776707110074142e+02 7.965036471071869961e+00 8.123015168411551201e+01 5.261895710530443893e+01 5.628475033544589223e+01 5.261895710530443893e+01
5.500500000000000000e+04 1.463561110953502009e+02 7.965036471071869961e+00 7.770978181580086641e+01 6.489662410672829651e+01 5.000629460476246635e+01 6.489662410672829651e+01
5.500700000000000000e+04 1.569194962568773519e+02 7.965036471071869961e+00 7.417256617661041673e+01 7.673977432222363859e+01 4.455343955827151348e+01 7.673977432222363859e+01
5.500900000000000000e+04 1.531689216727136227e+02 7.965036471071869961e+00 6.991917559259566417e+01 8.521019049050045169e+01 3.937777404403901471e+01 8.521019049050045169e+01
5.501000000000000000e+04 1.583333871934162573e+02 7.965036471071869961e+00 6.749862057299434071e+01 9.065964488500323171e+01 3.686434766411487374e+01 8.657338128820018142e+01
5.501300000000000000e+04 1.577608356431441905e+02 7.965036471071869961e+00 5.987569637423779767e+01 9.942503304719960511e+01 2.997981993502793685e+01 8.363478553768472068e+01
5.501600000000000000e+04 1.459500895107733811e+02 7.965036471071869961e+00 4.930676343521272997e+01 1.020747561018581848e+02 2.279133005233092391e+01 7.672486177229268378e+01
5.501700000000000000e+04 1.430460527556466275e+02 7.965036471071869961e+00 4.598201100063588598e+01 1.018412236230343950e+02 2.072381963252022885e+01 7.392655605620964820e+01
5.501800000000000000e+04 1.433508933716638865e+02 7.965036471071869961e+00 4.287122495339971096e+01 1.002431403474291329e+02 1.885112345149930135e+01 7.035593791930737950e+01
5.501900000000000000e+04 1.286566504706009084e+02 7.965036471071869961e+00 3.981163915171157441e+01 9.759849695005928538e+01 1.708947422377729097e+01 6.630332673237724350e+01
5.502000000000000000e+04 1.273145279900880951e+02 7.965036471071869961e+00 3.683997328403917493e+01 9.496195345444394320e+01 1.544652967884242400e+01 6.250786825595308471e+01
5.502200000000000000e+04 1.087419038046059967e+02 7.965036471071869961e+00 3.136975102097589385e+01 8.986428758903365122e+01 1.256901635586821442e+01 5.569179944783939362e+01
5.502300000000000000e+04 1.126580613555488810e+02 7.965036471071869961e+00 2.886096285873570366e+01 8.707505243507979742e+01 1.131270102647213349e+01 5.242958359530334889e+01
5.502400000000000000e+04 1.084505247969285762e+02 7.965036471071869961e+00 2.653764361138853545e+01 8.407154758402330685e+01 1.018094207449878574e+01 4.922221755504877194e+01
5.502500000000000000e+04 1.015670247117330547e+02 7.965036471071869961e+00 2.441809507962472026e+01 8.088037877506803852e+01 9.172838121572022274e+00 4.608043458014359572e+01
5.502800000000000000e+04 8.092447221121942391e+01 7.965036471071869961e+00 1.899524038126809700e+01 7.108215306595123195e+01 6.716370971383953226e+00 3.747477491878492373e+01
5.502900000000000000e+04 8.141222797939573752e+01 7.965036471071869961e+00 1.750790241283739235e+01 6.703742821709820987e+01 6.071543353043900915e+00 3.448427377422747497e+01
5.503100000000000000e+04 7.395429034992977790e+01 7.965036471071869961e+00 1.499126651653919851e+01 5.807230897333919728e+01 5.006434182654020404e+00 2.848916256541365399e+01
5.503300000000000000e+04 5.273277246129143236e+01 7.965036471071869961e+00 1.301777429432866739e+01 5.025709512169714088e+01 4.192249869357422831e+00 2.356390431437412758e+01
5.503400000000000000e+04 7.058620257703286427e+01 7.965036471071869961e+00 1.224659095604198278e+01 4.656881725979311426e+01 3.874767751706000407e+00 2.136184277972161283e+01
5.503500000000000000e+04 5.435745965514790612e+01 7.965036471071869961e+00 1.157031802328240211e+01 4.300313862589730718e+01 3.597735703756966164e+00 1.930816209855303001e+01
5.503700000000000000e+04 5.133245449371332114e+01 7.965036471071869961e+00 1.046393278796644388e+01 3.647528546472955924e+01 3.145344712025503142e+00 1.571127044483526802e+01
5.503800000000000000e+04 5.312318027506390195e+01 7.965036471071869961e+00 1.002177482326832170e+01 3.349690773938398536e+01 2.963093496324381348e+00 1.414087628309016509e+01
5.503900000000000000e+04 4.997772291937067735e+01 7.965036471071869961e+00 9.632694977842625406e+00 3.074644506498633234e+01 2.802157021713587159e+00 1.272617759312348085e+01
5.504000000000000000e+04 3.956740801444711764e+01 7.965036471071869961e+00 9.268620472621689643e+00 2.824316857632025446e+01 2.653484246384680389e+00 1.146604765196502740e+01
5.504100000000000000e+04 3.347607433022636059e+01 7.965036471071869961e+00 8.918914137347767834e+00 2.591372837903311321e+01 2.513503025968822246e+00 1.032254954550394999e+01
5.504300000000000000e+04 3.606873281943255449e+01 7.965036471071869961e+00 8.257915069371753347e+00 2.186850388282615398e+01 2.256754227528354306e+00 8.395463714229940422e+00
5.504400000000000000e+04 2.889150330561984603e+01 7.965036471071869961e+00 7.911991282164740014e+00 2.012716621534053374e+01 2.129971270706062736e+00 7.589429191304875921e+00
5.504500000000000000e+04 2.141905707600722053e+01 7.965036471071869961e+00 7.551305437268367449e+00 1.857334366069730791e+01 2.002998789726357476e+00 6.881055001740258525e+00
5.504600000000000000e+04 1.787872897745995004e+01 7.965036471071869961e+00 7.201194234435823738e+00 1.718708854905125349e+01 1.882468299899572761e+00 6.258042728317525949e+00
5.504700000000000000e+04 1.606222519821352535e+01 7.965036471071869961e+00 6.861428064928858817e+00 1.594308690041533083e+01 1.768044749775525615e+00 5.707004188293002933e+00
5.504900000000000000e+04 4.091657243961641655e+00 7.965036471071869961e+00 6.191178502725894539e+00 1.398791158365866139e+01 1.551051834533994978e+00 4.843459689632500620e+00
5.505000000000000000e+04 1.103267550334359015e+01 7.965036471071869961e+00 5.822318907808187838e+00 1.320009229708430709e+01 1.438675292267899364e+00 4.497169629696206705e+00
5.505100000000000000e+04 1.949969191808455804e+01 7.965036471071869961e+00 5.436115645356124126e+00 1.250954633502162494e+01 1.325106192803267691e+00 4.194456255036756787e+00
5.505300000000000000e+04 6.667423299420420335e+00 7.965036471071869961e+00 4.671471206392032727e+00 1.139605758686357007e+01 1.108770342350714921e+00 3.703866870405477130e+00
5.505400000000000000e+04 6.848915313790712389e+00 7.965036471071869961e+00 4.293820997733088340e+00 1.094242316979155838e+01 1.005908494057323077e+00 3.502696277141983838e+00
5.505500000000000000e+04 2.748913825282108547e+01 7.965036471071869961e+00 3.933977050929433616e+00 1.051841155266887284e+01 9.098004280595362037e-01 3.316855307980851375e+00
5.505700000000000000e+04 1.250049295371025870e+01 7.965036471071869961e+00 3.267954795303254834e+00 9.722535591520975018e+00 7.368888778080757707e-01 2.977258571631851591e+00
5.505800000000000000e+04 1.229814329255740368e+01 7.965036471071869961e+00 2.951900508094092768e+00 9.345219256194912560e+00 6.574095826676078502e-01 2.820942784410442883e+00
5.505900000000000000e+04 -2.534990269331469648e+00 7.965036471071869961e+00 2.650107795339088135e+00 8.945879336965463224e+00 5.830050588127172473e-01 2.662464088382578531e+00
5.506100000000000000e+04 1.682858579390796550e+01 7.965036471071869961e+00 2.097721046587586624e+00 8.128498118966355435e+00 4.505027589097987395e-01 2.353085374874466229e+00
5.506300000000000000e+04 7.735933243988071695e+00 7.965036471071869961e+00 1.628229051359488366e+00 7.359075011014281742e+00 3.415482990769190819e-01 2.073679838540994247e+00
5.506400000000000000e+04 1.488018065180523664e+01 7.965036471071869961e+00 1.430050174861278833e+00 6.971977996230307895e+00 2.965309531914898100e-01 1.938814793167494166e+00
5.506700000000000000e+04 1.641711618887319091e+01 7.965036471071869961e+00 9.478364502329007513e-01 5.674846900798676153e+00 1.899928740845295005e-01 1.518313062071563468e+00
5.506800000000000000e+04 -7.195516488868301863e+00 7.965036471071869961e+00 8.222095865760433719e-01 5.245592489661232705e+00 1.630009885761951050e-01 1.385962927938393818e+00
5.506900000000000000e+04 9.017568770226304764e+00 7.965036471071869961e+00 7.114886321071732800e-01 4.818301686534577577e+00 1.395185175518027509e-01 1.257385617571653791e+00
5.507000000000000000e+04 -1.069711829223258448e+01 7.965036471071869961e+00 6.142464668803382377e-01 4.411622275660691095e+00 1.191554736916271978e-01 1.137250535074420199e+00
5.507200000000000000e+04 1.026765272884590630e+01 7.965036471071869961e+00 4.560021150716552230e-01 3.660127056072712826e+00 8.659693020465177027e-02 9.211110972600947688e-01
5.507400000000000000e+04 1.270110795954431282e+01 7.965036471071869961e+00 3.365728559047677093e-01 2.964580724062667372e+00 6.259957145868536021e-02 7.287563235158966979e-01
5.507600000000000000e+04 -1.464835462570281077e+00 7.965036471071869961e+00 2.446644561300058696e-01 2.343965854607682697e+00 4.458659039435906163e-02 5.631284486372484244e-01
5.507800000000000000e+04 1.057280599961228873e+01 7.965036471071869961e+00 1.772255691513887343e-01 1.817378499388286439e+00 3.165759871947924908e-02 4.269353738461487691e-01
5.508000000000000000e+04 4.520121910605618964e+00 7.965036471071869961e+00 1.280487148722933011e-01 1.395528001719200883e+00 2.242927217941729015e-02 3.207225596890974639e-01
5.508200000000000000e+04 8.835241953102949353e+00 7.965036471071869961e+00 9.225249237564120408e-02 1.055790401287730607e+00 1.585148843184322476e-02 2.374910926056618965e-01
5.508300000000000000e+04 -1.624316606391829865e+01 7.965036471071869961e+00 7.828265047811086563e-02 9.154135518439115993e-01 1.332425287277213925e-02 2.037512357202438951e-01
5.508400000000000000e+04 -8.084047299001568376e+00 7.965036471071869961e+00 6.634986103872077268e-02 7.917675871064805415e-01 1.118771474028273233e-02 1.743981469397534456e-01
5.508600000000000000e+04 2.107145238391511199e+01 7.965036471071869961e+00 4.778895805253825790e-02 5.890269285830286305e-01 7.910245647124551638e-03 1.270988539148603380e-01
5.508900000000000000e+04 1.025566662962360986e+01 7.965036471071869961e+00 2.953792704718989290e-02 3.737194416083516324e-01 4.758348966942117439e-03 7.824946432335670721e-02
5.509000000000000000e+04 -1.015956278324938999e+01 7.965036471071869961e+00 2.515094851968402434e-02 3.189013450151971241e-01 4.015798901434460173e-03 6.611820886863432889e-02
5.509200000000000000e+04 -5.614757079929423078e+00 7.965036471071869961e+00 1.823123819824581937e-02 2.311343561003175728e-01 2.860340487345981557e-03 4.700145520178898584e-02
5.509300000000000000e+04 1.047311495748555643e+01 7.965036471071869961e+00 1.552278488735900699e-02 1.964670576530882506e-01 2.414419350363810127e-03 3.957199839934906482e-02
5.509500000000000000e+04 -3.523529810987632072e+00 7.965036471071869961e+00 1.124605589990867321e-02 1.418427172626349209e-01 1.719580412830072277e-03 2.803659022427161529e-02
5.509600000000000000e+04 7.089775236381978374e+00 7.965036471071869961e+00 9.575513617746863118e-03 1.203377116263198293e-01 1.451847290194205504e-03 2.356605663996549915e-02
5.509700000000000000e+04 5.740371099508734254e+00 7.965036471071869961e+00 8.151450433902005660e-03 1.021152884779340658e-01 1.225634575374692737e-03 1.981436053980403095e-02
5.509800000000000000e+04 3.025889656893620661e+00 7.965036471071869961e+00 6.935252852135165638e-03 8.662096792589167593e-02 1.034155386379047173e-03 1.665531609096517277e-02
5.510000000000000000e+04 -3.689952865079546118e+00 7.965036471071869961e+00 5.026680235648261705e-03 6.217323799203797879e-02 7.373742460977353481e-04 1.174143337211776446e-02
5.510100000000000000e+04 1.374854741229928301e+01 7.965036471071869961e+00 4.277566175215478418e-03 5.282462043149774300e-02 6.224268341795411233e-04 9.887807058905687813e-03
5.510200000000000000e+04 1.650441673901621220e+00 7.965036471071869961e+00 3.642667242111638070e-03 4.499766282910577092e-02 5.258043306838589264e-04 8.348980041024522958e-03
5.510600000000000000e+04 -2.616635735255100625e-01 7.965036471071869961e+00 1.907742695990415722e-03 2.364114811366915814e-02 2.668395524086519138e-04 4.237980086345396677e-03
5.510900000000000000e+04 6.439768251135894239e+00 7.965036471071869961e+00 1.173339293678566731e-03 1.457410826253377652e-02 1.603886617199637324e-04 2.547921024918492483e-03
5.511100000000000000e+04 -1.201686416557362769e+01 7.965036471071869961e+00 8.489831367973027466e-04 1.055202610513148419e-02 1.143196079927424701e-04 1.814809112742756881e-03
5.511200000000000000e+04 -1.011210917175007573e+01 7.965036471071869961e+00 7.216635572816795623e-04 8.980224533770375314e-03 9.645587389153405797e-05 1.532043219218365976e-03
5.511400000000000000e+04 1.489293671826150600e+01 7.965036471071869961e+00 5.221294690758054077e-04 6.502532538991447064e-03 6.876820444588222371e-05 1.091761675451888552e-03
5.511500000000000000e+04 -2.264934227587542281e+01 7.965036471071869961e+00 4.438946344158176387e-04 5.533256342717405955e-03 5.804061642466235168e-05 9.217178076221691852e-04
5.511700000000000000e+04 -3.531250399715985200e+00 7.965036471071869961e+00 3.211936095938321719e-04 4.007680608472372757e-03 4.139733072045060849e-05 6.572554133548237122e-04
5.511800000000000000e+04 7.412019190373283495e-01 7.965036471071869961e+00 2.730603437855316632e-04 3.410078786530074558e-03 3.494412016400036890e-05 5.549535845804704675e-04
5.511900000000000000e+04 2.119314208271279920e+00 7.965036471071869961e+00 2.323819442238831193e-04 2.900677081944998473e-03 2.952906681710418518e-05 4.684556010893086439e-04
5.512000000000000000e+04 1.665710609806102971e+00 7.965036471071869961e+00 1.994177585201395940e-04 2.467047944940162565e-03 2.516312410348764490e-05 3.954109412969871438e-04
