5.497500000000000000e+04 -4.889239822520986323e+00 1.435159687900505787e+01 9.676860811788584593e-01 2.279498232948373031e-18 9.676860811788584593e-01 2.279498232948373031e-18
5.497600000000000000e+04 -1.277180634183981489e+01 1.435159687900505787e+01 2.014654457448330049e+00 2.279498072863251428e-18 2.014654457448330049e+00 2.279498072863251428e-18
5.497900000000000000e+04 -7.641246604003369747e+00 1.435159687900505787e+01 7.421511495175619366e+00 2.279497405834730840e-18 7.421511495175619366e+00 2.279497405834730840e-18
5.498000000000000000e+04 1.776349524802706981e+01 1.435159687900505787e+01 1.010928248076253944e+01 2.279497102236597885e-18 1.010928248076253944e+01 2.279497102236597885e-18
5.498100000000000000e+04 4.194007416381741393e+01 1.435159687900505787e+01 1.326427468792255127e+01 2.279496745960992233e-18 1.326427468792255127e+01 2.279496745960992233e-18
5.498200000000000000e+04 1.302243619958904119e+01 1.435159687900505787e+01 1.681188057541250913e+01 2.279496327867838250e-18 1.681188057541250913e+01 2.279496327867838250e-18
5.498400000000000000e+04 2.677777128839412057e+01 1.435159687900505787e+01 2.504964300095078400e+01 2.279495261463979831e-18 2.504964300095078400e+01 2.279495261463979831e-18
5.498500000000000000e+04 3.629926722696430375e+01 1.435159687900505787e+01 2.982457128805857849e+01 7.387410742324164448e-03 2.982457128805857849e+01 7.387410742324164448e-03
5.498700000000000000e+04 3.510200367419653844e+01 1.435159687900505787e+01 4.097582893337165899e+01 1.209607601473573046e+00 4.097582893337165899e+01 1.209607601473573046e+00
5.499000000000000000e+04 5.164533267467051303e+01 1.435159687900505787e+01 6.053040193995693841e+01 6.537636875244362322e+00 6.053040193995693841e+01 6.537636875244362322e+00
5.499200000000000000e+04 1.053945284116490910e+02 1.435159687900505787e+01 7.440742163840896239e+01 1.263660310095317385e+01 7.440742163840896239e+01 1.263660310095317385e+01
5.499300000000000000e+04 1.080306687367756524e+02 1.435159687900505787e+01 8.115791156796579742e+01 1.658034335990318908e+01 8.115791156796579742e+01 1.658034335990318908e+01
5.499400000000000000e+04 1.104586355931144368e+02 1.435159687900505787e+01 8.659722275531558466e+01 2.101485071926563819e+01 8.659722275531558466e+01 2.101485071926563819e+01
5.499600000000000000e+04 1.153523996982224418e+02 1.435159687900505787e+01 9.298895886639343189e+01 3.131205375118847201e+01 9.298895886639343189e+01 3.131205375118847201e+01
5.499700000000000000e+04 1.270250665208873500e+02 1.435159687900505787e+01 1.018426059692171179e+02 3.728071411007321956e+01 9.534931745081652821e+01 3.728071411007321956e+01
5.499800000000000000e+04 1.548800994900858825e+02 1.435159687900505787e+01 1.105031707118522633e+02 4.387309556528447985e+01 9.725679520493949326e+01 4.387309556528447985e+01
5.500000000000000000e+04 1.821003657962704665e+02 1.435159687900505787e+01 1.265099477829001842e+02 5.921981088614808897e+01 9.942624000542298290e+01 5.921981088614808897e+01
5.500200000000000000e+04 2.213141784099626364e+02 1.435159687900505787e+01 1.399829475344928369e+02 7.566300242494617123e+01 9.937735874946248771e+01 7.566300242494617123e+01
5.500300000000000000e+04 2.315981907920386220e+02 1.435159687900505787e+01 1.451435020923561012e+02 8.417417817184538364e+01 9.828909195663038645e+01 8.417417817184538364e+01
5.500400000000000000e+04 2.444421220596016440e+02 1.435159687900505787e+01 1.491321943394705443e+02 9.300927704801119944e+01 9.653818898204983157e+01 9.300927704801119944e+01
5.500500000000000000e+04 2.589751732473594643e+02 1.435159687900505787e+01 1.522183964800190665e+02 1.014473894599572503e+02 9.437559456880096320e+01 1.014473894599572503e+02
5.500900000000000000e+04 2.772077009933706790e+02 1.435159687900505787e+01 1.556340246465361190e+02 1.256584817354948314e+02 8.255133116561614770e+01 1.191866468135206389e+02
5.501200000000000000e+04 2.846921286512405800e+02 1.435159687900505787e+01 1.492520254925862560e+02 1.377799120875149299e+02 7.142612246008147281e+01 1.242828000067787144e+02
5.501300000000000000e+04 2.625410430524908065e+02 1.435159687900505787e+01 1.459795685051935550e+02 1.404546463079515490e+02 6.765517379857884350e+01 1.246601990840077718e+02
5.501400000000000000e+04 2.924576383978062495e+02 1.435159687900505787e+01 1.416029145054851313e+02 1.422090003704808225e+02 6.361888512242121152e+01 1.242216984368281061e+02
5.501600000000000000e+04 2.756212341844409934e+02 1.435159687900505787e+01 1.309431348506687414e+02 1.425145014847510652e+02 5.543739832797152900e+01 1.206727362275622966e+02
5.501700000000000000e+04 2.657151428144046577e+02 1.435159687900505787e+01 1.266332752071787695e+02 1.414572193093115402e+02 5.211031447560955598e+01 1.179694932110012076e+02
5.501800000000000000e+04 2.450036945358740752e+02 1.435159687900505787e+01 1.229695955038530997e+02 1.398743601387276669e+02 4.922327896239417555e+01 1.149148538767069141e+02
5.501900000000000000e+04 2.451549868179924090e+02 1.435159687900505787e+01 1.194954801246304612e+02 1.377247542523199684e+02 4.656333247267679099e+01 1.114909368188455971e+02
5.502000000000000000e+04 2.543948504147625727e+02 1.435159687900505787e+01 1.156611707788380699e+02 1.348406900875800432e+02 4.390417961541074021e+01 1.075799346478219434e+02
5.502100000000000000e+04 2.601771380530917099e+02 1.435159687900505787e+01 1.112700718191038618e+02 1.312050219713511865e+02 4.117301454915962466e+01 1.031891639570201704e+02
5.502200000000000000e+04 2.462416600406676821e+02 1.435159687900505787e+01 1.066444115145370404e+02 1.270674803261466081e+02 3.849145005216814042e+01 9.853247543900947392e+01
5.502500000000000000e+04 2.023479337612210145e+02 1.435159687900505787e+01 9.332437811966158847e+01 1.136522350848876215e+02 3.137059333747742329e+01 8.456896724822354372e+01
5.502900000000000000e+04 1.637763195381608625e+02 1.435159687900505787e+01 7.683655083287507637e+01 9.225479798975726453e+01 2.366167303078713857e+01 6.513789309451193787e+01
5.503100000000000000e+04 1.713947255827534946e+02 1.435159687900505787e+01 6.932174759887634252e+01 8.454155052070380805e+01 2.048817721261307412e+01 5.820416559084598873e+01
5.503200000000000000e+04 1.290353648901755719e+02 1.435159687900505787e+01 6.582994017480780258e+01 8.070685817802880990e+01 1.907229695642826428e+01 5.488022451926343592e+01
5.503300000000000000e+04 1.440357108050180841e+02 1.435159687900505787e+01 6.306282065263337699e+01 7.661783344916742067e+01 1.791710107470335345e+01 5.146626818644953261e+01
5.503400000000000000e+04 1.242410687275533121e+02 1.435159687900505787e+01 6.068951575751473371e+01 7.249864617325869176e+01 1.691552365168480421e+01 4.811431256521017019e+01
5.503500000000000000e+04 1.113131594501976451e+02 1.435159687900505787e+01 5.838013592835147136e+01 6.852369361837645556e+01 1.596874529619285887e+01 4.493651624262341926e+01
5.503600000000000000e+04 1.320455829765839439e+02 1.435159687900505787e+01 5.632057976337910787e+01 6.476737722779027706e+01 1.512367877641758973e+01 4.197496903939745039e+01
5.503700000000000000e+04 9.349795100345176024e+01 1.435159687900505787e+01 5.440861996725928407e+01 6.121579157392001491e+01 1.434788638676704053e+01 3.921324167184678089e+01
5.503900000000000000e+04 1.300802066826596786e+02 1.435159687900505787e+01 5.036750844860882381e+01 5.452172913132132237e+01 1.282170619571031622e+01 3.413368129425988684e+01
5.504000000000000000e+04 7.436153446770086362e+01 1.435159687900505787e+01 4.839492066523916947e+01 5.135651247414427445e+01 1.210962883225882791e+01 3.179182399043226326e+01
5.504200000000000000e+04 9.556649601972148389e+01 1.435159687900505787e+01 4.469585531344996809e+01 4.546210655062554196e+01 1.081543224929825442e+01 2.752609987322931318e+01
5.504400000000000000e+04 8.708652554303361626e+01 1.435159687900505787e+01 4.116569034400478699e+01 4.023777850382453636e+01 9.643386980885679804e+00 2.384037119553533302e+01
5.504500000000000000e+04 5.464807489171203514e+01 1.435159687900505787e+01 3.938148750355953354e+01 3.820597840417055835e+01 9.080561577061848411e+00 2.239637634337918826e+01
5.504600000000000000e+04 7.537174995732503646e+01 1.435159687900505787e+01 3.753603678050766490e+01 3.645295346938075909e+01 8.521234229400151960e+00 2.114440456460600615e+01
5.504700000000000000e+04 9.920805623302085507e+01 1.435159687900505787e+01 3.560608305975165422e+01 3.477393897562197367e+01 7.960046289989414880e+00 1.996093162024107315e+01
5.504800000000000000e+04 7.729111131615606212e+01 1.435159687900505787e+01 3.364590736615071620e+01 3.327587422781280679e+01 7.409034476823465276e+00 1.890459847052198938e+01
5.505000000000000000e+04 4.591501632389547183e+01 1.435159687900505787e+01 2.941240235786517232e+01 3.050810632480640905e+01 6.288194800073795498e+00 1.698291378579737554e+01
5.505200000000000000e+04 5.948586922992781467e+01 1.435159687900505787e+01 2.487557966942617327e+01 2.774013224749691275e+01 5.167770414954748759e+00 1.513703604032353489e+01
5.505400000000000000e+04 5.444311557447255723e+01 1.435159687900505787e+01 2.057794035656124265e+01 2.526484973436072323e+01 4.157327640826142812e+00 1.351929031162281980e+01
5.505600000000000000e+04 6.906338860360401100e+01 1.435159687900505787e+01 1.686273665387547638e+01 2.296331524823402148e+01 3.315520380235053022e+00 1.205423372610709798e+01
5.505800000000000000e+04 2.333971838108926988e+01 1.435159687900505787e+01 1.373348494039680290e+01 2.067677485763946876e+01 2.629827455937498115e+00 1.065154278675018951e+01
5.506000000000000000e+04 4.266138271209621990e+01 1.435159687900505787e+01 1.103770688235169217e+01 1.831328096808840300e+01 2.059888564189253035e+00 9.261293096029330485e+00
5.506100000000000000e+04 2.525118476089775044e+01 1.435159687900505787e+01 9.854302220483216246e+00 1.711239389020407842e+01 1.815959130283463896e+00 8.575491801655763524e+00
5.506200000000000000e+04 1.702325775576307620e+01 1.435159687900505787e+01 8.773847310210515005e+00 1.582738631178574629e+01 1.596812745279095003e+00 7.860243500092245483e+00
5.506400000000000000e+04 3.178420517750918961e+01 1.435159687900505787e+01 6.880373304578839111e+00 1.324111974571780515e+01 1.221917543613490142e+00 6.459713018693435949e+00
5.506500000000000000e+04 4.221753057998443026e+00 1.435159687900505787e+01 6.058141251901791868e+00 1.202026435269804416e+01 1.063036946060080368e+00 5.812788022969217927e+00
5.506700000000000000e+04 3.115292478817736566e+01 1.435159687900505787e+01 4.662446188268678959e+00 9.757599014558911321e+00 7.990344961129509649e-01 4.637421707408826421e+00
5.506800000000000000e+04 3.545105294684112351e+01 1.435159687900505787e+01 4.072194934579261627e+00 8.795246688668537871e+00 6.898283870746817481e-01 4.144400475293815944e+00
5.506900000000000000e+04 -9.541419392822110268e-01 1.435159687900505787e+01 3.541505153219504987e+00 7.913050606475668936e+00 5.930877954916861095e-01 3.697168904581446203e+00
5.507100000000000000e+04 1.261293911387314992e+01 1.435159687900505787e+01 2.654005720747765196e+00 6.340686717415922935e+00 4.345486239456022304e-01 2.913249123554294773e+00
5.507300000000000000e+04 2.432614430574369635e+01 1.435159687900505787e+01 1.972703626854850123e+00 5.022715959472775715e+00 3.159510589642119949e-01 2.269948912854329759e+00
5.507400000000000000e+04 1.936377484059182663e+01 1.435159687900505787e+01 1.697370172463700699e+00 4.452712340210757347e+00 2.689201451984696289e-01 1.996015931598868809e+00
5.507500000000000000e+04 -2.704177875795356734e+00 1.435159687900505787e+01 1.455214349353684655e+00 3.934727640089808798e+00 2.280935985444418612e-01 1.749623211387704602e+00
5.507800000000000000e+04 1.247892999166584183e+01 1.435159687900505787e+01 9.093090589858411343e-01 2.656109921721433231e+00 1.381047141620609098e-01 1.153225912522330976e+00
5.508000000000000000e+04 -2.354990752407226040e+01 1.435159687900505787e+01 6.619432722265623514e-01 2.017230660903138517e+00 9.849760017656127020e-02 8.622854838433522406e-01
5.508100000000000000e+04 9.142250350658965630e+00 1.435159687900505787e+01 5.647175301347903131e-01 1.747755597339562428e+00 8.318738014801362046e-02 7.413597443646077201e-01
5.508200000000000000e+04 7.871550224147574326e+00 1.435159687900505787e+01 4.811482820647324798e-01 1.508828409140587024e+00 7.017301316464903682e-02 6.351357169307066952e-01
5.508400000000000000e+04 1.582671966704133304e+01 1.435159687900505787e+01 3.486920738096270234e-01 1.117931959321325275e+00 4.986444254227592049e-02 4.635259803140082679e-01
5.508500000000000000e+04 6.113004508699551032e+00 1.435159687900505787e+01 2.967528789390683208e-01 9.596618477214232668e-01 4.202762805578161287e-02 3.949388237052650075e-01
5.508800000000000000e+04 -2.041957367719275052e+00 1.435159687900505787e+01 1.844245010265603002e-01 5.993095159304017150e-01 2.538464199561750803e-02 2.412484968723941914e-01
5.508900000000000000e+04 2.164432585823597321e+00 1.435159687900505787e+01 1.573475465913943550e-01 5.106232988494704417e-01 2.145658115601357940e-02 2.040615828835353474e-01
5.509000000000000000e+04 -9.390131017090535437e+00 1.435159687900505787e+01 1.342492429284222466e-01 4.350989019675728375e-01 1.813835800367798873e-02 1.726308927025761164e-01
5.509100000000000000e+04 1.285025397006966408e+01 1.435159687900505787e+01 1.145729235570073085e-01 3.702294034688812241e-01 1.533876746194622574e-02 1.458457370371799289e-01
5.509300000000000000e+04 1.041996656339764193e+01 1.435159687900505787e+01 8.330239621936307015e-02 2.677281845838633267e-01 1.095262713745783802e-02 1.039842251850170152e-01
5.509500000000000000e+04 1.929059473757218512e+01 1.435159687900505787e+01 6.061911065571305712e-02 1.930563096163708803e-01 7.830004347216196550e-03 7.394243732673441705e-02
5.509600000000000000e+04 1.674213104217171733e+00 1.435159687900505787e+01 5.167742578224718275e-02 1.638670243045542707e-01 6.616827885050855125e-03 6.233055317784489541e-02
5.509700000000000000e+04 -9.371040426645697252e+00 1.435159687900505787e+01 4.406052011977518168e-02 1.390641677830743717e-01 5.592785077591702451e-03 5.253453506972701609e-02
5.509800000000000000e+04 4.206516814668018966e+00 1.435159687900505787e+01 3.759247750542656780e-02 1.182219934820779167e-01 4.730874821351913062e-03 4.435764426012227257e-02
5.509900000000000000e+04 -4.310743956364367691e+00 1.435159687900505787e+01 3.204481748838453048e-02 1.006697931284061820e-01 3.998454947828823484e-03 3.751715914299787180e-02
5.510100000000000000e+04 -8.319989264857840183e+00 1.435159687900505787e+01 2.328690402473654678e-02 7.293896556722366531e-02 2.857113554350843541e-03 2.682072644501697772e-02
5.510400000000000000e+04 9.764355704809313252e+00 1.435159687900505787e+01 1.442785796892738850e-02 4.495208822156641915e-02 1.726894476100850886e-03 1.620595869261173133e-02
5.510700000000000000e+04 -4.649376296354149218e+01 1.435159687900505787e+01 8.880328625181187902e-03 2.768004411795265546e-02 1.037530654529236849e-03 9.787505434020245254e-03
5.510800000000000000e+04 -1.886284474655606225e+00 1.435159687900505787e+01 7.555617388410459760e-03 2.354101940803967827e-02 8.757902202812570909e-04 8.271034856313568689e-03
5.510900000000000000e+04 -1.356151897615801971e+01 1.435159687900505787e+01 6.423812107259851273e-03 2.002426787218239065e-02 7.387683124515371895e-04 6.990981346989627414e-03
5.511000000000000000e+04 -1.043645266319071840e+00 1.435159687900505787e+01 5.460464413554038179e-03 1.704534198133094564e-02 6.230988444615148105e-04 5.913593526689891328e-03
5.511100000000000000e+04 3.453567947132998484e+01 1.435159687900505787e+01 4.644124886218293537e-03 1.449689822022187657e-02 5.258591276927242816e-04 4.998068684786028705e-03
5.511400000000000000e+04 -2.928553679476375038e+01 1.435159687900505787e+01 2.855781964768307722e-03 8.927819634786686789e-03 3.160519228810185948e-04 3.021463258016341639e-03
