5.497400000000000000e+04 3.265843155232446282e+00 6.431411555424837445e+00 2.872527343123094101e-01 8.716021689365841492e-19 2.872527343123094101e-01 8.716021689365841492e-19
5.497600000000000000e+04 -4.322328000204167076e+00 6.431411555424837445e+00 1.958814406946931541e+00 8.716020358936565545e-19 1.958814406946931541e+00 8.716020358936565545e-19
5.498000000000000000e+04 1.038562437718783293e+01 6.431411555424837445e+00 9.740658635389692677e+00 8.716016003634627670e-19 9.740658635389692677e+00 8.716016003634627670e-19
5.498100000000000000e+04 7.943175797045017639e+00 6.431411555424837445e+00 1.261836908227294352e+01 8.716014404989387201e-19 1.261836908227294352e+01 8.716014404989387201e-19
5.498500000000000000e+04 2.963746467947849084e+01 6.431411555424837445e+00 2.761301931683333422e+01 -1.241908946591701104e-02 2.761301931683333422e+01 -1.241908946591701104e-02
5.498700000000000000e+04 3.364164783542568671e+01 6.431411555424837445e+00 3.698113532148148863e+01 7.505983906838168407e-01 3.698113532148148863e+01 7.505983906838168407e-01
5.498800000000000000e+04 4.854611831996355420e+01 6.431411555424837445e+00 4.209516568424355398e+01 1.567051525557545455e+00 4.209516568424355398e+01 1.567051525557545455e+00
5.498900000000000000e+04 5.249644945460931922e+01 6.431411555424837445e+00 4.711547825657126509e+01 2.680580088357593205e+00 4.711547825657126509e+01 2.680580088357593205e+00
5.499300000000000000e+04 7.662324977694757422e+01 6.431411555424837445e+00 6.549985504210982867e+01 1.009469526581835552e+01 6.549985504210982867e+01 1.009469526581835552e+01
5.499500000000000000e+04 7.999847651112004598e+01 6.431411555424837445e+00 6.925870503056015082e+01 1.558080429699700353e+01 6.925870503056015082e+01 1.558080429699700353e+01
5.499700000000000000e+04 1.048610609729641823e+02 6.431411555424837445e+00 7.504892366917474078e+01 2.209041545346666879e+01 6.841287481237441170e+01 2.209041545346666879e+01
5.499900000000000000e+04 1.085300373116609336e+02 6.431411555424837445e+00 7.766708433482776286e+01 2.958490825718519801e+01 6.504780932565140006e+01 2.958490825718519801e+01
5.500000000000000000e+04 1.227818502614478575e+02 6.431411555424837445e+00 7.853591761399258075e+01 3.367613254739485029e+01 6.320798198309262261e+01 3.367613254739485029e+01
5.500200000000000000e+04 1.178189466488242942e+02 6.431411555424837445e+00 7.921969746983425864e+01 4.153383942830611630e+01 5.914124484496770862e+01 4.153383942830611630e+01
5.500300000000000000e+04 1.143722364913390237e+02 6.431411555424837445e+00 7.812323346559890069e+01 4.535018634951246952e+01 5.628475033544589223e+01 4.535018634951246952e+01
5.500500000000000000e+04 1.296869511393041137e+02 6.431411555424837445e+00 7.425934748807226526e+01 5.239988403368787573e+01 5.000629460476246635e+01 5.239988403368787573e+01
5.500700000000000000e+04 1.333673057394645696e+02 6.431411555424837445e+00 7.048354138118553180e+01 5.803325411920697263e+01 4.455343955827151348e+01 5.540696402444812918e+01
5.500900000000000000e+04 1.270452597209212513e+02 6.431411555424837445e+00 6.611528261994149602e+01 6.251294848855524577e+01 3.937777404403901471e+01 5.473029984989954499e+01
5.501000000000000000e+04 1.274994057376893295e+02 6.431411555424837445e+00 6.368316058975845095e+01 6.367484216040304545e+01 3.686434766411487374e+01 5.352626274411823459e+01
5.501300000000000000e+04 1.203053966027739108e+02 6.431411555424837445e+00 5.615220273830733078e+01 6.539658938133722188e+01 2.997981993502793685e+01 4.910391153426733268e+01
5.501600000000000000e+04 1.041665686176744856e+02 6.431411555424837445e+00 4.600429971062996515e+01 6.254790630625539194e+01 2.279133005233092391e+01 4.243412910872144295e+01
5.501700000000000000e+04 9.984243526621783360e+01 6.431411555424837445e+00 4.283613518041931911e+01 6.086366128934850650e+01 2.072381963252022885e+01 4.000503568380997876e+01
5.501800000000000000e+04 9.934027237035314783e+01 6.431411555424837445e+00 3.987955166164677223e+01 5.926973484524224034e+01 1.885112345149930135e+01 3.778030013082754124e+01
5.501900000000000000e+04 8.751938835942311812e+01 6.431411555424837445e+00 3.698162222025406010e+01 5.760581521126274396e+01 1.708947422377729097e+01 3.564275164661721362e+01
5.502000000000000000e+04 8.637406002230058277e+01 6.431411555424837445e+00 3.417544691443887217e+01 5.582198737225386509e+01 1.544652967884242400e+01 3.355493350099414585e+01
5.502200000000000000e+04 7.079911695585128939e+01 6.431411555424837445e+00 2.902814327387763882e+01 5.185781514606369313e+01 1.256901635586821442e+01 2.949147813129190610e+01
5.502300000000000000e+04 7.380181552090576247e+01 6.431411555424837445e+00 2.667534902042129019e+01 4.977326804537197091e+01 1.131270102647213349e+01 2.756300146493076042e+01
5.502400000000000000e+04 7.052220368097275127e+01 6.431411555424837445e+00 2.450043710228132809e+01 4.776479337711666062e+01 1.018094207449878574e+01 2.577422478799732986e+01
5.502500000000000000e+04 6.509005551526696820e+01 6.431411555424837445e+00 2.251931758845931597e+01 4.558371661481128001e+01 9.172838121572022274e+00 2.398385594802235588e+01
5.502800000000000000e+04 4.732185043537928237e+01 6.431411555424837445e+00 1.746592271108397298e+01 3.724650322472129460e+01 6.716370971383953226e+00 1.823306404186474339e+01
5.502900000000000000e+04 4.820721998570594025e+01 6.431411555424837445e+00 1.608351834221329213e+01 3.465354223671502609e+01 6.071543353043900915e+00 1.657905570601618450e+01
5.503100000000000000e+04 4.433928171507992033e+01 6.431411555424837445e+00 1.374766826556793831e+01 2.987240094316270955e+01 5.006434182654020404e+00 1.367157937902183562e+01
5.503300000000000000e+04 2.883841610590768312e+01 6.431411555424837445e+00 1.191856637858315260e+01 2.543212263647338389e+01 4.192249869357422831e+00 1.115541829830396736e+01
5.503400000000000000e+04 4.410877408591426274e+01 6.431411555424837445e+00 1.120389095405789703e+01 2.340049189070121116e+01 3.874767751706000407e+00 1.005521308469457331e+01
5.503500000000000000e+04 3.189344691998470793e+01 6.431411555424837445e+00 1.057734296904548010e+01 2.149051188596858353e+01 3.597735703756966164e+00 9.050160821177707149e+00
5.503700000000000000e+04 3.122087929750649593e+01 6.431411555424837445e+00 9.552411890421453222e+00 1.812112516592796041e+01 3.145344712025503142e+00 7.338270497257618707e+00
5.503800000000000000e+04 3.352489566449580138e+01 6.431411555424837445e+00 9.142624982908879261e+00 1.662706732551957955e+01 2.963093496324381348e+00 6.606431709122529305e+00
5.503900000000000000e+04 3.179253261204164005e+01 6.431411555424837445e+00 8.781960106050380688e+00 1.526014511597255030e+01 2.802157021713587159e+00 5.951230448472252910e+00
5.504000000000000000e+04 2.413691375141999984e+01 6.431411555424837445e+00 8.444713614119246259e+00 1.403237954309306801e+01 2.653484246384680389e+00 5.373096777107163824e+00
5.504100000000000000e+04 1.994114701640789988e+01 6.431411555424837445e+00 8.121128276905263732e+00 1.291538702059498789e+01 2.513503025968822246e+00 4.857234682435121798e+00
5.504300000000000000e+04 2.333800613641733435e+01 6.431411555424837445e+00 7.510478069214364005e+00 1.102937476175411469e+01 2.256754227528354306e+00 4.005147346123217211e+00
5.504400000000000000e+04 1.811141368909019889e+01 6.431411555424837445e+00 7.191847995539021099e+00 1.023133448463766904e+01 2.129971270706062736e+00 3.652482680507522339e+00
5.504500000000000000e+04 1.261434963994733849e+01 6.431411555424837445e+00 6.860270854812774211e+00 9.553634382281243731e+00 2.002998789726357476e+00 3.353799895485938709e+00
5.504600000000000000e+04 1.025964132072256874e+01 6.431411555424837445e+00 6.538753639701166520e+00 8.977061927152464094e+00 1.882468299899572761e+00 3.099814201364801125e+00
5.504700000000000000e+04 9.254615674871441655e+00 6.431411555424837445e+00 6.227053608709400834e+00 8.471660216350603179e+00 1.768044749775525615e+00 2.878188563005573020e+00
5.504900000000000000e+04 2.683214234148518784e-01 6.431411555424837445e+00 5.613256589178528877e+00 7.644949043260708343e+00 1.551051834533994978e+00 2.516275769620402780e+00
5.505000000000000000e+04 6.139323586228563556e+00 6.431411555424837445e+00 5.276341634392520241e+00 7.314337033806808996e+00 1.438675292267899364e+00 2.370474797059505256e+00
5.505100000000000000e+04 1.320223080653035375e+01 6.431411555424837445e+00 4.924094612456942244e+00 7.023326359222935800e+00 1.325106192803267691e+00 2.241725617370870172e+00
5.505300000000000000e+04 3.128043609740647213e+00 6.431411555424837445e+00 4.227741315383275911e+00 6.490468053777732393e+00 1.108770342350714921e+00 2.010802420775057886e+00
5.505400000000000000e+04 3.352636893038486221e+00 6.431411555424837445e+00 3.884315649802353221e+00 6.240715055237530784e+00 1.005908494057323077e+00 1.905445485844385223e+00
5.505500000000000000e+04 2.008254660092035238e+01 6.431411555424837445e+00 3.557319673712786567e+00 5.998633277108568862e+00 9.098004280595362037e-01 1.805403382022683800e+00
5.505700000000000000e+04 8.033101120726342970e+00 6.431411555424837445e+00 2.952713733376959304e+00 5.476038451208683711e+00 7.368888778080757707e-01 1.602399031781086114e+00
5.505800000000000000e+04 7.884851948309653302e+00 6.431411555424837445e+00 2.666124562508484175e+00 5.217900932393631841e+00 6.574095826676078502e-01 1.505974639919658298e+00
5.505900000000000000e+04 -4.049699558915328623e+00 6.431411555424837445e+00 2.392652761367392245e+00 4.967781416129282590e+00 5.830050588127172473e-01 1.414435799820420669e+00
5.506100000000000000e+04 1.169939372282107470e+01 6.431411555424837445e+00 1.892562090180064605e+00 4.475715173731297014e+00 4.505027589097987395e-01 1.240841467627196382e+00
5.506300000000000000e+04 4.381770972587858637e+00 6.431411555424837445e+00 1.467974589432598176e+00 3.924222483615309454e+00 3.415482990769190819e-01 1.060084954242614286e+00
5.506400000000000000e+04 1.016286483777878757e+01 6.431411555424837445e+00 1.288871788046810796e+00 3.643173972683972472e+00 2.965309531914898100e-01 9.717203597258007308e-01
5.506700000000000000e+04 1.159433339405351227e+01 6.431411555424837445e+00 8.534479903877064677e-01 2.832317908600703316e+00 1.899928740845295005e-01 7.278403424476290740e-01
5.506800000000000000e+04 -7.381633166593621453e+00 6.431411555424837445e+00 7.401059886302138180e-01 2.587798785086631970e+00 1.630009885761951050e-01 6.570018241816371063e-01
5.506900000000000000e+04 5.806385109972715064e+00 6.431411555424837445e+00 6.402504770452228655e-01 2.349909155774841718e+00 1.395185175518027509e-01 5.895111022464607498e-01
5.507000000000000000e+04 -1.002164513732911288e+01 6.431411555424837445e+00 5.525835092449212782e-01 2.121381834118450715e+00 1.191554736916271978e-01 5.259276661340864800e-01
5.507200000000000000e+04 7.073654519447588385e+00 6.431411555424837445e+00 4.099931660539237743e-01 1.696580557698863068e+00 8.659693020465177027e-02 4.109535310771395000e-01
5.507400000000000000e+04 9.220473619174271107e+00 6.431411555424837445e+00 3.024498295026383232e-01 1.327980048272228375e+00 6.259957145868536021e-02 3.144487706649526926e-01
5.507600000000000000e+04 -2.028911213365115707e+00 6.431411555424837445e+00 2.197450107585985912e-01 1.024336524704682505e+00 4.458659039435906163e-02 2.372247625531919146e-01
5.507800000000000000e+04 7.866074446196564374e+00 6.431411555424837445e+00 1.590952623647429731e-01 7.804638785172514082e-01 3.165759871947924908e-02 1.768636417959688623e-01
5.508000000000000000e+04 3.122265091810390913e+00 6.431411555424837445e+00 1.148939467390650837e-01 5.877946048848456950e-01 2.242927217941729015e-02 1.304007908609561006e-01
5.508200000000000000e+04 6.728528008028678009e+00 6.431411555424837445e+00 8.273684387000571072e-02 4.387209216946760804e-01 1.585148843184322476e-02 9.532437895330177213e-02
5.508300000000000000e+04 -1.346957509720097335e+01 6.431411555424837445e+00 7.019216413376362651e-02 3.782299205973233547e-01 1.332425287277213925e-02 8.134326650551063076e-02
5.508400000000000000e+04 -6.835509073637775046e+00 6.431411555424837445e+00 5.947948541671314177e-02 3.254104804458322064e-01 1.118771474028273233e-02 6.927754416372142177e-02
5.508600000000000000e+04 1.678286102275674807e+01 6.431411555424837445e+00 4.282211481070875847e-02 2.399817171440162267e-01 7.910245647124551638e-03 5.007965716694829511e-02
5.508900000000000000e+04 8.130257863139327412e+00 6.431411555424837445e+00 2.645166190723123242e-02 1.484253313642670546e-01 4.758348966942117439e-03 3.008093132914495954e-02
5.509000000000000000e+04 -8.332517522377004937e+00 6.431411555424837445e+00 2.251859233979373182e-02 1.261643950247662849e-01 4.015798901434460173e-03 2.532607897558340412e-02
5.509200000000000000e+04 -4.627612627794958300e+00 6.431411555424837445e+00 1.631681231006515409e-02 9.108796583327515017e-02 2.860340487345981557e-03 1.794341774353383490e-02
5.509300000000000000e+04 8.376569406877717228e+00 6.431411555424837445e+00 1.389015452264300184e-02 7.727856704758735706e-02 2.414419350363810127e-03 1.508227624957792119e-02
5.509500000000000000e+04 -2.903018756021774838e+00 6.431411555424837445e+00 1.005954541505592326e-02 5.562715683347894957e-02 1.719580412830072277e-03 1.065940229821771279e-02
5.509600000000000000e+04 5.675473355185491009e+00 6.431411555424837445e+00 8.563721241210521876e-03 4.713160465786310482e-02 1.451847290194205504e-03 8.950171792226187251e-03
5.509700000000000000e+04 4.593274544783149338e+00 6.431411555424837445e+00 7.288848819753298777e-03 3.992763653082274239e-02 1.225634575374692737e-03 7.514517358155370884e-03
5.509800000000000000e+04 2.407852885283173983e+00 6.431411555424837445e+00 6.200278619035576311e-03 3.392419589208423708e-02 1.034155386379047173e-03 6.328196517699642178e-03
5.510000000000000000e+04 -3.004627306548916632e+00 6.431411555424837445e+00 4.492452594350452612e-03 2.461347156056672980e-02 7.373742460977353481e-04 4.511597543912077707e-03
5.510100000000000000e+04 1.108000159467032297e+01 6.431411555424837445e+00 3.822323188696562148e-03 2.094815549206598126e-02 6.224268341795411233e-04 3.806679173553694298e-03
5.510200000000000000e+04 1.314469011847680946e+00 6.431411555424837445e+00 3.254465904767745322e-03 1.783143217801746311e-02 5.258043306838589264e-04 3.212639121147568746e-03
5.510600000000000000e+04 -2.208478367494622063e-01 6.431411555424837445e+00 1.703370282800629326e-03 9.360042677140575224e-03 2.668395524086519138e-04 1.630669455947835432e-03
5.510900000000000000e+04 5.193924882815822208e+00 6.431411555424837445e+00 1.047177572369643265e-03 5.767542159415215905e-03 1.603886617199637324e-04 9.805076602997543633e-04
5.511100000000000000e+04 -9.707353659139769775e+00 6.431411555424837445e+00 7.574817225599117044e-04 4.176294101872600299e-03 1.143196079927424701e-04 6.987274722892087252e-04
5.511200000000000000e+04 -8.168713217260535231e+00 6.431411555424837445e+00 6.437947302890440230e-04 3.553789926552957529e-03 9.645587389153405797e-05 5.898993968781883653e-04
5.511400000000000000e+04 1.202274945068621115e+01 6.431411555424837445e+00 4.656638964052915242e-04 2.574001488256535703e-03 6.876820444588222371e-05 4.206434645470872170e-04
5.511500000000000000e+04 -1.829057354080343600e+01 6.431411555424837445e+00 3.958370040161972173e-04 2.190193135791314825e-03 5.804061642466235168e-05 3.551702941315011404e-04
5.511700000000000000e+04 -2.852951634336944320e+00 6.431411555424837445e+00 2.863453365933568348e-04 1.584528683415651739e-03 4.139733072045060849e-05 2.530630024300718631e-04
5.511800000000000000e+04 5.971036603099650897e-01 6.431411555424837445e+00 2.434032690023445970e-04 1.346749894588562466e-03 3.494412016400036890e-05 2.134716419269215202e-04
5.511900000000000000e+04 1.710074177489180780e+00 6.431411555424837445e+00 2.071168746551687949e-04 1.145205283750011602e-03 2.952906681710418518e-05 1.801713734228016527e-04
5.512000000000000000e+04 1.343985596091202828e+00 6.431411555424837445e+00 1.777145639808814864e-04 9.739391580917216261e-04 2.516312410348764490e-05 1.520924414535138741e-04
