5.497600000000000000e+04 -2.936465892184853654e+00 4.752156183292231439e+00 1.164140563987932975e+00 8.960306594862700832e-19 1.164140563987932975e+00 8.960306594862700832e-19
5.497900000000000000e+04 4.181781015887008124e+00 4.752156183292231439e+00 4.289077145657377521e+00 8.960306594113178972e-19 4.289077145657377521e+00 8.960306594113178972e-19
5.498300000000000000e+04 1.226085470794443211e+01 4.752156183292231439e+00 1.143383206421574805e+01 8.960306592350573665e-19 1.143383206421574805e+01 8.960306592350573665e-19
5.499200000000000000e+04 4.043122178863501404e+01 4.752156183292231439e+00 3.733751665722944324e+01 8.960306580341437497e-19 3.733751665722944324e+01 8.960306580341437497e-19
5.499500000000000000e+04 4.238329019952820431e+01 4.752156183292231439e+00 4.526446668391263017e+01 5.692856059696972670e-04 4.526446668391263017e+01 5.692856059696972670e-04
5.499600000000000000e+04 3.711776294059698955e+01 4.752156183292231439e+00 4.750204251648135312e+01 1.414274411638661300e-01 4.750204251648135312e+01 1.414274411638661300e-01
5.499800000000000000e+04 5.178784322937624296e+01 4.752156183292231439e+00 5.147680622435078135e+01 9.313124511903465574e-01 5.091672227927872996e+01 9.313124511903465574e-01
5.500200000000000000e+04 6.062886979731089099e+01 4.752156183292231439e+00 5.677773260282739187e+01 4.563436508517902723e+00 5.381775602163734362e+01 4.563436508517902723e+00
5.500700000000000000e+04 7.178679364634794524e+01 4.752156183292231439e+00 5.783790634504742911e+01 1.307602453554221000e+01 5.210622193247517231e+01 1.307602453554221000e+01
5.501100000000000000e+04 7.392125533427153528e+01 4.752156183292231439e+00 5.526581345338557583e+01 2.257211756982848527e+01 4.789065290588005297e+01 2.257211756982848527e+01
5.501600000000000000e+04 8.028043520760709839e+01 4.752156183292231439e+00 4.874218549373227916e+01 3.420387990938652933e+01 4.031611703369087962e+01 3.420387990938652933e+01
5.502200000000000000e+04 9.395247101942126733e+01 4.752156183292231439e+00 4.041420660154310696e+01 5.119740312008332239e+01 3.169741694238675578e+01 4.239599463405377122e+01
5.502800000000000000e+04 9.621829415213068160e+01 4.752156183292231439e+00 3.530406356036009896e+01 5.973906010548454049e+01 2.632666932167046880e+01 4.221245061156341194e+01
5.503000000000000000e+04 9.533207689221127623e+01 4.752156183292231439e+00 3.411214213300389275e+01 6.086755876683633204e+01 2.502725028100064719e+01 4.100482266696061373e+01
5.503300000000000000e+04 9.226574088649093142e+01 4.752156183292231439e+00 3.230154937369837853e+01 6.084794795609497697e+01 2.313864568316503068e+01 3.831252232470404806e+01
5.503800000000000000e+04 9.363183314488759379e+01 4.752156183292231439e+00 2.833959738329158284e+01 5.680379625578912339e+01 1.953108020902245556e+01 3.225289362695270512e+01
5.504200000000000000e+04 9.215210378182371187e+01 4.752156183292231439e+00 2.477038792813730339e+01 5.198841817878549421e+01 1.656882135661357935e+01 2.736808705979442635e+01
5.504400000000000000e+04 6.858206946622688349e+01 4.752156183292231439e+00 2.301372471478488535e+01 4.992469958093683857e+01 1.517055024046465839e+01 2.535793355390940462e+01
5.504600000000000000e+04 6.406296804332760075e+01 4.752156183292231439e+00 2.139985906347408573e+01 4.823327092985239517e+01 1.390504162668881349e+01 2.366696316479508511e+01
5.505000000000000000e+04 6.515269593245184865e+01 4.752156183292231439e+00 1.881278301265518493e+01 4.583789048934690413e+01 1.188425964160150627e+01 2.106133545733638002e+01
5.505600000000000000e+04 6.191984517081939998e+01 4.752156183292231439e+00 1.640891070963809995e+01 4.279563473466398449e+01 9.950825172612551839e+00 1.795118906655368463e+01
5.505900000000000000e+04 5.533145678923443711e+01 4.752156183292231439e+00 1.546708756155944187e+01 4.036127657801149837e+01 9.195652533626304859e+00 1.622368220034227093e+01
5.506300000000000000e+04 5.354436454417132296e+01 4.752156183292231439e+00 1.444228363628598011e+01 3.634957187322110173e+01 8.367487622413662507e+00 1.384112857863875767e+01
5.506500000000000000e+04 4.190897596228047206e+01 4.752156183292231439e+00 1.400176805036763739e+01 3.418602720066288470e+01 8.010164788539839265e+00 1.268309979990460690e+01
5.506700000000000000e+04 5.284114871948989389e+01 4.752156183292231439e+00 1.357617597322936476e+01 3.211577554775170995e+01 7.670155917078735897e+00 1.161678924537065605e+01
5.507000000000000000e+04 4.088331275846395840e+01 4.752156183292231439e+00 1.298242149794489109e+01 2.938584537966142918e+01 7.200455628366551508e+00 1.024468183644590624e+01
5.507400000000000000e+04 3.752683521669680999e+01 4.752156183292231439e+00 1.219704921970799916e+01 2.681341334565655643e+01 6.603708294373577203e+00 8.917591241737580887e+00
5.507900000000000000e+04 3.909756362340721125e+01 4.752156183292231439e+00 1.110854970305285683e+01 2.463771004871359693e+01 5.840457257125583723e+00 7.748194870342034690e+00
5.508300000000000000e+04 3.064187799681705116e+01 4.752156183292231439e+00 1.003192048306659601e+01 2.327370305868980793e+01 5.155149271873892936e+00 7.013954269992709989e+00
5.509100000000000000e+04 3.127072824048862998e+01 4.752156183292231439e+00 7.031757671218587191e+00 2.114879937892219175e+01 3.457107999615824934e+00 5.882837101230095733e+00
