5.497400000000000000e+04 3.693659432048459479e+00 7.355158078944295852e+00 2.872527343123094101e-01 1.361878599096895607e-18 2.872527343123094101e-01 1.361878599096895607e-18
5.497600000000000000e+04 -5.224491298623839874e+00 7.355158078944295852e+00 1.958814406946931541e+00 1.361878470464420193e-18 1.958814406946931541e+00 1.361878470464420193e-18
5.498000000000000000e+04 1.047826109568124586e+01 7.355158078944295852e+00 9.740658635389692677e+00 1.361878049372206945e-18 9.740658635389692677e+00 1.361878049372206945e-18
5.498100000000000000e+04 7.271675690607569464e+00 7.355158078944295852e+00 1.261836908227294352e+01 1.361877894807208667e-18 1.261836908227294352e+01 1.361877894807208667e-18
5.498500000000000000e+04 2.994243952288786659e+01 7.355158078944295852e+00 2.761301931683333422e+01 1.361876957650400692e-18 2.761301931683333422e+01 1.361876957650400692e-18
5.498700000000000000e+04 3.230358857756297652e+01 7.355158078944295852e+00 3.698113532148148863e+01 1.361876209984332906e-18 3.698113532148148863e+01 1.361876209984332906e-18
5.498800000000000000e+04 4.766113887196697618e+01 7.355158078944295852e+00 4.209516568424355398e+01 -1.940482729049532867e-02 4.209516568424355398e+01 -1.940482729049532867e-02
5.498900000000000000e+04 5.056279366922807128e+01 7.355158078944295852e+00 4.711547825657126509e+01 3.590659178903867210e-01 4.711547825657126509e+01 3.590659178903867210e-01
5.499300000000000000e+04 7.306365523163917430e+01 7.355158078944295852e+00 6.549985504210982867e+01 6.387348154830737812e+00 6.549985504210982867e+01 6.387348154830737812e+00
5.499500000000000000e+04 7.589817579574506112e+01 7.355158078944295852e+00 6.925870503056015082e+01 1.217582329423711585e+01 6.925870503056015082e+01 1.217582329423711585e+01
5.499700000000000000e+04 1.020428385232686281e+02 7.355158078944295852e+00 7.337964952375278926e+01 1.983239277984976923e+01 6.841287481237441170e+01 1.983239277984976923e+01
5.499900000000000000e+04 1.052363009770479749e+02 7.355158078944295852e+00 7.449275123973598056e+01 2.928193888190937244e+01 6.504780932565140006e+01 2.928193888190937244e+01
5.500000000000000000e+04 1.212844500836579584e+02 7.355158078944295852e+00 7.468023071302394555e+01 3.451627414604166688e+01 6.320798198309262261e+01 3.451627414604166688e+01
5.500200000000000000e+04 1.170393675501570243e+02 7.355158078944295852e+00 7.416903516007400299e+01 4.622641915185185724e+01 5.914124484496770862e+01 4.622641915185185724e+01
5.500300000000000000e+04 1.148404085755017690e+02 7.355158078944295852e+00 7.262984183285938400e+01 5.261895710530443893e+01 5.628475033544589223e+01 5.261895710530443893e+01
5.500500000000000000e+04 1.365177959959046348e+02 7.355158078944295852e+00 6.815857954629125004e+01 6.489662410672829651e+01 5.000629460476246635e+01 6.489662410672829651e+01
5.500700000000000000e+04 1.462478833502251234e+02 7.355158078944295852e+00 6.396091782985457996e+01 7.673977432222363859e+01 4.455343955827151348e+01 7.673977432222363859e+01
5.500900000000000000e+04 1.427894150264426969e+02 7.355158078944295852e+00 5.938955881321963659e+01 8.521019049050045169e+01 3.937777404403901471e+01 8.521019049050045169e+01
5.501000000000000000e+04 1.472648743408728365e+02 7.355158078944295852e+00 5.693698496722542046e+01 9.016617661166051789e+01 3.686434766411487374e+01 8.657338128820018142e+01
5.501300000000000000e+04 1.456648092454109360e+02 7.355158078944295852e+00 4.956863428057519627e+01 9.751815993694037843e+01 2.997981993502793685e+01 8.363478553768472068e+01
5.501600000000000000e+04 1.341630466043721981e+02 7.355158078944295852e+00 4.016516095122278784e+01 9.901343411714368870e+01 2.279133005233092391e+01 7.672486177229268378e+01
5.501700000000000000e+04 1.313326389362837006e+02 7.355158078944295852e+00 3.727386199105087883e+01 9.847017266687123538e+01 2.072381963252022885e+01 7.392655605620964820e+01
5.501800000000000000e+04 1.314422244019359596e+02 7.355158078944295852e+00 3.458992642115606486e+01 9.663388073216866303e+01 1.885112345149930135e+01 7.035593791930737950e+01
5.501900000000000000e+04 1.177137953664463907e+02 7.355158078944295852e+00 3.197782416753206647e+01 9.381920732631380133e+01 1.708947422377729097e+01 6.630332673237724350e+01
5.502000000000000000e+04 1.163631643436241063e+02 7.355158078944295852e+00 2.946425536239192411e+01 9.104271011479568187e+01 1.544652967884242400e+01 6.250786825595308471e+01
5.502200000000000000e+04 9.908981551287196510e+01 7.355158078944295852e+00 2.488790928625465071e+01 8.573752524994873170e+01 1.256901635586821442e+01 5.569179944783939362e+01
5.502300000000000000e+04 1.026751391771833823e+02 7.355158078944295852e+00 2.281093034977840972e+01 8.289117166417459259e+01 1.131270102647213349e+01 5.242958359530334889e+01
5.502400000000000000e+04 9.876808926088450846e+01 7.355158078944295852e+00 2.089841979632365110e+01 7.986304798306663599e+01 1.018094207449878574e+01 4.922221755504877194e+01
5.502500000000000000e+04 9.239416781029322578e+01 7.355158078944295852e+00 1.916205883596395410e+01 7.667784314135894874e+01 9.172838121572022274e+00 4.608043458014359572e+01
5.502800000000000000e+04 7.333345952909947130e+01 7.355158078944295852e+00 1.476191175800478916e+01 6.702363494224682938e+01 6.716370971383953226e+00 3.747477491878492373e+01
5.502900000000000000e+04 7.377806043499850830e+01 7.355158078944295852e+00 1.356504215937068558e+01 6.310622100683629299e+01 6.071543353043900915e+00 3.448427377422747497e+01
5.503100000000000000e+04 6.687112368108658700e+01 7.355158078944295852e+00 1.154884237254629475e+01 5.449976798763631791e+01 5.006434182654020404e+00 2.848916256541365399e+01
5.503300000000000000e+04 4.727369786933505225e+01 7.355158078944295852e+00 9.975039339149049056e+00 4.703355301149075984e+01 4.192249869357422831e+00 2.356390431437412758e+01
5.503400000000000000e+04 6.375454233536863313e+01 7.355158078944295852e+00 9.360276457796185667e+00 4.352475466368279200e+01 3.874767751706000407e+00 2.136184277972161283e+01
5.503500000000000000e+04 4.876385872361676377e+01 7.355158078944295852e+00 8.821647945612079766e+00 4.014166900289174578e+01 3.597735703756966164e+00 1.930816209855303001e+01
5.503700000000000000e+04 4.596535255847585688e+01 7.355158078944295852e+00 7.940737259979585794e+00 3.396776670173385071e+01 3.145344712025503142e+00 1.571127044483526802e+01
5.503800000000000000e+04 4.761669371360954273e+01 7.355158078944295852e+00 7.588186134737108901e+00 3.115942088978918179e+01 2.963093496324381348e+00 1.414087628309016509e+01
5.503900000000000000e+04 4.471165566224776455e+01 7.355158078944295852e+00 7.277762216794528172e+00 2.857026869656221635e+01 2.802157021713587159e+00 1.272617759312348085e+01
5.504000000000000000e+04 3.510329008896517422e+01 7.355158078944295852e+00 6.987950762854056030e+00 2.621711795621803276e+01 2.653484246384680389e+00 1.146604765196502740e+01
5.504100000000000000e+04 2.948874920254190357e+01 7.355158078944295852e+00 6.710550378731560350e+00 2.403089534193319565e+01 2.513503025968822246e+00 1.032254954550394999e+01
5.504300000000000000e+04 3.191770002326922651e+01 7.355158078944295852e+00 6.188922793573758518e+00 2.024146301500838874e+01 2.256754227528354306e+00 8.395463714229940422e+00
5.504400000000000000e+04 2.531870842742141647e+01 7.355158078944295852e+00 5.918551169910934995e+00 1.861307509167520990e+01 2.129971270706062736e+00 7.589429191304875921e+00
5.504500000000000000e+04 1.845450529733427913e+01 7.355158078944295852e+00 5.638441593079695835e+00 1.716135117434020430e+01 2.002998789726357476e+00 6.881055001740258525e+00
5.504600000000000000e+04 1.522362829284133845e+01 7.355158078944295852e+00 5.367481863503651418e+00 1.586726733764908737e+01 1.882468299899572761e+00 6.258042728317525949e+00
5.504700000000000000e+04 1.358631940576846375e+01 7.355158078944295852e+00 5.105406019451808497e+00 1.470694979323106999e+01 1.768044749775525615e+00 5.707004188293002933e+00
5.504900000000000000e+04 2.619399316481786144e+00 7.355158078944295852e+00 4.591423640587532162e+00 1.288360277442245483e+01 1.551051834533994978e+00 4.843459689632500620e+00
5.505000000000000000e+04 9.082128164760668199e+00 7.355158078944295852e+00 4.310990513280760439e+00 1.214910375462430281e+01 1.438675292267899364e+00 4.497169629696206705e+00
5.505100000000000000e+04 1.695921430279006614e+01 7.355158078944295852e+00 4.018782061533750394e+00 1.150539350756582380e+01 1.325106192803267691e+00 4.194456255036756787e+00
5.505300000000000000e+04 5.229958528422658404e+00 7.355158078944295852e+00 3.443175421135909797e+00 1.046712777576587605e+01 1.108770342350714921e+00 3.703866870405477130e+00
5.505400000000000000e+04 5.459128520662825501e+00 7.355158078944295852e+00 3.160262715779892151e+00 1.004398157470463993e+01 1.005908494057323077e+00 3.502696277141983838e+00
5.505500000000000000e+04 2.457861086415233132e+01 7.355158078944295852e+00 2.891345760373205565e+00 9.648732090916293913e+00 9.098004280595362037e-01 3.316855307980851375e+00
5.505700000000000000e+04 1.085081002907903525e+01 7.355158078944295852e+00 2.395330986202931278e+00 8.907957646322500977e+00 7.368888778080757707e-01 2.977258571631851591e+00
5.505800000000000000e+04 1.071911465106002126e+01 7.355158078944295852e+00 2.160839557270160416e+00 8.557329936509077584e+00 6.574095826676078502e-01 2.820942784410442883e+00
5.505900000000000000e+04 -2.924456874450456212e+00 7.355158078944295852e+00 1.937442411446422152e+00 8.187077071776428738e+00 5.830050588127172473e-01 2.662464088382578531e+00
5.506100000000000000e+04 1.505768798725133450e+01 7.355158078944295852e+00 1.529817268705894628e+00 7.431043613853563379e+00 4.505027589097987395e-01 2.353085374874466229e+00
5.506300000000000000e+04 6.749868423204669732e+00 7.355158078944295852e+00 1.184626120518386116e+00 6.720796356711362662e+00 3.415482990769190819e-01 2.073679838540994247e+00
5.506400000000000000e+04 1.338553555515421145e+01 7.355158078944295852e+00 1.039252031650214292e+00 6.364159558572298536e+00 2.965309531914898100e-01 1.938814793167494166e+00
5.506700000000000000e+04 1.490392944035497536e+01 7.355158078944295852e+00 6.865582497918558680e-01 5.172892602477817015e+00 1.899928740845295005e-01 1.518313062071563468e+00
5.506800000000000000e+04 -6.873323208252007710e+00 7.355158078944295852e+00 5.949373082042545002e-01 4.779493156995550329e+00 1.630009885761951050e-01 1.385962927938393818e+00
5.506900000000000000e+04 8.123290169066704536e+00 7.355158078944295852e+00 5.142931593994553019e-01 4.388275805325072554e+00 1.395185175518027509e-01 1.257385617571653791e+00
5.507000000000000000e+04 -1.005933018730419271e+01 7.355158078944295852e+00 4.435562508170823315e-01 4.016200264615314985e+00 1.191554736916271978e-01 1.137250535074420199e+00
5.507200000000000000e+04 9.338504906917069803e+00 7.355158078944295852e+00 3.286440098196738435e-01 3.329356061046612414e+00 8.659693020465177027e-02 9.211110972600947688e-01
5.507400000000000000e+04 1.161689799368592979e+01 7.355158078944295852e+00 2.421163625307574119e-01 2.694576506200028199e+00 6.259957145868536021e-02 7.287563235158966979e-01
5.507600000000000000e+04 -1.438502521714888793e+00 7.355158078944295852e+00 1.756845421308929622e-01 2.128907100073117675e+00 4.458659039435906163e-02 5.631284486372484244e-01
5.507800000000000000e+04 9.697877397034844194e+00 7.355158078944295852e+00 1.270387779013982810e-01 1.649464816854596005e+00 3.165759871947924908e-02 4.269353738461487691e-01
5.508000000000000000e+04 4.124467776129472796e+00 7.355158078944295852e+00 9.163479148900932625e-02 1.265731581813023254e+00 2.242927217941729015e-02 3.207225596890974639e-01
5.508200000000000000e+04 8.121476954382057301e+00 7.355158078944295852e+00 6.591207404844731665e-02 9.569703576545147694e-01 1.585148843184322476e-02 2.374910926056618965e-01
5.508300000000000000e+04 -1.503168682674068357e+01 7.355158078944295852e+00 5.588724624955546116e-02 8.294712806171127273e-01 1.332425287277213925e-02 2.037512357202438951e-01
5.508400000000000000e+04 -7.492923944848903339e+00 7.355158078944295852e+00 4.733186475171415053e-02 7.172123792897362460e-01 1.118771474028273233e-02 1.743981469397534456e-01
5.508600000000000000e+04 1.943725120022462605e+01 7.355158078944295852e+00 3.404016009327107822e-02 5.332432415997965247e-01 7.910245647124551638e-03 1.270988539148603380e-01
5.508900000000000000e+04 9.457048262076122924e+00 7.355158078944295852e+00 2.099478731194201475e-02 3.380376858769010284e-01 4.758348966942117439e-03 7.824946432335670721e-02
5.509000000000000000e+04 -9.393120289853962745e+00 7.355158078944295852e+00 1.786428141303119874e-02 2.883745679805486128e-01 4.015798901434460173e-03 6.611820886863432889e-02
5.509200000000000000e+04 -5.193280224617929264e+00 7.355158078944295852e+00 1.293188537733991512e-02 2.088979676443511457e-01 2.860340487345981557e-03 4.700145520178898584e-02
5.509300000000000000e+04 9.663959957862019223e+00 7.355158078944295852e+00 1.100347474734802815e-02 1.775199848194799201e-01 2.414419350363810127e-03 3.957199839934906482e-02
5.509500000000000000e+04 -3.259041115425532098e+00 7.355158078944295852e+00 7.961657311403233517e-03 1.280991807346970324e-01 1.719580412830072277e-03 2.803659022427161529e-02
5.509600000000000000e+04 6.542375324915263413e+00 7.355158078944295852e+00 6.774755010233220881e-03 1.086513041385609307e-01 1.451847290194205504e-03 2.356605663996549915e-02
5.509700000000000000e+04 5.296950489910908999e+00 7.355158078944295852e+00 5.763669154157030801e-03 9.217640523116836515e-02 1.225634575374692737e-03 1.981436053980403095e-02
5.509800000000000000e+04 2.790878788386350173e+00 7.355158078944295852e+00 4.900758960511665714e-03 7.817172607294504971e-02 1.034155386379047173e-03 1.665531609096517277e-02
5.510000000000000000e+04 -3.409838861310679814e+00 7.355158078944295852e+00 3.547876185099253787e-03 5.608295650192050841e-02 7.373742460977353481e-04 1.174143337211776446e-02
5.510100000000000000e+04 1.269375577006988109e+01 7.355158078944295852e+00 3.017400806735578891e-03 4.763945440980760226e-02 6.224268341795411233e-04 9.887807058905687813e-03
5.510200000000000000e+04 1.522292259380314761e+00 7.355158078944295852e+00 2.568080931493035412e-03 4.057186850935867728e-02 5.258043306838589264e-04 8.348980041024522958e-03
5.510600000000000000e+04 -2.425807813360701115e-01 7.355158078944295852e+00 1.342016160928833106e-03 2.129796892392879157e-02 2.668395524086519138e-04 4.237980086345396677e-03
5.510900000000000000e+04 5.946083022369794691e+00 7.355158078944295852e+00 8.241090216495175263e-04 1.312179327833023698e-02 1.603886617199637324e-04 2.547921024918492483e-03
5.511100000000000000e+04 -1.109717503847017284e+01 7.355158078944295852e+00 5.956966133285825256e-04 9.496896086982845736e-03 1.143196079927424701e-04 1.814809112742756881e-03
5.511200000000000000e+04 -9.338202766973163094e+00 7.355158078944295852e+00 5.061136158962683228e-04 8.080761959767271407e-03 9.645587389153405797e-05 1.532043219218365976e-03
5.511400000000000000e+04 1.375232102699966674e+01 7.355158078944295852e+00 3.658262171907596572e-04 5.849113176233492611e-03 6.876820444588222371e-05 1.091761675451888552e-03
5.511500000000000000e+04 -2.091532705700834782e+01 7.355158078944295852e+00 3.108655415704915360e-04 4.976354443352091692e-03 5.804061642466235168e-05 9.217178076221691852e-04
5.511700000000000000e+04 -3.261034140707512297e+00 7.355158078944295852e+00 2.247295495490381483e-04 3.603074176011143107e-03 4.139733072045060849e-05 6.572554133548237122e-04
5.511800000000000000e+04 6.843036312647053920e-01 7.355158078944295852e+00 1.909661222842456236e-04 3.065286124430229107e-03 3.494412016400036890e-05 5.549535845804704675e-04
5.511900000000000000e+04 1.956915741785606899e+00 7.355158078944295852e+00 1.624453023742535322e-04 2.606955420062002753e-03 2.952906681710418518e-05 4.684556010893086439e-04
5.512000000000000000e+04 1.538061995456362352e+00 7.355158078944295852e+00 1.393407997230628143e-04 2.216871442381558935e-03 2.516312410348764490e-05 3.954109412969871438e-04
