5.497500000000000000e+04 -4.514565811919396765e+00 1.343350939597965343e+01 9.676860811788584593e-01 2.279498584667664851e-18 9.676860811788584593e-01 2.279498584667664851e-18
5.497600000000000000e+04 -1.182590013415281405e+01 1.343350939597965343e+01 2.014654457448330049e+00 2.279498485609617514e-18 2.014654457448330049e+00 2.279498485609617514e-18
5.497900000000000000e+04 -6.677665353269794046e+00 1.343350939597965343e+01 7.421511495175619366e+00 2.279498072863251428e-18 7.421511495175619366e+00 2.279498072863251428e-18
5.498000000000000000e+04 1.727384681424762647e+01 1.343350939597965343e+01 1.010928248076253944e+01 2.279497885001649794e-18 1.010928248076253944e+01 2.279497885001649794e-18
5.498100000000000000e+04 4.010565164021105744e+01 1.343350939597965343e+01 1.326427468792255127e+01 2.279497664544057483e-18 1.326427468792255127e+01 2.279497664544057483e-18
5.498200000000000000e+04 1.326485113629577306e+01 1.343350939597965343e+01 1.681188057541250913e+01 2.279497405834730840e-18 1.681188057541250913e+01 2.279497405834730840e-18
5.498400000000000000e+04 2.666722101561682123e+01 1.343350939597965343e+01 2.504964300095078400e+01 2.279496745960992233e-18 2.504964300095078400e+01 2.279496745960992233e-18
5.498500000000000000e+04 3.587815895584466830e+01 1.343350939597965343e+01 2.982457128805857849e+01 2.279496327867838250e-18 2.982457128805857849e+01 2.279496327867838250e-18
5.498700000000000000e+04 3.434553108627159190e+01 1.343350939597965343e+01 4.097582893337165899e+01 2.279495261463979831e-18 4.097582893337165899e+01 2.279495261463979831e-18
5.499000000000000000e+04 4.730391092488292770e+01 1.343350939597965343e+01 6.053040193995693841e+01 1.209607601473573046e+00 6.053040193995693841e+01 1.209607601473573046e+00
5.499200000000000000e+04 9.588633375987635077e+01 1.343350939597965343e+01 7.440742163840896239e+01 4.302310410807026031e+00 7.440742163840896239e+01 4.302310410807026031e+00
5.499300000000000000e+04 9.732954518760894302e+01 1.343350939597965343e+01 8.115791156796579742e+01 6.537636875244362322e+00 8.115791156796579742e+01 6.537636875244362322e+00
5.499400000000000000e+04 9.853857652416633073e+01 1.343350939597965343e+01 8.659722275531558466e+01 9.276889368969523986e+00 8.659722275531558466e+01 9.276889368969523986e+00
5.499600000000000000e+04 1.011931419462474366e+02 1.343350939597965343e+01 9.298895886639343189e+01 1.658034335990318908e+01 9.298895886639343189e+01 1.658034335990318908e+01
5.499700000000000000e+04 1.104080198093932950e+02 1.343350939597965343e+01 1.007174840232974731e+02 2.101485071926563819e+01 9.534931745081652821e+01 2.101485071926563819e+01
5.499800000000000000e+04 1.345763078246825444e+02 1.343350939597965343e+01 1.082079103450156765e+02 2.589679503310846798e+01 9.725679520493949326e+01 2.589679503310846798e+01
5.500000000000000000e+04 1.557005267574501204e+02 1.343350939597965343e+01 1.218170292546442397e+02 3.728071411007321956e+01 9.942624000542298290e+01 3.728071411007321956e+01
5.500200000000000000e+04 1.894724423258919046e+02 1.343350939597965343e+01 1.329470305350309332e+02 5.121978616671457729e+01 9.937735874946248771e+01 5.121978616671457729e+01
5.500300000000000000e+04 1.983792577367175056e+02 1.343350939597965343e+01 1.370248230967384302e+02 5.921981088614808897e+01 9.828909195663038645e+01 5.921981088614808897e+01
5.500400000000000000e+04 2.096361266717869398e+02 1.343350939597965343e+01 1.400189892995651064e+02 6.746366186135364273e+01 9.653818898204983157e+01 6.746366186135364273e+01
5.500500000000000000e+04 2.228284507065145590e+02 1.343350939597965343e+01 1.421957083368124017e+02 7.566300242494617123e+01 9.437559456880096320e+01 7.566300242494617123e+01
5.500900000000000000e+04 2.473936830077137188e+02 1.343350939597965343e+01 1.429706504457306266e+02 1.082465284441444737e+02 8.255133116561614770e+01 1.082465284441444737e+02
5.501200000000000000e+04 2.628107259412921053e+02 1.343350939597965343e+01 1.357667735721228723e+02 1.292340811399004394e+02 7.142612246008147281e+01 1.191866468135206389e+02
5.501300000000000000e+04 2.452788151661488030e+02 1.343350939597965343e+01 1.324079406411986497e+02 1.352355737324683673e+02 6.765517379857884350e+01 1.215709940061743595e+02
5.501400000000000000e+04 2.767628349709877398e+02 1.343350939597965343e+01 1.280902633054828357e+02 1.405799246141102685e+02 6.361888512242121152e+01 1.232616612135995240e+02
5.501600000000000000e+04 2.690659591971401596e+02 1.343350939597965343e+01 1.178599088452674835e+02 1.491808602438320861e+02 5.543739832797152900e+01 1.246601990840077718e+02
5.501700000000000000e+04 2.636436776920024840e+02 1.343350939597965343e+01 1.137203392801227295e+02 1.521467362454270642e+02 5.211031447560955598e+01 1.242216984368281061e+02
5.501800000000000000e+04 2.474252365009647860e+02 1.343350939597965343e+01 1.101912322852155910e+02 1.539330041405777365e+02 4.922327896239417555e+01 1.228613649457879831e+02
5.501900000000000000e+04 2.501465464351363437e+02 1.343350939597965343e+01 1.068581916915459686e+02 1.545817751075073261e+02 4.656333247267679099e+01 1.206727362275622966e+02
5.502000000000000000e+04 2.613053213870104514e+02 1.343350939597965343e+01 1.032275071117537237e+02 1.544338635625216796e+02 4.390417961541074021e+01 1.179694932110012076e+02
5.502100000000000000e+04 2.693578000957694485e+02 1.343350939597965343e+01 9.912403252710180368e+01 1.536641426039324756e+02 4.117301454915962466e+01 1.149148538767069141e+02
5.502200000000000000e+04 2.587820357844440196e+02 1.343350939597965343e+01 9.483523463853184410e+01 1.522185760387698679e+02 3.849145005216814042e+01 1.114909368188455971e+02
5.502500000000000000e+04 2.210894597623385209e+02 1.343350939597965343e+01 8.258936107957680406e+01 1.428326763963881376e+02 3.137059333747742329e+01 9.853247543900947392e+01
5.502900000000000000e+04 1.868635475578674061e+02 1.343350939597965343e+01 6.762269535468655590e+01 1.242158732015274012e+02 2.366167303078713857e+01 7.952360640302650552e+01
5.503100000000000000e+04 1.894060505881056429e+02 1.343350939597965343e+01 6.086013041006714985e+01 1.121359974679043745e+02 2.048817721261307412e+01 6.929674790996440947e+01
5.503200000000000000e+04 1.485826943702923302e+02 1.343350939597965343e+01 5.772802842771708498e+01 1.072365134014950030e+02 1.907229695642826428e+01 6.513789309451193787e+01
5.503300000000000000e+04 1.623409961137315918e+02 1.343350939597965343e+01 5.524021432341789506e+01 1.030243228682909944e+02 1.791710107470335345e+01 6.152909870299270523e+01
5.503400000000000000e+04 1.438224490886869660e+02 1.343350939597965343e+01 5.310459495209928349e+01 9.909259191841529457e+01 1.691552365168480421e+01 5.820416559084598873e+01
5.503500000000000000e+04 1.314137181630733835e+02 1.343350939597965343e+01 5.103131934304351347e+01 9.497571655303728733e+01 1.596874529619285887e+01 5.488022451926343592e+01
5.503600000000000000e+04 1.499525838046252204e+02 1.343350939597965343e+01 4.918220338091001054e+01 9.051372585950880989e+01 1.512367877641758973e+01 5.146626818644953261e+01
5.503700000000000000e+04 1.127267597745480003e+02 1.343350939597965343e+01 4.746711253334140679e+01 8.597065369151752634e+01 1.434788638676704053e+01 4.811431256521017019e+01
5.503900000000000000e+04 1.448011176865872187e+02 1.343350939597965343e+01 4.386177472490541618e+01 7.735986793960950081e+01 1.282170619571031622e+01 4.197496903939745039e+01
5.504000000000000000e+04 9.171381902065482450e+01 1.343350939597965343e+01 4.210760137553040039e+01 7.337189649219251919e+01 1.210962883225882791e+01 3.921324167184678089e+01
5.504200000000000000e+04 1.096736269067284439e+02 1.343350939597965343e+01 3.882523868853088089e+01 6.578584395842709398e+01 1.081543224929825442e+01 3.413368129425988684e+01
5.504400000000000000e+04 9.968934181839736652e+01 1.343350939597965343e+01 3.570367595803113403e+01 5.866616057070785928e+01 9.643386980885679804e+00 2.957709128848392055e+01
5.504500000000000000e+04 6.803067643549651677e+01 1.343350939597965343e+01 3.413110679970237271e+01 5.537150250498808646e+01 9.080561577061848411e+00 2.752609987322931318e+01
5.504600000000000000e+04 8.603998045455486476e+01 1.343350939597965343e+01 3.250850858516157871e+01 5.223716882570860776e+01 8.521234229400151960e+00 2.561022151576634798e+01
5.504700000000000000e+04 1.070967198115302921e+02 1.343350939597965343e+01 3.081572720243602603e+01 4.929711955812796020e+01 7.960046289989414880e+00 2.384037119553533302e+01
5.504800000000000000e+04 8.574628125112916166e+01 1.343350939597965343e+01 2.909972381117184170e+01 4.694056517808844831e+01 7.409034476823465276e+00 2.239637634337918826e+01
5.505000000000000000e+04 5.525394000749510326e+01 1.343350939597965343e+01 2.540556463125815156e+01 4.295792093992081817e+01 6.288194800073795498e+00 1.996093162024107315e+01
5.505200000000000000e+04 6.749692963559080283e+01 1.343350939597965343e+01 2.146071697922408106e+01 3.960554688487206931e+01 5.167770414954748759e+00 1.793485798345880156e+01
5.505400000000000000e+04 6.207626059510337768e+01 1.343350939597965343e+01 1.773266531917983002e+01 3.629344210023251094e+01 4.157327640826142812e+00 1.602713274463789261e+01
5.505600000000000000e+04 7.508720636068714782e+01 1.343350939597965343e+01 1.451534822466905972e+01 3.320486611386090203e+01 3.315520380235053022e+00 1.430812518372081854e+01
5.505800000000000000e+04 3.180617608655244766e+01 1.343350939597965343e+01 1.180950317363293145e+01 3.035901958395069400e+01 2.629827455937498115e+00 1.277252706632618029e+01
5.506000000000000000e+04 4.955838622530150417e+01 1.343350939597965343e+01 9.482079038675969684e+00 2.761739296643647990e+01 2.059888564189253035e+00 1.135070197132731273e+01
5.506100000000000000e+04 3.307127047787416529e+01 1.343350939597965343e+01 8.461461567555799590e+00 2.621557710674956354e+01 1.815959130283463896e+00 1.065154278675018951e+01
5.506200000000000000e+04 2.520572419016886911e+01 1.343350939597965343e+01 7.530249544187156197e+00 2.476867903708831520e+01 1.596812745279095003e+00 9.950057862486769267e+00
5.506400000000000000e+04 3.864545661645920660e+01 1.343350939597965343e+01 5.899906667583375786e+00 2.182891438111474969e+01 1.221917543613490142e+00 8.575491801655763524e+00
5.506500000000000000e+04 1.245151204378383269e+01 1.343350939597965343e+01 5.192616570419675170e+00 2.022912267183740198e+01 1.063036946060080368e+00 7.860243500092245483e+00
5.506700000000000000e+04 3.664322720488654284e+01 1.343350939597965343e+01 3.993015087425249465e+00 1.698775329655999400e+01 7.990344961129509649e-01 6.459713018693435949e+00
5.506800000000000000e+04 4.007483881931053560e+01 1.343350939597965343e+01 3.486116736920612524e+00 1.544980928624988437e+01 6.898283870746817481e-01 5.812788022969217927e+00
5.506900000000000000e+04 5.373947260623618050e+00 1.343350939597965343e+01 3.030619326182967477e+00 1.395822755407377613e+01 5.930877954916861095e-01 5.196659551032679403e+00
5.507100000000000000e+04 1.702098861662700813e+01 1.343350939597965343e+01 2.269430188555907613e+00 1.136477498335070280e+01 4.345486239456022304e-01 4.144400475293815944e+00
5.507300000000000000e+04 2.710682607783153486e+01 1.343350939597965343e+01 1.685630494679967395e+00 9.199136440869368769e+00 3.159510589642119949e-01 3.287284319921872644e+00
5.507400000000000000e+04 2.205255257275151948e+01 1.343350939597965343e+01 1.449856070823029031e+00 8.234298647726214782e+00 2.689201451984696289e-01 2.913249123554294773e+00
5.507500000000000000e+04 1.016452776800886859e+00 1.343350939597965343e+01 1.242585496790556077e+00 7.350197369168302686e+00 2.280935985444418612e-01 2.574860705236566183e+00
5.507800000000000000e+04 1.426095047295818574e+01 1.343350939597965343e+01 7.756789375626312877e-01 5.141967655947325078e+00 1.381047141620609098e-01 1.749623211387704602e+00
5.508000000000000000e+04 -2.000698828676644325e+01 1.343350939597965343e+01 5.643124509315549098e-01 3.979877446430683197e+00 9.849760017656127020e-02 1.328796182575100682e+00
5.508100000000000000e+04 1.036058200714584743e+01 1.343350939597965343e+01 4.812805878463328191e-01 3.486432578737511445e+00 8.318738014801362046e-02 1.153225912522330976e+00
5.508200000000000000e+04 8.962876942102264266e+00 1.343350939597965343e+01 4.099367083052468108e-01 3.047617447486808739e+00 7.017301316464903682e-02 9.987931201411885951e-01
5.508400000000000000e+04 1.604215271844579149e+01 1.343350939597965343e+01 2.969128366737277536e-01 2.303775405613018190e+00 4.986444254227592049e-02 7.413597443646077201e-01
5.508500000000000000e+04 6.790055394533892397e+00 1.343350939597965343e+01 2.526154639548865433e-01 1.991531554007924143e+00 4.202762805578161287e-02 6.351357169307066952e-01
5.508800000000000000e+04 -1.216398337766068316e+00 1.343350939597965343e+01 1.568669336761179534e-01 1.271663518448582497e+00 2.538464199561750803e-02 3.949388237052650075e-01
5.508900000000000000e+04 2.626348316099621272e+00 1.343350939597965343e+01 1.338010944307850836e-01 1.091815789505786949e+00 2.145658115601357940e-02 3.361501814980870639e-01
5.509000000000000000e+04 -8.274158320119036958e+00 1.343350939597965343e+01 1.141301762307426332e-01 9.340717977393075966e-01 1.813835800367798873e-02 2.851169981805523612e-01
5.509100000000000000e+04 1.246893151019852297e+01 1.343350939597965343e+01 9.737816523216560882e-02 7.971332833657648331e-01 1.533876746194622574e-02 2.412484968723941914e-01
5.509300000000000000e+04 1.007568991218078835e+01 1.343350939597965343e+01 7.076601919782882222e-02 5.801088518377367498e-01 1.095262713745783802e-02 1.726308927025761164e-01
5.509500000000000000e+04 1.829123731523555918e+01 1.343350939597965343e+01 5.147209957729510788e-02 4.206586259540490147e-01 7.830004347216196550e-03 1.231220002207015773e-01
5.509600000000000000e+04 1.767420040699015704e+00 1.343350939597965343e+01 4.386956887788717036e-02 3.581944604948281707e-01 6.616827885050855125e-03 1.039842251850170152e-01
5.509700000000000000e+04 -8.600958544339464495e+00 1.343350939597965343e+01 3.739503886430139978e-02 3.046210501477414345e-01 5.592785077591702451e-03 8.771626645581130644e-02
5.509800000000000000e+04 4.082337921994311003e+00 1.343350939597965343e+01 3.189839657044741400e-02 2.588650788371645306e-01 4.730874821351913062e-03 7.394243732673441705e-02
5.509900000000000000e+04 -3.912056003539631011e+00 1.343350939597965343e+01 2.718509534479339115e-02 2.199645221646146509e-01 3.998454947828823484e-03 6.233055317784489541e-02
5.510100000000000000e+04 -7.699042602174736238e+00 1.343350939597965343e+01 1.974694033089585687e-02 1.590310262013903686e-01 2.857113554350843541e-03 4.435764426012227257e-02
5.510400000000000000e+04 9.194783513505960570e+00 1.343350939597965343e+01 1.222710364858446176e-02 9.841865568998979519e-02 1.726894476100850886e-03 2.682072644501697772e-02
5.510700000000000000e+04 -4.348537192800011297e+01 1.343350939597965343e+01 7.521370973878796495e-03 6.083392774032592154e-02 1.037530654529236849e-03 1.620595869261173133e-02
5.510800000000000000e+04 -1.736548778018432770e+00 1.343350939597965343e+01 6.398173033286751882e-03 5.177717571393973539e-02 8.757902202812570909e-04 1.369078392182229709e-02
5.510900000000000000e+04 -1.266920537053349172e+01 1.343350939597965343e+01 5.438738439436972306e-03 4.408570623764091617e-02 7.387683124515371895e-04 1.157105150594250030e-02
5.511000000000000000e+04 -9.557605161093226664e-01 1.343350939597965343e+01 4.622271847984409966e-03 3.756542460631310393e-02 6.230988444615148105e-04 9.787505434020245254e-03
5.511100000000000000e+04 3.234438541888199126e+01 1.343350939597965343e+01 3.930534049939267416e-03 3.197747496147952673e-02 5.258591276927242816e-04 8.271034856313568689e-03
5.511400000000000000e+04 -2.740097791229299062e+01 1.343350939597965343e+01 2.415711267348778172e-03 1.974487033924720789e-02 3.160519228810185948e-04 4.998068684786028705e-03
