5.497500000000000000e+04 -4.052669361053991004e+00 1.230169523755297156e+01 9.676860811788584593e-01 2.279498969297296478e-18 9.676860811788584593e-01 2.279498969297296478e-18
5.497600000000000000e+04 -1.065979117591292535e+01 1.230169523755297156e+01 2.014654457448330049e+00 2.279498936976645219e-18 2.014654457448330049e+00 2.279498936976645219e-18
5.497900000000000000e+04 -5.489766680715326252e+00 1.230169523755297156e+01 7.421511495175619366e+00 2.279498802305776228e-18 7.421511495175619366e+00 2.279498802305776228e-18
5.498000000000000000e+04 1.667021040677065713e+01 1.230169523755297156e+01 1.010928248076253944e+01 2.279498741010288571e-18 1.010928248076253944e+01 2.279498741010288571e-18
5.498100000000000000e+04 3.784418372659500562e+01 1.230169523755297156e+01 1.326427468792255127e+01 2.279498669079372028e-18 1.326427468792255127e+01 2.279498669079372028e-18
5.498200000000000000e+04 1.356369919015949677e+01 1.230169523755297156e+01 1.681188057541250913e+01 2.279498584667664851e-18 1.681188057541250913e+01 2.279498584667664851e-18
5.498400000000000000e+04 2.653093513190674102e+01 1.230169523755297156e+01 2.504964300095078400e+01 2.279498369363932715e-18 2.504964300095078400e+01 2.279498369363932715e-18
5.498500000000000000e+04 3.536812572255360010e+01 1.230169523755297156e+01 2.982457128805857849e+01 2.279498232948373031e-18 2.982457128805857849e+01 2.279498232948373031e-18
5.498700000000000000e+04 3.490415391197785766e+01 1.230169523755297156e+01 4.097582893337165899e+01 2.279497885001649794e-18 4.097582893337165899e+01 2.279497885001649794e-18
5.499000000000000000e+04 4.731058868302970666e+01 1.230169523755297156e+01 6.053040193995693841e+01 2.279497102236597885e-18 6.053040193995693841e+01 2.279497102236597885e-18
5.499200000000000000e+04 9.013684224123464617e+01 1.230169523755297156e+01 7.440742163840896239e+01 2.279496327867838250e-18 7.440742163840896239e+01 2.279496327867838250e-18
5.499300000000000000e+04 8.998021468889410812e+01 1.230169523755297156e+01 8.115791156796579742e+01 2.279495837231172164e-18 8.115791156796579742e+01 2.279495837231172164e-18
5.499400000000000000e+04 8.903719789900053172e+01 1.230169523755297156e+01 8.659722275531558466e+01 2.279495261463979831e-18 8.659722275531558466e+01 2.279495261463979831e-18
5.499600000000000000e+04 8.570601991529579777e+01 1.230169523755297156e+01 9.298895886639343189e+01 3.875042658400934537e-01 9.298895886639343189e+01 3.875042658400934537e-01
5.499700000000000000e+04 9.268200672633346926e+01 1.230169523755297156e+01 1.018426059692171179e+02 1.209607601473573046e+00 9.534931745081652821e+01 1.209607601473573046e+00
5.499800000000000000e+04 1.134533572850225909e+02 1.230169523755297156e+01 1.105031707118522633e+02 2.518318071810412118e+00 9.725679520493949326e+01 2.518318071810412118e+00
5.500000000000000000e+04 1.299365939165097643e+02 1.230169523755297156e+01 1.265099477829001842e+02 6.537636875244362322e+00 9.942624000542298290e+01 6.537636875244362322e+00
5.500200000000000000e+04 1.574781611108541313e+02 1.230169523755297156e+01 1.399829475344928369e+02 1.263660310095317385e+01 9.937735874946248771e+01 1.263660310095317385e+01
5.500300000000000000e+04 1.636786206411111948e+02 1.230169523755297156e+01 1.451435020923561012e+02 1.658034335990318908e+01 9.828909195663038645e+01 1.658034335990318908e+01
5.500400000000000000e+04 1.721190836865695530e+02 1.230169523755297156e+01 1.491321943394705443e+02 2.101485071926563819e+01 9.653818898204983157e+01 2.101485071926563819e+01
5.500500000000000000e+04 1.826662157025755846e+02 1.230169523755297156e+01 1.522183964800190665e+02 2.589679503310846798e+01 9.437559456880096320e+01 2.589679503310846798e+01
5.500900000000000000e+04 2.033524561264058264e+02 1.230169523755297156e+01 1.556340246465361190e+02 5.121978616671457729e+01 8.255133116561614770e+01 5.121978616671457729e+01
5.501200000000000000e+04 2.229094241788254749e+02 1.230169523755297156e+01 1.492520254925862560e+02 7.566300242494617123e+01 7.142612246008147281e+01 7.566300242494617123e+01
5.501300000000000000e+04 2.096733416227372402e+02 1.230169523755297156e+01 1.459795685051935550e+02 8.417417817184538364e+01 6.765517379857884350e+01 8.417417817184538364e+01
5.501400000000000000e+04 2.420230083964229095e+02 1.230169523755297156e+01 1.416029145054851313e+02 9.300927704801119944e+01 6.361888512242121152e+01 9.300927704801119944e+01
5.501600000000000000e+04 2.410442249564650012e+02 1.230169523755297156e+01 1.309431348506687414e+02 1.082465284441444737e+02 5.543739832797152900e+01 1.082465284441444737e+02
5.501700000000000000e+04 2.395652628349681947e+02 1.230169523755297156e+01 1.266332752071787695e+02 1.149680574092509744e+02 5.211031447560955598e+01 1.129241306445840110e+02
5.501800000000000000e+04 2.281214862507162877e+02 1.230169523755297156e+01 1.229695955038530997e+02 1.204439489716960878e+02 4.922327896239417555e+01 1.162361985829917899e+02
5.501900000000000000e+04 2.348120466232878130e+02 1.230169523755297156e+01 1.194954801246304612e+02 1.256584817354948314e+02 4.656333247267679099e+01 1.191866468135206389e+02
5.502000000000000000e+04 2.493708414968770342e+02 1.230169523755297156e+01 1.156611707788380699e+02 1.303727339722213969e+02 4.390417961541074021e+01 1.215709940061743595e+02
5.502100000000000000e+04 2.608604968724440027e+02 1.230169523755297156e+01 1.112700718191038618e+02 1.344168415534302881e+02 4.117301454915962466e+01 1.232616612135995240e+02
5.502200000000000000e+04 2.551644099557087486e+02 1.230169523755297156e+01 1.066444115145370404e+02 1.377799120875149299e+02 3.849145005216814042e+01 1.242828000067787144e+02
5.502500000000000000e+04 2.322323145945522640e+02 1.230169523755297156e+01 9.332437811966158847e+01 1.428754812954568365e+02 3.137059333747742329e+01 1.228613649457879831e+02
5.502900000000000000e+04 2.100054447870363390e+02 1.230169523755297156e+01 7.683655083287507637e+01 1.377247542523199684e+02 2.366167303078713857e+01 1.114909368188455971e+02
5.503100000000000000e+04 2.155541062178115226e+02 1.230169523755297156e+01 6.932174759887634252e+01 1.312050219713511865e+02 2.048817721261307412e+01 1.031891639570201704e+02
5.503200000000000000e+04 1.778957936789994392e+02 1.230169523755297156e+01 6.582994017480780258e+01 1.270674803261466081e+02 1.907229695642826428e+01 9.853247543900947392e+01
5.503300000000000000e+04 1.895592806909275794e+02 1.230169523755297156e+01 6.306282065263337699e+01 1.227634552196028892e+02 1.791710107470335345e+01 9.387738412449559178e+01
5.503400000000000000e+04 1.713913166359527338e+02 1.230169523755297156e+01 6.068951575751473371e+01 1.183709414469700363e+02 1.691552365168480421e+01 8.928265307510184812e+01
5.503500000000000000e+04 1.586685848301615920e+02 1.230169523755297156e+01 5.838013592835147136e+01 1.136522350848876215e+02 1.596874529619285887e+01 8.456896724822354372e+01
5.503600000000000000e+04 1.740242318037029747e+02 1.230169523755297156e+01 5.632057976337910787e+01 1.083111519209221143e+02 1.512367877641758973e+01 7.952360640302650552e+01
5.503700000000000000e+04 1.378356857769357191e+02 1.230169523755297156e+01 5.440861996725928407e+01 1.023931067677427365e+02 1.434788638676704053e+01 7.419252718480018416e+01
5.503900000000000000e+04 1.642151387380060044e+02 1.230169523755297156e+01 5.036750844860882381e+01 9.225479798975726453e+01 1.282170619571031622e+01 6.513789309451193787e+01
5.504000000000000000e+04 1.148889119606255917e+02 1.230169523755297156e+01 4.839492066523916947e+01 8.825733917957275310e+01 1.210962883225882791e+01 6.152909870299270523e+01
5.504200000000000000e+04 1.300387229492127119e+02 1.230169523755297156e+01 4.469585531344996809e+01 8.070685817802880990e+01 1.081543224929825442e+01 5.488022451926343592e+01
5.504400000000000000e+04 1.185356572540109994e+02 1.230169523755297156e+01 4.116569034400478699e+01 7.249864617325869176e+01 9.643386980885679804e+00 4.811431256521017019e+01
5.504500000000000000e+04 8.824232411771404827e+01 1.230169523755297156e+01 3.938148750355953354e+01 6.852369361837645556e+01 9.080561577061848411e+00 4.493651624262341926e+01
5.504600000000000000e+04 1.034886680710383473e+02 1.230169523755297156e+01 3.753603678050766490e+01 6.476737722779027706e+01 8.521234229400151960e+00 4.197496903939745039e+01
5.504700000000000000e+04 1.215322740398871844e+02 1.230169523755297156e+01 3.560608305975165422e+01 6.121579157392001491e+01 7.960046289989414880e+00 3.921324167184678089e+01
5.504800000000000000e+04 1.003409754128255003e+02 1.230169523755297156e+01 3.364590736615071620e+01 5.780683525031466274e+01 7.409034476823465276e+00 3.660513883631880816e+01
5.505000000000000000e+04 6.876388848531868803e+01 1.230169523755297156e+01 2.941240235786517232e+01 5.135651247414427445e+01 6.288194800073795498e+00 3.179182399043226326e+01
5.505200000000000000e+04 7.622654877737913637e+01 1.230169523755297156e+01 2.487557966942617327e+01 4.546210655062554196e+01 5.167770414954748759e+00 2.752609987322931318e+01
5.505400000000000000e+04 6.818762206630515266e+01 1.230169523755297156e+01 2.057794035656124265e+01 4.023777850382453636e+01 4.157327640826142812e+00 2.384037119553533302e+01
5.505600000000000000e+04 7.837692955826761931e+01 1.230169523755297156e+01 1.686273665387547638e+01 3.645295346938075909e+01 3.315520380235053022e+00 2.114440456460600615e+01
5.505800000000000000e+04 3.752007182449827383e+01 1.230169523755297156e+01 1.373348494039680290e+01 3.327587422781280679e+01 2.629827455937498115e+00 1.890459847052198938e+01
5.506000000000000000e+04 5.295502588641893027e+01 1.230169523755297156e+01 1.103770688235169217e+01 3.050810632480640905e+01 2.059888564189253035e+00 1.698291378579737554e+01
5.506100000000000000e+04 3.746505725968408029e+01 1.230169523755297156e+01 9.854302220483216246e+00 2.908123236514546051e+01 1.815959130283463896e+00 1.602713274463789261e+01
5.506200000000000000e+04 3.001839928118040035e+01 1.230169523755297156e+01 8.773847310210515005e+00 2.774013224749691275e+01 1.596812745279095003e+00 1.513703604032353489e+01
5.506400000000000000e+04 4.214209874844097214e+01 1.230169523755297156e+01 6.880373304578839111e+00 2.526484973436072323e+01 1.221917543613490142e+00 1.351929031162281980e+01
5.506500000000000000e+04 1.828117659447912047e+01 1.230169523755297156e+01 6.058141251901791868e+00 2.410048132145086441e+01 1.063036946060080368e+00 1.277252706632618029e+01
5.506700000000000000e+04 4.083383002120338290e+01 1.230169523755297156e+01 4.662446188268678959e+00 2.182853496105955315e+01 7.990344961129509649e-01 1.135070197132731273e+01
5.506800000000000000e+04 4.410686468073899391e+01 1.230169523755297156e+01 4.072194934579261627e+00 2.067677485763946876e+01 6.898283870746817481e-01 1.065154278675018951e+01
5.506900000000000000e+04 1.240034463891136696e+01 1.230169523755297156e+01 3.541505153219504987e+00 1.949514836997032674e+01 5.930877954916861095e-01 9.950057862486769267e+00
5.507100000000000000e+04 2.286783621582063475e+01 1.230169523755297156e+01 2.654005720747765196e+00 1.711239389020407842e+01 4.345486239456022304e-01 8.575491801655763524e+00
5.507300000000000000e+04 3.134453812785594806e+01 1.230169523755297156e+01 1.972703626854850123e+00 1.451653334241933635e+01 3.159510589642119949e-01 7.145018133789109882e+00
5.507400000000000000e+04 2.626481251149701279e+01 1.230169523755297156e+01 1.697370172463700699e+00 1.324111974571780515e+01 2.689201451984696289e-01 6.459713018693435949e+00
5.507500000000000000e+04 6.537477541772860334e+00 1.230169523755297156e+01 1.455214349353684655e+00 1.202026435269804416e+01 2.280935985444418612e-01 5.812788022969217927e+00
5.507800000000000000e+04 1.734491081600177509e+01 1.230169523755297156e+01 9.093090589858411343e-01 8.795246688668537871e+00 1.381047141620609098e-01 4.144400475293815944e+00
5.508000000000000000e+04 -1.472544875683389165e+01 1.230169523755297156e+01 6.619432722265623514e-01 7.095274476119371343e+00 9.849760017656127020e-02 3.287284319921872644e+00
5.508100000000000000e+04 1.275965438071238012e+01 1.230169523755297156e+01 5.647175301347903131e-01 6.340686717415922935e+00 8.318738014801362046e-02 2.913249123554294773e+00
5.508200000000000000e+04 1.117342012806869178e+01 1.230169523755297156e+01 4.811482820647324798e-01 5.650789303712168810e+00 7.017301316464903682e-02 2.574860705236566183e+00
5.508400000000000000e+04 1.711038449197302569e+01 1.230169523755297156e+01 3.486920738096270234e-01 4.452712340210757347e+00 4.986444254227592049e-02 1.996015931598868809e+00
5.508500000000000000e+04 8.394382243216671924e+00 1.230169523755297156e+01 2.967528789390683208e-01 3.934727640089808798e+00 4.202762805578161287e-02 1.749623211387704602e+00
5.508800000000000000e+04 4.184489542996936429e-01 1.230169523755297156e+01 1.844245010265603002e-01 2.656109921721433231e+00 2.538464199561750803e-02 1.153225912522330976e+00
5.508900000000000000e+04 3.758561551102635345e+00 1.230169523755297156e+01 1.573475465913943550e-01 2.318498469783740745e+00 2.145658115601357940e-02 9.987931201411885951e-01
5.509000000000000000e+04 -6.385443088671800993e+00 1.230169523755297156e+01 1.342492429284222466e-01 2.017230660903138517e+00 1.813835800367798873e-02 8.622854838433522406e-01
5.509100000000000000e+04 1.246156837342849322e+01 1.230169523755297156e+01 1.145729235570073085e-01 1.747755597339562428e+00 1.533876746194622574e-02 7.413597443646077201e-01
5.509300000000000000e+04 1.001427181212606143e+01 1.230169523755297156e+01 8.330239621936307015e-02 1.300223801423234793e+00 1.095262713745783802e-02 5.431857799320026770e-01
5.509500000000000000e+04 1.733807344360934977e+01 1.230169523755297156e+01 6.061911065571305712e-02 9.596618477214232668e-01 7.830004347216196550e-03 3.949388237052650075e-01
5.509600000000000000e+04 2.124893671132490169e+00 1.230169523755297156e+01 5.167742578224718275e-02 8.228956443073172089e-01 6.616827885050855125e-03 3.361501814980870639e-01
5.509700000000000000e+04 -7.442314182030221659e+00 1.230169523755297156e+01 4.406052011977518168e-02 7.031270292130602506e-01 5.592785077591702451e-03 2.851169981805523612e-01
5.509800000000000000e+04 4.109024723060171524e+00 1.230169523755297156e+01 3.759247750542656780e-02 5.993095159304017150e-01 4.730874821351913062e-03 2.412484968723941914e-01
5.509900000000000000e+04 -3.266111739488585464e+00 1.230169523755297156e+01 3.204481748838453048e-02 5.106232988494704417e-01 3.998454947828823484e-03 2.040615828835353474e-01
5.510100000000000000e+04 -6.820573839446180564e+00 1.230169523755297156e+01 2.328690402473654678e-02 3.702294034688812241e-01 2.857113554350843541e-03 1.458457370371799289e-01
5.510400000000000000e+04 8.560630022132148298e+00 1.230169523755297156e+01 1.442785796892738850e-02 2.274307356666276092e-01 1.726894476100850886e-03 8.771626645581130644e-02
5.510700000000000000e+04 -3.973624830900273963e+01 1.230169523755297156e+01 8.880328625181187902e-03 1.390641677830743717e-01 1.037530654529236849e-03 5.253453506972701609e-02
5.510800000000000000e+04 -1.517735531686438488e+00 1.230169523755297156e+01 7.555617388410459760e-03 1.182219934820779167e-01 8.757902202812570909e-04 4.435764426012227257e-02
5.510900000000000000e+04 -1.154004441234925160e+01 1.230169523755297156e+01 6.423812107259851273e-03 1.006697931284061820e-01 7.387683124515371895e-04 3.751715914299787180e-02
5.511000000000000000e+04 -8.226899761839151504e-01 1.230169523755297156e+01 5.460464413554038179e-03 8.571758985870144010e-02 6.230988444615148105e-04 3.173080249452188417e-02
5.511100000000000000e+04 2.966397269051878993e+01 1.230169523755297156e+01 4.644124886218293537e-03 7.293896556722366531e-02 5.258591276927242816e-04 2.682072644501697772e-02
5.511400000000000000e+04 -2.506484752499444113e+01 1.230169523755297156e+01 2.855781964768307722e-03 4.495208822156641915e-02 3.160519228810185948e-04 1.620595869261173133e-02
