5.497400000000000000e+04 2.511490266598778831e+00 4.802602891181585676e+00 2.872527343123094101e-01 8.716024504912307401e-19 2.872527343123094101e-01 8.716024504912307401e-19
5.497600000000000000e+04 -2.731576252170898833e+00 4.802602891181585676e+00 1.958814406946931541e+00 8.716024236303062206e-19 1.958814406946931541e+00 8.716024236303062206e-19
5.498000000000000000e+04 1.022228141906306753e+01 4.802602891181585676e+00 9.740658635389692677e+00 8.716023356981633868e-19 9.740658635389692677e+00 8.716023356981633868e-19
5.498100000000000000e+04 9.127207523885440210e+00 4.802602891181585676e+00 1.261836908227294352e+01 8.716023034220134351e-19 1.261836908227294352e+01 8.716023034220134351e-19
5.498500000000000000e+04 2.913403084320695058e+01 4.802602891181585676e+00 2.761301931683333422e+01 8.716021077255084616e-19 2.761301931683333422e+01 8.716021077255084616e-19
5.498700000000000000e+04 3.392689783605079867e+01 4.802602891181585676e+00 3.698113532148148863e+01 8.716019515982127606e-19 3.698113532148148863e+01 8.716019515982127606e-19
5.498800000000000000e+04 4.574217806865964775e+01 4.802602891181585676e+00 4.209516568424355398e+01 8.716018526766135158e-19 4.209516568424355398e+01 8.716018526766135158e-19
5.498900000000000000e+04 4.913197277552850295e+01 4.802602891181585676e+00 4.711547825657126509e+01 8.716017365910701769e-19 4.711547825657126509e+01 8.716017365910701769e-19
5.499300000000000000e+04 6.626802778327147792e+01 4.802602891181585676e+00 6.549985504210982867e+01 8.716010327425725717e-19 6.549985504210982867e+01 8.716010327425725717e-19
5.499500000000000000e+04 6.563128509716364078e+01 4.802602891181585676e+00 6.925870503056015082e+01 -1.241908946591701104e-02 6.925870503056015082e+01 -1.241908946591701104e-02
5.499700000000000000e+04 8.018371332135421881e+01 4.802602891181585676e+00 7.366698359796477291e+01 7.505983906838168407e-01 6.841287481237441170e+01 7.505983906838168407e-01
5.499900000000000000e+04 7.867410215202515644e+01 4.802602891181585676e+00 7.503915283807144476e+01 2.680580088357593205e+00 6.504780932565140006e+01 2.680580088357593205e+00
5.500000000000000000e+04 8.732472733358295613e+01 4.802602891181585676e+00 7.534391452384639365e+01 4.087902819091672413e+00 6.320798198309262261e+01 4.087902819091672413e+00
5.500200000000000000e+04 8.063955759616311525e+01 4.802602891181585676e+00 7.503841145929503398e+01 7.792526908311754319e+00 5.914124484496770862e+01 7.792526908311754319e+00
5.500300000000000000e+04 7.687388823171210106e+01 4.802602891181585676e+00 7.357542563849486328e+01 1.009469526581835552e+01 5.628475033544589223e+01 1.009469526581835552e+01
5.500500000000000000e+04 8.705044037973517845e+01 4.802602891181585676e+00 6.920871173299124735e+01 1.558080429699700353e+01 5.000629460476246635e+01 1.558080429699700353e+01
5.500700000000000000e+04 9.079615799035777002e+01 4.802602891181585676e+00 6.508366450672302506e+01 2.209041545346666879e+01 4.455343955827151348e+01 2.209041545346666879e+01
5.500900000000000000e+04 8.895010295788095789e+01 4.802602891181585676e+00 6.054726537011438836e+01 2.958490825718519801e+01 3.937777404403901471e+01 2.958490825718519801e+01
5.501000000000000000e+04 9.187993596657915418e+01 4.802602891181585676e+00 5.809821191864504186e+01 3.367613254739485029e+01 3.686434766411487374e+01 3.367613254739485029e+01
5.501300000000000000e+04 9.512356260096660776e+01 4.802602891181585676e+00 5.070187147411923689e+01 4.535018634951246952e+01 2.997981993502793685e+01 4.535018634951246952e+01
5.501600000000000000e+04 9.242984240280571839e+01 4.802602891181585676e+00 4.117025860653058089e+01 5.453452191392029391e+01 2.279133005233092391e+01 5.453452191392029391e+01
5.501700000000000000e+04 9.198230810900744814e+01 4.802602891181585676e+00 3.823130245807331562e+01 5.663145792938843925e+01 2.072381963252022885e+01 5.540696402444812918e+01
5.501800000000000000e+04 9.343978983491963675e+01 4.802602891181585676e+00 3.550043568386348625e+01 5.779673705181703980e+01 1.885112345149930135e+01 5.535025574776578594e+01
5.501900000000000000e+04 8.592004575609672656e+01 4.802602891181585676e+00 3.283913366841044734e+01 5.835891872994788798e+01 1.708947422377729097e+01 5.473029984989954499e+01
5.502000000000000000e+04 8.582745805632617930e+01 4.802602891181585676e+00 3.027519817053115148e+01 5.825798437069828140e+01 1.544652967884242400e+01 5.352626274411823459e+01
5.502200000000000000e+04 7.533979616801980228e+01 4.802602891181585676e+00 2.560057251363238251e+01 5.727148831524058181e+01 1.256901635586821442e+01 5.056638558647409809e+01
5.502300000000000000e+04 7.819992685995291026e+01 4.802602891181585676e+00 2.347611717013496602e+01 5.670028664861848000e+01 1.131270102647213349e+01 4.910391153426733268e+01
5.502400000000000000e+04 7.589478200413932996e+01 4.802602891181585676e+00 2.151843916866063111e+01 5.567793354684641827e+01 1.018094207449878574e+01 4.731299587597417400e+01
5.502500000000000000e+04 7.147386069568953815e+01 4.802602891181585676e+00 1.973994763762299343e+01 5.398382974173287607e+01 9.172838121572022274e+00 4.502780026835672089e+01
5.502800000000000000e+04 5.750814143159672653e+01 4.802602891181585676e+00 1.522735626632169925e+01 4.779963572552300377e+01 6.716370971383953226e+00 3.778030013082754124e+01
5.502900000000000000e+04 5.799232720496269877e+01 4.802602891181585676e+00 1.399855035477801835e+01 4.588291419469034338e+01 6.071543353043900915e+00 3.564275164661721362e+01
5.503100000000000000e+04 5.440959964377362468e+01 4.802602891181585676e+00 1.192732879675493862e+01 4.194520491171036980e+01 5.006434182654020404e+00 3.150221923523121603e+01
5.503300000000000000e+04 4.187153325746960775e+01 4.802602891181585676e+00 1.030958087872377327e+01 3.791842111530525017e+01 4.192249869357422831e+00 2.756300146493076042e+01
5.503400000000000000e+04 5.280215616435041426e+01 4.802602891181585676e+00 9.677619936660905253e+00 3.602721140866267291e+01 3.874767751706000407e+00 2.577422478799732986e+01
5.503500000000000000e+04 4.304829713575571049e+01 4.802602891181585676e+00 9.123857744727663643e+00 3.405467706059694422e+01 3.597735703756966164e+00 2.398385594802235588e+01
5.503700000000000000e+04 4.028005566896325718e+01 4.802602891181585676e+00 8.218156663580234778e+00 2.941295079913404820e+01 3.145344712025503142e+00 2.008944115779936368e+01
5.503800000000000000e+04 4.074486662409962889e+01 4.802602891181585676e+00 7.855753477455198919e+00 2.709797977901937216e+01 2.963093496324381348e+00 1.823306404186474339e+01
5.503900000000000000e+04 3.833043820183190320e+01 4.802602891181585676e+00 7.536681525600863907e+00 2.500618972138421725e+01 2.802157021713587159e+00 1.657905570601618450e+01
5.504000000000000000e+04 3.155796966123010705e+01 4.802602891181585676e+00 7.238705024137408905e+00 2.307980746413963047e+01 2.653484246384680389e+00 1.508089876119944250e+01
5.504100000000000000e+04 2.736052463692914216e+01 4.802602891181585676e+00 6.953354771040149096e+00 2.122512698593140001e+01 2.513503025968822246e+00 1.367157937902183562e+01
5.504300000000000000e+04 2.781124094365823041e+01 4.802602891181585676e+00 6.416403619708617612e+00 1.781185639690194478e+01 2.256754227528354306e+00 1.115541829830396736e+01
5.504400000000000000e+04 2.292903506524253032e+01 4.802602891181585676e+00 6.137725213666590740e+00 1.627737894150357789e+01 2.129971270706062736e+00 1.005521308469457331e+01
5.504500000000000000e+04 1.786187893305192986e+01 4.802602891181585676e+00 5.848756466000962995e+00 1.485040889147050081e+01 2.002998789726357476e+00 9.050160821177707149e+00
5.504600000000000000e+04 1.518881531327943080e+01 4.802602891181585676e+00 5.569094218422895537e+00 1.354472533591318495e+01 1.882468299899572761e+00 8.144753659599029305e+00
5.504700000000000000e+04 1.359886127338676154e+01 4.802602891181585676e+00 5.298476506127295593e+00 1.236571961492881400e+01 1.768044749775525615e+00 7.338270497257618707e+00
5.504900000000000000e+04 5.358688136416217773e+00 4.802602891181585676e+00 4.767312918623687779e+00 1.029146281454306688e+01 1.551051834533994978e+00 5.951230448472252910e+00
5.505000000000000000e+04 9.070103651817056800e+00 4.802602891181585676e+00 4.477157509537701863e+00 9.410441695425486586e+00 1.438675292267899364e+00 5.373096777107163824e+00
5.505100000000000000e+04 1.372593902843875746e+01 4.802602891181585676e+00 4.174614549807413866e+00 8.614305709298688996e+00 1.325106192803267691e+00 4.857234682435121798e+00
5.505300000000000000e+04 5.190487059860461549e+00 4.802602891181585676e+00 3.578223648834227166e+00 7.280156331048170948e+00 1.108770342350714921e+00 4.005147346123217211e+00
5.505400000000000000e+04 4.947503868946687255e+00 4.802602891181585676e+00 3.284894778193594433e+00 6.719837635597738945e+00 1.005908494057323077e+00 3.652482680507522339e+00
5.505500000000000000e+04 1.711106657452690882e+01 4.802602891181585676e+00 3.005980614308707111e+00 6.244440025405268990e+00 9.098004280595362037e-01 3.353799895485938709e+00
5.505700000000000000e+04 7.681940008898690664e+00 4.802602891181585676e+00 2.491273918093542150e+00 5.486115219944922572e+00 7.368888778080757707e-01 2.878188563005573020e+00
5.505800000000000000e+04 7.424592344855734716e+00 4.802602891181585676e+00 2.247814845057084732e+00 5.176160352615601035e+00 6.574095826676078502e-01 2.684452003223524841e+00
5.505900000000000000e+04 -1.597131193851677011e+00 4.802602891181585676e+00 2.015798291350851201e+00 4.907492633490671885e+00 5.830050588127172473e-01 2.516275769620402780e+00
5.506100000000000000e+04 1.004434540778705554e+01 4.802602891181585676e+00 1.592256951090792683e+00 4.471121743846200758e+00 4.505027589097987395e-01 2.241725617370870172e+00
5.506300000000000000e+04 4.578294857129149520e+00 4.802602891181585676e+00 1.233399217626569788e+00 4.099422895234111408e+00 3.415482990769190819e-01 2.010802420775057886e+00
5.506400000000000000e+04 8.915031904198322366e+00 4.802602891181585676e+00 1.082219366767661395e+00 3.926742057228109761e+00 2.965309531914898100e-01 1.905445485844385223e+00
5.506700000000000000e+04 1.002940491103074550e+01 4.802602891181585676e+00 7.152851723534366934e-01 3.408462980501548056e+00 1.899928740845295005e-01 1.602399031781086114e+00
5.506800000000000000e+04 -4.140692000486375868e+00 4.802602891181585676e+00 6.199253597529851278e-01 3.236640696115330229e+00 1.630009885761951050e-01 1.505974639919658298e+00
5.506900000000000000e+04 5.710131655087550051e+00 4.802602891181585676e+00 5.359743370270053653e-01 3.071164452150079605e+00 1.395185175518027509e-01 1.414435799820420669e+00
5.507000000000000000e+04 -6.107035919691705672e+00 4.802602891181585676e+00 4.623232379235135969e-01 2.910981989027722872e+00 1.191554736916271978e-01 1.327155096666236656e+00
5.507200000000000000e+04 6.627116720840634301e+00 4.802602891181585676e+00 3.426467334337660597e-01 2.575343867182921631e+00 8.659693020465177027e-02 1.150940233814319757e+00
5.507400000000000000e+04 8.137574952341447343e+00 4.802602891181585676e+00 2.525016314357532710e-01 2.217271516822332256e+00 6.259957145868536021e-02 9.717203597258007308e-01
5.507600000000000000e+04 -3.890167661553523004e-01 4.802602891181585676e+00 1.832687211569734853e-01 1.871794525741867110e+00 4.458659039435906163e-02 8.047267952458585505e-01
5.507800000000000000e+04 6.862099904441696374e+00 4.802602891181585676e+00 1.325566973582035235e-01 1.557225723675316420e+00 3.165759871947924908e-02 6.570018241816371063e-01
5.508000000000000000e+04 3.172236757045307165e+00 4.802602891181585676e+00 9.563841657303531751e-02 1.269799757114138394e+00 2.242927217941729015e-02 5.259276661340864800e-01
5.508200000000000000e+04 5.714256380965035298e+00 4.802602891181585676e+00 6.880814098494507369e-02 1.010370351506255426e+00 1.585148843184322476e-02 4.109535310771395000e-01
5.508300000000000000e+04 -9.440748888209474998e+00 4.802602891181585676e+00 5.834956818044373383e-02 8.940497552220303401e-01 1.332425287277213925e-02 3.604022071278390471e-01
5.508400000000000000e+04 -4.555347476785790661e+00 4.802602891181585676e+00 4.942284863667299744e-02 7.870023832202436287e-01 1.118771474028273233e-02 3.144487706649526926e-01
5.508600000000000000e+04 1.296104324709710909e+01 4.802602891181585676e+00 3.555180803643658016e-02 6.042114702229798295e-01 7.910245647124551638e-03 2.372247625531919146e-01
5.508900000000000000e+04 6.359755042697327276e+00 4.802602891181585676e+00 2.193408539801638274e-02 3.972067022760809030e-01 4.758348966942117439e-03 1.519942992676236448e-01
5.509000000000000000e+04 -5.970942004157896221e+00 4.802602891181585676e+00 1.866543329386737005e-02 3.436582442349637723e-01 4.015798901434460173e-03 1.304007908609561006e-01
5.509200000000000000e+04 -3.266888978553141865e+00 4.802602891181585676e+00 1.351453673461229348e-02 2.554312058432674504e-01 2.860340487345981557e-03 9.532437895330177213e-02
5.509300000000000000e+04 6.418319262646644319e+00 4.802602891181585676e+00 1.150036224965290087e-02 2.197651031179380932e-01 2.414419350363810127e-03 8.134326650551063076e-02
5.509500000000000000e+04 -2.046712342113533367e+00 4.802602891181585676e+00 8.322769198097549476e-03 1.618209076333015362e-01 1.719580412830072277e-03 5.893182841083124957e-02
5.509600000000000000e+04 4.342225513712115514e+00 4.802602891181585676e+00 7.082691820483410713e-03 1.386204910381129141e-01 1.451847290194205504e-03 5.007965716694829511e-02
5.509700000000000000e+04 3.518822011915131664e+00 4.802602891181585676e+00 6.026200080202289908e-03 1.180649053212010635e-01 1.225634575374692737e-03 4.231565367592597660e-02
5.509800000000000000e+04 1.873514999909462020e+00 4.802602891181585676e+00 5.124446770585453469e-03 1.003091276056132380e-01 1.034155386379047173e-03 3.566927231548724930e-02
5.510000000000000000e+04 -2.189363085981696155e+00 4.802602891181585676e+00 3.710467206363804362e-03 7.234141198585643251e-02 7.373742460977353481e-04 2.532607897558340412e-02
5.510100000000000000e+04 8.319927599505628990e+00 4.802602891181585676e+00 3.155953020023944278e-03 6.137009695362248551e-02 6.224268341795411233e-04 2.132016569519628105e-02
5.510200000000000000e+04 1.020555950033302128e+00 4.802602891181585676e+00 2.686229164597698366e-03 5.204667750689423444e-02 5.258043306838589264e-04 1.794341774353383490e-02
5.510600000000000000e+04 -1.450215098352223009e-01 4.802602891181585676e+00 1.404216460595289571e-03 2.675206348696406930e-02 2.668395524086519138e-04 8.950171792226187251e-03
5.510900000000000000e+04 3.890619248418800247e+00 4.802602891181585676e+00 8.625060672652767619e-04 1.632552878037903110e-02 1.603886617199637324e-04 5.343347226255695630e-03
5.511100000000000000e+04 -7.240147219319504224e+00 4.802602891181585676e+00 6.235448698356145254e-04 1.179880209842967820e-02 1.143196079927424701e-04 3.806679173553694298e-03
5.511200000000000000e+04 -6.092494528790510344e+00 4.802602891181585676e+00 5.298128241114183779e-04 1.002857428057424977e-02 9.645587389153405797e-05 3.212639121147568746e-03
5.511400000000000000e+04 8.983245168734836028e+00 4.802602891181585676e+00 3.830113914817855699e-04 7.244212731871927519e-03 6.876820444588222371e-05 2.288272389876785419e-03
5.511500000000000000e+04 -1.365378116909873363e+01 4.802602891181585676e+00 3.254917769095064185e-04 6.157541957619834007e-03 5.804061642466235168e-05 1.931535480291048318e-03
5.511700000000000000e+04 -2.127133256536288375e+00 4.802602891181585676e+00 2.353355456796176034e-04 4.446284681846462104e-03 4.139733072045060849e-05 1.375664330264058039e-03
5.511800000000000000e+04 4.486744136121074700e-01 4.802602891181585676e+00 1.999921885226068870e-04 3.779681161399987138e-03 3.494412016400036890e-05 1.161477832155364534e-03
5.511900000000000000e+04 1.279356353399924817e+00 4.802602891181585676e+00 1.701346713734274547e-04 3.212437247440085627e-03 2.952906681710418518e-05 9.805076602997543633e-04
5.512000000000000000e+04 1.005624829439690338e+00 4.802602891181585676e+00 1.459461198002283194e-04 2.728846501146119444e-03 2.516312410348764490e-05 8.273243091032378470e-04
