5.497400000000000000e+04 3.523033601434927498e+00 6.986740544611786063e+00 2.872527343123094101e-01 1.361878729124037428e-18 2.872527343123094101e-01 1.361878729124037428e-18
5.497600000000000000e+04 -4.864681795143680709e+00 6.986740544611786063e+00 1.958814406946931541e+00 1.361878649528380196e-18 1.958814406946931541e+00 1.361878649528380196e-18
5.498000000000000000e+04 1.044131482249153287e+01 6.986740544611786063e+00 9.740658635389692677e+00 1.361878388963412926e-18 9.740658635389692677e+00 1.361878388963412926e-18
5.498100000000000000e+04 7.539489866053817657e+00 6.986740544611786063e+00 1.261836908227294352e+01 1.361878293321106731e-18 1.261836908227294352e+01 1.361878293321106731e-18
5.498500000000000000e+04 2.982575960390751035e+01 6.986740544611786063e+00 2.761301931683333422e+01 1.361877713423546935e-18 2.761301931683333422e+01 1.361877713423546935e-18
5.498700000000000000e+04 3.253788540974838384e+01 6.986740544611786063e+00 3.698113532148148863e+01 1.361877250779591196e-18 3.698113532148148863e+01 1.361877250779591196e-18
5.498800000000000000e+04 4.740077388676395032e+01 6.986740544611786063e+00 4.209516568424355398e+01 1.361876957650400692e-18 4.209516568424355398e+01 1.361876957650400692e-18
5.498900000000000000e+04 5.004903831406745240e+01 6.986740544611786063e+00 4.711547825657126509e+01 1.361876613660269607e-18 4.711547825657126509e+01 1.361876613660269607e-18
5.499300000000000000e+04 6.779018895313008386e+01 6.986740544611786063e+00 6.549985504210982867e+01 1.172809985443463487e+00 6.549985504210982867e+01 1.172809985443463487e+00
5.499500000000000000e+04 6.818807303102450135e+01 6.986740544611786063e+00 6.925870503056015082e+01 4.188406388058739438e+00 6.925870503056015082e+01 4.188406388058739438e+00
5.499700000000000000e+04 9.081481644912315687e+01 6.986740544611786063e+00 7.337964952375278926e+01 9.046702486275524535e+00 6.841287481237441170e+01 9.046702486275524535e+00
5.499900000000000000e+04 9.165411182401176404e+01 6.986740544611786063e+00 7.449275123973598056e+01 1.577296135284117895e+01 6.504780932565140006e+01 1.577296135284117895e+01
5.500000000000000000e+04 1.059950873767536592e+02 6.986740544611786063e+00 7.468023071302394555e+01 1.983239277984976923e+01 6.320798198309262261e+01 1.983239277984976923e+01
5.500200000000000000e+04 1.002629926012023560e+02 6.986740544611786063e+00 7.416903516007400299e+01 2.928193888190937244e+01 5.914124484496770862e+01 2.928193888190937244e+01
5.500300000000000000e+04 9.725907858685150131e+01 6.986740544611786063e+00 7.262984183285938400e+01 3.451627414604166688e+01 5.628475033544589223e+01 3.451627414604166688e+01
5.500500000000000000e+04 1.176741508892772288e+02 6.986740544611786063e+00 6.815857954629125004e+01 4.622641915185185724e+01 5.000629460476246635e+01 4.622641915185185724e+01
5.500700000000000000e+04 1.281245998017619740e+02 6.986740544611786063e+00 6.396091782985457996e+01 5.889434782071408847e+01 4.455343955827151348e+01 5.889434782071408847e+01
5.500900000000000000e+04 1.285295697765728846e+02 6.986740544611786063e+00 5.938955881321963659e+01 7.085966617111323274e+01 3.937777404403901471e+01 7.085966617111323274e+01
5.501000000000000000e+04 1.338303719105005882e+02 6.986740544611786063e+00 5.693698496722542046e+01 7.673977432222363859e+01 3.686434766411487374e+01 7.673977432222363859e+01
5.501300000000000000e+04 1.383840526961782871e+02 6.986740544611786063e+00 4.956863428057519627e+01 9.016617661166051789e+01 2.997981993502793685e+01 8.657338128820018142e+01
5.501600000000000000e+04 1.329189996552626383e+02 6.986740544611786063e+00 4.016516095122278784e+01 9.751815993694037843e+01 2.279133005233092391e+01 8.363478553768472068e+01
5.501700000000000000e+04 1.312649688822484677e+02 6.986740544611786063e+00 3.727386199105087883e+01 9.818153720090508330e+01 2.072381963252022885e+01 8.130976165706424297e+01
5.501800000000000000e+04 1.334808650901929923e+02 6.986740544611786063e+00 3.458992642115606486e+01 9.868346187110336132e+01 1.885112345149930135e+01 7.900997747886577827e+01
5.501900000000000000e+04 1.233129088900317925e+02 6.986740544611786063e+00 3.197782416753206647e+01 9.901343411714368870e+01 1.708947422377729097e+01 7.672486177229268378e+01
5.502000000000000000e+04 1.239981885796234877e+02 6.986740544611786063e+00 2.946425536239192411e+01 9.847017266687123538e+01 1.544652967884242400e+01 7.392655605620964820e+01
5.502200000000000000e+04 1.077493130857851327e+02 6.986740544611786063e+00 2.488790928625465071e+01 9.381920732631380133e+01 1.256901635586821442e+01 6.630332673237724350e+01
5.502300000000000000e+04 1.109782972358223105e+02 6.986740544611786063e+00 2.281093034977840972e+01 9.104271011479568187e+01 1.131270102647213349e+01 6.250786825595308471e+01
5.502400000000000000e+04 1.074344039690153920e+02 6.986740544611786063e+00 2.089841979632365110e+01 8.842951499371818613e+01 1.018094207449878574e+01 5.903171895441801809e+01
5.502500000000000000e+04 1.016264456499545616e+02 6.986740544611786063e+00 1.916205883596395410e+01 8.573752524994873170e+01 9.172838121572022274e+00 5.569179944783939362e+01
5.502800000000000000e+04 8.341103009270969437e+01 6.986740544611786063e+00 1.476191175800478916e+01 7.667784314135894874e+01 6.716370971383953226e+00 4.608043458014359572e+01
5.502900000000000000e+04 8.426785121999705552e+01 6.986740544611786063e+00 1.356504215937068558e+01 7.345109218506156878e+01 6.071543353043900915e+00 4.306718978895430183e+01
5.503100000000000000e+04 7.935379120444210344e+01 6.986740544611786063e+00 1.154884237254629475e+01 6.702363494224682938e+01 5.006434182654020404e+00 3.747477491878492373e+01
5.503300000000000000e+04 5.947368314412305779e+01 6.986740544611786063e+00 9.975039339149049056e+00 5.874592051065860687e+01 4.192249869357422831e+00 3.138975180906150086e+01
5.503400000000000000e+04 7.418510529158844236e+01 6.986740544611786063e+00 9.360276457796185667e+00 5.449976798763631791e+01 3.874767751706000407e+00 2.848916256541365399e+01
5.503500000000000000e+04 5.926306235962113078e+01 6.986740544611786063e+00 8.821647945612079766e+00 5.063088183970097589e+01 3.597735703756966164e+00 2.590477454065029050e+01
5.503700000000000000e+04 5.531913426147868762e+01 6.986740544611786063e+00 7.940737259979585794e+00 4.352475466368279200e+01 3.145344712025503142e+00 2.136184277972161283e+01
5.503800000000000000e+04 5.615469208867759932e+01 6.986740544611786063e+00 7.588186134737108901e+00 4.014166900289174578e+01 2.963093496324381348e+00 1.930816209855303001e+01
5.503900000000000000e+04 5.265844909817958808e+01 6.986740544611786063e+00 7.277762216794528172e+00 3.696103828367743205e+01 2.802157021713587159e+00 1.743034109109994390e+01
5.504000000000000000e+04 4.275885752838163256e+01 6.986740544611786063e+00 6.987950762854056030e+00 3.396776670173385071e+01 2.653484246384680389e+00 1.571127044483526802e+01
5.504100000000000000e+04 3.668002192150152041e+01 6.986740544611786063e+00 6.710550378731560350e+00 3.115942088978918179e+01 2.513503025968822246e+00 1.414087628309016509e+01
5.504300000000000000e+04 3.761849713662741124e+01 6.986740544611786063e+00 6.188922793573758518e+00 2.621711795621803276e+01 2.256754227528354306e+00 1.146604765196502740e+01
5.504400000000000000e+04 3.069710398173925014e+01 6.986740544611786063e+00 5.918551169910934995e+00 2.403089534193319565e+01 2.129971270706062736e+00 1.032254954550394999e+01
5.504500000000000000e+04 2.354430904929226287e+01 6.986740544611786063e+00 5.638441593079695835e+00 2.203350085571094041e+01 2.002998789726357476e+00 9.298797575737893339e+00
5.504600000000000000e+04 1.989891910912830042e+01 6.986740544611786063e+00 5.367481863503651418e+00 2.024146301500838874e+01 1.882468299899572761e+00 8.395463714229940422e+00
5.504700000000000000e+04 1.780430489227114066e+01 6.986740544611786063e+00 5.105406019451808497e+00 1.861307509167520990e+01 1.768044749775525615e+00 7.589429191304875921e+00
5.504900000000000000e+04 6.347177527281923304e+00 6.986740544611786063e+00 4.591423640587532162e+00 1.586726733764908737e+01 1.551051834533994978e+00 6.258042728317525949e+00
5.505000000000000000e+04 1.200953418439498677e+01 6.986740544611786063e+00 4.310990513280760439e+00 1.470694979323106999e+01 1.438675292267899364e+00 5.707004188293002933e+00
5.505100000000000000e+04 1.910369801404177181e+01 6.986740544611786063e+00 4.018782061533750394e+00 1.372175785364051492e+01 1.325106192803267691e+00 5.240312336696778317e+00
5.505300000000000000e+04 7.346730217392654083e+00 6.986740544611786063e+00 3.443175421135909797e+00 1.214910375462430281e+01 1.108770342350714921e+00 4.497169629696206705e+00
5.505400000000000000e+04 7.308490844856337709e+00 6.986740544611786063e+00 3.160262715779892151e+00 1.150539350756582380e+01 1.005908494057323077e+00 4.194456255036756787e+00
5.505500000000000000e+04 2.527463791282411165e+01 6.986740544611786063e+00 2.891345760373205565e+00 1.094776543829376791e+01 9.098004280595362037e-01 3.931680890031879372e+00
5.505700000000000000e+04 1.200949846713325897e+01 6.986740544611786063e+00 2.395330986202931278e+00 1.004398157470463993e+01 7.368888778080757707e-01 3.502696277141983838e+00
5.505800000000000000e+04 1.181046946283894705e+01 6.986740544611786063e+00 2.160839557270160416e+00 9.648732090916293913e+00 6.574095826676078502e-01 3.316855307980851375e+00
5.505900000000000000e+04 -1.187801513348940574e+00 6.986740544611786063e+00 1.937442411446422152e+00 9.270113347651260938e+00 5.830050588127172473e-01 3.141878782461027253e+00
5.506100000000000000e+04 1.587858617479764689e+01 6.986740544611786063e+00 1.529817268705894628e+00 8.557329936509077584e+00 4.505027589097987395e-01 2.820942784410442883e+00
5.506300000000000000e+04 7.889885562621983262e+00 6.986740544611786063e+00 1.184626120518386116e+00 7.802932160227740610e+00 3.415482990769190819e-01 2.503748487157946734e+00
5.506400000000000000e+04 1.415277691920076997e+01 6.986740544611786063e+00 1.039252031650214292e+00 7.431043613853563379e+00 2.965309531914898100e-01 2.353085374874466229e+00
5.506700000000000000e+04 1.564216133384699070e+01 6.986740544611786063e+00 6.865582497918558680e-01 6.364159558572298536e+00 1.899928740845295005e-01 1.938814793167494166e+00
5.506800000000000000e+04 -5.061634430666986262e+00 6.986740544611786063e+00 5.949373082042545002e-01 5.977695839373122766e+00 1.630009885761951050e-01 1.798344115334874260e+00
5.506900000000000000e+04 9.148245575422176756e+00 6.986740544611786063e+00 5.142931593994553019e-01 5.574556114849246846e+00 1.395185175518027509e-01 1.656382741004084558e+00
5.507000000000000000e+04 -8.175381403506825961e+00 6.986740544611786063e+00 4.435562508170823315e-01 5.172892602477817015e+00 1.191554736916271978e-01 1.518313062071563468e+00
5.507200000000000000e+04 1.011288996642066351e+01 6.986740544611786063e+00 3.286440098196738435e-01 4.388275805325072554e+00 8.659693020465177027e-02 1.257385617571653791e+00
5.507400000000000000e+04 1.215545076362921684e+01 6.986740544611786063e+00 2.421163625307574119e-01 3.667917996564045158e+00 6.259957145868536021e-02 1.026565350283807909e+00
5.507600000000000000e+04 -3.755574300356414597e-01 6.986740544611786063e+00 1.756845421308929622e-01 3.004361792790968266e+00 4.458659039435906163e-02 8.217619783345098128e-01
5.507800000000000000e+04 1.005250106226974793e+01 6.986740544611786063e+00 1.270387779013982810e-01 2.400867582339726081e+00 3.165759871947924908e-02 6.421148923080304272e-01
5.508000000000000000e+04 4.597981715383729906e+00 6.986740544611786063e+00 9.163479148900932625e-02 1.877848752314764003e+00 2.242927217941729015e-02 4.913262041639884781e-01
5.508200000000000000e+04 8.256381964784949901e+00 6.986740544611786063e+00 6.591207404844731665e-02 1.447441715265959994e+00 1.585148843184322476e-02 3.706636914893623458e-01
5.508300000000000000e+04 -1.379814677436960224e+01 6.986740544611786063e+00 5.588724624955546116e-02 1.265731581813023254e+00 1.332425287277213925e-02 3.207225596890974639e-01
5.508400000000000000e+04 -6.694440794766950198e+00 6.986740544611786063e+00 4.733186475171415053e-02 1.102081567941130658e+00 1.118771474028273233e-02 2.763494403062012883e-01
5.508600000000000000e+04 1.878828853978294333e+01 6.986740544611786063e+00 3.404016009327107822e-02 8.294712806171127273e-01 7.910245647124551638e-03 2.037512357202438951e-01
5.508900000000000000e+04 9.196537093796099072e+00 6.986740544611786063e+00 2.099478731194201475e-02 5.332432415997965247e-01 4.758348966942117439e-03 1.270988539148603380e-01
5.509000000000000000e+04 -8.737018044626005064e+00 6.986740544611786063e+00 1.786428141303119874e-02 4.586389915963868802e-01 4.015798901434460173e-03 1.082461627558146955e-01
5.509200000000000000e+04 -4.792899360847762580e+00 6.986740544611786063e+00 1.293188537733991512e-02 3.380376858769010284e-01 2.860340487345981557e-03 7.824946432335670721e-02
5.509300000000000000e+04 9.300192933444092702e+00 6.986740544611786063e+00 1.100347474734802815e-02 2.883745679805486128e-01 2.414419350363810127e-03 6.611820886863432889e-02
5.509500000000000000e+04 -3.008182748955483543e+00 6.986740544611786063e+00 7.961657311403233517e-03 2.088979676443511457e-01 1.719580412830072277e-03 4.700145520178898584e-02
5.509600000000000000e+04 6.289320156188765054e+00 6.986740544611786063e+00 6.774755010233220881e-03 1.775199848194799201e-01 1.451847290194205504e-03 3.957199839934906482e-02
5.509700000000000000e+04 5.095180818561582115e+00 6.986740544611786063e+00 5.763669154157030801e-03 1.508235159140642878e-01 1.225634575374692737e-03 3.331275889874418111e-02
5.509800000000000000e+04 2.705173084518559090e+00 6.986740544611786063e+00 4.900758960511665714e-03 1.280991807346970324e-01 1.034155386379047173e-03 2.803659022427161529e-02
5.510000000000000000e+04 -3.199960776495477610e+00 6.986740544611786063e+00 3.547876185099253787e-03 9.217640523116836515e-02 7.373742460977353481e-04 1.981436053980403095e-02
5.510100000000000000e+04 1.209099922882950828e+01 6.986740544611786063e+00 3.017400806735578891e-03 7.817172607294504971e-02 6.224268341795411233e-04 1.665531609096517277e-02
5.510200000000000000e+04 1.473847407630250350e+00 6.986740544611786063e+00 2.568080931493035412e-03 6.621728661904842383e-02 5.258043306838589264e-04 1.398464342535341541e-02
5.510600000000000000e+04 -2.160449581595930424e-01 6.986740544611786063e+00 1.342016160928833106e-03 3.454896806673920379e-02 2.668395524086519138e-04 7.049371162362620333e-03
5.510900000000000000e+04 5.657120331978652494e+00 6.986740544611786063e+00 8.241090216495175263e-04 2.129796892392879157e-02 1.603886617199637324e-04 4.237980086345396677e-03
5.511100000000000000e+04 -1.053489484675941412e+01 6.986740544611786063e+00 5.956966133285825256e-04 1.541757656416690471e-02 1.143196079927424701e-04 3.018024187954762658e-03
5.511200000000000000e+04 -8.864984008259414239e+00 6.986740544611786063e+00 5.061136158962683228e-04 1.312179327833023698e-02 9.645587389153405797e-05 2.547921024918492483e-03
5.511400000000000000e+04 1.306743071771541054e+01 6.986740544611786063e+00 3.658262171907596572e-04 9.496896086982845736e-03 6.876820444588222371e-05 1.814809112742756881e-03
5.511500000000000000e+04 -1.986431571861089651e+01 6.986740544611786063e+00 3.108655415704915360e-04 8.080761959767271407e-03 5.804061642466235168e-05 1.532043219218365976e-03
5.511700000000000000e+04 -3.095252202873593816e+00 6.986740544611786063e+00 2.247295495490381483e-04 5.849113176233492611e-03 4.139733072045060849e-05 1.091761675451888552e-03
5.511800000000000000e+04 6.521012524695931623e-01 6.986740544611786063e+00 1.909661222842456236e-04 4.976354443352091692e-03 3.494412016400036890e-05 9.217178076221691852e-04
5.511900000000000000e+04 1.860659107694841330e+00 6.986740544611786063e+00 1.624453023742535322e-04 4.232891489192241313e-03 2.952906681710418518e-05 7.780335427244262957e-04
5.512000000000000000e+04 1.462525182798706025e+00 6.986740544611786063e+00 1.393407997230628143e-04 3.603074176011143107e-03 2.516312410348764490e-05 6.572554133548237122e-04
