5.497500000000000000e+04 -3.563589053176677179e+00 1.110327075079603532e+01 9.676860811788584593e-01 2.279498899048011058e-18 9.676860811788584593e-01 2.279498899048011058e-18
5.497600000000000000e+04 -9.425053547498787765e+00 1.110327075079603532e+01 2.014654457448330049e+00 2.279498854538347167e-18 2.014654457448330049e+00 2.279498854538347167e-18
5.497900000000000000e+04 -4.231956954289683104e+00 1.110327075079603532e+01 7.421511495175619366e+00 2.279498669079372028e-18 7.421511495175619366e+00 2.279498669079372028e-18
5.498000000000000000e+04 1.603104836198409089e+01 1.110327075079603532e+01 1.010928248076253944e+01 2.279498584667664851e-18 1.010928248076253944e+01 2.279498584667664851e-18
5.498100000000000000e+04 3.544962230189962327e+01 1.110327075079603532e+01 1.326427468792255127e+01 2.279498485609617514e-18 1.326427468792255127e+01 2.279498485609617514e-18
5.498200000000000000e+04 1.388013526131432229e+01 1.110327075079603532e+01 1.681188057541250913e+01 2.279498369363932715e-18 1.681188057541250913e+01 2.279498369363932715e-18
5.498400000000000000e+04 2.638662845485959352e+01 1.110327075079603532e+01 2.504964300095078400e+01 2.279498072863251428e-18 2.504964300095078400e+01 2.279498072863251428e-18
5.498500000000000000e+04 3.482807565224391055e+01 1.110327075079603532e+01 2.982457128805857849e+01 2.279497885001649794e-18 2.982457128805857849e+01 2.279497885001649794e-18
5.498700000000000000e+04 3.549565320380360589e+01 1.110327075079603532e+01 4.097582893337165899e+01 2.279497405834730840e-18 4.097582893337165899e+01 2.279497405834730840e-18
5.499000000000000000e+04 4.859845572993006613e+01 1.110327075079603532e+01 6.053040193995693841e+01 2.279496327867838250e-18 6.053040193995693841e+01 2.279496327867838250e-18
5.499200000000000000e+04 8.860449060604041449e+01 1.110327075079603532e+01 7.440742163840896239e+01 2.279495261463979831e-18 7.440742163840896239e+01 2.279495261463979831e-18
5.499300000000000000e+04 8.912813810824789584e+01 1.110327075079603532e+01 8.115791156796579742e+01 7.387410742324164448e-03 8.115791156796579742e+01 7.387410742324164448e-03
5.499400000000000000e+04 8.918700110796969227e+01 1.110327075079603532e+01 8.659722275531558466e+01 3.875042658400934537e-01 8.659722275531558466e+01 3.875042658400934537e-01
5.499600000000000000e+04 8.858408414471955439e+01 1.110327075079603532e+01 9.298895886639343189e+01 2.518318071810412118e+00 9.298895886639343189e+01 2.518318071810412118e+00
5.499700000000000000e+04 9.438216666960018131e+01 1.110327075079603532e+01 9.943980316945653897e+01 4.302310410807026031e+00 9.534931745081652821e+01 4.302310410807026031e+00
5.499800000000000000e+04 1.125288612146492113e+02 1.110327075079603532e+01 1.056014282335233219e+02 6.537636875244362322e+00 9.725679520493949326e+01 6.537636875244362322e+00
5.500000000000000000e+04 1.263164661826356081e+02 1.110327075079603532e+01 1.164877827903535632e+02 1.263660310095317385e+01 9.942624000542298290e+01 1.263660310095317385e+01
5.500200000000000000e+04 1.503572288854285546e+02 1.110327075079603532e+01 1.249570908915741256e+02 2.101485071926563819e+01 9.937735874946248771e+01 2.101485071926563819e+01
5.500300000000000000e+04 1.554664433530844292e+02 1.110327075079603532e+01 1.278053062712065042e+02 2.589679503310846798e+01 9.828909195663038645e+01 2.589679503310846798e+01
5.500400000000000000e+04 1.627620728847539056e+02 1.110327075079603532e+01 1.296700954406893516e+02 3.131205375118847201e+01 9.653818898204983157e+01 3.131205375118847201e+01
5.500500000000000000e+04 1.722023916198892266e+02 1.110327075079603532e+01 1.308140116318149921e+02 3.728071411007321956e+01 9.437559456880096320e+01 3.728071411007321956e+01
5.500900000000000000e+04 1.928936158082521786e+02 1.110327075079603532e+01 1.285902085566802668e+02 6.746366186135364273e+01 8.255133116561614770e+01 6.746366186135364273e+01
5.501200000000000000e+04 2.116520710558633880e+02 1.110327075079603532e+01 1.204530129166813879e+02 9.300927704801119944e+01 7.142612246008147281e+01 9.300927704801119944e+01
5.501300000000000000e+04 1.999582664225963526e+02 1.110327075079603532e+01 1.169960920498823924e+02 1.014473894599572503e+02 6.765517379857884350e+01 1.014473894599572503e+02
5.501400000000000000e+04 2.276807757383004400e+02 1.110327075079603532e+01 1.127453882139548682e+02 1.082465284441444737e+02 6.361888512242121152e+01 1.082465284441444737e+02
5.501600000000000000e+04 2.232142526774139810e+02 1.110327075079603532e+01 1.030026860933710964e+02 1.185376753149350293e+02 5.543739832797152900e+01 1.162361985829917899e+02
5.501700000000000000e+04 2.199452700443676179e+02 1.110327075079603532e+01 9.905649678668619629e+01 1.227264902238822089e+02 5.211031447560955598e+01 1.191866468135206389e+02
5.501800000000000000e+04 2.082631008203179022e+02 1.110327075079603532e+01 9.568020964710179044e+01 1.263852053688188875e+02 4.922327896239417555e+01 1.215709940061743595e+02
5.501900000000000000e+04 2.125360746109157901e+02 1.110327075079603532e+01 9.250737262346697776e+01 1.293631134436727166e+02 4.656333247267679099e+01 1.232616612135995240e+02
5.502000000000000000e+04 2.237849754501304744e+02 1.110327075079603532e+01 8.910792294743765751e+01 1.316651983271813720e+02 4.390417961541074021e+01 1.242828000067787144e+02
5.502100000000000000e+04 2.323256047478721200e+02 1.110327075079603532e+01 8.533107265313331879e+01 1.332991508805295098e+02 4.117301454915962466e+01 1.246601990840077718e+02
5.502200000000000000e+04 2.251786633518957785e+02 1.110327075079603532e+01 8.142481344035648760e+01 1.340600569530248833e+02 3.849145005216814042e+01 1.242216984368281061e+02
5.502500000000000000e+04 1.976340907771217701e+02 1.110327075079603532e+01 7.039874850863309064e+01 1.308163710216792595e+02 3.137059333747742329e+01 1.179694932110012076e+02
5.502900000000000000e+04 1.715602274894896482e+02 1.110327075079603532e+01 5.715950354047249959e+01 1.185127548046376944e+02 2.366167303078713857e+01 1.031891639570201704e+02
5.503100000000000000e+04 1.744915048210213513e+02 1.110327075079603532e+01 5.125117529735160815e+01 1.096769478726482134e+02 2.048817721261307412e+01 9.387738412449559178e+01
5.503200000000000000e+04 1.401801977663416778e+02 1.110327075079603532e+01 4.852755237593608229e+01 1.051928218530849790e+02 1.907229695642826428e+01 8.928265307510184812e+01
5.503300000000000000e+04 1.502026431094527936e+02 1.110327075079603532e+01 4.635691561057997490e+01 1.004763899876143967e+02 1.791710107470335345e+01 8.456896724822354372e+01
5.503400000000000000e+04 1.328384737311064612e+02 1.110327075079603532e+01 4.449121030866137971e+01 9.526928047082574835e+01 1.691552365168480421e+01 7.952360640302650552e+01
5.503500000000000000e+04 1.202413132660779240e+02 1.110327075079603532e+01 4.268605305125313265e+01 8.961715358652013208e+01 1.596874529619285887e+01 7.419252718480018416e+01
5.503600000000000000e+04 1.339429790067773069e+02 1.110327075079603532e+01 4.107591155675017802e+01 8.438957960475465825e+01 1.512367877641758973e+01 6.929674790996440947e+01
5.503700000000000000e+04 1.024357955835849197e+02 1.110327075079603532e+01 3.958438375245158625e+01 7.996979135213230450e+01 1.434788638676704053e+01 6.513789309451193787e+01
5.503900000000000000e+04 1.285728744624109652e+02 1.110327075079603532e+01 3.647390761493713285e+01 7.260969657458038284e+01 1.282170619571031622e+01 5.820416559084598873e+01
5.504000000000000000e+04 8.433098420499831605e+01 1.110327075079603532e+01 3.496776421603059504e+01 6.900639431052184136e+01 1.210962883225882791e+01 5.488022451926343592e+01
5.504200000000000000e+04 9.779457818583313156e+01 1.110327075079603532e+01 3.215860625006342843e+01 6.145160000828643376e+01 1.081543224929825442e+01 4.811431256521017019e+01
5.504400000000000000e+04 8.833934360517700668e+01 1.110327075079603532e+01 2.950104945192546424e+01 5.444153484409849852e+01 9.643386980885679804e+00 4.197496903939745039e+01
5.504500000000000000e+04 6.166928348376748659e+01 1.110327075079603532e+01 2.816881006820356248e+01 5.124778554093656169e+01 9.080561577061848411e+00 3.921324167184678089e+01
5.504600000000000000e+04 7.607071572507612700e+01 1.110327075079603532e+01 2.679928165146347752e+01 4.820164681966459597e+01 8.521234229400151960e+00 3.660513883631880816e+01
5.504700000000000000e+04 9.296411222154682719e+01 1.110327075079603532e+01 2.537583156785726146e+01 4.528515497309459192e+01 7.960046289989414880e+00 3.413368129425988684e+01
5.504800000000000000e+04 7.445240650503524193e+01 1.110327075079603532e+01 2.393710858772125150e+01 4.249295194561175748e+01 7.409034476823465276e+00 3.179182399043226326e+01
5.505000000000000000e+04 4.735632555938383348e+01 1.110327075079603532e+01 2.085542687392474903e+01 3.733640186804824168e+01 6.288194800073795498e+00 2.752609987322931318e+01
5.505200000000000000e+04 5.570711365586733876e+01 1.110327075079603532e+01 1.758282205984203728e+01 3.280911883929572070e+01 5.167770414954748759e+00 2.384037119553533302e+01
5.505400000000000000e+04 5.067291543755310812e+01 1.110327075079603532e+01 1.450159027672975398e+01 2.951758877218997767e+01 4.157327640826142812e+00 2.114440456460600615e+01
5.505600000000000000e+04 6.123458741734521027e+01 1.110327075079603532e+01 1.184966983896007875e+01 2.676513051456502623e+01 3.315520380235053022e+00 1.890459847052198938e+01
5.505800000000000000e+04 2.544046744351556555e+01 1.110327075079603532e+01 9.624642523240055425e+00 2.438067103089070997e+01 2.629827455937498115e+00 1.698291378579737554e+01
5.506000000000000000e+04 4.004369421902843840e+01 1.110327075079603532e+01 7.715518606027266024e+00 2.203044225308687132e+01 2.059888564189253035e+00 1.513703604032353489e+01
5.506100000000000000e+04 2.651823277544127677e+01 1.110327075079603532e+01 6.879761165078902785e+00 2.096569583170611750e+01 1.815959130283463896e+00 1.430812518372081854e+01
5.506200000000000000e+04 2.019890105561133353e+01 1.110327075079603532e+01 6.118028352262324887e+00 1.994365706770598123e+01 1.596812745279095003e+00 1.351929031162281980e+01
5.506400000000000000e+04 3.183056031512109740e+01 1.110327075079603532e+01 4.786495401842763009e+00 1.802107942053011058e+01 1.221917543613490142e+00 1.205423372610709798e+01
5.506500000000000000e+04 1.057105238164295180e+01 1.110327075079603532e+01 4.209732610092524752e+00 1.708167139665047429e+01 1.063036946060080368e+00 1.135070197132731273e+01
5.506700000000000000e+04 3.134924319442237106e+01 1.110327075079603532e+01 3.232813667823387416e+00 1.517085322293357841e+01 7.990344961129509649e-01 9.950057862486769267e+00
5.506800000000000000e+04 3.450500994803564936e+01 1.110327075079603532e+01 2.820570309070959070e+00 1.421238038516661284e+01 6.898283870746817481e-01 9.261293096029330485e+00
5.506900000000000000e+04 6.095182498299095641e+00 1.110327075079603532e+01 2.450460844632999624e+00 1.324484708765732854e+01 5.930877954916861095e-01 8.575491801655763524e+00
5.507100000000000000e+04 1.580895701891070715e+01 1.110327075079603532e+01 1.832708821490577122e+00 1.117695186668630747e+01 4.345486239456022304e-01 7.145018133789109882e+00
5.507300000000000000e+04 2.397577546540007987e+01 1.110327075079603532e+01 1.359632192040693299e+00 9.208037507185538928e+00 3.159510589642119949e-01 5.812788022969217927e+00
5.507400000000000000e+04 1.967517444065154564e+01 1.110327075079603532e+01 1.168780735061588638e+00 8.283475324346090574e+00 2.689201451984696289e-01 5.196659551032679403e+00
5.507500000000000000e+04 2.176981444630851747e+00 1.110327075079603532e+01 1.001125613371409928e+00 7.437960676513016622e+00 2.280935985444418612e-01 4.637421707408826421e+00
5.507800000000000000e+04 1.289007295869791747e+01 1.110327075079603532e+01 6.239294776413586430e-01 5.370107665024370647e+00 1.381047141620609098e-01 3.287284319921872644e+00
5.508000000000000000e+04 -1.558169906990260500e+01 1.110327075079603532e+01 4.534435521728174545e-01 4.257274690038138409e+00 9.849760017656127020e-02 2.574860705236566183e+00
5.508100000000000000e+04 9.446068444786376972e+00 1.110327075079603532e+01 3.865301618577452469e-01 3.775606026750606858e+00 8.318738014801362046e-02 2.269948912854329759e+00
5.508200000000000000e+04 8.219147228455884857e+00 1.110327075079603532e+01 3.290693279343052113e-01 3.339733856751227581e+00 7.017301316464903682e-02 1.996015931598868809e+00
5.508400000000000000e+04 1.393384159368977038e+01 1.110327075079603532e+01 2.381126860278759694e-01 2.585883001672048209e+00 4.986444254227592049e-02 1.527396929516862567e+00
5.508500000000000000e+04 6.222654427120287934e+00 1.110327075079603532e+01 2.024933147355613972e-01 2.262807019307139011e+00 4.202762805578161287e-02 1.328796182575100682e+00
5.508800000000000000e+04 -5.665586377179727684e-01 1.110327075079603532e+01 1.255727470239206833e-01 1.493995829306992151e+00 2.538464199561750803e-02 8.622854838433522406e-01
5.508900000000000000e+04 2.556635339674239837e+00 1.110327075079603532e+01 1.070619029941609485e-01 1.291819354555328925e+00 2.145658115601357940e-02 7.413597443646077201e-01
5.509000000000000000e+04 -6.500965647809481496e+00 1.110327075079603532e+01 9.128310048930984855e-02 1.113011830349370346e+00 1.813835800367798873e-02 6.351357169307066952e-01
5.509100000000000000e+04 1.060177586146605577e+01 1.110327075079603532e+01 7.785191425310805657e-02 9.572562999741685008e-01 1.533876746194622574e-02 5.431857799320026770e-01
5.509300000000000000e+04 8.550293323784250887e+00 1.110327075079603532e+01 5.652979444456113223e-02 7.038204777251526600e-01 1.095262713745783802e-02 3.949388237052650075e-01
5.509500000000000000e+04 1.528295911478084257e+01 1.110327075079603532e+01 4.108481581027809831e-02 5.137523190215372848e-01 7.830004347216196550e-03 2.851169981805523612e-01
5.509600000000000000e+04 1.600612091478143650e+00 1.110327075079603532e+01 3.500301951191903127e-02 4.370940266334037982e-01 6.616827885050855125e-03 2.412484968723941914e-01
5.509700000000000000e+04 -6.990120159506154174e+00 1.110327075079603532e+01 2.982576354028879106e-02 3.717389855389363063e-01 5.592785077591702451e-03 2.040615828835353474e-01
5.509800000000000000e+04 3.475493393938670295e+00 1.110327075079603532e+01 2.543223686462361965e-02 3.161907430740383829e-01 4.730874821351913062e-03 1.726308927025761164e-01
5.509900000000000000e+04 -3.147489232740039888e+00 1.110327075079603532e+01 2.166642782580004145e-02 2.685749247539667706e-01 3.998454947828823484e-03 1.458457370371799289e-01
5.510100000000000000e+04 -6.302024572482424425e+00 1.110327075079603532e+01 1.572698155992421909e-02 1.935458383368721669e-01 2.857113554350843541e-03 1.039842251850170152e-01
5.510400000000000000e+04 7.635956239865932638e+00 1.110327075079603532e+01 9.727941962771312692e-03 1.178670760593047012e-01 1.726894476100850886e-03 6.233055317784489541e-02
5.510700000000000000e+04 -3.592065899037084620e+01 1.110327075079603532e+01 5.978147878332009182e-03 7.205920756595601828e-02 1.037530654529236849e-03 3.751715914299787180e-02
5.510800000000000000e+04 -1.417059708060964596e+00 1.110327075079603532e+01 5.083787070688641774e-03 6.125948729592396030e-02 8.757902202812570909e-04 3.173080249452188417e-02
5.510900000000000000e+04 -1.045611442552523052e+01 1.110327075079603532e+01 4.320095460722854323e-03 5.204561966655543714e-02 7.387683124515371895e-04 2.682072644501697772e-02
5.511000000000000000e+04 -7.769477590649643828e-01 1.110327075079603532e+01 3.670426053184999444e-03 4.422131681296693345e-02 6.230988444615148105e-04 2.267294750459748418e-02
5.511100000000000000e+04 2.674480546832240435e+01 1.110327075079603532e+01 3.120185134164779259e-03 3.758573231956648109e-02 5.258591276927242816e-04 1.917345932743277914e-02
5.511400000000000000e+04 -2.264125174653583272e+01 1.110327075079603532e+01 1.915969966889310809e-03 2.302639249682557343e-02 3.160519228810185948e-04 1.157105150594250030e-02
