5.497400000000000000e+04 3.386256019086012259e+00 6.691408592469759498e+00 2.872527343123094101e-01 1.361878786922353313e-18 2.872527343123094101e-01 1.361878786922353313e-18
5.497600000000000000e+04 -4.576250238120819880e+00 6.691408592469759498e+00 1.958814406946931541e+00 1.361878729124037428e-18 1.958814406946931541e+00 1.361878729124037428e-18
5.498000000000000000e+04 1.041169784184141278e+01 6.691408592469759498e+00 9.740658635389692677e+00 1.361878539915005324e-18 9.740658635389692677e+00 1.361878539915005324e-18
5.498100000000000000e+04 7.754175856472674155e+00 6.691408592469759498e+00 1.261836908227294352e+01 1.361878470464420193e-18 1.261836908227294352e+01 1.361878470464420193e-18
5.498500000000000000e+04 2.973222630259308019e+01 6.691408592469759498e+00 2.761301931683333422e+01 1.361878049372206945e-18 2.761301931683333422e+01 1.361878049372206945e-18
5.498700000000000000e+04 3.272570312845542873e+01 6.691408592469759498e+00 3.698113532148148863e+01 1.361877713423546935e-18 3.698113532148148863e+01 1.361877713423546935e-18
5.498800000000000000e+04 4.717650398325945105e+01 6.691408592469759498e+00 4.209516568424355398e+01 1.361877500567910188e-18 4.209516568424355398e+01 1.361877500567910188e-18
5.498900000000000000e+04 4.992503571042498578e+01 6.691408592469759498e+00 4.711547825657126509e+01 1.361877250779591196e-18 4.711547825657126509e+01 1.361877250779591196e-18
5.499300000000000000e+04 6.655073601549386808e+01 6.691408592469759498e+00 6.549985504210982867e+01 -1.940482729049532867e-02 6.549985504210982867e+01 -1.940482729049532867e-02
5.499500000000000000e+04 6.539477800964426990e+01 6.691408592469759498e+00 6.925870503056015082e+01 1.172809985443463487e+00 6.925870503056015082e+01 1.172809985443463487e+00
5.499700000000000000e+04 8.560193704235882706e+01 6.691408592469759498e+00 7.337964952375278926e+01 4.188406388058739438e+00 6.841287481237441170e+01 4.188406388058739438e+00
5.499900000000000000e+04 8.486916483918066945e+01 6.691408592469759498e+00 7.449275123973598056e+01 9.046702486275524535e+00 6.504780932565140006e+01 9.046702486275524535e+00
5.500000000000000000e+04 9.785315015026478136e+01 6.691408592469759498e+00 7.468023071302394555e+01 1.217582329423711585e+01 6.320798198309262261e+01 1.217582329423711585e+01
5.500200000000000000e+04 9.094820358312011876e+01 6.691408592469759498e+00 7.416903516007400299e+01 1.983239277984976923e+01 5.914124484496770862e+01 1.983239277984976923e+01
5.500300000000000000e+04 8.750573966319718977e+01 6.691408592469759498e+00 7.262984183285938400e+01 2.434500671405781702e+01 5.628475033544589223e+01 2.434500671405781702e+01
5.500500000000000000e+04 1.058249722766946945e+02 6.691408592469759498e+00 6.815857954629125004e+01 3.451627414604166688e+01 5.000629460476246635e+01 3.451627414604166688e+01
5.500700000000000000e+04 1.152339345461574851e+02 6.691408592469759498e+00 6.396091782985457996e+01 4.622641915185185724e+01 4.455343955827151348e+01 4.622641915185185724e+01
5.500900000000000000e+04 1.166369418497376387e+02 6.691408592469759498e+00 5.938955881321963659e+01 5.889434782071408847e+01 3.937777404403901471e+01 5.889434782071408847e+01
5.501000000000000000e+04 1.219807284361016002e+02 6.691408592469759498e+00 5.693698496722542046e+01 6.489662410672829651e+01 3.686434766411487374e+01 6.489662410672829651e+01
5.501300000000000000e+04 1.301497919057671311e+02 6.691408592469759498e+00 4.956863428057519627e+01 8.187481880263729295e+01 2.997981993502793685e+01 8.187481880263729295e+01
5.501600000000000000e+04 1.292652401315854149e+02 6.691408592469759498e+00 4.016516095122278784e+01 9.366301089817240211e+01 2.279133005233092391e+01 8.648477460588402721e+01
5.501700000000000000e+04 1.294234097857101062e+02 6.691408592469759498e+00 3.727386199105087883e+01 9.616284715814379069e+01 2.072381963252022885e+01 8.551609351546802884e+01
5.501800000000000000e+04 1.323067930396407519e+02 6.691408592469759498e+00 3.458992642115606486e+01 9.751815993694037843e+01 1.885112345149930135e+01 8.363478553768472068e+01
5.501900000000000000e+04 1.228055784725015513e+02 6.691408592469759498e+00 3.197782416753206647e+01 9.818153720090508330e+01 1.708947422377729097e+01 8.130976165706424297e+01
5.502000000000000000e+04 1.243778639940401547e+02 6.691408592469759498e+00 2.946425536239192411e+01 9.868346187110336132e+01 1.544652967884242400e+01 7.900997747886577827e+01
5.502200000000000000e+04 1.128634685914975506e+02 6.691408592469759498e+00 2.488790928625465071e+01 9.847017266687123538e+01 1.256901635586821442e+01 7.392655605620964820e+01
5.502300000000000000e+04 1.166910096112444819e+02 6.691408592469759498e+00 2.281093034977840972e+01 9.663388073216866303e+01 1.131270102647213349e+01 7.035593791930737950e+01
5.502400000000000000e+04 1.129041365078050347e+02 6.691408592469759498e+00 2.089841979632365110e+01 9.381920732631380133e+01 1.018094207449878574e+01 6.630332673237724350e+01
5.502500000000000000e+04 1.070699872145745246e+02 6.691408592469759498e+00 1.916205883596395410e+01 9.104271011479568187e+01 9.172838121572022274e+00 6.250786825595308471e+01
5.502800000000000000e+04 8.996373560472653708e+01 6.691408592469759498e+00 1.476191175800478916e+01 8.289117166417459259e+01 6.716370971383953226e+00 5.242958359530334889e+01
5.502900000000000000e+04 9.079597790126246082e+01 6.691408592469759498e+00 1.356504215937068558e+01 7.986304798306663599e+01 6.071543353043900915e+00 4.922221755504877194e+01
5.503100000000000000e+04 8.574822203747500282e+01 6.691408592469759498e+00 1.154884237254629475e+01 7.345109218506156878e+01 5.006434182654020404e+00 4.306718978895430183e+01
5.503300000000000000e+04 6.814228317738050578e+01 6.691408592469759498e+00 9.975039339149049056e+00 6.702363494224682938e+01 4.192249869357422831e+00 3.747477491878492373e+01
5.503400000000000000e+04 8.235511439875105566e+01 6.691408592469759498e+00 9.360276457796185667e+00 6.310622100683629299e+01 3.874767751706000407e+00 3.448427377422747497e+01
5.503500000000000000e+04 6.738610988454142614e+01 6.691408592469759498e+00 8.821647945612079766e+00 5.874592051065860687e+01 3.597735703756966164e+00 3.138975180906150086e+01
5.503700000000000000e+04 6.226236663594850995e+01 6.691408592469759498e+00 7.940737259979585794e+00 5.063088183970097589e+01 3.145344712025503142e+00 2.590477454065029050e+01
5.503800000000000000e+04 6.269045531000188021e+01 6.691408592469759498e+00 7.588186134737108901e+00 4.703355301149075984e+01 2.963093496324381348e+00 2.356390431437412758e+01
5.503900000000000000e+04 5.886626400440995610e+01 6.691408592469759498e+00 7.277762216794528172e+00 4.352475466368279200e+01 2.802157021713587159e+00 2.136184277972161283e+01
5.504000000000000000e+04 4.885654047208301165e+01 6.691408592469759498e+00 6.987950762854056030e+00 4.014166900289174578e+01 2.653484246384680389e+00 1.930816209855303001e+01
5.504100000000000000e+04 4.253193888803904343e+01 6.691408592469759498e+00 6.710550378731560350e+00 3.696103828367743205e+01 2.513503025968822246e+00 1.743034109109994390e+01
5.504300000000000000e+04 4.234046772633235634e+01 6.691408592469759498e+00 6.188922793573758518e+00 3.115942088978918179e+01 2.256754227528354306e+00 1.414087628309016509e+01
5.504400000000000000e+04 3.520487359515192338e+01 6.691408592469759498e+00 5.918551169910934995e+00 2.857026869656221635e+01 2.129971270706062736e+00 1.272617759312348085e+01
5.504500000000000000e+04 2.790240264879295395e+01 6.691408592469759498e+00 5.638441593079695835e+00 2.621711795621803276e+01 2.002998789726357476e+00 1.146604765196502740e+01
5.504600000000000000e+04 2.392971621072674537e+01 6.691408592469759498e+00 5.367481863503651418e+00 2.403089534193319565e+01 1.882468299899572761e+00 1.032254954550394999e+01
5.504700000000000000e+04 2.147472494146372668e+01 6.691408592469759498e+00 5.105406019451808497e+00 2.203350085571094041e+01 1.768044749775525615e+00 9.298797575737893339e+00
5.504900000000000000e+04 9.689483861516949403e+00 6.691408592469759498e+00 4.591423640587532162e+00 1.861307509167520990e+01 1.551051834533994978e+00 7.589429191304875921e+00
5.505000000000000000e+04 1.476018332914050291e+01 6.691408592469759498e+00 4.310990513280760439e+00 1.716135117434020430e+01 1.438675292267899364e+00 6.881055001740258525e+00
5.505100000000000000e+04 2.119158633123497992e+01 6.691408592469759498e+00 4.018782061533750394e+00 1.586726733764908737e+01 1.325106192803267691e+00 6.258042728317525949e+00
5.505300000000000000e+04 9.267926537893725225e+00 6.691408592469759498e+00 3.443175421135909797e+00 1.372175785364051492e+01 1.108770342350714921e+00 5.240312336696778317e+00
5.505400000000000000e+04 8.997690050381390137e+00 6.691408592469759498e+00 3.160262715779892151e+00 1.288360277442245483e+01 1.005908494057323077e+00 4.843459689632500620e+00
5.505500000000000000e+04 2.599259253876286735e+01 6.691408592469759498e+00 2.891345760373205565e+00 1.214910375462430281e+01 9.098004280595362037e-01 4.497169629696206705e+00
5.505700000000000000e+04 1.293145072191453337e+01 6.691408592469759498e+00 2.395330986202931278e+00 1.094776543829376791e+01 7.368888778080757707e-01 3.931680890031879372e+00
5.505800000000000000e+04 1.262882719675099530e+01 6.691408592469759498e+00 2.160839557270160416e+00 1.046712777576587605e+01 6.574095826676078502e-01 3.703866870405477130e+00
5.505900000000000000e+04 1.100227755325420276e-01 6.691408592469759498e+00 1.937442411446422152e+00 1.004398157470463993e+01 5.830050588127172473e-01 3.502696277141983838e+00
5.506100000000000000e+04 1.634656344698604613e+01 6.691408592469759498e+00 1.529817268705894628e+00 9.270113347651260938e+00 4.505027589097987395e-01 3.141878782461027253e+00
5.506300000000000000e+04 8.690682346364196675e+00 6.691408592469759498e+00 1.184626120518386116e+00 8.557329936509077584e+00 3.415482990769190819e-01 2.820942784410442883e+00
5.506400000000000000e+04 1.466860991786002444e+01 6.691408592469759498e+00 1.039252031650214292e+00 8.187077071776428738e+00 2.965309531914898100e-01 2.662464088382578531e+00
5.506700000000000000e+04 1.598591244130225775e+01 6.691408592469759498e+00 6.865582497918558680e-01 7.071073971133492897e+00 1.899928740845295005e-01 2.210055937219407074e+00
5.506800000000000000e+04 -3.826749377508901873e+00 6.691408592469759498e+00 5.949373082042545002e-01 6.720796356711362662e+00 1.630009885761951050e-01 2.073679838540994247e+00
5.506900000000000000e+04 9.808527273728698148e+00 6.691408592469759498e+00 5.142931593994553019e-01 6.364159558572298536e+00 1.395185175518027509e-01 1.938814793167494166e+00
5.507000000000000000e+04 -6.787592706174753410e+00 6.691408592469759498e+00 4.435562508170823315e-01 5.977695839373122766e+00 1.191554736916271978e-01 1.798344115334874260e+00
5.507200000000000000e+04 1.066941722907574785e+01 6.691408592469759498e+00 3.286440098196738435e-01 5.172892602477817015e+00 8.659693020465177027e-02 1.518313062071563468e+00
5.507400000000000000e+04 1.252727195400199811e+01 6.691408592469759498e+00 2.421163625307574119e-01 4.388275805325072554e+00 6.259957145868536021e-02 1.257385617571653791e+00
5.507600000000000000e+04 4.382953811816991951e-01 6.691408592469759498e+00 1.756845421308929622e-01 3.667917996564045158e+00 4.458659039435906163e-02 1.026565350283807909e+00
5.507800000000000000e+04 1.033792803833063090e+01 6.691408592469759498e+00 1.270387779013982810e-01 3.004361792790968266e+00 3.165759871947924908e-02 8.217619783345098128e-01
5.508000000000000000e+04 5.009893013755304381e+00 6.691408592469759498e+00 9.163479148900932625e-02 2.400867582339726081e+00 2.242927217941729015e-02 6.421148923080304272e-01
5.508200000000000000e+04 8.401758856275222342e+00 6.691408592469759498e+00 6.591207404844731665e-02 1.877848752314764003e+00 1.585148843184322476e-02 4.913262041639884781e-01
5.508300000000000000e+04 -1.277529579010233896e+01 6.691408592469759498e+00 5.588724624955546116e-02 1.649464816854596005e+00 1.332425287277213925e-02 4.269353738461487691e-01
5.508400000000000000e+04 -6.017518201903804709e+00 6.691408592469759498e+00 4.733186475171415053e-02 1.447441715265959994e+00 1.118771474028273233e-02 3.706636914893623458e-01
5.508600000000000000e+04 1.830321226660309719e+01 6.691408592469759498e+00 3.404016009327107822e-02 1.102081567941130658e+00 7.910245647124551638e-03 2.763494403062012883e-01
5.508900000000000000e+04 9.015193245046905446e+00 6.691408592469759498e+00 2.099478731194201475e-02 7.172123792897362460e-01 4.758348966942117439e-03 1.743981469397534456e-01
5.509000000000000000e+04 -8.187483489399136616e+00 6.691408592469759498e+00 1.786428141303119874e-02 6.187147971437743088e-01 4.015798901434460173e-03 1.489443421145340285e-01
5.509200000000000000e+04 -4.454864926821832327e+00 6.691408592469759498e+00 1.293188537733991512e-02 4.586389915963868802e-01 2.860340487345981557e-03 1.082461627558146955e-01
5.509300000000000000e+04 9.025319271433522417e+00 6.691408592469759498e+00 1.100347474734802815e-02 3.939684810245960844e-01 2.414419350363810127e-03 9.208098189192380489e-02
5.509500000000000000e+04 -2.792382486112238382e+00 6.691408592469759498e+00 7.961657311403233517e-03 2.883745679805486128e-01 1.719580412830072277e-03 6.611820886863432889e-02
5.509600000000000000e+04 6.099132071157792545e+00 6.691408592469759498e+00 6.774755010233220881e-03 2.453934468829536697e-01 1.451847290194205504e-03 5.573323799294881836e-02
5.509700000000000000e+04 4.944499200232763236e+00 6.691408592469759498e+00 5.763669154157030801e-03 2.088979676443511457e-01 1.225634575374692737e-03 4.700145520178898584e-02
5.509800000000000000e+04 2.645867235415423124e+00 6.691408592469759498e+00 4.900758960511665714e-03 1.775199848194799201e-01 1.034155386379047173e-03 3.957199839934906482e-02
5.510000000000000000e+04 -3.024728247669419723e+00 6.691408592469759498e+00 3.547876185099253787e-03 1.280991807346970324e-01 7.373742460977353481e-04 2.803659022427161529e-02
5.510100000000000000e+04 1.161381995802041622e+01 6.691408592469759498e+00 3.017400806735578891e-03 1.086513041385609307e-01 6.224268341795411233e-04 2.356605663996549915e-02
5.510200000000000000e+04 1.440414065261774956e+00 6.691408592469759498e+00 2.568080931493035412e-03 9.217640523116836515e-02 5.258043306838589264e-04 1.981436053980403095e-02
5.510600000000000000e+04 -1.923050519325485153e-01 6.691408592469759498e+00 1.342016160928833106e-03 4.763945440980760226e-02 2.668395524086519138e-04 9.887807058905687813e-03
5.510900000000000000e+04 5.427026702253756163e+00 6.691408592469759498e+00 8.241090216495175263e-04 2.939767471138927946e-02 1.603886617199637324e-04 5.947936208677647232e-03
5.511100000000000000e+04 -1.008302389957144740e+01 6.691408592469759498e+00 5.956966133285825256e-04 2.129796892392879157e-02 1.143196079927424701e-04 4.237980086345396677e-03
5.511200000000000000e+04 -8.484687107188953803e+00 6.691408592469759498e+00 5.061136158962683228e-04 1.811668156172760794e-02 9.645587389153405797e-05 3.575425609182477163e-03
5.511400000000000000e+04 1.251910767556527659e+01 6.691408592469759498e+00 3.658262171907596572e-04 1.312179327833023698e-02 6.876820444588222371e-05 2.547921024918492483e-03
5.511500000000000000e+04 -1.902121122907876938e+01 6.691408592469759498e+00 3.108655415704915360e-04 1.115900214150915108e-02 5.804061642466235168e-05 2.149475516037590347e-03
5.511700000000000000e+04 -2.961926423797482055e+00 6.691408592469759498e+00 2.247295495490381483e-04 8.080761959767271407e-03 4.139733072045060849e-05 1.532043219218365976e-03
5.511800000000000000e+04 6.266507383252956087e-01 6.691408592469759498e+00 1.909661222842456236e-04 6.871962542488767138e-03 3.494412016400036890e-05 1.292694232973808696e-03
5.511900000000000000e+04 1.783810414354492613e+00 6.691408592469759498e+00 1.624453023742535322e-04 5.849113176233492611e-03 2.952906681710418518e-05 1.091761675451888552e-03
5.512000000000000000e+04 1.402235208244803966e+00 6.691408592469759498e+00 1.393407997230628143e-04 4.976354443352091692e-03 2.516312410348764490e-05 9.217178076221691852e-04
