5.497600000000000000e+04 -3.123236441351554316e+00 4.968602903933599713e+00 1.164140563987932975e+00 8.960306587780850352e-19 1.164140563987932975e+00 8.960306587780850352e-19
5.497900000000000000e+04 4.176893993127117177e+00 4.968602903933599713e+00 4.289077145657377521e+00 8.960306582668382648e-19 4.289077145657377521e+00 8.960306582668382648e-19
5.498300000000000000e+04 1.229909243966767818e+01 4.968602903933599713e+00 1.143383206421574805e+01 5.692856059696972670e-04 1.143383206421574805e+01 5.692856059696972670e-04
5.499200000000000000e+04 4.801508783480153397e+01 4.968602903933599713e+00 3.733751665722944324e+01 7.442956887355959950e+00 3.733751665722944324e+01 7.442956887355959950e+00
5.499500000000000000e+04 5.532749041541704571e+01 4.968602903933599713e+00 4.526446668391263017e+01 1.307602453554221000e+01 4.526446668391263017e+01 1.307602453554221000e+01
5.499600000000000000e+04 5.178453284238423038e+01 4.968602903933599713e+00 4.750204251648135312e+01 1.528761230289747708e+01 4.750204251648135312e+01 1.528761230289747708e+01
5.499800000000000000e+04 7.077039997136789395e+01 4.968602903933599713e+00 5.133933107419673547e+01 2.007959606340551773e+01 5.091672227927872996e+01 2.007959606340551773e+01
5.500200000000000000e+04 8.517646377201299401e+01 4.968602903933599713e+00 5.605119289653529790e+01 2.987001332578356028e+01 5.381775602163734362e+01 2.987001332578356028e+01
5.500700000000000000e+04 9.806118443117730976e+01 4.968602903933599713e+00 5.643103835287060122e+01 4.071752698385648017e+01 5.210622193247517231e+01 3.949706759516585208e+01
5.501100000000000000e+04 9.527698934539564846e+01 4.968602903933599713e+00 5.345554677354331830e+01 4.591651130512867951e+01 4.789065290588005297e+01 4.282857131343035206e+01
5.501600000000000000e+04 9.131683639552701948e+01 4.968602903933599713e+00 4.667396868990392278e+01 4.742990950715264376e+01 4.031611703369087962e+01 4.221245061156341194e+01
5.502200000000000000e+04 8.475016552102657386e+01 4.968602903933599713e+00 3.827463095793200409e+01 4.402805392623732672e+01 3.169741694238675578e+01 3.714193852390528150e+01
5.502800000000000000e+04 7.143426503195250632e+01 4.968602903933599713e+00 3.310052133813628927e+01 3.710504765236313318e+01 2.632666932167046880e+01 2.975067964429372225e+01
5.503000000000000000e+04 6.694790058856843018e+01 4.968602903933599713e+00 3.188221413296672679e+01 3.469726077440737555e+01 2.502725028100064719e+01 2.736808705979442635e+01
5.503300000000000000e+04 6.092072397144951879e+01 4.968602903933599713e+00 3.005247301329474041e+01 3.179225990508302502e+01 2.313864568316503068e+01 2.448006460697853726e+01
5.503800000000000000e+04 6.348958486833475945e+01 4.968602903933599713e+00 2.617750680415279874e+01 2.843701513449558149e+01 1.953108020902245556e+01 2.106133545733638002e+01
5.504200000000000000e+04 6.534831808170697798e+01 4.968602903933599713e+00 2.275727613330874988e+01 2.649662489250919251e+01 1.656882135661357935e+01 1.904313992562109448e+01
5.504400000000000000e+04 4.188088688727061282e+01 4.968602903933599713e+00 2.108858188926991417e+01 2.534707896197380350e+01 1.517055024046465839e+01 1.795118906655368463e+01
5.504600000000000000e+04 3.782994666668908934e+01 4.968602903933599713e+00 1.956022205626315369e+01 2.409359103498677968e+01 1.390504162668881349e+01 1.681808671994051352e+01
5.505000000000000000e+04 3.891466752510889648e+01 4.968602903933599713e+00 1.711214545794200959e+01 2.127763399329798233e+01 1.188425964160150627e+01 1.443726013929840057e+01
5.505600000000000000e+04 3.474478343060793861e+01 4.968602903933599713e+00 1.482374425964091813e+01 1.708206553755467638e+01 9.950825172612551839e+00 1.112403330135105328e+01
5.505900000000000000e+04 2.883737661096304805e+01 4.968602903933599713e+00 1.392773532743040299e+01 1.542918130045134006e+01 9.195652533626304859e+00 9.849461411076502415e+00
5.506300000000000000e+04 2.974420904644796693e+01 4.968602903933599713e+00 1.295119734197186823e+01 1.391513398849969008e+01 8.367487622413662507e+00 8.655305087080730431e+00
5.506500000000000000e+04 1.929562851470503659e+01 4.968602903933599713e+00 1.253110179519172362e+01 1.332932773784704672e+01 8.010164788539839265e+00 8.186039266625957822e+00
5.506700000000000000e+04 3.237733710551918165e+01 4.968602903933599713e+00 1.212651650490148292e+01 1.277599852170698114e+01 7.670155917078735897e+00 7.748194870342034690e+00
5.507000000000000000e+04 2.207235682203257099e+01 4.968602903933599713e+00 1.156321169359384449e+01 1.206173453501572901e+01 7.200455628366551508e+00 7.180458706402981228e+00
5.507400000000000000e+04 2.054268292271928331e+01 4.968602903933599713e+00 1.082413826530773271e+01 1.126974686302571449e+01 6.603708294373577203e+00 6.548371216168340503e+00
5.507900000000000000e+04 2.374674712278265432e+01 4.968602903933599713e+00 9.815472466325255496e+00 1.042732876193034564e+01 5.840457257125583723e+00 5.882837101230095733e+00
5.508300000000000000e+04 1.585385708743752886e+01 4.968602903933599713e+00 8.834894822137480119e+00 9.804033575973340575e+00 5.155149271873892936e+00 5.405543130602271873e+00
5.509100000000000000e+04 1.774302609481577875e+01 4.968602903933599713e+00 6.154343660916092418e+00 8.357763045350186104e+00 3.457107999615824934e+00 4.407870389404665801e+00
