5.497400000000000000e+04 3.926720089055735219e+00 7.858385710398391844e+00 2.872527343123094101e-01 1.361878599096895607e-18 2.872527343123094101e-01 1.361878599096895607e-18
5.497600000000000000e+04 -5.715961077713063609e+00 7.858385710398391844e+00 1.958814406946931541e+00 1.361878470464420193e-18 1.958814406946931541e+00 1.361878470464420193e-18
5.498000000000000000e+04 1.052872662409861881e+01 7.858385710398391844e+00 9.740658635389692677e+00 1.361878049372206945e-18 9.740658635389692677e+00 1.361878049372206945e-18
5.498100000000000000e+04 6.905863858595221672e+00 7.858385710398391844e+00 1.261836908227294352e+01 1.361877894807208667e-18 1.261836908227294352e+01 1.361877894807208667e-18
5.498500000000000000e+04 3.010181456287645574e+01 7.858385710398391844e+00 2.761301931683333422e+01 1.361876957650400692e-18 2.761301931683333422e+01 1.361876957650400692e-18
5.498700000000000000e+04 3.198355864160600959e+01 7.858385710398391844e+00 3.698113532148148863e+01 1.361876209984332906e-18 3.698113532148148863e+01 1.361876209984332906e-18
5.498800000000000000e+04 4.804328110726678602e+01 7.858385710398391844e+00 4.209516568424355398e+01 -1.940482729049532867e-02 4.209516568424355398e+01 -1.940482729049532867e-02
5.498900000000000000e+04 5.077408654178230307e+01 7.858385710398391844e+00 4.711547825657126509e+01 3.590659178903867210e-01 4.711547825657126509e+01 3.590659178903867210e-01
5.499300000000000000e+04 7.314414611498749252e+01 7.858385710398391844e+00 6.549985504210982867e+01 6.387348154830737812e+00 6.549985504210982867e+01 6.387348154830737812e+00
5.499500000000000000e+04 7.551938780231424175e+01 7.858385710398391844e+00 6.925870503056015082e+01 1.217582329423711585e+01 6.925870503056015082e+01 1.217582329423711585e+01
5.499700000000000000e+04 1.038374108734911516e+02 7.858385710398391844e+00 7.457003354548812979e+01 1.983239277984976923e+01 6.841287481237441170e+01 1.983239277984976923e+01
5.499900000000000000e+04 1.075999657151800335e+02 7.858385710398391844e+00 7.675641500426864638e+01 2.928193888190937244e+01 6.504780932565140006e+01 2.928193888190937244e+01
5.500000000000000000e+04 1.248610343233594477e+02 7.858385710398391844e+00 7.742977792928846270e+01 3.451627414604166688e+01 6.320798198309262261e+01 3.451627414604166688e+01
5.500200000000000000e+04 1.204114515101847189e+02 7.858385710398391844e+00 7.777073697113253559e+01 4.622641915185185724e+01 5.914124484496770862e+01 4.622641915185185724e+01
5.500300000000000000e+04 1.180457025139360212e+02 7.858385710398391844e+00 7.654726045620641628e+01 5.261895710530443893e+01 5.628475033544589223e+01 5.261895710530443893e+01
5.500500000000000000e+04 1.411052484115281516e+02 7.858385710398391844e+00 7.250912717690557940e+01 6.489662410672829651e+01 5.000629460476246635e+01 6.489662410672829651e+01
5.500700000000000000e+04 1.512787919971765973e+02 7.858385710398391844e+00 6.861229691973812805e+01 7.673977432222363859e+01 4.455343955827151348e+01 7.673977432222363859e+01
5.500900000000000000e+04 1.474617678573072794e+02 7.858385710398391844e+00 6.418577169178358588e+01 8.521019049050045169e+01 3.937777404403901471e+01 8.521019049050045169e+01
5.501000000000000000e+04 1.534805672668684338e+02 7.858385710398391844e+00 6.174778233739241529e+01 9.156000805040052626e+01 3.686434766411487374e+01 8.657338128820018142e+01
5.501300000000000000e+04 1.556484393990174055e+02 7.858385710398391844e+00 5.426347408240056325e+01 1.029042401255672701e+02 2.997981993502793685e+01 8.363478553768472068e+01
5.501600000000000000e+04 1.466307590775436154e+02 7.858385710398391844e+00 4.432913695178363866e+01 1.076603260388811236e+02 2.279133005233092391e+01 7.672486177229268378e+01
5.501700000000000000e+04 1.445190981064599498e+02 7.858385710398391844e+00 4.124040106871525779e+01 1.079919130869110404e+02 2.072381963252022885e+01 7.392655605620964820e+01
5.501800000000000000e+04 1.454238533524463435e+02 7.858385710398391844e+00 3.836203622380108413e+01 1.068284561366763086e+02 1.885112345149930135e+01 7.035593791930737950e+01
5.501900000000000000e+04 1.314038716727628753e+02 7.858385710398391844e+00 3.554610638545676693e+01 1.044940429302265272e+02 1.708947422377729097e+01 6.630332673237724350e+01
5.502000000000000000e+04 1.305094160641633323e+02 7.858385710398391844e+00 3.282387556754014923e+01 1.021128535829249557e+02 1.544652967884242400e+01 6.250786825595308471e+01
5.502200000000000000e+04 1.129093232920771612e+02 7.858385710398391844e+00 2.784037122824809174e+01 9.739381887438153740e+01 1.256901635586821442e+01 5.569179944783939362e+01
5.502300000000000000e+04 1.170414415478406198e+02 7.858385710398391844e+00 2.556670431982701430e+01 9.470879980655597308e+01 1.131270102647213349e+01 5.242958359530334889e+01
5.502400000000000000e+04 1.130875228568541786e+02 7.858385710398391844e+00 2.346707148171969592e+01 9.175021352261090613e+01 1.018094207449878574e+01 4.922221755504877194e+01
5.502500000000000000e+04 1.064228471310953950e+02 7.858385710398391844e+00 2.155616958569424924e+01 8.854816308920392487e+01 9.172838121572022274e+00 4.608043458014359572e+01
5.502800000000000000e+04 8.614698559474670958e+01 7.858385710398391844e+00 1.669018186388912639e+01 7.848716858990314904e+01 6.716370971383953226e+00 3.747477491878492373e+01
5.502900000000000000e+04 8.648001101537880686e+01 7.858385710398391844e+00 1.536100468320107204e+01 7.421015716213753421e+01 6.071543353043900915e+00 3.448427377422747497e+01
5.503100000000000000e+04 7.858627523544889470e+01 7.858385710398391844e+00 1.311685755855353364e+01 6.459062936830582657e+01 5.006434182654020404e+00 2.848916256541365399e+01
5.503300000000000000e+04 5.709870308166106412e+01 7.858385710398391844e+00 1.136099714595861343e+01 5.613864563856493106e+01 4.192249869357422831e+00 2.356390431437412758e+01
5.503400000000000000e+04 7.441106655576757589e+01 7.858385710398391844e+00 1.067498515595003106e+01 5.212289638252073587e+01 3.874767751706000407e+00 2.136184277972161283e+01
5.503500000000000000e+04 5.808462080435931085e+01 7.858385710398391844e+00 1.007365997051950224e+01 4.822406565734605977e+01 3.597735703756966164e+00 1.930816209855303001e+01
5.503700000000000000e+04 5.447486503817686554e+01 7.858385710398391844e+00 9.090046217753702251e+00 4.105040741826559270e+01 3.145344712025503142e+00 1.571127044483526802e+01
5.503800000000000000e+04 5.593437022561268890e+01 7.858385710398391844e+00 8.696679411712059604e+00 3.776179602636397448e+01 2.963093496324381348e+00 1.414087628309016509e+01
5.503900000000000000e+04 5.253749954926614407e+01 7.858385710398391844e+00 8.350427924706488980e+00 3.471701247404085677e+01 2.802157021713587159e+00 1.272617759312348085e+01
5.504000000000000000e+04 4.199470669031094872e+01 7.858385710398391844e+00 8.026789845313659910e+00 3.193982233931377479e+01 2.653484246384680389e+00 1.146604765196502740e+01
5.504100000000000000e+04 3.572712323581472305e+01 7.858385710398391844e+00 7.716454289724283377e+00 2.934907286777682955e+01 2.513503025968822246e+00 1.032254954550394999e+01
5.504300000000000000e+04 3.783123029971844886e+01 7.858385710398391844e+00 7.131343358989600034e+00 2.483713985217786302e+01 2.256754227528354306e+00 8.395463714229940422e+00
5.504400000000000000e+04 3.055720937665525128e+01 7.858385710398391844e+00 6.826557922612931151e+00 2.288971844097550701e+01 2.129971270706062736e+00 7.589429191304875921e+00
5.504500000000000000e+04 2.301677193850568415e+01 7.858385710398391844e+00 6.509746066610660797e+00 2.114961065334885859e+01 2.002998789726357476e+00 6.881055001740258525e+00
5.504600000000000000e+04 1.937552467776600196e+01 7.858385710398391844e+00 6.202733048169092100e+00 1.959518339090783456e+01 1.882468299899572761e+00 6.258042728317525949e+00
5.504700000000000000e+04 1.745175300049438150e+01 7.858385710398391844e+00 5.905269464250255673e+00 1.819849495562872832e+01 1.768044749775525615e+00 5.707004188293002933e+00
5.504900000000000000e+04 5.450874313695269535e+00 7.858385710398391844e+00 5.320107792451603146e+00 1.600279081454577934e+01 1.551051834533994978e+00 4.843459689632500620e+00
5.505000000000000000e+04 1.223432784629655856e+01 7.858385710398391844e+00 4.999396640630950017e+00 1.511768542718676933e+01 1.438675292267899364e+00 4.497169629696206705e+00
5.505100000000000000e+04 2.053928031299127355e+01 7.858385710398391844e+00 4.664373798667502236e+00 1.434168482722167859e+01 1.325106192803267691e+00 4.194456255036756787e+00
5.505300000000000000e+04 7.819368649534599314e+00 7.858385710398391844e+00 4.002660935886081184e+00 1.309094706676111564e+01 1.108770342350714921e+00 3.703866870405477130e+00
5.505400000000000000e+04 7.983256918080499531e+00 7.858385710398391844e+00 3.676595545779516083e+00 1.258168502749400552e+01 1.005908494057323077e+00 3.502696277141983838e+00
5.505500000000000000e+04 2.833364605112686974e+01 7.858385710398391844e+00 3.366261583820283843e+00 1.210519513200691399e+01 9.098004280595362037e-01 3.316855307980851375e+00
5.505700000000000000e+04 1.351815548359068053e+01 7.858385710398391844e+00 2.792808846892607555e+00 1.120878307047959588e+01 7.368888778080757707e-01 2.977258571631851591e+00
5.505800000000000000e+04 1.330494727202412086e+01 7.858385710398391844e+00 2.521165749530275946e+00 1.078277169913047651e+01 6.574095826676078502e-01 2.820942784410442883e+00
5.505900000000000000e+04 -1.349345235040019020e+00 7.858385710398391844e+00 2.262059628193343386e+00 1.033036066292440402e+01 5.830050588127172473e-01 2.662464088382578531e+00
5.506100000000000000e+04 1.770350447507486535e+01 7.858385710398391844e+00 1.788495952871900885e+00 9.401046689698468128e+00 4.505027589097987395e-01 2.353085374874466229e+00
5.506300000000000000e+04 8.675724570152466342e+00 7.858385710398391844e+00 1.386686094252291612e+00 8.523653608338904064e+00 3.415482990769190819e-01 2.073679838540994247e+00
5.506400000000000000e+04 1.568965051626796026e+01 7.858385710398391844e+00 1.217259562851066068e+00 8.080980057922113602e+00 2.965309531914898100e-01 1.938814793167494166e+00
5.506700000000000000e+04 1.705954983329415242e+01 7.858385710398391844e+00 8.055697861184052400e-01 6.590693339840242082e+00 1.899928740845295005e-01 1.518313062071563468e+00
5.506800000000000000e+04 -6.291245945760481462e+00 7.858385710398391844e+00 6.984592360489960683e-01 6.096019342244232142e+00 1.630009885761951050e-01 1.385962927938393818e+00
5.506900000000000000e+04 9.648103062914930916e+00 7.858385710398391844e+00 6.041151809993059452e-01 5.602910311899288232e+00 1.395185175518027509e-01 1.257385617571653791e+00
5.507000000000000000e+04 -9.858059153194723478e+00 7.858385710398391844e+00 5.213051974008690026e-01 5.133094015111903552e+00 1.191554736916271978e-01 1.137250535074420199e+00
5.507200000000000000e+04 1.071944982993001005e+01 7.858385710398391844e+00 3.866552933637701361e-01 4.263639046997526272e+00 8.659693020465177027e-02 9.211110972600947688e-01
5.507400000000000000e+04 1.301645130900748981e+01 7.858385710398391844e+00 2.851410479943118359e-01 3.457219998759414104e+00 6.259957145868536021e-02 7.287563235158966979e-01
5.507600000000000000e+04 -1.055731945039792841e+00 7.858385710398391844e+00 2.071047123817978119e-01 2.736353757618116944e+00 4.458659039435906163e-02 5.631284486372484244e-01
5.507800000000000000e+04 1.073698702144839423e+01 7.858385710398391844e+00 1.498987299367342263e-01 2.123747323660281960e+00 3.165759871947924908e-02 4.269353738461487691e-01
5.508000000000000000e+04 4.696992637359942435e+00 7.858385710398391844e+00 1.082212382656883992e-01 1.632349539793630289e+00 2.242927217941729015e-02 3.207225596890974639e-01
5.508200000000000000e+04 8.898272208552748808e+00 7.858385710398391844e+00 7.791006564250946287e-02 1.236093638793948735e+00 1.585148843184322476e-02 2.374910926056618965e-01
5.508300000000000000e+04 -1.586775421554992604e+01 7.858385710398391844e+00 6.608829424894981097e-02 1.072220502854211333e+00 1.332425287277213925e-02 2.037512357202438951e-01
5.508400000000000000e+04 -7.838637717068081656e+00 7.858385710398391844e+00 5.599451227511507284e-02 9.277981417194884894e-01 1.118771474028273233e-02 1.743981469397534456e-01
5.508600000000000000e+04 2.089212987176960112e+01 7.858385710398391844e+00 4.030270157209958626e-02 6.908076907980490455e-01 7.910245647124551638e-03 1.270988539148603380e-01
5.508900000000000000e+04 1.018419599502303363e+01 7.858385710398391844e+00 2.488616509710727537e-02 4.388229959253843737e-01 4.758348966942117439e-03 7.824946432335670721e-02
5.509000000000000000e+04 -9.967190428680297032e+00 7.858385710398391844e+00 2.118333920506677501e-02 3.745993241661346174e-01 4.015798901434460173e-03 6.611820886863432889e-02
5.509200000000000000e+04 -5.498551126094247898e+00 7.858385710398391844e+00 1.534572671461119017e-02 2.717060122305017811e-01 2.860340487345981557e-03 4.700145520178898584e-02
5.509300000000000000e+04 1.036782920213255466e+01 7.858385710398391844e+00 1.306200868546821339e-02 2.310371554547595574e-01 2.414419350363810127e-03 3.957199839934906482e-02
5.509500000000000000e+04 -3.451012822927298274e+00 7.858385710398391844e+00 9.457692270565396658e-03 1.669186435592234785e-01 1.719580412830072277e-03 2.803659022427161529e-02
5.509600000000000000e+04 7.016381173380533909e+00 7.858385710398391844e+00 8.050493224126868685e-03 1.416602796741605885e-01 1.451847290194205504e-03 2.356605663996549915e-02
5.509700000000000000e+04 5.681818713485283112e+00 7.858385710398391844e+00 6.851297276344533310e-03 1.202493912439627083e-01 1.225634575374692737e-03 1.981436053980403095e-02
5.509800000000000000e+04 3.000934482254399516e+00 7.858385710398391844e+00 5.827465602245930631e-03 1.020371284996890449e-01 1.034155386379047173e-03 1.665531609096517277e-02
5.510000000000000000e+04 -3.629338217789436438e+00 7.858385710398391844e+00 4.221467558909533686e-03 7.328533053541023967e-02 7.373742460977353481e-04 1.174143337211776446e-02
5.510100000000000000e+04 1.357399530363990969e+01 7.858385710398391844e+00 3.591402833215952013e-03 6.228527422545870884e-02 6.224268341795411233e-04 9.887807058905687813e-03
5.510200000000000000e+04 1.636483789068901018e+00 7.858385710398391844e+00 3.057552182926639821e-03 5.307279632478469761e-02 5.258043306838589264e-04 8.348980041024522958e-03
5.510600000000000000e+04 -2.538506027562747458e-01 7.858385710398391844e+00 1.599703116689868117e-03 2.791642242477439598e-02 2.668395524086519138e-04 4.237980086345396677e-03
5.510900000000000000e+04 6.356211162818378391e+00 7.858385710398391844e+00 9.831824963433776193e-04 1.722394612844900530e-02 1.603886617199637324e-04 2.547921024918492483e-03
5.511100000000000000e+04 -1.185402008798256901e+01 7.858385710398391844e+00 7.110679617148581546e-04 1.247717561192899886e-02 1.143196079927424701e-04 1.814809112742756881e-03
5.511200000000000000e+04 -9.975055733956788018e+00 7.858385710398391844e+00 6.042960499304608508e-04 1.062134923019708750e-02 9.645587389153405797e-05 1.532043219218365976e-03
5.511400000000000000e+04 1.469472346612080216e+01 7.858385710398391844e+00 4.370219392535814890e-04 7.694736288584910072e-03 6.876820444588222371e-05 1.091761675451888552e-03
5.511500000000000000e+04 -2.234504694700624583e+01 7.858385710398391844e+00 3.714599451178390074e-04 6.549358053840085084e-03 5.804061642466235168e-05 9.217178076221691852e-04
5.511700000000000000e+04 -3.483223767256925285e+00 7.858385710398391844e+00 2.686686763757244276e-04 4.745909888752510367e-03 4.139733072045060849e-05 6.572554133548237122e-04
5.511800000000000000e+04 7.319110372260698716e-01 7.858385710398391844e+00 2.283598252717424100e-04 4.039174170010495675e-03 3.494412016400036890e-05 5.549535845804704675e-04
5.511900000000000000e+04 2.091476661526535441e+00 7.858385710398391844e+00 1.943012596565455818e-04 3.436590289591167670e-03 2.952906681710418518e-05 4.684556010893086439e-04
5.512000000000000000e+04 1.643866424056729558e+00 7.858385710398391844e+00 1.667056971856056445e-04 2.923510335573403958e-03 2.516312410348764490e-05 3.954109412969871438e-04
