5.497400000000000000e+04 3.687314544758309776e+00 7.341458114978411054e+00 2.872527343123094101e-01 1.361878729124037428e-18 2.872527343123094101e-01 1.361878729124037428e-18
5.497600000000000000e+04 -5.211111432648698916e+00 7.341458114978411054e+00 1.958814406946931541e+00 1.361878649528380196e-18 1.958814406946931541e+00 1.361878649528380196e-18
5.498000000000000000e+04 1.047688721261596356e+01 7.341458114978411054e+00 9.740658635389692677e+00 1.361878388963412926e-18 9.740658635389692677e+00 1.361878388963412926e-18
5.498100000000000000e+04 7.281634620927794899e+00 7.341458114978411054e+00 1.261836908227294352e+01 1.361878293321106731e-18 1.261836908227294352e+01 1.361878293321106731e-18
5.498500000000000000e+04 2.993810066673524517e+01 7.341458114978411054e+00 2.761301931683333422e+01 1.361877713423546935e-18 2.761301931683333422e+01 1.361877713423546935e-18
5.498700000000000000e+04 3.231230113290884987e+01 7.341458114978411054e+00 3.698113532148148863e+01 1.361877250779591196e-18 3.698113532148148863e+01 1.361877250779591196e-18
5.498800000000000000e+04 4.767014018695763866e+01 7.341458114978411054e+00 4.209516568424355398e+01 1.361876957650400692e-18 4.209516568424355398e+01 1.361876957650400692e-18
5.498900000000000000e+04 5.019797547431767981e+01 7.341458114978411054e+00 4.711547825657126509e+01 1.361876613660269607e-18 4.711547825657126509e+01 1.361876613660269607e-18
5.499300000000000000e+04 6.784692576326008862e+01 7.341458114978411054e+00 6.549985504210982867e+01 1.172809985443463487e+00 6.549985504210982867e+01 1.172809985443463487e+00
5.499500000000000000e+04 6.792107108535314808e+01 7.341458114978411054e+00 6.925870503056015082e+01 4.188406388058739438e+00 6.925870503056015082e+01 4.188406388058739438e+00
5.499700000000000000e+04 9.290997383808952748e+01 7.341458114978411054e+00 7.504892366917474078e+01 9.046702486275524535e+00 6.841287481237441170e+01 9.046702486275524535e+00
5.499900000000000000e+04 9.489893409770245114e+01 7.341458114978411054e+00 7.766708433482776286e+01 1.577296135284117895e+01 6.504780932565140006e+01 1.577296135284117895e+01
5.500000000000000000e+04 1.104337402064991664e+02 7.341458114978411054e+00 7.853591761399258075e+01 1.983239277984976923e+01 6.320798198309262261e+01 1.983239277984976923e+01
5.500200000000000000e+04 1.051518007496656111e+02 7.341458114978411054e+00 7.921969746983425864e+01 2.928193888190937244e+01 5.914124484496770862e+01 2.928193888190937244e+01
5.500300000000000000e+04 1.022505042657333831e+02 7.341458114978411054e+00 7.812323346559890069e+01 3.451627414604166688e+01 5.628475033544589223e+01 3.451627414604166688e+01
5.500500000000000000e+04 1.239419094422531771e+02 7.341458114978411054e+00 7.425934748807226526e+01 4.622641915185185724e+01 5.000629460476246635e+01 4.622641915185185724e+01
5.500700000000000000e+04 1.349147480157917300e+02 7.341458114978411054e+00 7.048354138118553180e+01 5.889434782071408847e+01 4.455343955827151348e+01 5.889434782071408847e+01
5.500900000000000000e+04 1.351679865030804422e+02 7.341458114978411054e+00 6.611528261994149602e+01 7.085966617111323274e+01 3.937777404403901471e+01 7.085966617111323274e+01
5.501000000000000000e+04 1.405843464623582690e+02 7.341458114978411054e+00 6.368316058975845095e+01 7.673977432222363859e+01 3.686434766411487374e+01 7.673977432222363859e+01
5.501300000000000000e+04 1.454098259643343170e+02 7.341458114978411054e+00 5.615220273830733078e+01 9.067695956126088674e+01 2.997981993502793685e+01 8.657338128820018142e+01
5.501600000000000000e+04 1.404900342509441487e+02 7.341458114978411054e+00 4.600429971062996515e+01 9.949194087562976563e+01 2.279133005233092391e+01 8.363478553768472068e+01
5.501700000000000000e+04 1.390131314421003310e+02 7.341458114978411054e+00 4.283613518041931911e+01 1.005801751697884612e+02 2.072381963252022885e+01 8.130976165706424297e+01
5.501800000000000000e+04 1.415779771528250706e+02 7.341458114978411054e+00 3.987955166164677223e+01 1.014804150738551840e+02 1.885112345149930135e+01 7.900997747886577827e+01
5.501900000000000000e+04 1.310956131077364262e+02 7.341458114978411054e+00 3.698162222025406010e+01 1.021821709083393728e+02 1.708947422377729097e+01 7.672486177229268378e+01
5.502000000000000000e+04 1.319988702764818242e+02 7.341458114978411054e+00 3.417544691443887217e+01 1.019595061127243270e+02 1.544652967884242400e+01 7.392655605620964820e+01
5.502200000000000000e+04 1.152451144847106548e+02 7.341458114978411054e+00 2.902814327387763882e+01 9.773110360352406190e+01 1.256901635586821442e+01 6.630332673237724350e+01
5.502300000000000000e+04 1.187534950706953225e+02 7.341458114978411054e+00 2.667534902042129019e+01 9.509947076460701965e+01 1.131270102647213349e+01 6.250786825595308471e+01
5.502400000000000000e+04 1.151197322131085770e+02 7.341458114978411054e+00 2.450043710228132809e+01 9.260896069569098188e+01 1.018094207449878574e+01 5.903171895441801809e+01
5.502500000000000000e+04 1.090890878289802686e+02 7.341458114978411054e+00 2.251931758845931597e+01 9.000908626759803610e+01 9.172838121572022274e+00 5.569179944783939362e+01
5.502800000000000000e+04 9.005741484651588280e+01 7.341458114978411054e+00 1.746592271108397298e+01 8.102783616572449432e+01 6.716370971383953226e+00 4.608043458014359572e+01
5.502900000000000000e+04 9.096643590827918047e+01 7.341458114978411054e+00 1.608351834221329213e+01 7.777073132089368812e+01 6.071543353043900915e+00 4.306718978895430183e+01
5.503100000000000000e+04 8.579320675623424108e+01 7.341458114978411054e+00 1.374766826556793831e+01 7.122455721064261525e+01 5.006434182654020404e+00 3.747477491878492373e+01
5.503300000000000000e+04 6.483691519783195645e+01 7.341458114978411054e+00 1.191856637858315260e+01 6.263511075980132148e+01 4.192249869357422831e+00 3.138975180906150086e+01
5.503400000000000000e+04 8.025081754066644635e+01 7.341458114978411054e+00 1.120389095405789703e+01 5.819766128862700327e+01 3.874767751706000407e+00 2.848916256541365399e+01
5.503500000000000000e+04 6.452441600660068843e+01 7.341458114978411054e+00 1.057734296904548010e+01 5.414615974486722649e+01 3.597735703756966164e+00 2.590477454065029050e+01
5.503700000000000000e+04 6.027733053870299784e+01 7.341458114978411054e+00 9.552411890421453222e+00 4.667562647369172879e+01 3.145344712025503142e+00 2.136184277972161283e+01
5.503800000000000000e+04 6.109873288266336999e+01 7.341458114978411054e+00 9.142624982908879261e+00 4.310354106880978975e+01 2.963093496324381348e+00 1.930816209855303001e+01
5.503900000000000000e+04 5.736676678988537503e+01 7.341458114978411054e+00 8.781960106050380688e+00 3.973769161948965234e+01 2.802157021713587159e+00 1.743034109109994390e+01
5.504000000000000000e+04 4.690266787248538094e+01 7.341458114978411054e+00 8.444713614119246259e+00 3.656326857922064022e+01 2.653484246384680389e+00 1.571127044483526802e+01
5.504100000000000000e+04 4.044968989513048996e+01 7.341458114978411054e+00 8.121128276905263732e+00 3.357892482182590754e+01 2.513503025968822246e+00 1.414087628309016509e+01
5.504300000000000000e+04 4.130182950028540745e+01 7.341458114978411054e+00 7.510478069214364005e+00 2.831425807176243836e+01 2.256754227528354306e+00 1.146604765196502740e+01
5.504400000000000000e+04 3.395725681187535372e+01 7.341458114978411054e+00 7.191847995539021099e+00 2.597979269612433484e+01 2.129971270706062736e+00 1.032254954550394999e+01
5.504500000000000000e+04 2.636705380652012565e+01 7.341458114978411054e+00 6.860270854812774211e+00 2.384397674370710618e+01 2.002998789726357476e+00 9.298797575737893339e+00
5.504600000000000000e+04 2.246442228275549624e+01 7.341458114978411054e+00 6.538753639701166520e+00 2.192559303608291543e+01 1.882468299899572761e+00 8.395463714229940422e+00
5.504700000000000000e+04 2.019290624556864699e+01 7.341458114978411054e+00 6.227053608709400834e+00 2.018029221967966436e+01 1.768044749775525615e+00 7.589429191304875921e+00
5.504900000000000000e+04 8.018698144851427401e+00 7.341458114978411054e+00 5.613256589178528877e+00 1.723339806524080231e+01 1.551051834533994978e+00 6.258042728317525949e+00
5.505000000000000000e+04 1.389857811045071401e+01 7.341458114978411054e+00 5.276341634392520241e+00 1.598646013224635709e+01 1.438675292267899364e+00 5.707004188293002933e+00
5.505100000000000000e+04 2.128401411721729275e+01 7.341458114978411054e+00 4.924094612456942244e+00 1.492755372231444255e+01 1.325106192803267691e+00 5.240312336696778317e+00
5.505300000000000000e+04 8.800534035876736993e+00 7.341458114978411054e+00 4.227741315383275911e+00 1.323696908804781636e+01 1.108770342350714921e+00 4.497169629696206705e+00
5.505400000000000000e+04 8.698405959775984186e+00 7.341458114978411054e+00 3.884315649802353221e+00 1.254477976756393254e+01 1.005908494057323077e+00 4.194456255036756787e+00
5.505500000000000000e+04 2.751866219157667004e+01 7.341458114978411054e+00 3.557319673712786567e+00 1.194523288009485285e+01 9.098004280595362037e-01 3.931680890031879372e+00
5.505700000000000000e+04 1.347502536802922535e+01 7.341458114978411054e+00 2.952713733376959304e+00 1.097394743628583491e+01 7.368888778080757707e-01 3.502696277141983838e+00
5.505800000000000000e+04 1.321599458080993372e+01 7.341458114978411054e+00 2.666124562508484175e+00 1.054892662150229654e+01 6.574095826676078502e-01 3.316855307980851375e+00
5.505900000000000000e+04 -4.906618015426253976e-01 7.341458114978411054e+00 2.392652761367392245e+00 1.014135633402770331e+01 5.830050588127172473e-01 3.141878782461027253e+00
5.506100000000000000e+04 1.735089753583720551e+01 7.341458114978411054e+00 1.892562090180064605e+00 9.372864495482136959e+00 4.505027589097987395e-01 2.820942784410442883e+00
5.506300000000000000e+04 8.870882989133635377e+00 7.341458114978411054e+00 1.467974589432598176e+00 8.556310080013565411e+00 3.415482990769190819e-01 2.503748487157946734e+00
5.506400000000000000e+04 1.541282345523939235e+01 7.341458114978411054e+00 1.288871788046810796e+00 8.152970206865049363e+00 2.965309531914898100e-01 2.353085374874466229e+00
5.506700000000000000e+04 1.687438498845979495e+01 7.341458114978411054e+00 8.534479903877064677e-01 6.993304958955149253e+00 1.899928740845295005e-01 1.938814793167494166e+00
5.506800000000000000e+04 -4.912965873233027025e+00 7.341458114978411054e+00 7.401059886302138180e-01 6.571868735079764434e+00 1.630009885761951050e-01 1.798344115334874260e+00
5.506900000000000000e+04 9.986570288769918591e+00 7.341458114978411054e+00 6.402504770452228655e-01 6.131597630648919939e+00 1.395185175518027509e-01 1.656382741004084558e+00
5.507000000000000000e+04 -8.247000123633933200e+00 7.341458114978411054e+00 5.525835092449212782e-01 5.692459332318705378e+00 1.191554736916271978e-01 1.518313062071563468e+00
5.507200000000000000e+04 1.091330761734501209e+01 7.341458114978411054e+00 4.099931660539237743e-01 4.833390313945437278e+00 8.659693020465177027e-02 1.257385617571653791e+00
5.507400000000000000e+04 1.300992251514932008e+01 7.341458114978411054e+00 3.024498295026383232e-01 4.043435601697861870e+00 6.259957145868536021e-02 1.026565350283807909e+00
5.507600000000000000e+04 -2.017180247005683214e-01 7.341458114978411054e+00 2.197450107585985912e-01 3.314659115810078660e+00 4.458659039435906163e-02 8.217619783345098128e-01
5.507800000000000000e+04 1.071662156969764546e+01 7.341458114978411054e+00 1.590952623647429731e-01 2.650907121404472822e+00 3.165759871947924908e-02 6.421148923080304272e-01
5.508000000000000000e+04 4.951810079172057399e+00 7.341458114978411054e+00 1.148939467390650837e-01 2.074968825425356211e+00 2.242927217941729015e-02 4.913262041639884781e-01
5.508200000000000000e+04 8.768635106313604766e+00 7.341458114978411054e+00 8.273684387000571072e-02 1.600525819851066345e+00 1.585148843184322476e-02 3.706636914893623458e-01
5.508300000000000000e+04 -1.441712330522828900e+01 7.341458114978411054e+00 7.019216413376362651e-02 1.400082262066785876e+00 1.332425287277213925e-02 3.207225596890974639e-01
5.508400000000000000e+04 -6.963133256270396032e+00 7.341458114978411054e+00 5.947948541671314177e-02 1.219474810183204916e+00 1.118771474028273233e-02 2.763494403062012883e-01
5.508600000000000000e+04 1.979607114897521569e+01 7.341458114978411054e+00 4.282211481070875847e-02 9.184290701325713568e-01 7.910245647124551638e-03 2.037512357202438951e-01
5.508900000000000000e+04 9.698505432574807017e+00 7.341458114978411054e+00 2.645166190723123242e-02 5.909842509333176341e-01 4.758348966942117439e-03 1.270988539148603380e-01
5.509000000000000000e+04 -9.150320319778083800e+00 7.341458114978411054e+00 2.251859233979373182e-02 5.084538756966128226e-01 4.015798901434460173e-03 1.082461627558146955e-01
5.509200000000000000e+04 -5.013735466759338344e+00 7.341458114978411054e+00 1.631681231006515409e-02 3.749714330375252813e-01 2.860340487345981557e-03 7.824946432335670721e-02
5.509300000000000000e+04 9.791649847200064372e+00 7.341458114978411054e+00 1.389015452264300184e-02 3.199724599988689744e-01 2.414419350363810127e-03 6.611820886863432889e-02
5.509500000000000000e+04 -3.146803997105335871e+00 7.341458114978411054e+00 1.005954541505592326e-02 2.319145802566672243e-01 1.719580412830072277e-03 4.700145520178898584e-02
5.509600000000000000e+04 6.620673803114849321e+00 7.341458114978411054e+00 8.563721241210521876e-03 1.971318672261972993e-01 1.451847290194205504e-03 3.957199839934906482e-02
5.509700000000000000e+04 5.364145277788248123e+00 7.341458114978411054e+00 7.288848819753298777e-03 1.675298645017845034e-01 1.225634575374692737e-03 3.331275889874418111e-02
5.509800000000000000e+04 2.851287877806334414e+00 7.341458114978411054e+00 6.200278619035576311e-03 1.423249466144924091e-01 1.034155386379047173e-03 2.803659022427161529e-02
5.510000000000000000e+04 -3.356050869639200851e+00 7.341458114978411054e+00 4.492452594350452612e-03 1.024640212234346204e-01 7.373742460977353481e-04 1.981436053980403095e-02
5.510100000000000000e+04 1.271028921078783824e+01 7.341458114978411054e+00 3.822323188696562148e-03 8.691743255231085263e-02 6.224268341795411233e-04 1.665531609096517277e-02
5.510200000000000000e+04 1.553294789451852953e+00 7.341458114978411054e+00 3.254465904767745322e-03 7.364313227791108307e-02 5.258043306838589264e-04 1.398464342535341541e-02
5.510600000000000000e+04 -2.245648377356136982e-01 7.341458114978411054e+00 1.703370282800629326e-03 3.845854931338550664e-02 2.668395524086519138e-04 7.049371162362620333e-03
5.510900000000000000e+04 5.945858265138044274e+00 7.341458114978411054e+00 1.047177572369643265e-03 2.372336492734425373e-02 1.603886617199637324e-04 4.237980086345396677e-03
5.511100000000000000e+04 -1.106864097597559926e+01 7.341458114978411054e+00 7.574817225599117044e-04 1.718040449235128109e-02 1.143196079927424701e-04 3.018024187954762658e-03
5.511200000000000000e+04 -9.314111137464323065e+00 7.341458114978411054e+00 6.437947302890440230e-04 1.462506668303214727e-02 9.645587389153405797e-05 2.547921024918492483e-03
5.511400000000000000e+04 1.373155684177693026e+01 7.341458114978411054e+00 4.656638964052915242e-04 1.058904821103143559e-02 6.876820444588222371e-05 1.814809112742756881e-03
5.511500000000000000e+04 -2.087223921800179127e+01 7.341458114978411054e+00 3.958370040161972173e-04 9.011784624086272358e-03 5.804061642466235168e-05 1.532043219218365976e-03
5.511700000000000000e+04 -3.251968898273911446e+00 7.341458114978411054e+00 2.863453365933568348e-04 6.525459534175936938e-03 4.139733072045060849e-05 1.091761675451888552e-03
5.511800000000000000e+04 6.855750373719259327e-01 7.341458114978411054e+00 2.434032690023445970e-04 5.552796760238995488e-03 3.494412016400036890e-05 9.217178076221691852e-04
5.511900000000000000e+04 1.955437663529168590e+00 7.341458114978411054e+00 2.071168746551687949e-04 4.724064064714171562e-03 2.952906681710418518e-05 7.780335427244262957e-04
5.512000000000000000e+04 1.537044918038486196e+00 7.341458114978411054e+00 1.777145639808814864e-04 4.021877325400835708e-03 2.516312410348764490e-05 6.572554133548237122e-04
