5.497600000000000000e+04 -5.123000678551772324e+00 7.286111810605733652e+00 1.164140563987932975e+00 1.400047904340757880e-18 1.164140563987932975e+00 1.400047904340757880e-18
5.497900000000000000e+04 4.124568327302301718e+00 7.286111810605733652e+00 4.289077145657377521e+00 1.400047903541934524e-18 4.289077145657377521e+00 1.400047903541934524e-18
5.498300000000000000e+04 1.270273112899420731e+01 7.286111810605733652e+00 1.143383206421574805e+01 8.895087593276518713e-04 1.143383206421574805e+01 8.895087593276518713e-04
5.499200000000000000e+04 5.371047447604011893e+01 7.286111810605733652e+00 3.733751665722944324e+01 1.162962013649368842e+01 3.733751665722944324e+01 1.162962013649368842e+01
5.499500000000000000e+04 6.127739815698332393e+01 7.286111810605733652e+00 4.526446668391263017e+01 2.043128833678469647e+01 4.526446668391263017e+01 2.043128833678469647e+01
5.499600000000000000e+04 5.525068806823458090e+01 7.286111810605733652e+00 4.750204251648135312e+01 2.388689422327730227e+01 4.750204251648135312e+01 2.388689422327730227e+01
5.499800000000000000e+04 8.143172108521311259e+01 7.286111810605733652e+00 5.100837237938143431e+01 3.137436884907111789e+01 5.091672227927872996e+01 3.137436884907111789e+01
5.500200000000000000e+04 9.988189845821923996e+01 7.286111810605733652e+00 5.430211582583206820e+01 4.667189582153680050e+01 5.381775602163734362e+01 4.667189582153680050e+01
5.500700000000000000e+04 1.250019491571846117e+02 7.286111810605733652e+00 5.304413392725972898e+01 7.061952257679418210e+01 5.210622193247517231e+01 6.171416811744663988e+01
5.501100000000000000e+04 1.325438492363233536e+02 7.286111810605733652e+00 4.909749735910822466e+01 8.945148636665989272e+01 4.789065290588005297e+01 6.691964267723490423e+01
5.501600000000000000e+04 1.416352325655363131e+02 7.286111810605733652e+00 4.169492823624310773e+01 1.040273079758715511e+02 4.031611703369087962e+01 6.595695408056781162e+01
5.502200000000000000e+04 1.449932190895705730e+02 7.286111810605733652e+00 3.312380070479415650e+01 1.082803576529725831e+02 3.169741694238675578e+01 5.803427894360199701e+01
5.502800000000000000e+04 1.297457204126853014e+02 7.286111810605733652e+00 2.779569746981968592e+01 1.001482253526037169e+02 2.632666932167046880e+01 4.648543694420893502e+01
5.503000000000000000e+04 1.232957283267050599e+02 7.286111810605733652e+00 2.651386894769208524e+01 9.624158865120831763e+01 2.502725028100064719e+01 4.276263603092878185e+01
5.503300000000000000e+04 1.148882016023484738e+02 7.286111810605733652e+00 2.463802992343412157e+01 9.160516676133264014e+01 2.313864568316503068e+01 3.825010094840395425e+01
5.503800000000000000e+04 1.207137690433165176e+02 7.286111810605733652e+00 2.097247392844831637e+01 8.672663041291293951e+01 1.953108020902245556e+01 3.290833665208808867e+01
5.504200000000000000e+04 1.256531666437739858e+02 7.286111810605733652e+00 1.791089588649927933e+01 8.414092356511143578e+01 1.656882135661357935e+01 2.975490613378295279e+01
5.504400000000000000e+04 9.178921348814098735e+01 7.286111810605733652e+00 1.645397879080796955e+01 8.201449504781713529e+01 1.517055024046465839e+01 2.804873291649012756e+01
5.504600000000000000e+04 8.595677217024065442e+01 7.286111810605733652e+00 1.513146629816276878e+01 7.936560236181927053e+01 1.390504162668881349e+01 2.627826049990705215e+01
5.505000000000000000e+04 8.625826424996233754e+01 7.286111810605733652e+00 1.301801801141029102e+01 7.247053425548440941e+01 1.188425964160150627e+01 2.255821896765374390e+01
5.505600000000000000e+04 7.602617556405701293e+01 7.286111810605733652e+00 1.100760280594400520e+01 6.085541467920359793e+01 9.950825172612551839e+00 1.738130203336101687e+01
5.505900000000000000e+04 6.556347351268189527e+01 7.286111810605733652e+00 1.022188735637899981e+01 5.610345558449903081e+01 9.195652533626304859e+00 1.538978345480703069e+01
5.506300000000000000e+04 6.548518367437389998e+01 7.286111810605733652e+00 9.361545151956404354e+00 5.190343030266738822e+01 8.367487622413662507e+00 1.352391419856364152e+01
5.506500000000000000e+04 4.968362242314583455e+01 7.286111810605733652e+00 8.990608958657116290e+00 5.031983918567683389e+01 8.010164788539839265e+00 1.279068635410305710e+01
5.506700000000000000e+04 6.839095064086102127e+01 7.286111810605733652e+00 8.636595562630656531e+00 4.879304654053046875e+01 7.670155917078735897e+00 1.210655448490942732e+01
5.507000000000000000e+04 5.270661654094072190e+01 7.286111810605733652e+00 8.146595497933915908e+00 4.683678580585919349e+01 7.200455628366551508e+00 1.121946672875465723e+01
5.507400000000000000e+04 4.992665345551733935e+01 7.286111810605733652e+00 7.518982263973755131e+00 4.468240172032365365e+01 6.603708294373577203e+00 1.023183002526303120e+01
5.507900000000000000e+04 5.419263372471560558e+01 7.286111810605733652e+00 6.702508748277320016e+00 4.235183116237134726e+01 5.840457257125583723e+00 9.191932970672024084e+00
5.508300000000000000e+04 4.240978118426074417e+01 7.286111810605733652e+00 5.953166379159972266e+00 4.054072886340286885e+01 5.155149271873892936e+00 8.446161141566047803e+00
5.509100000000000000e+04 4.448854130066428780e+01 7.286111810605733652e+00 4.042050673150822782e+00 3.570857126241619284e+01 3.457107999615824934e+00 6.887297483444787538e+00
