5.497600000000000000e+04 -5.971446836635664113e+00 8.269368482374240159e+00 1.164140563987932975e+00 1.400047904340757880e-18 1.164140563987932975e+00 1.400047904340757880e-18
5.497900000000000000e+04 4.102367955222240070e+00 8.269368482374240159e+00 4.289077145657377521e+00 1.400047903541934524e-18 4.289077145657377521e+00 1.400047903541934524e-18
5.498300000000000000e+04 1.287384830208057096e+01 8.269368482374240159e+00 1.143383206421574805e+01 8.895087593276518713e-04 1.143383206421574805e+01 8.895087593276518713e-04
5.499200000000000000e+04 5.435058521600986126e+01 8.269368482374240159e+00 3.733751665722944324e+01 1.162962013649368842e+01 3.733751665722944324e+01 1.162962013649368842e+01
5.499500000000000000e+04 6.068114339485116915e+01 8.269368482374240159e+00 4.526446668391263017e+01 2.043128833678469647e+01 4.526446668391263017e+01 2.043128833678469647e+01
5.499600000000000000e+04 5.307284052905221472e+01 8.269368482374240159e+00 4.750204251648135312e+01 2.388689422327730227e+01 4.750204251648135312e+01 2.388689422327730227e+01
5.499800000000000000e+04 8.186346539933616384e+01 8.269368482374240159e+00 5.156845632445348571e+01 3.137436884907111789e+01 5.091672227927872996e+01 3.137436884907111789e+01
5.500200000000000000e+04 1.026944949816404034e+02 8.269368482374240159e+00 5.726209240702214487e+01 4.667189582153680050e+01 5.381775602163734362e+01 4.667189582153680050e+01
5.500700000000000000e+04 1.335432589688876703e+02 8.269368482374240159e+00 5.877581833983199289e+01 7.324854613859741903e+01 5.210622193247517231e+01 6.171416811744663988e+01
5.501100000000000000e+04 1.457604327598422742e+02 8.269368482374240159e+00 5.647265790661376172e+01 9.610329884877704387e+01 4.789065290588005297e+01 6.691964267723490423e+01
5.501600000000000000e+04 1.607488271681931451e+02 8.269368482374240159e+00 5.012099669628450727e+01 1.152663729512003243e+02 4.031611703369087962e+01 6.595695408056781162e+01
5.502200000000000000e+04 1.690279121644425402e+02 8.269368482374240159e+00 4.184059036395051123e+01 1.231139193509572749e+02 3.169741694238675578e+01 5.803427894360199701e+01
5.502800000000000000e+04 1.548085031286477999e+02 8.269368482374240159e+00 3.677309170850931963e+01 1.159904622631901390e+02 2.632666932167046880e+01 4.648543694420893502e+01
5.503000000000000000e+04 1.482414946307603714e+02 8.269368482374240159e+00 3.559876079969532725e+01 1.120295538738272398e+02 2.502725028100064719e+01 4.276263603092878185e+01
5.503300000000000000e+04 1.396196410427124874e+02 8.269368482374240159e+00 3.380093361396748008e+01 1.073565583318853953e+02 2.313864568316503068e+01 3.825010094840395425e+01
5.503800000000000000e+04 1.471667528007076271e+02 8.269368482374240159e+00 2.978099110271744365e+01 1.026147753485410590e+02 1.953108020902245556e+01 3.290833665208808867e+01
5.504200000000000000e+04 1.530954690325491470e+02 8.269368482374240159e+00 2.611246245802299981e+01 1.001966709149007073e+02 1.656882135661357935e+01 2.975490613378295279e+01
5.504400000000000000e+04 1.146627058488965076e+02 8.269368482374240159e+00 2.429715326512819829e+01 9.794617534438353346e+01 1.517055024046465839e+01 2.804873291649012756e+01
5.504600000000000000e+04 1.079714359836391964e+02 8.269368482374240159e+00 2.262628373494803569e+01 9.503795692396383288e+01 1.390504162668881349e+01 2.627826049990705215e+01
5.505000000000000000e+04 1.080256884478708486e+02 8.269368482374240159e+00 1.994654138246396968e+01 8.720556288515585663e+01 1.188425964160150627e+01 2.255821896765374390e+01
5.505600000000000000e+04 9.588043035284111681e+01 8.269368482374240159e+00 1.746568834296954975e+01 7.368976810063736593e+01 9.950825172612551839e+00 1.738130203336101687e+01
5.505900000000000000e+04 8.375151556998434899e+01 8.269368482374240159e+00 1.649332238431214392e+01 6.812287646270331720e+01 9.195652533626304859e+00 1.538978345480703069e+01
5.506300000000000000e+04 8.345982971839742959e+01 8.269368482374240159e+00 1.543634116582872373e+01 6.323376561822399822e+01 8.367487622413662507e+00 1.352391419856364152e+01
5.506500000000000000e+04 6.545538351353425810e+01 8.269368482374240159e+00 1.498221222048491263e+01 6.139913170560090805e+01 8.010164788539839265e+00 1.279068635410305710e+01
5.506700000000000000e+04 8.660671673260370085e+01 8.269368482374240159e+00 1.454261561878128362e+01 5.962357018273044673e+01 7.670155917078735897e+00 1.210655448490942732e+01
5.507000000000000000e+04 6.869621851046420602e+01 8.269368482374240159e+00 1.392856136751225726e+01 5.735167002404805459e+01 7.200455628366551508e+00 1.121946672875465723e+01
5.507400000000000000e+04 6.538345982645809329e+01 8.269368482374240159e+00 1.311232318930817797e+01 5.485284076543511134e+01 6.603708294373577203e+00 1.023183002526303120e+01
5.507900000000000000e+04 6.994354463118503418e+01 8.269368482374240159e+00 1.197060119420459401e+01 5.214123977613705563e+01 5.840457257125583723e+00 9.191932970672024084e+00
5.508300000000000000e+04 5.621030707965401518e+01 8.269368482374240159e+00 1.082993759035267622e+01 5.001563243201167097e+01 5.155149271873892936e+00 8.446161141566047803e+00
5.509100000000000000e+04 5.721113782443735118e+01 8.269368482374240159e+00 7.616700344753585483e+00 4.421713857346388465e+01 3.457107999615824934e+00 6.887297483444787538e+00
