5.497500000000000000e+04 -3.963435627235779801e+00 1.208304016203657660e+01 9.676860811788584593e-01 1.458878646401056061e-18 9.676860811788584593e-01 1.458878646401056061e-18
5.497600000000000000e+04 -1.043451069110371776e+01 1.208304016203657660e+01 2.014654457448330049e+00 1.458878505308197166e-18 2.014654457448330049e+00 1.458878505308197166e-18
5.497900000000000000e+04 -5.260276642956580595e+00 1.208304016203657660e+01 7.421511495175619366e+00 1.458877917415035206e-18 7.421511495175619366e+00 1.458877917415035206e-18
5.498000000000000000e+04 1.655359394347707536e+01 1.208304016203657660e+01 1.010928248076253944e+01 1.458877649835416619e-18 1.010928248076253944e+01 1.458877649835416619e-18
5.498100000000000000e+04 3.740729094366940899e+01 1.208304016203657660e+01 1.326427468792255127e+01 1.458877335827950478e-18 1.326427468792255127e+01 1.458877335827950478e-18
5.498200000000000000e+04 1.362143361881900105e+01 1.208304016203657660e+01 1.681188057541250913e+01 1.458876967336947338e-18 1.681188057541250913e+01 1.458876967336947338e-18
5.498400000000000000e+04 2.675260880442254674e+01 1.208304016203657660e+01 2.504964300095078400e+01 2.480027301376598325e-01 2.504964300095078400e+01 2.480027301376598325e-01
5.498500000000000000e+04 3.604374131300915707e+01 1.208304016203657660e+01 2.982457128805857849e+01 7.741488649430867675e-01 2.982457128805857849e+01 7.741488649430867675e-01
5.498700000000000000e+04 3.776555286837236736e+01 1.208304016203657660e+01 4.097582893337165899e+01 2.753478662916496678e+00 4.097582893337165899e+01 2.753478662916496678e+00
5.499000000000000000e+04 5.563298872692077168e+01 1.208304016203657660e+01 6.053040193995693841e+01 8.087425984610032259e+00 6.053040193995693841e+01 8.087425984610032259e+00
5.499200000000000000e+04 1.033067659134435985e+02 1.208304016203657660e+01 7.440742163840896239e+01 1.344950446033000979e+01 7.440742163840896239e+01 1.344950446033000979e+01
5.499300000000000000e+04 1.063973524919365161e+02 1.208304016203657660e+01 8.115791156796579742e+01 1.657394882118942192e+01 8.115791156796579742e+01 1.657394882118942192e+01
5.499400000000000000e+04 1.090335432405381653e+02 1.208304016203657660e+01 8.659722275531558466e+01 2.003971440076062649e+01 8.659722275531558466e+01 2.003971440076062649e+01
5.499600000000000000e+04 1.135336342272163250e+02 1.208304016203657660e+01 9.298895886639343189e+01 2.807878116178207151e+01 9.298895886639343189e+01 2.807878116178207151e+01
5.499700000000000000e+04 1.244373863274606293e+02 1.208304016203657660e+01 1.018426059692171179e+02 3.278066314669732861e+01 9.534931745081652821e+01 3.278066314669732861e+01
5.499800000000000000e+04 1.488280419830461199e+02 1.208304016203657660e+01 1.105031707118522633e+02 3.790067896713478035e+01 9.725679520493949326e+01 3.790067896713478035e+01
5.500000000000000000e+04 1.718785745424808340e+02 1.208304016203657660e+01 1.265099477829001842e+02 4.842432155196556209e+01 9.942624000542298290e+01 4.842432155196556209e+01
5.500200000000000000e+04 2.042811365042300622e+02 1.208304016203657660e+01 1.399829475344928369e+02 5.952593731072717276e+01 9.937735874946248771e+01 5.952593731072717276e+01
5.500300000000000000e+04 2.119898616074807762e+02 1.208304016203657660e+01 1.451435020923561012e+02 6.492632925437264646e+01 9.828909195663038645e+01 6.492632925437264646e+01
5.500400000000000000e+04 2.203469593964340447e+02 1.208304016203657660e+01 1.491321943394705443e+02 6.927777820425247057e+01 9.653818898204983157e+01 6.927777820425247057e+01
5.500500000000000000e+04 2.302680857522623796e+02 1.208304016203657660e+01 1.522183964800190665e+02 7.357955674192062645e+01 9.437559456880096320e+01 7.227144361253377269e+01
5.500900000000000000e+04 2.382216829824493800e+02 1.208304016203657660e+01 1.556340246465361190e+02 8.602677859419539175e+01 8.255133116561614770e+01 7.888746317670370445e+01
5.501200000000000000e+04 2.382958303653349788e+02 1.208304016203657660e+01 1.492520254925862560e+02 9.101376023710773211e+01 7.142612246008147281e+01 7.950188699956999017e+01
5.501300000000000000e+04 2.173034980980461341e+02 1.208304016203657660e+01 1.459795685051935550e+02 9.144030802909240663e+01 6.765517379857884350e+01 7.863127356530432621e+01
5.501400000000000000e+04 2.400912895819749906e+02 1.208304016203657660e+01 1.416029145054851313e+02 9.120928095024069648e+01 6.361888512242121152e+01 7.723055118563988231e+01
5.501600000000000000e+04 2.222843233068878419e+02 1.208304016203657660e+01 1.309431348506687414e+02 8.951959048878570968e+01 5.543739832797152900e+01 7.354550648109243127e+01
5.501700000000000000e+04 2.127772380367436256e+02 1.208304016203657660e+01 1.266332752071787695e+02 8.814384272148478772e+01 5.211031447560955598e+01 7.135419956406119013e+01
5.501800000000000000e+04 1.942473858756096092e+02 1.208304016203657660e+01 1.229695955038530997e+02 8.629804165605122535e+01 4.922327896239417555e+01 6.885115817460605570e+01
5.501900000000000000e+04 1.933086001394179902e+02 1.208304016203657660e+01 1.194954801246304612e+02 8.397121406166476731e+01 4.656333247267679099e+01 6.604106493249292953e+01
5.502000000000000000e+04 2.002619829327212528e+02 1.208304016203657660e+01 1.156611707788380699e+02 8.132318740873384399e+01 4.390417961541074021e+01 6.306078428096606103e+01
5.502100000000000000e+04 2.047425655344740960e+02 1.208304016203657660e+01 1.112700718191038618e+02 7.856861134054587126e+01 4.117301454915962466e+01 6.008152583967718385e+01
5.502200000000000000e+04 1.929510019573024522e+02 1.208304016203657660e+01 1.066444115145370404e+02 7.575740252606082947e+01 3.849145005216814042e+01 5.714089796806518251e+01
5.502500000000000000e+04 1.549589423022446510e+02 1.208304016203657660e+01 9.332437811966158847e+01 6.553158833135536554e+01 3.137059333747742329e+01 4.748321739827211729e+01
5.502900000000000000e+04 1.264682604859535644e+02 1.208304016203657660e+01 7.683655083287507637e+01 5.410659233325043971e+01 2.366167303078713857e+01 3.725066597814144131e+01
5.503100000000000000e+04 1.331173959767979227e+02 1.208304016203657660e+01 6.932174759887634252e+01 4.903541340746716060e+01 2.048817721261307412e+01 3.293841163932770399e+01
5.503200000000000000e+04 9.749409160451183709e+01 1.208304016203657660e+01 6.582994017480780258e+01 4.639913355088557267e+01 1.907229695642826428e+01 3.079316004173451304e+01
5.503300000000000000e+04 1.105846375197395588e+02 1.208304016203657660e+01 6.306282065263337699e+01 4.385516391576094009e+01 1.791710107470335345e+01 2.875937039527899231e+01
5.503400000000000000e+04 9.460781087697191083e+01 1.208304016203657660e+01 6.068951575751473371e+01 4.145112142578577874e+01 1.691552365168480421e+01 2.686398018521436981e+01
5.503500000000000000e+04 8.443198944217891722e+01 1.208304016203657660e+01 5.838013592835147136e+01 3.917810660730881978e+01 1.596874529619285887e+01 2.509647466998194432e+01
5.503600000000000000e+04 1.025425085234779061e+02 1.208304016203657660e+01 5.632057976337910787e+01 3.699637456020138870e+01 1.512367877641758973e+01 2.342728885524403992e+01
5.503700000000000000e+04 7.067359537981300832e+01 1.208304016203657660e+01 5.440861996725928407e+01 3.489390664404565001e+01 1.434788638676704053e+01 2.184555602832633170e+01
5.503900000000000000e+04 1.024976157359338060e+02 1.208304016203657660e+01 5.036750844860882381e+01 3.092107431663264094e+01 1.282170619571031622e+01 1.892933842462971228e+01
5.504000000000000000e+04 5.611415111216281559e+01 1.208304016203657660e+01 4.839492066523916947e+01 2.909574819240035382e+01 1.210962883225882791e+01 1.761670391886676512e+01
5.504200000000000000e+04 7.500164079357166713e+01 1.208304016203657660e+01 4.469585531344996809e+01 2.575217824244770881e+01 1.081543224929825442e+01 1.525783756514261391e+01
5.504400000000000000e+04 6.928031656767090851e+01 1.208304016203657660e+01 4.116569034400478699e+01 2.332989022040368710e+01 9.643386980885679804e+00 1.353241892134784763e+01
5.504500000000000000e+04 4.232344664745370721e+01 1.208304016203657660e+01 3.938148750355953354e+01 2.225532094439806841e+01 9.080561577061848411e+00 1.277499623695428888e+01
5.504600000000000000e+04 5.999678318622314066e+01 1.208304016203657660e+01 3.753603678050766490e+01 2.129655950580020374e+01 8.521234229400151960e+00 1.209894302113407427e+01
5.504700000000000000e+04 8.028914738619323543e+01 1.208304016203657660e+01 3.560608305975165422e+01 2.041187708927026989e+01 7.960046289989414880e+00 1.147830910941363491e+01
5.504800000000000000e+04 6.190134533276186346e+01 1.208304016203657660e+01 3.364590736615071620e+01 1.952518804787610307e+01 7.409034476823465276e+00 1.086906482291032106e+01
5.505000000000000000e+04 3.537444261780710519e+01 1.208304016203657660e+01 2.941240235786517232e+01 1.775368463839802757e+01 6.288194800073795498e+00 9.687703065807063751e+00
5.505200000000000000e+04 4.682927514250758350e+01 1.208304016203657660e+01 2.487557966942617327e+01 1.616950382999086600e+01 5.167770414954748759e+00 8.652345799438604601e+00
5.505400000000000000e+04 4.251533427066484450e+01 1.208304016203657660e+01 2.057794035656124265e+01 1.469652175886977830e+01 4.157327640826142812e+00 7.714709584708543844e+00
5.505600000000000000e+04 5.471166386275250915e+01 1.208304016203657660e+01 1.686273665387547638e+01 1.323313590888926150e+01 3.315520380235053022e+00 6.816987383520122457e+00
5.505800000000000000e+04 1.613336366921895504e+01 1.208304016203657660e+01 1.373348494039680290e+01 1.172049981957657749e+01 2.629827455937498115e+00 5.927227581458772931e+00
5.506000000000000000e+04 3.237365505483161598e+01 1.208304016203657660e+01 1.103770688235169217e+01 1.012952723954287926e+01 2.059888564189253035e+00 5.030555840059037109e+00
5.506100000000000000e+04 1.770054306479366346e+01 1.208304016203657660e+01 9.854302220483216246e+00 9.290581339148376472e+00 1.815959130283463896e+00 4.572811605625031639e+00
5.506200000000000000e+04 1.086803861991212372e+01 1.208304016203657660e+01 8.773847310210515005e+00 8.474316637259397211e+00 1.596812745279095003e+00 4.134216331963799895e+00
5.506400000000000000e+04 2.363730905676010963e+01 1.208304016203657660e+01 6.880373304578839111e+00 6.937748367010668993e+00 1.221917543613490142e+00 3.325862112660915137e+00
5.506500000000000000e+04 6.366729479194344066e-01 1.208304016203657660e+01 6.058141251901791868e+00 6.244863369317704027e+00 1.063036946060080368e+00 2.967949892741649442e+00
5.506700000000000000e+04 2.381471212086879063e+01 1.208304016203657660e+01 4.662446188268678959e+00 5.064352388144428119e+00 7.990344961129509649e-01 2.366188098932125783e+00
5.506800000000000000e+04 2.762699079835631011e+01 1.208304016203657660e+01 4.072194934579261627e+00 4.540975664716397908e+00 6.898283870746817481e-01 2.103861964749998759e+00
5.506900000000000000e+04 -2.847710375724880727e+00 1.208304016203657660e+01 3.541505153219504987e+00 4.058039499146190110e+00 5.930877954916861095e-01 1.864479439074748779e+00
5.507100000000000000e+04 8.914854409340872365e+00 1.208304016203657660e+01 2.654005720747765196e+00 3.214538214062576671e+00 4.345486239456022304e-01 1.452767304226771250e+00
5.507300000000000000e+04 1.908218662309450053e+01 1.208304016203657660e+01 1.972703626854850123e+00 2.518225689657477950e+00 3.159510589642119949e-01 1.119758855288131238e+00
5.507400000000000000e+04 1.503844399690845179e+01 1.208304016203657660e+01 1.697370172463700699e+00 2.216069657097426315e+00 2.689201451984696289e-01 9.775340348907921584e-01
5.507500000000000000e+04 -3.416151522187265588e+00 1.208304016203657660e+01 1.455214349353684655e+00 1.943316580353512180e+00 2.280935985444418612e-01 8.504295568480645384e-01
5.507800000000000000e+04 9.704889132689752174e+00 1.208304016203657660e+01 9.093090589858411343e-01 1.291027622978008660e+00 1.381047141620609098e-01 5.518627096597454873e-01
5.508000000000000000e+04 -2.045545746580628688e+01 1.208304016203657660e+01 6.619432722265623514e-01 9.656501818499758638e-01 9.849760017656127020e-02 4.064868588356523871e-01
5.508100000000000000e+04 7.147055196546460820e+00 1.208304016203657660e+01 5.647175301347903131e-01 8.321432329108704451e-01 8.318738014801362046e-02 3.476388991564817732e-01
5.508200000000000000e+04 6.148498023279475255e+00 1.208304016203657660e+01 4.811482820647324798e-01 7.154764539656482958e-01 7.017301316464903682e-02 2.966566274009653781e-01
5.508400000000000000e+04 1.296554080503976536e+01 1.208304016203657660e+01 3.486920738096270234e-01 5.266532123566831647e-01 4.986444254227592049e-02 2.151361161587757309e-01
5.508500000000000000e+04 4.835662881081580267e+00 1.208304016203657660e+01 2.967528789390683208e-01 4.500012986963585759e-01 4.202762805578161287e-02 1.824748788355535223e-01
5.508800000000000000e+04 -1.916146588926629590e+00 1.208304016203657660e+01 1.844245010265603002e-01 2.784632972592467337e-01 2.538464199561750803e-02 1.104837713296487195e-01
5.508900000000000000e+04 1.654210418923030002e+00 1.208304016203657660e+01 1.573475465913943550e-01 2.369468182200839823e-01 2.145658115601357940e-02 9.334127170379516447e-02
5.509000000000000000e+04 -8.049480016203263588e+00 1.208304016203657660e+01 1.342492429284222466e-01 2.014551716891173072e-01 1.813835800367798873e-02 7.879808014124903282e-02
5.509100000000000000e+04 1.069676383730129388e+01 1.208304016203657660e+01 1.145729235570073085e-01 1.713460381336725513e-01 1.533876746194622574e-02 6.654990411841091302e-02
5.509300000000000000e+04 8.684197847707334716e+00 1.208304016203657660e+01 8.330239621936307015e-02 1.235560381544773684e-01 1.095262713745783802e-02 4.732315988911003218e-02
5.509500000000000000e+04 1.617737392639423533e+01 1.208304016203657660e+01 6.061911065571305712e-02 8.900106738116762839e-02 7.830004347216196550e-03 3.362210244462529585e-02
5.509600000000000000e+04 1.355436422082737069e+00 1.208304016203657660e+01 5.167742578224718275e-02 7.566207582852986502e-02 6.616827885050855125e-03 2.838889232647826000e-02
5.509700000000000000e+04 -7.935449181443144262e+00 1.208304016203657660e+01 4.406052011977518168e-02 6.442866760217996758e-02 5.592785077591702451e-03 2.401098185151864448e-02
5.509800000000000000e+04 3.502859616158080058e+00 1.208304016203657660e+01 3.759247750542656780e-02 5.485925750956893027e-02 4.730874821351913062e-03 2.030771359649400851e-02
5.509900000000000000e+04 -3.662355378294943620e+00 1.208304016203657660e+01 3.204481748838453048e-02 4.668093796302314608e-02 3.998454947828823484e-03 1.716526492481086630e-02
5.510100000000000000e+04 -7.028761989207287009e+00 1.208304016203657660e+01 2.328690402473654678e-02 3.381523319590817173e-02 2.857113554350843541e-03 1.227101396955698233e-02
5.510400000000000000e+04 8.206147613843876698e+00 1.208304016203657660e+01 1.442785796892738850e-02 2.080937902828699365e-02 1.726894476100850886e-03 7.405472963803201060e-03
5.510700000000000000e+04 -3.915357992038705959e+01 1.208304016203657660e+01 8.880328625181187902e-03 1.281553143819673043e-02 1.037530654529236849e-03 4.474228062073362308e-03
5.510800000000000000e+04 -1.595836069855042227e+00 1.208304016203657660e+01 7.555617388410459760e-03 1.090901886805180701e-02 8.757902202812570909e-04 3.784699857081531057e-03
5.510900000000000000e+04 -1.142441546756948512e+01 1.208304016203657660e+01 6.423812107259851273e-03 9.278014860942002812e-03 7.387683124515371895e-04 3.198763958263059048e-03
5.511000000000000000e+04 -8.842747678389196730e-01 1.208304016203657660e+01 5.460464413554038179e-03 7.889355381164244937e-03 6.230988444615148105e-04 2.703130055904970092e-03
5.511100000000000000e+04 2.907186621399095117e+01 1.208304016203657660e+01 4.644124886218293537e-03 6.712388300049699184e-03 5.258591276927242816e-04 2.285690843480675440e-03
5.511400000000000000e+04 -2.465930547798446071e+01 1.208304016203657660e+01 2.855781964768307722e-03 4.132113102414116008e-03 3.160519228810185948e-04 1.381515580880680839e-03
