5.497400000000000000e+04 2.637701319603610095e+00 5.075119454390989659e+00 2.872527343123094101e-01 8.716024504912307401e-19 2.872527343123094101e-01 8.716024504912307401e-19
5.497600000000000000e+04 -2.997725499046857145e+00 5.075119454390989659e+00 1.958814406946931541e+00 8.716024236303062206e-19 1.958814406946931541e+00 8.716024236303062206e-19
5.498000000000000000e+04 1.024961038811254177e+01 5.075119454390989659e+00 9.740658635389692677e+00 8.716023356981633868e-19 9.740658635389692677e+00 8.716023356981633868e-19
5.498100000000000000e+04 8.929106749980629587e+00 5.075119454390989659e+00 1.261836908227294352e+01 8.716023034220134351e-19 1.261836908227294352e+01 8.716023034220134351e-19
5.498500000000000000e+04 2.922033838167329378e+01 5.075119454390989659e+00 2.761301931683333422e+01 8.716021077255084616e-19 2.761301931683333422e+01 8.716021077255084616e-19
5.498700000000000000e+04 3.375358966928914128e+01 5.075119454390989659e+00 3.698113532148148863e+01 8.716019515982127606e-19 3.698113532148148863e+01 8.716019515982127606e-19
5.498800000000000000e+04 4.594912236605473765e+01 5.075119454390989659e+00 4.209516568424355398e+01 8.716018526766135158e-19 4.209516568424355398e+01 8.716018526766135158e-19
5.498900000000000000e+04 4.924639575999925256e+01 5.075119454390989659e+00 4.711547825657126509e+01 8.716017365910701769e-19 4.711547825657126509e+01 8.716017365910701769e-19
5.499300000000000000e+04 6.631161660377482292e+01 5.075119454390989659e+00 6.549985504210982867e+01 8.716010327425725717e-19 6.549985504210982867e+01 8.716010327425725717e-19
5.499500000000000000e+04 6.542615724705636637e+01 5.075119454390989659e+00 6.925870503056015082e+01 -1.241908946591701104e-02 6.925870503056015082e+01 -1.241908946591701104e-02
5.499700000000000000e+04 8.189284394514731957e+01 5.075119454390989659e+00 7.504892366917474078e+01 7.505983906838168407e-01 6.841287481237441170e+01 7.505983906838168407e-01
5.499900000000000000e+04 8.135618791206020717e+01 5.075119454390989659e+00 7.766708433482776286e+01 2.680580088357593205e+00 6.504780932565140006e+01 2.680580088357593205e+00
5.500000000000000000e+04 9.096460187034014666e+01 5.075119454390989659e+00 7.853591761399258075e+01 4.087902819091672413e+00 6.320798198309262261e+01 4.087902819091672413e+00
5.500200000000000000e+04 8.469649696175827103e+01 5.075119454390989659e+00 7.921969746983425864e+01 7.792526908311754319e+00 5.914124484496770862e+01 7.792526908311754319e+00
5.500300000000000000e+04 8.103605393668493662e+01 5.075119454390989659e+00 7.812323346559890069e+01 1.009469526581835552e+01 5.628475033544589223e+01 1.009469526581835552e+01
5.500500000000000000e+04 9.222936892675218701e+01 5.075119454390989659e+00 7.425934748807226526e+01 1.558080429699700353e+01 5.000629460476246635e+01 1.558080429699700353e+01
5.500700000000000000e+04 9.640156429934216931e+01 5.075119454390989659e+00 7.048354138118553180e+01 2.209041545346666879e+01 4.455343955827151348e+01 2.209041545346666879e+01
5.500900000000000000e+04 9.445104536442003962e+01 5.075119454390989659e+00 6.611528261994149602e+01 2.958490825718519801e+01 3.937777404403901471e+01 2.958490825718519801e+01
5.501000000000000000e+04 9.747087627045569036e+01 5.075119454390989659e+00 6.368316058975845095e+01 3.367613254739485029e+01 3.686434766411487374e+01 3.367613254739485029e+01
5.501300000000000000e+04 1.005212077837171307e+02 5.075119454390989659e+00 5.615220273830733078e+01 4.535018634951246952e+01 2.997981993502793685e+01 4.535018634951246952e+01
5.501600000000000000e+04 9.707805201078394930e+01 5.075119454390989659e+00 4.600429971062996515e+01 5.453452191392029391e+01 2.279133005233092391e+01 5.453452191392029391e+01
5.501700000000000000e+04 9.782549003769256046e+01 5.075119454390989659e+00 4.283613518041931911e+01 5.803325411920697263e+01 2.072381963252022885e+01 5.540696402444812918e+01
5.501800000000000000e+04 1.006277213488720577e+02 5.075119454390989659e+00 3.987955166164677223e+01 6.059745999265398808e+01 1.885112345149930135e+01 5.535025574776578594e+01
5.501900000000000000e+04 9.391707142405030595e+01 5.075119454390989659e+00 3.698162222025406010e+01 6.251294848855524577e+01 1.708947422377729097e+01 5.473029984989954499e+01
5.502000000000000000e+04 9.499103227541577610e+01 5.075119454390989659e+00 3.417544691443887217e+01 6.367484216040304545e+01 1.544652967884242400e+01 5.352626274411823459e+01
5.502200000000000000e+04 8.601593709691206868e+01 5.075119454390989659e+00 2.902814327387763882e+01 6.494746564726733595e+01 1.256901635586821442e+01 5.056638558647409809e+01
5.502300000000000000e+04 8.998330919546236828e+01 5.075119454390989659e+00 2.667534902042129019e+01 6.539658938133722188e+01 1.131270102647213349e+01 4.910391153426733268e+01
5.502400000000000000e+04 8.837907347262498092e+01 5.075119454390989659e+00 2.450043710228132809e+01 6.525408391214358517e+01 1.018094207449878574e+01 4.731299587597417400e+01
5.502500000000000000e+04 8.437839258934634756e+01 5.075119454390989659e+00 2.251931758845931597e+01 6.423665986283769769e+01 9.172838121572022274e+00 4.502780026835672089e+01
5.502800000000000000e+04 7.090364802340810968e+01 5.075119454390989659e+00 1.746592271108397298e+01 5.926973484524224034e+01 6.716370971383953226e+00 3.778030013082754124e+01
5.502900000000000000e+04 7.169299991807976369e+01 5.075119454390989659e+00 1.608351834221329213e+01 5.760581521126274396e+01 6.071543353043900915e+00 3.564275164661721362e+01
5.503100000000000000e+04 6.821550632064368358e+01 5.075119454390989659e+00 1.374766826556793831e+01 5.390029711148059732e+01 5.006434182654020404e+00 3.150221923523121603e+01
5.503300000000000000e+04 5.497467731621766518e+01 5.075119454390989659e+00 1.191856637858315260e+01 4.977326804537197091e+01 4.192249869357422831e+00 2.756300146493076042e+01
5.503400000000000000e+04 6.646873629868444766e+01 5.075119454390989659e+00 1.120389095405789703e+01 4.776479337711666062e+01 3.874767751706000407e+00 2.577422478799732986e+01
5.503500000000000000e+04 5.602343177129343132e+01 5.075119454390989659e+00 1.057734296904548010e+01 4.558371661481128001e+01 3.597735703756966164e+00 2.398385594802235588e+01
5.503700000000000000e+04 5.243814161191745171e+01 5.075119454390989659e+00 9.552411890421453222e+00 4.008647088627285626e+01 3.145344712025503142e+00 2.008944115779936368e+01
5.503800000000000000e+04 5.250887083115067355e+01 5.075119454390989659e+00 9.142624982908879261e+00 3.724650322472129460e+01 2.963093496324381348e+00 1.823306404186474339e+01
5.503900000000000000e+04 4.955147618271514176e+01 5.075119454390989659e+00 8.781960106050380688e+00 3.465354223671502609e+01 2.802157021713587159e+00 1.657905570601618450e+01
5.504000000000000000e+04 4.199143113415285455e+01 5.075119454390989659e+00 8.444713614119246259e+00 3.223692919193993589e+01 2.653484246384680389e+00 1.508089876119944250e+01
5.504100000000000000e+04 3.712915833893448792e+01 5.075119454390989659e+00 8.121128276905263732e+00 2.987240094316270955e+01 2.513503025968822246e+00 1.367157937902183562e+01
5.504300000000000000e+04 3.672889256024864579e+01 5.075119454390989659e+00 7.510478069214364005e+00 2.543212263647338389e+01 2.256754227528354306e+00 1.115541829830396736e+01
5.504400000000000000e+04 3.113543304197674999e+01 5.075119454390989659e+00 7.191847995539021099e+00 2.340049189070121116e+01 2.129971270706062736e+00 1.005521308469457331e+01
5.504500000000000000e+04 2.535249871511454245e+01 5.075119454390989659e+00 6.860270854812774211e+00 2.149051188596858353e+01 2.002998789726357476e+00 9.050160821177707149e+00
5.504600000000000000e+04 2.211762423005757228e+01 5.075119454390989659e+00 6.538753639701166520e+00 1.972659336354884729e+01 1.882468299899572761e+00 8.144753659599029305e+00
5.504700000000000000e+04 2.005216254312582791e+01 5.075119454390989659e+00 6.227053608709400834e+00 1.812112516592796041e+01 1.768044749775525615e+00 7.338270497257618707e+00
5.504900000000000000e+04 1.062289705444206867e+01 5.075119454390989659e+00 5.613256589178528877e+00 1.526014511597255030e+01 1.551051834533994978e+00 5.951230448472252910e+00
5.505000000000000000e+04 1.421786399916103605e+01 5.075119454390989659e+00 5.276341634392520241e+00 1.403237954309306801e+01 1.438675292267899364e+00 5.373096777107163824e+00
5.505100000000000000e+04 1.882967013980970350e+01 5.075119454390989659e+00 4.924094612456942244e+00 1.291538702059498789e+01 1.325106192803267691e+00 4.857234682435121798e+00
5.505300000000000000e+04 9.267606997253594159e+00 5.075119454390989659e+00 4.227741315383275911e+00 1.102937476175411469e+01 1.108770342350714921e+00 4.005147346123217211e+00
5.505400000000000000e+04 8.771456672105291119e+00 5.075119454390989659e+00 3.884315649802353221e+00 1.023133448463766904e+01 1.005908494057323077e+00 3.652482680507522339e+00
5.505500000000000000e+04 2.141764066152212109e+01 5.075119454390989659e+00 3.557319673712786567e+00 9.553634382281243731e+00 9.098004280595362037e-01 3.353799895485938709e+00
5.505700000000000000e+04 1.111215999886492334e+01 5.075119454390989659e+00 2.952713733376959304e+00 8.471660216350603179e+00 7.368888778080757707e-01 2.878188563005573020e+00
5.505800000000000000e+04 1.069543578003212225e+01 5.075119454390989659e+00 2.666124562508484175e+00 8.028659051240918387e+00 6.574095826676078502e-01 2.684452003223524841e+00
5.505900000000000000e+04 1.033700996255355165e+00 5.075119454390989659e+00 2.392652761367392245e+00 7.644949043260708343e+00 5.830050588127172473e-01 2.516275769620402780e+00
5.506100000000000000e+04 1.312274920167676129e+01 5.075119454390989659e+00 1.892562090180064605e+00 7.023326359222935800e+00 4.505027589097987395e-01 2.241725617370870172e+00
5.506300000000000000e+04 7.161100859765642035e+00 5.075119454390989659e+00 1.467974589432598176e+00 6.490468053777732393e+00 3.415482990769190819e-01 2.010802420775057886e+00
5.506400000000000000e+04 1.165730148750325590e+01 5.075119454390989659e+00 1.288871788046810796e+00 6.240715055237530784e+00 2.965309531914898100e-01 1.905445485844385223e+00
5.506700000000000000e+04 1.257025091525442839e+01 5.075119454390989659e+00 8.534479903877064677e-01 5.476038451208683711e+00 1.899928740845295005e-01 1.602399031781086114e+00
5.506800000000000000e+04 -2.493043657843633021e+00 5.075119454390989659e+00 7.401059886302138180e-01 5.217900932393631841e+00 1.630009885761951050e-01 1.505974639919658298e+00
5.506900000000000000e+04 7.830355963695730281e+00 5.075119454390989659e+00 6.402504770452228655e-01 4.967781416129282590e+00 1.395185175518027509e-01 1.414435799820420669e+00
5.507000000000000000e+04 -4.741564223549349144e+00 5.075119454390989659e+00 5.525835092449212782e-01 4.724141282093135885e+00 1.191554736916271978e-01 1.327155096666236656e+00
5.507200000000000000e+04 8.535584125746119355e+00 5.075119454390989659e+00 4.099931660539237743e-01 4.205995990451049771e+00 8.659693020465177027e-02 1.150940233814319757e+00
5.507400000000000000e+04 9.935036595893318889e+00 5.075119454390989659e+00 3.024498295026383232e-01 3.643173972683972472e+00 6.259957145868536021e-02 9.717203597258007308e-01
5.507600000000000000e+04 7.303491107935609072e-01 5.075119454390989659e+00 2.197450107585985912e-01 3.093369800925080515e+00 4.458659039435906163e-02 8.047267952458585505e-01
5.507800000000000000e+04 8.212706999117914464e+00 5.075119454390989659e+00 1.590952623647429731e-01 2.587798785086631970e+00 3.165759871947924908e-02 6.570018241816371063e-01
5.508000000000000000e+04 4.145598464480628742e+00 5.075119454390989659e+00 1.148939467390650837e-01 2.121381834118450715e+00 2.242927217941729015e-02 5.259276661340864800e-01
5.508200000000000000e+04 6.677405895956869841e+00 5.075119454390989659e+00 8.273684387000571072e-02 1.696580557698863068e+00 1.585148843184322476e-02 4.109535310771395000e-01
5.508300000000000000e+04 -9.407732259443779554e+00 5.075119454390989659e+00 7.019216413376362651e-02 1.504967536524430161e+00 1.332425287277213925e-02 3.604022071278390471e-01
5.508400000000000000e+04 -4.310261303803549993e+00 5.075119454390989659e+00 5.947948541671314177e-02 1.327980048272228375e+00 1.118771474028273233e-02 3.144487706649526926e-01
5.508600000000000000e+04 1.408759132772822475e+01 5.075119454390989659e+00 4.282211481070875847e-02 1.024336524704682505e+00 7.910245647124551638e-03 2.372247625531919146e-01
5.508900000000000000e+04 6.982082217209354624e+00 5.075119454390989659e+00 2.645166190723123242e-02 6.779249735934549381e-01 4.758348966942117439e-03 1.519942992676236448e-01
5.509000000000000000e+04 -6.082324232776823436e+00 5.075119454390989659e+00 2.251859233979373182e-02 5.877946048848456950e-01 4.015798901434460173e-03 1.304007908609561006e-01
5.509200000000000000e+04 -3.281432673255648691e+00 5.075119454390989659e+00 1.631681231006515409e-02 4.387209216946760804e-01 2.860340487345981557e-03 9.532437895330177213e-02
5.509300000000000000e+04 6.930249044639911205e+00 5.075119454390989659e+00 1.389015452264300184e-02 3.782299205973233547e-01 2.414419350363810127e-03 8.134326650551063076e-02
5.509500000000000000e+04 -2.052980720452858954e+00 5.075119454390989659e+00 1.005954541505592326e-02 2.796079530780299360e-01 1.719580412830072277e-03 5.893182841083124957e-02
5.509600000000000000e+04 4.683193191837314195e+00 5.075119454390989659e+00 8.563721241210521876e-03 2.399817171440162267e-01 1.451847290194205504e-03 5.007965716694829511e-02
5.509700000000000000e+04 3.799431089616688073e+00 5.075119454390989659e+00 7.288848819753298777e-03 2.047823743992761569e-01 1.225634575374692737e-03 4.231565367592597660e-02
5.509800000000000000e+04 2.048917456791060410e+00 5.075119454390989659e+00 6.200278619035576311e-03 1.743085999513231121e-01 1.034155386379047173e-03 3.566927231548724930e-02
5.510000000000000000e+04 -2.263305722789022756e+00 5.075119454390989659e+00 4.492452594350452612e-03 1.261643950247662849e-01 7.373742460977353481e-04 2.532607897558340412e-02
5.510100000000000000e+04 8.834883477370144789e+00 5.075119454390989659e+00 3.822323188696562148e-03 1.072191132811420866e-01 6.224268341795411233e-04 2.132016569519628105e-02
5.510200000000000000e+04 1.114969668244511158e+00 5.075119454390989659e+00 3.254465904767745322e-03 9.108796583327515017e-02 5.258043306838589264e-04 1.794341774353383490e-02
5.510600000000000000e+04 -1.341695311384955569e-01 5.075119454390989659e+00 1.703370282800629326e-03 4.713160465786310482e-02 2.668395524086519138e-04 8.950171792226187251e-03
5.510900000000000000e+04 4.123168378953914193e+00 5.075119454390989659e+00 1.047177572369643265e-03 2.889789046903605205e-02 1.603886617199637324e-04 5.343347226255695630e-03
5.511100000000000000e+04 -7.642400210007584072e+00 5.075119454390989659e+00 7.574817225599117044e-04 2.094815549206598126e-02 1.143196079927424701e-04 3.806679173553694298e-03
5.511200000000000000e+04 -6.430886356059651199e+00 5.075119454390989659e+00 6.437947302890440230e-04 1.783143217801746311e-02 9.645587389153405797e-05 3.212639121147568746e-03
5.511400000000000000e+04 9.498309464091391874e+00 5.075119454390989659e+00 4.656638964052915242e-04 1.291775529533242817e-02 6.876820444588222371e-05 2.288272389876785419e-03
5.511500000000000000e+04 -1.442400429662701988e+01 5.075119454390989659e+00 3.958370040161972173e-04 1.099545887510482156e-02 5.804061642466235168e-05 1.931535480291048318e-03
5.511700000000000000e+04 -2.244533678462277138e+00 5.075119454390989659e+00 2.863453365933568348e-04 7.961519744970210755e-03 4.139733072045060849e-05 1.375664330264058039e-03
5.511800000000000000e+04 4.769486764965202852e-01 5.075119454390989659e+00 2.434032690023445970e-04 6.776990855060120895e-03 3.494412016400036890e-05 1.161477832155364534e-03
5.511900000000000000e+04 1.354351676334037746e+00 5.075119454390989659e+00 2.071168746551687949e-04 5.767542159415215905e-03 2.952906681710418518e-05 9.805076602997543633e-04
5.512000000000000000e+04 1.064733014111748144e+00 5.075119454390989659e+00 1.777145639808814864e-04 4.905702223258558842e-03 2.516312410348764490e-05 8.273243091032378470e-04
