5.497400000000000000e+04 3.026376932850898260e+00 5.914352943088718284e+00 2.872527343123094101e-01 8.716021689365841492e-19 2.872527343123094101e-01 8.716021689365841492e-19
5.497600000000000000e+04 -3.817350399417963835e+00 5.914352943088718284e+00 1.958814406946931541e+00 8.716020358936565545e-19 1.958814406946931541e+00 8.716020358936565545e-19
5.498000000000000000e+04 1.033377182684416873e+01 5.914352943088718284e+00 9.740658635389692677e+00 8.716016003634627670e-19 9.740658635389692677e+00 8.716016003634627670e-19
5.498100000000000000e+04 8.319041799652808322e+00 5.914352943088718284e+00 1.261836908227294352e+01 8.716014404989387201e-19 1.261836908227294352e+01 8.716014404989387201e-19
5.498500000000000000e+04 2.947370928953816360e+01 5.914352943088718284e+00 2.761301931683333422e+01 -1.241908946591701104e-02 2.761301931683333422e+01 -1.241908946591701104e-02
5.498700000000000000e+04 3.397047364754133980e+01 5.914352943088718284e+00 3.698113532148148863e+01 7.505983906838168407e-01 3.698113532148148863e+01 7.505983906838168407e-01
5.498800000000000000e+04 4.815347308041619812e+01 5.914352943088718284e+00 4.209516568424355398e+01 1.567051525557545455e+00 4.209516568424355398e+01 1.567051525557545455e+00
5.498900000000000000e+04 5.227934929426295696e+01 5.914352943088718284e+00 4.711547825657126509e+01 2.680580088357593205e+00 4.711547825657126509e+01 2.680580088357593205e+00
5.499300000000000000e+04 7.654054663854968510e+01 5.914352943088718284e+00 6.549985504210982867e+01 1.009469526581835552e+01 6.549985504210982867e+01 1.009469526581835552e+01
5.499500000000000000e+04 8.038767531899748064e+01 5.914352943088718284e+00 6.925870503056015082e+01 1.558080429699700353e+01 6.925870503056015082e+01 1.558080429699700353e+01
5.499700000000000000e+04 1.009564488141011651e+02 5.914352943088718284e+00 7.176510567818075970e+01 2.209041545346666879e+01 6.841287481237441170e+01 2.209041545346666879e+01
5.499900000000000000e+04 1.021826981618580135e+02 5.914352943088718284e+00 7.142249463956524380e+01 2.958490825718519801e+01 6.504780932565140006e+01 2.958490825718519801e+01
5.500000000000000000e+04 1.143471246663818590e+02 5.914352943088718284e+00 7.095095977602146320e+01 3.367613254739485029e+01 6.320798198309262261e+01 3.367613254739485029e+01
5.500200000000000000e+04 1.081191463073299843e+02 5.914352943088718284e+00 6.928396833587967762e+01 4.153383942830611630e+01 5.914124484496770862e+01 4.153383942830611630e+01
5.500300000000000000e+04 1.042972615325302286e+02 5.914352943088718284e+00 6.731656140119328313e+01 4.535018634951246952e+01 5.628475033544589223e+01 4.535018634951246952e+01
5.500500000000000000e+04 1.174420244296807851e+02 5.914352943088718284e+00 6.225783678292928158e+01 5.239988403368787573e+01 5.000629460476246635e+01 5.239988403368787573e+01
5.500700000000000000e+04 1.211211169604613076e+02 5.914352943088718284e+00 5.765215078840333973e+01 5.900841668603724344e+01 4.455343955827151348e+01 5.540696402444812918e+01
5.500900000000000000e+04 1.168313517585591512e+02 5.914352943088718284e+00 5.288435054114439993e+01 6.540270832062996931e+01 3.937777404403901471e+01 5.473029984989954499e+01
5.501000000000000000e+04 1.179851212665164724e+02 5.914352943088718284e+00 5.041199543067708788e+01 6.744309105758897260e+01 3.686434766411487374e+01 5.352626274411823459e+01
5.501300000000000000e+04 1.135036800952989324e+02 5.914352943088718284e+00 4.320092052637526336e+01 7.144619128235896710e+01 2.997981993502793685e+01 4.910391153426733268e+01
5.501600000000000000e+04 1.005007319138540538e+02 5.914352943088718284e+00 3.451746936425518442e+01 7.001631302939037482e+01 2.279133005233092391e+01 4.243412910872144295e+01
5.501700000000000000e+04 9.695534912957499785e+01 5.914352943088718284e+00 3.189395841444863677e+01 6.860863619773412836e+01 2.072381963252022885e+01 4.000503568380997876e+01
5.501800000000000000e+04 9.689829714745928868e+01 5.914352943088718284e+00 2.947373151641916067e+01 6.724893423287302596e+01 1.885112345149930135e+01 3.778030013082754124e+01
5.501900000000000000e+04 8.639915439145627829e+01 5.914352943088718284e+00 2.713808506735833959e+01 6.576087678800875835e+01 1.708947422377729097e+01 3.564275164661721362e+01
5.502000000000000000e+04 8.566538197850002234e+01 5.914352943088718284e+00 2.490752910713340995e+01 6.408992298689882716e+01 1.544652967884242400e+01 3.355493350099414585e+01
5.502200000000000000e+04 7.177013450005631512e+01 5.914352943088718284e+00 2.088342067527503687e+01 6.016261538783548701e+01 1.256901635586821442e+01 2.949147813129190610e+01
5.502300000000000000e+04 7.465932225271031086e+01 5.914352943088718284e+00 1.907321393063201498e+01 5.802011808367923607e+01 1.131270102647213349e+01 2.756300146493076042e+01
5.502400000000000000e+04 7.174167448048389417e+01 5.914352943088718284e+00 1.741450141843017363e+01 5.593006778995420092e+01 1.018094207449878574e+01 2.577422478799732986e+01
5.502500000000000000e+04 6.674804439210109308e+01 5.914352943088718284e+00 1.591487414092745922e+01 5.360391804382997094e+01 9.172838121572022274e+00 2.398385594802235588e+01
5.502800000000000000e+04 4.965649840824350036e+01 5.914352943088718284e+00 1.214655690174787850e+01 4.430634562173132451e+01 6.716370971383953226e+00 1.823306404186474339e+01
5.502900000000000000e+04 5.016743097096726700e+01 5.914352943088718284e+00 1.112913896612947262e+01 4.136474398651039053e+01 6.071543353043900915e+00 1.657905570601618450e+01
5.503100000000000000e+04 4.597139582809839453e+01 5.914352943088718284e+00 9.422109131754869082e+00 3.588789586993231495e+01 5.006434182654020404e+00 1.367157937902183562e+01
5.503300000000000000e+04 3.100049016971185267e+01 5.914352943088718284e+00 8.095234497729183687e+00 3.073317741182743035e+01 4.192249869357422831e+00 1.115541829830396736e+01
5.503400000000000000e+04 4.467308714129708846e+01 5.914352943088718284e+00 7.577108338461084003e+00 2.835570089883870182e+01 3.874767751706000407e+00 1.005521308469457331e+01
5.503500000000000000e+04 3.307284439663675357e+01 5.914352943088718284e+00 7.123516693438791236e+00 2.610971396909768316e+01 3.597735703756966164e+00 9.050160821177707149e+00
5.503700000000000000e+04 3.176894071916064632e+01 5.914352943088718284e+00 6.381904420699745728e+00 2.212488554923172401e+01 3.145344712025503142e+00 7.338270497257618707e+00
5.503800000000000000e+04 3.356423957385436552e+01 5.914352943088718284e+00 6.084712494702118057e+00 2.034780966409739023e+01 2.963093496324381348e+00 6.606431709122529305e+00
5.503900000000000000e+04 3.166682746828395523e+01 5.914352943088718284e+00 5.822882291120834886e+00 1.871661976044523357e+01 2.802157021713587159e+00 5.951230448472252910e+00
5.504000000000000000e+04 2.435296923732301622e+01 5.914352943088718284e+00 5.578950628023791047e+00 1.724764065451399375e+01 2.653484246384680389e+00 5.373096777107163824e+00
5.504100000000000000e+04 2.024635927239948785e+01 5.914352943088718284e+00 5.346220936235684285e+00 1.590744358497502375e+01 2.513503025968822246e+00 4.857234682435121798e+00
5.504300000000000000e+04 2.296062574371363851e+01 5.914352943088718284e+00 4.910697199101699439e+00 1.363752671354955837e+01 2.256754227528354306e+00 4.005147346123217211e+00
5.504400000000000000e+04 1.799401697836895053e+01 5.914352943088718284e+00 4.687001781188691041e+00 1.267411490136110253e+01 2.129971270706062736e+00 3.652482680507522339e+00
5.504500000000000000e+04 1.281826773229295213e+01 5.914352943088718284e+00 4.456672307141145595e+00 1.185568263054279470e+01 2.002998789726357476e+00 3.353799895485938709e+00
5.504600000000000000e+04 1.056034376336473102e+01 5.914352943088718284e+00 4.234612440624089480e+00 1.115933112491328494e+01 1.882468299899572761e+00 3.099814201364801125e+00
5.504700000000000000e+04 9.562679434731403916e+00 5.914352943088718284e+00 4.020533760989545513e+00 1.054856108341542509e+01 1.768044749775525615e+00 2.878188563005573020e+00
5.504900000000000000e+04 1.206808154287609014e+00 5.914352943088718284e+00 3.603093411622470654e+00 9.549266545709429010e+00 1.551051834533994978e+00 2.516275769620402780e+00
5.505000000000000000e+04 6.594629871804695398e+00 5.914352943088718284e+00 3.377290248598893818e+00 9.150032716649691977e+00 1.438675292267899364e+00 2.370474797059505256e+00
5.505100000000000000e+04 1.309585330545977300e+01 5.914352943088718284e+00 3.143151889329351079e+00 8.798773048180665413e+00 1.325106192803267691e+00 2.241725617370870172e+00
5.505300000000000000e+04 3.858188663583939082e+00 5.914352943088718284e+00 2.684332998831081341e+00 8.153803816242859881e+00 1.108770342350714921e+00 2.010802420775057886e+00
5.505400000000000000e+04 4.082462972702569637e+00 5.914352943088718284e+00 2.459949222217183706e+00 7.850435401678867997e+00 1.005908494057323077e+00 1.905445485844385223e+00
5.505500000000000000e+04 1.948311972209425491e+01 5.914352943088718284e+00 2.247207057307054168e+00 7.555613153764932477e+00 9.098004280595362037e-01 1.805403382022683800e+00
5.505700000000000000e+04 8.406732533592277790e+00 5.914352943088718284e+00 1.856223083198542900e+00 6.914351822135386350e+00 7.368888778080757707e-01 1.602399031781086114e+00
5.505800000000000000e+04 8.269050206370463840e+00 5.914352943088718284e+00 1.672121273515060569e+00 6.596168922848102412e+00 6.574095826676078502e-01 1.505974639919658298e+00
5.505900000000000000e+04 -2.708482545456450730e+00 5.914352943088718284e+00 1.497156991031058260e+00 6.287167130201770426e+00 5.830050588127172473e-01 1.414435799820420669e+00
5.506100000000000000e+04 1.175833240868703555e+01 5.914352943088718284e+00 1.178965720066943224e+00 5.676849714394423430e+00 4.505027589097987395e-01 1.240841467627196382e+00
5.506300000000000000e+04 4.969075410520217950e+00 5.914352943088718284e+00 9.105677653390663595e-01 4.987699709711500340e+00 3.415482990769190819e-01 1.060084954242614286e+00
5.506400000000000000e+04 1.024320572817897457e+01 5.914352943088718284e+00 7.978165295617034580e-01 4.635106115892068779e+00 2.965309531914898100e-01 9.717203597258007308e-01
5.506700000000000000e+04 1.141161932240450838e+01 5.914352943088718284e+00 5.251403039696396213e-01 3.613727300252478347e+00 1.899928740845295005e-01 7.278403424476290740e-01
5.506800000000000000e+04 -6.089288412542336104e+00 5.914352943088718284e+00 4.545282566447201300e-01 3.304719175633635153e+00 1.630009885761951050e-01 6.570018241816371063e-01
5.506900000000000000e+04 5.985837373549604656e+00 5.914352943088718284e+00 3.924655898732211656e-01 3.003559065945717421e+00 1.395185175518027509e-01 5.895111022464607498e-01
5.507000000000000000e+04 -8.623046038855296302e+00 5.914352943088718284e+00 3.381036565999922527e-01 2.713786757251885895e+00 1.191554736916271978e-01 5.259276661340864800e-01
5.507200000000000000e+04 6.991654475470419072e+00 5.914352943088718284e+00 2.499620390357272792e-01 2.173944179398068055e+00 8.659693020465177027e-02 4.109535310771395000e-01
5.507400000000000000e+04 8.867909322229031943e+00 5.914352943088718284e+00 1.837610420169708825e-01 1.704312337004043387e+00 6.259957145868536021e-02 3.144487706649526926e-01
5.507600000000000000e+04 -1.560191698381359293e+00 5.914352943088718284e+00 1.330686790319645929e-01 1.316597432170214965e+00 4.458659039435906163e-02 2.372247625531919146e-01
5.507800000000000000e+04 7.470271231631071984e+00 5.914352943088718284e+00 9.603332571554029640e-02 1.004585485401103151e+00 3.165759871947924908e-02 1.768636417959688623e-01
5.508000000000000000e+04 3.051819524105057191e+00 5.914352943088718284e+00 6.913823149305380056e-02 7.576285949021549504e-01 2.242927217941729015e-02 1.304007908609561006e-01
5.508200000000000000e+04 6.323913481179704199e+00 5.914352943088718284e+00 4.963893602431706381e-02 5.662268109826126272e-01 1.585148843184322476e-02 9.532437895330177213e-02
5.508300000000000000e+04 -1.226853071406075912e+01 5.914352943088718284e+00 4.205134206646887057e-02 4.884663153655913193e-01 1.332425287277213925e-02 8.134326650551063076e-02
5.508400000000000000e+04 -6.183811910799709821e+00 5.914352943088718284e+00 3.558252673146922868e-02 4.205146930737890809e-01 1.118771474028273233e-02 6.927754416372142177e-02
5.508600000000000000e+04 1.550956155877112508e+01 5.914352943088718284e+00 2.554613831738873631e-02 3.104938744350794755e-01 7.910245647124551638e-03 5.007965716694829511e-02
5.508900000000000000e+04 7.523885875770679021e+00 5.914352943088718284e+00 1.571682663780981162e-02 1.923675558498820215e-01 4.758348966942117439e-03 3.008093132914495954e-02
5.509000000000000000e+04 -7.622378390472187348e+00 5.914352943088718284e+00 1.336257084452316564e-02 1.636064701822687872e-01 4.015798901434460173e-03 2.532607897558340412e-02
5.509200000000000000e+04 -4.226436731443597772e+00 5.914352943088718284e+00 9.657939655523707298e-03 1.182471229298879822e-01 2.860340487345981557e-03 1.794341774353383490e-02
5.509300000000000000e+04 7.727873083357994055e+00 5.914352943088718284e+00 8.211440210587318822e-03 1.003725484409410812e-01 2.414419350363810127e-03 1.508227624957792119e-02
5.509500000000000000e+04 -2.651777348559106073e+00 5.914352943088718284e+00 5.932552424263750658e-03 7.232404459340717462e-02 1.719580412830072277e-03 1.065940229821771279e-02
5.509600000000000000e+04 5.234324480840635729e+00 5.914352943088718284e+00 5.044443409779767427e-03 6.130867677674938648e-02 1.451847290194205504e-03 8.950171792226187251e-03
5.509700000000000000e+04 4.236825372236488363e+00 5.914352943088718284e+00 4.288495379236050356e-03 5.196288753164438751e-02 1.225634575374692737e-03 7.514517358155370884e-03
5.509800000000000000e+04 2.225187599425659801e+00 5.914352943088718284e+00 3.643846503906572783e-03 4.417081169354349773e-02 1.034155386379047173e-03 6.328196517699642178e-03
5.510000000000000000e+04 -2.755122028824803060e+00 5.914352943088718284e+00 2.634269494184159587e-03 3.207745853721487295e-02 7.373742460977353481e-04 4.511597543912077707e-03
5.510100000000000000e+04 1.019598852621175666e+01 5.914352943088718284e+00 2.238869322543809038e-03 2.731292307024775837e-02 6.224268341795411233e-04 3.806679173553694298e-03
5.510200000000000000e+04 1.214564224056975839e+00 5.914352943088718284e+00 1.904200383571595266e-03 2.325950723710839760e-02 5.258043306838589264e-04 3.212639121147568746e-03
5.510600000000000000e+04 -2.000440237497196627e-01 5.914352943088718284e+00 9.925097151839807567e-04 1.223002091960876531e-02 2.668395524086519138e-04 1.630669455947835432e-03
5.510900000000000000e+04 4.778241543425308713e+00 5.914352943088718284e+00 6.083541939038225469e-04 7.545006446006610051e-03 1.603886617199637324e-04 9.805076602997543633e-04
5.511100000000000000e+04 -8.925553354212913959e+00 5.914352943088718284e+00 4.392159339081165462e-04 5.467542470663059456e-03 1.143196079927424701e-04 6.987274722892087252e-04
5.511200000000000000e+04 -7.510815674970532818e+00 5.914352943088718284e+00 3.729466364016164942e-04 4.654306241368906180e-03 9.645587389153405797e-05 5.898993968781883653e-04
5.511400000000000000e+04 1.105701817114248087e+01 5.914352943088718284e+00 2.692619045078518871e-04 3.373560585667639226e-03 6.876820444588222371e-05 4.206434645470872170e-04
5.511500000000000000e+04 -1.681936575627309693e+01 5.914352943088718284e+00 2.286800287131696586e-04 2.871551828053186747e-03 5.804061642466235168e-05 3.551702941315011404e-04
5.511700000000000000e+04 -2.623062662405036161e+00 5.914352943088718284e+00 1.651339522438774791e-04 2.078912564963039927e-03 4.139733072045060849e-05 2.530630024300718631e-04
5.511800000000000000e+04 5.495445032304022703e-01 5.914352943088718284e+00 1.402482262782155011e-04 1.767545195154910601e-03 3.494412016400036890e-05 2.134716419269215202e-04
5.511900000000000000e+04 1.572970527354287773e+00 5.914352943088718284e+00 1.192383718074667176e-04 1.503530111213280005e-03 2.952906681710418518e-05 1.801713734228016527e-04
5.512000000000000000e+04 1.236257027698912436e+00 5.914352943088718284e+00 1.022251916704185686e-04 1.279097432624051907e-03 2.516312410348764490e-05 1.520924414535138741e-04
