5.497600000000000000e+04 -3.036451991229642378e+00 4.868029180103155440e+00 1.164140563987932975e+00 8.960306593772031297e-19 1.164140563987932975e+00 8.960306593772031297e-19
5.497900000000000000e+04 4.179164787879516396e+00 4.868029180103155440e+00 4.289077145657377521e+00 8.960306592350573665e-19 4.289077145657377521e+00 8.960306592350573665e-19
5.498300000000000000e+04 1.228102020513416193e+01 4.868029180103155440e+00 1.143383206421574805e+01 8.960306589007829505e-19 1.143383206421574805e+01 8.960306589007829505e-19
5.499200000000000000e+04 4.064808380538914889e+01 4.868029180103155440e+00 3.733751665722944324e+01 1.414274411638661300e-01 3.733751665722944324e+01 1.414274411638661300e-01
5.499500000000000000e+04 4.389968669102307786e+01 4.868029180103155440e+00 4.526446668391263017e+01 1.587232095280796784e+00 4.526446668391263017e+01 1.587232095280796784e+00
5.499600000000000000e+04 3.914617167417043220e+01 4.868029180103155440e+00 4.750204251648135312e+01 2.426487086150368899e+00 4.750204251648135312e+01 2.426487086150368899e+00
5.499800000000000000e+04 5.493640911247774028e+01 4.868029180103155440e+00 5.100837237938143431e+01 4.563436508517902723e+00 5.091672227927872996e+01 4.563436508517902723e+00
5.500200000000000000e+04 6.459724462718331495e+01 4.868029180103155440e+00 5.430211582583206820e+01 1.102479628531949452e+01 5.381775602163734362e+01 1.102479628531949452e+01
5.500700000000000000e+04 7.651039749104273824e+01 4.868029180103155440e+00 5.304413392725972898e+01 2.257211756982848527e+01 5.210622193247517231e+01 2.257211756982848527e+01
5.501100000000000000e+04 7.716335226006013670e+01 4.868029180103155440e+00 4.909749735910822466e+01 3.207803185965695292e+01 4.789065290588005297e+01 3.207803185965695292e+01
5.501600000000000000e+04 8.753478103858000736e+01 4.868029180103155440e+00 4.169492823624310773e+01 4.857047971664956520e+01 4.031611703369087962e+01 4.073337782342299107e+01
5.502200000000000000e+04 9.910040747853254572e+01 4.868029180103155440e+00 3.312380070479415650e+01 6.357866767731229629e+01 3.169741694238675578e+01 4.292955278684152631e+01
5.502800000000000000e+04 9.856440856028939379e+01 4.868029180103155440e+00 2.779569746981968592e+01 6.956488613224342998e+01 2.632666932167046880e+01 3.931107941469451816e+01
5.503000000000000000e+04 9.617426590873630232e+01 4.868029180103155440e+00 2.651386894769208524e+01 6.929942889790247307e+01 2.502725028100064719e+01 3.714193852390528150e+01
5.503300000000000000e+04 9.106835411473635133e+01 4.868029180103155440e+00 2.463802992343412157e+01 6.733562948602845211e+01 2.313864568316503068e+01 3.349864657779635024e+01
5.503800000000000000e+04 9.126250588601959635e+01 4.868029180103155440e+00 2.097247392844831637e+01 6.159461673677333948e+01 1.953108020902245556e+01 2.736808705979442635e+01
5.504200000000000000e+04 9.149792314849521802e+01 4.868029180103155440e+00 1.791089588649927933e+01 5.781839101159438599e+01 1.656882135661357935e+01 2.366696316479508511e+01
5.504400000000000000e+04 6.854582838179743476e+01 4.868029180103155440e+00 1.645397879080796955e+01 5.655442649522168352e+01 1.517055024046465839e+01 2.227253721456430569e+01
5.504600000000000000e+04 6.493052917916486422e+01 4.868029180103155440e+00 1.513146629816276878e+01 5.550504346426428981e+01 1.390504162668881349e+01 2.106133545733638002e+01
5.505000000000000000e+04 6.738247246032698001e+01 4.868029180103155440e+00 1.301801801141029102e+01 5.385019108167131918e+01 1.188425964160150627e+01 1.904313992562109448e+01
5.505600000000000000e+04 6.248243704641082275e+01 4.868029180103155440e+00 1.100760280594400520e+01 4.869332669071808084e+01 9.950825172612551839e+00 1.562486416721796978e+01
5.505900000000000000e+04 5.484463174787482842e+01 4.868029180103155440e+00 1.022188735637899981e+01 4.513176795636739769e+01 9.195652533626304859e+00 1.384112857863875767e+01
5.506300000000000000e+04 5.229510423678340914e+01 4.868029180103155440e+00 9.361545151956404354e+00 4.011393494318941322e+01 8.367487622413662507e+00 1.161678924537065605e+01
5.506500000000000000e+04 4.043057661318621854e+01 4.868029180103155440e+00 8.990608958657116290e+00 3.787188494329431165e+01 8.010164788539839265e+00 1.067024059484808518e+01
5.506700000000000000e+04 5.186632497457325996e+01 4.868029180103155440e+00 8.636595562630656531e+00 3.590621157407938568e+01 7.670155917078735897e+00 9.849461411076502415e+00
5.507000000000000000e+04 4.042132066402941604e+01 4.868029180103155440e+00 8.146595497933915908e+00 3.379588728793707730e+01 7.200455628366551508e+00 8.917591241737580887e+00
5.507400000000000000e+04 3.770012006548081729e+01 4.868029180103155440e+00 7.518982263973755131e+00 3.170094080190216701e+01 6.603708294373577203e+00 7.960660138090042359e+00
5.507900000000000000e+04 3.975335298505216031e+01 4.868029180103155440e+00 6.702508748277320016e+00 2.961782469589821432e+01 5.840457257125583723e+00 7.013954269992709989e+00
5.508300000000000000e+04 3.151701291562540774e+01 4.868029180103155440e+00 5.953166379159972266e+00 2.829254284630579619e+01 5.155149271873892936e+00 6.408131830831871767e+00
5.509100000000000000e+04 3.315363674270996341e+01 4.868029180103155440e+00 4.042050673150822782e+00 2.594606647257784360e+01 3.457107999615824934e+00 5.405543130602271873e+00
