5.497400000000000000e+04 3.734708657618763361e+00 7.443792105905457923e+00 2.872527343123094101e-01 1.361878181083838162e-18 2.872527343123094101e-01 1.361878181083838162e-18
5.497600000000000000e+04 -5.311054402332035629e+00 7.443792105905457923e+00 1.958814406946931541e+00 1.361877894807208667e-18 1.958814406946931541e+00 1.361877894807208667e-18
5.498000000000000000e+04 1.048714964377911230e+01 7.443792105905457923e+00 9.740658635389692677e+00 1.361876957650400692e-18 9.740658635389692677e+00 1.361876957650400692e-18
5.498100000000000000e+04 7.207244857015212780e+00 7.443792105905457923e+00 1.261836908227294352e+01 1.361876613660269607e-18 1.261836908227294352e+01 1.361876613660269607e-18
5.498500000000000000e+04 3.114332040648624300e+01 7.443792105905457923e+00 2.761301931683333422e+01 1.172809985443463487e+00 2.761301931683333422e+01 1.172809985443463487e+00
5.498700000000000000e+04 3.643562774689402772e+01 7.443792105905457923e+00 3.698113532148148863e+01 4.188406388058739438e+00 3.698113532148148863e+01 4.188406388058739438e+00
5.498800000000000000e+04 5.413519897927267266e+01 7.443792105905457923e+00 4.209516568424355398e+01 6.387348154830737812e+00 4.209516568424355398e+01 6.387348154830737812e+00
5.498900000000000000e+04 5.928764547976625465e+01 7.443792105905457923e+00 4.711547825657126509e+01 9.046702486275524535e+00 4.711547825657126509e+01 9.046702486275524535e+00
5.499300000000000000e+04 9.103549073720006390e+01 7.443792105905457923e+00 6.549985504210982867e+01 2.434500671405781702e+01 6.549985504210982867e+01 2.434500671405781702e+01
5.499500000000000000e+04 9.817191030861309287e+01 7.443792105905457923e+00 6.925870503056015082e+01 3.451627414604166688e+01 6.925870503056015082e+01 3.451627414604166688e+01
5.499700000000000000e+04 1.235901891025718982e+02 7.443792105905457923e+00 6.842655738733689930e+01 4.622641915185185724e+01 6.841287481237441170e+01 4.622641915185185724e+01
5.499900000000000000e+04 1.254474004051279934e+02 7.443792105905457923e+00 6.507382844938165078e+01 5.889434782071408847e+01 6.504780932565140006e+01 5.889434782071408847e+01
5.500000000000000000e+04 1.403698222307709500e+02 7.443792105905457923e+00 6.323958597408416438e+01 6.489662410672829651e+01 6.320798198309262261e+01 6.489662410672829651e+01
5.500200000000000000e+04 1.325258884363836955e+02 7.443792105905457923e+00 5.918264371635918053e+01 7.673977432222363859e+01 5.914124484496770862e+01 7.673977432222363859e+01
5.500300000000000000e+04 1.276707792847836203e+02 7.443792105905457923e+00 5.632977813571424264e+01 8.187481880263729295e+01 5.628475033544589223e+01 8.187481880263729295e+01
5.500500000000000000e+04 1.461248788115885873e+02 7.443792105905457923e+00 5.005630089936722982e+01 9.256425927334363735e+01 5.000629460476246635e+01 8.657338128820018142e+01
5.500700000000000000e+04 1.534901763645094661e+02 7.443792105905457923e+00 4.460690368574144316e+01 1.032692345292792027e+02 4.455343955827151348e+01 8.551609351546802884e+01
5.500900000000000000e+04 1.470436922366776571e+02 7.443792105905457923e+00 3.943290292770066685e+01 1.094429391904084810e+02 3.937777404403901471e+01 8.130976165706424297e+01
5.501000000000000000e+04 1.488982258105972676e+02 7.443792105905457923e+00 3.691964418561105532e+01 1.118149201280908471e+02 3.686434766411487374e+01 7.900997747886577827e+01
5.501300000000000000e+04 1.427682789300772015e+02 7.443792105905457923e+00 3.003378361091098725e+01 1.141736160554520012e+02 2.997981993502793685e+01 7.035593791930737950e+01
5.501600000000000000e+04 1.258148614152410403e+02 7.443792105905457923e+00 2.283919184544081560e+01 1.080516583741667347e+02 2.279133005233092391e+01 5.903171895441801809e+01
5.501700000000000000e+04 1.220969986044873821e+02 7.443792105905457923e+00 2.076941203571177041e+01 1.057921422311157045e+02 2.072381963252022885e+01 5.569179944783939362e+01
5.501800000000000000e+04 1.223388945241612191e+02 7.443792105905457923e+00 1.889448103543774948e+01 1.032233641824332153e+02 1.885112345149930135e+01 5.242958359530334889e+01
5.501900000000000000e+04 1.092647244114694445e+02 7.443792105905457923e+00 1.713048896191435588e+01 1.003148793771894134e+02 1.708947422377729097e+01 4.922221755504877194e+01
5.502000000000000000e+04 1.083921013499048769e+02 7.443792105905457923e+00 1.548514600303952982e+01 9.710069174727857444e+01 1.544652967884242400e+01 4.608043458014359572e+01
5.502200000000000000e+04 9.136363383526035875e+01 7.443792105905457923e+00 1.260295270002905710e+01 9.043531122488560925e+01 1.256901635586821442e+01 4.027222623124582412e+01
5.502300000000000000e+04 9.502754603308628134e+01 7.443792105905457923e+00 1.134437658934625404e+01 8.674660898200335168e+01 1.131270102647213349e+01 3.747477491878492373e+01
5.502400000000000000e+04 9.040357556969989616e+01 7.443792105905457923e+00 1.021046680651483030e+01 8.221050867775829829e+01 1.018094207449878574e+01 3.448427377422747497e+01
5.502500000000000000e+04 8.271843846194408911e+01 7.443792105905457923e+00 9.200356635936737248e+00 7.700533913798966523e+01 9.172838121572022274e+00 3.138975180906150086e+01
5.502800000000000000e+04 6.088343174955672055e+01 7.443792105905457923e+00 6.738534995589519738e+00 6.269883659968667899e+01 6.716370971383953226e+00 2.356390431437412758e+01
5.502900000000000000e+04 6.148194984516482009e+01 7.443792105905457923e+00 6.092186600444250644e+00 5.831783078864001624e+01 6.071543353043900915e+00 2.136184277972161283e+01
5.503100000000000000e+04 5.585407282676823826e+01 7.443792105905457923e+00 5.024457345711574874e+00 4.999719038571107887e+01 5.006434182654020404e+00 1.743034109109994390e+01
5.503300000000000000e+04 3.687476148036083856e+01 7.443792105905457923e+00 4.208180418860981042e+00 4.251878680799551091e+01 4.192249869357422831e+00 1.414087628309016509e+01
5.503400000000000000e+04 5.403609690754132799e+01 7.443792105905457923e+00 3.889879345937654165e+00 3.914572227644782743e+01 3.874767751706000407e+00 1.272617759312348085e+01
5.503500000000000000e+04 3.947327790647194234e+01 7.443792105905457923e+00 3.612126646571993227e+00 3.606301307496040209e+01 3.597735703756966164e+00 1.146604765196502740e+01
5.503700000000000000e+04 3.779782291336564271e+01 7.443792105905457923e+00 3.158555159816010427e+00 3.053353171969294166e+01 3.145344712025503142e+00 9.298797575737893339e+00
5.503800000000000000e+04 4.010010999514643970e+01 7.443792105905457923e+00 2.975834798358576450e+00 2.814831074107014430e+01 2.963093496324381348e+00 8.395463714229940422e+00
5.503900000000000000e+04 3.775594990115386196e+01 7.443792105905457923e+00 2.814486512609126745e+00 2.597102669264528529e+01 2.802157021713587159e+00 7.589429191304875921e+00
5.504000000000000000e+04 2.860966021332471243e+01 7.443792105905457923e+00 2.665424925493411479e+00 2.402313922207559216e+01 2.653484246384680389e+00 6.881055001740258525e+00
5.504100000000000000e+04 2.353840821398622651e+01 7.443792105905457923e+00 2.525065139888278409e+00 2.228113532990171919e+01 2.513503025968822246e+00 6.258042728317525949e+00
5.504300000000000000e+04 2.720389353158029522e+01 7.443792105905457923e+00 2.267586647820490242e+00 1.938286727097404238e+01 2.256754227528354306e+00 5.240312336696778317e+00
5.504400000000000000e+04 2.118713121426483426e+01 7.443792105905457923e+00 2.140408129932521941e+00 1.825015611053526143e+01 2.129971270706062736e+00 4.843459689632500620e+00
5.504500000000000000e+04 1.487190231968577692e+01 7.443792105905457923e+00 2.013013783674988844e+00 1.725653930307028361e+01 2.002998789726357476e+00 4.497169629696206705e+00
5.504600000000000000e+04 1.219373431447116474e+01 7.443792105905457923e+00 1.892068888229060608e+00 1.638522391467558847e+01 1.882468299899572761e+00 4.194456255036756787e+00
5.504700000000000000e+04 1.110696528233870950e+01 7.443792105905457923e+00 1.777238582474358619e+00 1.563079054641073640e+01 1.768044749775525615e+00 3.931680890031879372e+00
5.504900000000000000e+04 9.348737629405157179e-01 7.443792105905457923e+00 1.559427514440478779e+00 1.441009248416212252e+01 1.551051834533994978e+00 3.502696277141983838e+00
5.505000000000000000e+04 7.854782150365975824e+00 7.443792105905457923e+00 1.446588006375372881e+00 1.387506912434549378e+01 1.438675292267899364e+00 3.316855307980851375e+00
5.505100000000000000e+04 1.614538392547850876e+01 7.443792105905457923e+00 1.332526787482965824e+00 1.336052533453727165e+01 1.325106192803267691e+00 3.141878782461027253e+00
5.505300000000000000e+04 4.716448806553888318e+00 7.443792105905457923e+00 1.115201210336349114e+00 1.238619557778937441e+01 1.108770342350714921e+00 2.820942784410442883e+00
5.505400000000000000e+04 5.047984169598960236e+00 7.443792105905457923e+00 1.011843354172261344e+00 1.187458983418630076e+01 1.005908494057323077e+00 2.662464088382578531e+00
5.505500000000000000e+04 2.443884137036928195e+01 7.443792105905457923e+00 9.152592306278932721e-01 1.133997764803577013e+01 9.098004280595362037e-01 2.503748487157946734e+00
5.505700000000000000e+04 1.059918344183204120e+01 7.443792105905457923e+00 7.414575888504858492e-01 1.031565709256530639e+01 7.368888778080757707e-01 2.210055937219407074e+00
5.505800000000000000e+04 1.048511446922723778e+01 7.443792105905457923e+00 6.615512630384138282e-01 9.822606659200980417e+00 6.574095826676078502e-01 2.073679838540994247e+00
5.505900000000000000e+04 -3.301544092304503408e+00 7.443792105905457923e+00 5.867362911891186306e-01 9.317943895962976342e+00 5.830050588127172473e-01 1.938814793167494166e+00
5.506100000000000000e+04 1.481359239716567799e+01 7.443792105905457923e+00 4.534760771186034378e-01 8.189818824620596516e+00 4.505027589097987395e-01 1.656382741004084558e+00
5.506300000000000000e+04 6.218964030366459284e+00 7.443792105905457923e+00 3.438708275106420742e-01 7.044572370125266048e+00 3.415482990769190819e-01 1.385962927938393818e+00
5.506400000000000000e+04 1.283083983314713450e+01 7.443792105905457923e+00 2.985770167685111165e-01 6.478050701729160643e+00 2.965309531914898100e-01 1.257385617571653791e+00
5.506700000000000000e+04 1.428161779101370144e+01 7.443792105905457923e+00 1.913608227779381443e-01 4.936787036875203150e+00 1.899928740845295005e-01 9.211110972600947688e-01
5.506800000000000000e+04 -7.769974061846070867e+00 7.443792105905457923e+00 1.641908957928013557e-01 4.461181427982387149e+00 1.630009885761951050e-01 8.217619783345098128e-01
5.506900000000000000e+04 7.406786030612564353e+00 7.443792105905457923e+00 1.405509545816860939e-01 4.006702266690400194e+00 1.395185175518027509e-01 7.287563235158966979e-01
5.507000000000000000e+04 -1.099921915985066079e+01 7.443792105905457923e+00 1.200491397443144148e-01 3.574782028457267113e+00 1.191554736916271978e-01 6.421148923080304272e-01
5.507200000000000000e+04 8.639532813020041502e+00 7.443792105905457923e+00 8.726372656722758414e-02 2.803310790478052095e+00 8.659693020465177027e-02 4.913262041639884781e-01
5.507400000000000000e+04 1.101405947760247983e+01 7.443792105905457923e+00 6.309410807320897652e-02 2.166158613063833283e+00 6.259957145868536021e-02 3.706636914893623458e-01
5.507600000000000000e+04 -2.090020040128698575e+00 7.443792105905457923e+00 4.494774177655336961e-02 1.653232891687818729e+00 4.458659039435906163e-02 2.763494403062012883e-01
5.507800000000000000e+04 9.295871985665838722e+00 7.443792105905457923e+00 3.192035678885092598e-02 1.247120563596468612e+00 3.165759871947924908e-02 2.037512357202438951e-01
5.508000000000000000e+04 3.755338966729535599e+00 7.443792105905457923e+00 2.261992099294233768e-02 9.322724261632913123e-01 2.242927217941729015e-02 1.489443421145340285e-01
5.508200000000000000e+04 7.892641853506571437e+00 7.443792105905457923e+00 1.598939638120025833e-02 6.925156508466001615e-01 1.585148843184322476e-02 1.082461627558146955e-01
5.508300000000000000e+04 -1.549994441165463144e+01 7.443792105905457923e+00 1.344150629805253294e-02 5.954692936986928364e-01 1.332425287277213925e-02 9.208098189192380489e-02
5.508400000000000000e+04 -7.834249804815579310e+00 7.443792105905457923e+00 1.128728540147124794e-02 5.114384988174593971e-01 1.118771474028273233e-02 7.824946432335670721e-02
5.508600000000000000e+04 1.947733027987854371e+01 7.443792105905457923e+00 7.982228882513384485e-03 3.719859236601375518e-01 7.910245647124551638e-03 5.573323799294881836e-02
5.508900000000000000e+04 9.441713771444586456e+00 7.443792105905457923e+00 4.803077447231373677e-03 2.292584067411574389e-01 4.758348966942117439e-03 3.331275889874418111e-02
5.509000000000000000e+04 -9.617300287485507582e+00 7.443792105905457923e+00 4.053948990998088205e-03 1.948879459669568270e-01 4.015798901434460173e-03 2.803659022427161529e-02
5.509200000000000000e+04 -5.337001396693674238e+00 7.443792105905457923e+00 2.888085790073237607e-03 1.404758904829946642e-01 2.860340487345981557e-03 1.981436053980403095e-02
5.509300000000000000e+04 9.711291298053808418e+00 7.443792105905457923e+00 2.438080659997375350e-03 1.192320768320014740e-01 2.414419350363810127e-03 1.665531609096517277e-02
5.509500000000000000e+04 -3.348598586333719318e+00 7.443792105905457923e+00 1.736776216958373347e-03 8.567958760301774834e-02 1.719580412830072277e-03 1.174143337211776446e-02
5.509600000000000000e+04 6.578701877642333606e+00 7.443792105905457923e+00 1.466510947825166956e-03 7.283754191872285344e-02 1.451847290194205504e-03 9.887807058905687813e-03
5.509700000000000000e+04 5.324979393509685188e+00 7.443792105905457923e+00 1.238136048043514620e-03 6.207967599304194811e-02 1.225634575374692737e-03 8.348980041024522958e-03
5.509800000000000000e+04 2.794385906789594198e+00 7.443792105905457923e+00 1.044807186858751156e-03 5.290412069929898570e-02 1.034155386379047173e-03 7.049371162362620333e-03
5.510000000000000000e+04 -3.472166806779362069e+00 7.443792105905457923e+00 7.451166756817615040e-04 3.836694270430483084e-02 7.373742460977353481e-04 5.019748626793075000e-03
5.510100000000000000e+04 1.282876979436239750e+01 7.443792105905457923e+00 6.290245586218440408e-04 3.268499761793023511e-02 6.224268341795411233e-04 4.237980086345396677e-03
5.510200000000000000e+04 1.525330936880812338e+00 7.443792105905457923e+00 5.314304370221762048e-04 2.782253192041436729e-02 5.258043306838589264e-04 3.575425609182477163e-03
5.510600000000000000e+04 -2.535225750853100646e-01 7.443792105905457923e+00 2.698014714403879901e-04 1.462445775412622891e-02 2.668395524086519138e-04 1.814809112742756881e-03
5.510900000000000000e+04 6.012809617695176634e+00 7.443792105905457923e+00 1.622170924635713408e-04 9.024502009285310586e-03 1.603886617199637324e-04 1.091761675451888552e-03
5.511100000000000000e+04 -1.123446225777199814e+01 7.443792105905457923e+00 1.156457154454582970e-04 6.538905106473168194e-03 1.143196079927424701e-04 7.780335427244262957e-04
5.511200000000000000e+04 -9.453757109854221241e+00 7.443792105905457923e+00 9.758440761606501234e-05 5.569319470603433485e-03 9.645587389153405797e-05 6.572554133548237122e-04
5.511400000000000000e+04 1.391585876321112636e+01 7.443792105905457923e+00 6.958654607878823439e-05 4.034339636581125120e-03 6.876820444588222371e-05 4.684556010893086439e-04
5.511500000000000000e+04 -2.116922873625677681e+01 7.443792105905457923e+00 5.873710382175830266e-05 3.432641463587405607e-03 5.804061642466235168e-05 3.954109412969871438e-04
5.511700000000000000e+04 -3.301680695076918859e+00 7.443792105905457923e+00 4.190237815524010603e-05 2.482874132874595373e-03 4.139733072045060849e-05 2.815177709731275248e-04
5.511800000000000000e+04 6.914021525976813409e-01 7.443792105905457923e+00 3.537393284201757483e-05 2.112373896237490761e-03 3.494412016400036890e-05 2.376444397711154283e-04
5.511900000000000000e+04 1.979520813338600416e+00 7.443792105905457923e+00 2.989522724563628027e-05 1.795952039609293675e-03 2.952906681710418518e-05 2.004858271499546790e-04
5.512000000000000000e+04 1.555765526228920725e+00 7.443792105905457923e+00 2.547766315478123457e-05 1.528097797681416976e-03 2.516312410348764490e-05 1.692770513206106697e-04
