5.497600000000000000e+04 -3.216672613816863535e+00 5.076885249354915253e+00 1.164140563987932975e+00 8.960306587780850352e-19 1.164140563987932975e+00 8.960306587780850352e-19
5.497900000000000000e+04 4.174449149957396799e+00 5.076885249354915253e+00 4.289077145657377521e+00 8.960306582668382648e-19 4.289077145657377521e+00 8.960306582668382648e-19
5.498300000000000000e+04 1.231793692796424011e+01 5.076885249354915253e+00 1.143383206421574805e+01 5.692856059696972670e-04 1.143383206421574805e+01 5.692856059696972670e-04
5.499200000000000000e+04 4.808558081414601304e+01 5.076885249354915253e+00 3.733751665722944324e+01 7.442956887355959950e+00 3.733751665722944324e+01 7.442956887355959950e+00
5.499500000000000000e+04 5.526182712935342778e+01 5.076885249354915253e+00 4.526446668391263017e+01 1.307602453554221000e+01 4.526446668391263017e+01 1.307602453554221000e+01
5.499600000000000000e+04 5.154469471437178640e+01 5.076885249354915253e+00 4.750204251648135312e+01 1.528761230289747708e+01 4.750204251648135312e+01 1.528761230289747708e+01
5.499800000000000000e+04 7.076135808452760045e+01 5.076885249354915253e+00 5.134442274642466941e+01 2.007959606340551773e+01 5.091672227927872996e+01 2.007959606340551773e+01
5.500200000000000000e+04 8.518714224062841822e+01 5.076885249354915253e+00 5.607810177454611278e+01 2.987001332578356028e+01 5.381775602163734362e+01 2.987001332578356028e+01
5.500700000000000000e+04 9.896261807117265619e+01 5.076885249354915253e+00 5.648314457480308448e+01 4.154696540335496735e+01 5.210622193247517231e+01 3.949706759516585208e+01
5.501100000000000000e+04 9.735339111677355106e+01 5.076885249354915253e+00 5.352259368761153979e+01 4.801511129948676171e+01 4.789065290588005297e+01 4.282857131343035206e+01
5.501600000000000000e+04 9.487854397970089337e+01 5.076885249354915253e+00 4.675056931226794177e+01 5.097575535852396911e+01 4.031611703369087962e+01 4.221245061156341194e+01
5.502200000000000000e+04 8.956263204235537501e+01 5.076885249354915253e+00 3.835387450028797218e+01 4.870793818024938560e+01 3.169741694238675578e+01 3.714193852390528150e+01
5.502800000000000000e+04 7.654076925122150499e+01 5.076885249354915253e+00 3.318213401303346188e+01 4.210316183260447787e+01 2.632666932167046880e+01 2.975067964429372225e+01
5.503000000000000000e+04 7.201951157757999056e+01 5.076885249354915253e+00 3.196480405889403187e+01 3.967825261928995673e+01 2.502725028100064719e+01 2.736808705979442635e+01
5.503300000000000000e+04 6.595333898987881582e+01 5.076885249354915253e+00 3.013577213775413455e+01 3.676171302029967336e+01 2.313864568316503068e+01 2.448006460697853726e+01
5.503800000000000000e+04 6.877567720887881819e+01 5.076885249354915253e+00 2.625758423300979061e+01 3.344961297334164385e+01 1.953108020902245556e+01 2.106133545733638002e+01
5.504200000000000000e+04 7.083910375446610885e+01 5.076885249354915253e+00 2.283183582941351375e+01 3.156210011272440141e+01 1.656882135661357935e+01 1.904313992562109448e+01
5.504400000000000000e+04 4.687925777249392922e+01 5.076885249354915253e+00 2.115988347540010395e+01 3.037341190060883633e+01 1.517055024046465839e+01 1.795118906655368463e+01
5.504600000000000000e+04 4.271567749062284491e+01 5.076885249354915253e+00 1.962835676023393106e+01 2.903810853064928565e+01 1.390504162668881349e+01 1.681808671994051352e+01
5.505000000000000000e+04 4.363789091901680450e+01 5.076885249354915253e+00 1.717513203404249822e+01 2.592643175815205936e+01 1.188425964160150627e+01 1.443726013929840057e+01
5.505600000000000000e+04 3.891451207733041429e+01 5.076885249354915253e+00 1.488245412815933477e+01 2.113121365924645545e+01 9.950825172612551839e+00 1.112403330135105328e+01
5.505900000000000000e+04 3.267510979889093647e+01 5.076885249354915253e+00 1.398474837313888308e+01 1.922122394371579190e+01 9.195652533626304859e+00 9.849461411076502415e+00
5.506300000000000000e+04 3.343679397129349695e+01 5.076885249354915253e+00 1.300642276027979527e+01 1.748977498946403131e+01 8.367487622413662507e+00 8.655305087080730431e+00
5.506500000000000000e+04 2.270246760285158416e+01 5.076885249354915253e+00 1.258557091575379161e+01 1.682476650469633128e+01 8.010164788539839265e+00 8.186039266625957822e+00
5.506700000000000000e+04 3.601088331280917743e+01 5.076885249354915253e+00 1.218020759632103456e+01 1.619295245952782025e+01 7.670155917078735897e+00 7.748194870342034690e+00
5.507000000000000000e+04 2.540845599509185604e+01 5.076885249354915253e+00 1.161577501968092108e+01 1.537910645737390603e+01 7.200455628366551508e+00 7.180458706402981228e+00
5.507400000000000000e+04 2.376842752883483456e+01 5.076885249354915253e+00 1.087498681917440635e+01 1.447844875894819872e+01 6.603708294373577203e+00 6.548371216168340503e+00
5.507900000000000000e+04 2.695949095920733285e+01 5.076885249354915253e+00 9.863364215833684057e+00 1.351581824007614507e+01 5.840457257125583723e+00 5.882837101230095733e+00
5.508300000000000000e+04 1.882676077637198730e+01 5.076885249354915253e+00 8.879229105875593220e+00 1.279329892719639439e+01 5.155149271873892936e+00 5.405543130602271873e+00
5.509100000000000000e+04 2.053032843233535942e+01 5.076885249354915253e+00 6.186840476112480225e+00 1.104215611249762574e+01 3.457107999615824934e+00 4.407870389404665801e+00
