5.497500000000000000e+04 -5.299036682201396786e+00 1.535574810596530426e+01 9.676860811788584593e-01 2.279498232948373031e-18 9.676860811788584593e-01 2.279498232948373031e-18
5.497600000000000000e+04 -1.380638408807833173e+01 1.535574810596530426e+01 2.014654457448330049e+00 2.279498072863251428e-18 2.014654457448330049e+00 2.279498072863251428e-18
5.497900000000000000e+04 -8.695156294626212201e+00 1.535574810596530426e+01 7.421511495175619366e+00 2.279497405834730840e-18 7.421511495175619366e+00 2.279497405834730840e-18
5.498000000000000000e+04 1.829904451174052582e+01 1.535574810596530426e+01 1.010928248076253944e+01 2.279497102236597885e-18 1.010928248076253944e+01 2.279497102236597885e-18
5.498100000000000000e+04 4.394645989709492540e+01 1.535574810596530426e+01 1.326427468792255127e+01 2.279496745960992233e-18 1.326427468792255127e+01 2.279496745960992233e-18
5.498200000000000000e+04 1.275729669967406466e+01 1.535574810596530426e+01 1.681188057541250913e+01 2.279496327867838250e-18 1.681188057541250913e+01 2.279496327867838250e-18
5.498400000000000000e+04 2.689868481145436618e+01 1.535574810596530426e+01 2.504964300095078400e+01 2.279495261463979831e-18 2.504964300095078400e+01 2.279495261463979831e-18
5.498500000000000000e+04 3.675177128267576165e+01 1.535574810596530426e+01 2.982457128805857849e+01 7.387410742324164448e-03 2.982457128805857849e+01 7.387410742324164448e-03
5.498700000000000000e+04 3.460639068714864663e+01 1.535574810596530426e+01 4.097582893337165899e+01 1.209607601473573046e+00 4.097582893337165899e+01 1.209607601473573046e+00
5.499000000000000000e+04 5.056623817218230243e+01 1.535574810596530426e+01 6.053040193995693841e+01 6.537636875244362322e+00 6.053040193995693841e+01 6.537636875244362322e+00
5.499200000000000000e+04 1.066784747859248341e+02 1.535574810596530426e+01 7.440742163840896239e+01 1.263660310095317385e+01 7.440742163840896239e+01 1.263660310095317385e+01
5.499300000000000000e+04 1.087508074113586503e+02 1.535574810596530426e+01 8.115791156796579742e+01 1.658034335990318908e+01 8.115791156796579742e+01 1.658034335990318908e+01
5.499400000000000000e+04 1.106578035928877028e+02 1.535574810596530426e+01 8.659722275531558466e+01 2.101485071926563819e+01 8.659722275531558466e+01 2.101485071926563819e+01
5.499600000000000000e+04 1.147262839622298713e+02 1.535574810596530426e+01 9.298895886639343189e+01 3.131205375118847201e+01 9.298895886639343189e+01 3.131205375118847201e+01
5.499700000000000000e+04 1.243097303926892607e+02 1.535574810596530426e+01 9.997375934718112944e+01 3.728071411007321956e+01 9.534931745081652821e+01 3.728071411007321956e+01
5.499800000000000000e+04 1.511028852745357085e+02 1.535574810596530426e+01 1.066907043398186232e+02 4.387309556528447985e+01 9.725679520493949326e+01 4.387309556528447985e+01
5.500000000000000000e+04 1.740514075489589345e+02 1.535574810596530426e+01 1.187149305664750472e+02 5.921981088614808897e+01 9.942624000542298290e+01 5.921981088614808897e+01
5.500200000000000000e+04 2.100239951144407087e+02 1.535574810596530426e+01 1.282961701455560615e+02 7.566300242494617123e+01 9.937735874946248771e+01 7.566300242494617123e+01
5.500300000000000000e+04 2.182724899290755047e+02 1.535574810596530426e+01 1.316582386759064320e+02 8.417417817184538364e+01 9.828909195663038645e+01 8.417417817184538364e+01
5.500400000000000000e+04 2.294659057444887367e+02 1.535574810596530426e+01 1.339950063070851627e+02 9.300927704801119944e+01 9.653818898204983157e+01 9.300927704801119944e+01
5.500500000000000000e+04 2.426988050943259339e+02 1.535574810596530426e+01 1.355705415980825705e+02 1.014473894599572503e+02 9.437559456880096320e+01 1.014473894599572503e+02
5.500900000000000000e+04 2.722998177861582008e+02 1.535574810596530426e+01 1.345999454655371608e+02 1.420704830017165818e+02 8.255133116561614770e+01 1.191866468135206389e+02
5.501200000000000000e+04 2.963566682310022884e+02 1.535574810596530426e+01 1.268527934891047124e+02 1.720073952093817411e+02 7.142612246008147281e+01 1.242828000067787144e+02
5.501300000000000000e+04 2.783799058368208534e+02 1.535574810596530426e+01 1.234368645955070747e+02 1.805079682736432289e+02 6.765517379857884350e+01 1.246601990840077718e+02
5.501400000000000000e+04 3.162320265907559929e+02 1.535574810596530426e+01 1.191581718342949046e+02 1.878232080364840897e+02 6.361888512242121152e+01 1.242216984368281061e+02
5.501600000000000000e+04 3.094299423861208993e+02 1.535574810596530426e+01 1.092116747061039064e+02 1.979032874132021789e+02 5.543739832797152900e+01 1.206727362275622966e+02
5.501700000000000000e+04 3.036631361063257373e+02 1.535574810596530426e+01 1.051846697690178729e+02 2.010200164315460256e+02 5.211031447560955598e+01 1.179694932110012076e+02
5.501800000000000000e+04 2.858254723937903918e+02 1.535574810596530426e+01 1.017445176152687623e+02 2.031694616540177947e+02 4.922327896239417555e+01 1.149148538767069141e+02
5.501900000000000000e+04 2.898466983937241821e+02 1.535574810596530426e+01 9.850472984594773607e+01 2.042513962521251187e+02 4.656333247267679099e+01 1.114909368188455971e+02
5.502000000000000000e+04 3.031455746675052296e+02 1.535574810596530426e+01 9.500864468774885552e+01 2.039715560922703901e+02 4.390417961541074021e+01 1.075799346478219434e+02
5.502100000000000000e+04 3.122866753336089118e+02 1.535574810596530426e+01 9.109529469001569169e+01 2.022507613557595505e+02 4.117301454915962466e+01 1.031891639570201704e+02
5.502200000000000000e+04 2.998653487399036521e+02 1.535574810596530426e+01 8.702916856795215494e+01 1.994297302885551630e+02 3.849145005216814042e+01 9.853247543900947392e+01
5.502500000000000000e+04 2.579456258224792009e+02 1.535574810596530426e+01 7.549333286663943454e+01 1.874048314220634097e+02 3.137059333747742329e+01 8.456896724822354372e+01
5.502900000000000000e+04 2.168661416754804918e+02 1.535574810596530426e+01 6.153218071656195320e+01 1.610208717296334839e+02 2.366167303078713857e+01 6.513789309451193787e+01
5.503100000000000000e+04 2.253557533548649587e+02 1.535574810596530426e+01 5.526685803102376582e+01 1.513308305361995849e+02 2.048817721261307412e+01 5.820416559084598873e+01
5.503200000000000000e+04 1.798474733920441224e+02 1.535574810596530426e+01 5.237252744235200907e+01 1.462009181193177767e+02 1.907229695642826428e+01 5.488022451926343592e+01
5.503300000000000000e+04 1.951290894809770009e+02 1.535574810596530426e+01 5.006933895325852291e+01 1.403999796126343256e+02 1.791710107470335345e+01 5.146626818644953261e+01
5.503400000000000000e+04 1.728528918159547914e+02 1.535574810596530426e+01 4.809083374173989966e+01 1.343351606820667712e+02 1.691552365168480421e+01 4.811431256521017019e+01
5.503500000000000000e+04 1.578308007270374276e+02 1.535574810596530426e+01 4.617362702394164131e+01 1.283386903889324913e+02 1.596874529619285887e+01 4.493651624262341926e+01
5.503600000000000000e+04 1.787548333628544981e+02 1.535574810596530426e+01 4.446361560266771562e+01 1.225669095950405421e+02 1.512367877641758973e+01 4.197496903939745039e+01
5.503700000000000000e+04 1.362163688966273298e+02 1.535574810596530426e+01 4.287865846685330240e+01 1.170123131487907955e+02 1.434788638676704053e+01 3.921324167184678089e+01
5.503900000000000000e+04 1.727389191955647334e+02 1.535574810596530426e+01 3.956137446686417292e+01 1.062240161877367797e+02 1.282170619571031622e+01 3.413368129425988684e+01
5.504000000000000000e+04 1.117560329579822991e+02 1.535574810596530426e+01 3.795157676029916161e+01 1.009708329936128735e+02 1.210962883225882791e+01 3.179182399043226326e+01
5.504200000000000000e+04 1.316778535608556240e+02 1.535574810596530426e+01 3.494466159748265710e+01 9.094623398114966051e+01 1.081543224929825442e+01 2.752609987322931318e+01
5.504400000000000000e+04 1.199940341053609814e+02 1.535574810596530426e+01 3.209319187238754267e+01 8.182015394307725842e+01 9.643386980885679804e+00 2.384037119553533302e+01
5.504500000000000000e+04 8.441383561822428305e+01 1.535574810596530426e+01 3.066051616494933896e+01 7.829773169645363851e+01 9.080561577061848411e+00 2.239637634337918826e+01
5.504600000000000000e+04 1.059388159987516076e+02 1.535574810596530426e+01 2.918522723569551758e+01 7.527408024999738245e+01 8.521234229400151960e+00 2.114440456460600615e+01
5.504700000000000000e+04 1.308327084561416029e+02 1.535574810596530426e+01 2.764922078827823526e+01 7.233841619175365167e+01 7.960046289989414880e+00 1.996093162024107315e+01
5.504800000000000000e+04 1.069096286290678250e+02 1.535574810596530426e+01 2.609461942737224405e+01 6.972015915928508889e+01 7.409034476823465276e+00 1.890459847052198938e+01
5.505000000000000000e+04 7.257834861197027010e+01 1.535574810596530426e+01 2.275697698146706927e+01 6.480679900660277326e+01 6.288194800073795498e+00 1.698291378579737554e+01
5.505200000000000000e+04 8.625475286091347016e+01 1.535574810596530426e+01 1.920343486197184646e+01 5.970047014303601429e+01 5.167770414954748759e+00 1.513703604032353489e+01
5.505400000000000000e+04 8.010451271926557126e+01 1.535574810596530426e+01 1.585189029447008302e+01 5.505055014892811727e+01 4.157327640826142812e+00 1.351929031162281980e+01
5.505600000000000000e+04 9.487447835674058183e+01 1.535574810596530426e+01 1.296368468671905738e+01 5.062778164964981187e+01 3.315520380235053022e+00 1.205423372610709798e+01
5.505800000000000000e+04 4.479247174365970352e+01 1.535574810596530426e+01 1.053771861594155546e+01 4.609987718105482202e+01 2.629827455937498115e+00 1.065154278675018951e+01
5.506000000000000000e+04 6.396380006377205518e+01 1.535574810596530426e+01 8.453782667432696130e+00 4.126832203590669224e+01 2.059888564189253035e+00 9.261293096029330485e+00
5.506100000000000000e+04 4.446645113988419240e+01 1.535574810596530426e+01 7.540770288502083751e+00 3.876122294348405006e+01 1.815959130283463896e+00 8.575491801655763524e+00
5.506200000000000000e+04 3.463137555396090761e+01 1.535574810596530426e+01 6.708210342917478641e+00 3.603135620442284193e+01 1.596812745279095003e+00 7.860243500092245483e+00
5.506400000000000000e+04 4.816869705660899115e+01 1.535574810596530426e+01 5.251801602450779427e+00 3.043816774408346504e+01 1.221917543613490142e+00 6.459713018693435949e+00
5.506500000000000000e+04 1.755619213028627357e+01 1.535574810596530426e+01 4.620490086050140555e+00 2.776187559770098545e+01 1.063036946060080368e+00 5.812788022969217927e+00
5.506700000000000000e+04 4.419607002104061877e+01 1.535574810596530426e+01 3.550509783477897585e+00 2.274191605313288278e+01 7.990344961129509649e-01 4.637421707408826421e+00
5.506800000000000000e+04 4.785183006554687779e+01 1.535574810596530426e+01 3.098709114739470749e+00 2.058938156125967467e+01 6.898283870746817481e-01 4.144400475293815944e+00
5.506900000000000000e+04 8.020160730712431629e+00 1.535574810596530426e+01 2.692915135430000717e+00 1.860415392785383659e+01 5.930877954916861095e-01 3.697168904581446203e+00
5.507100000000000000e+04 2.091899255157962401e+01 1.535574810596530426e+01 2.015219243547730077e+00 1.503236547754016250e+01 4.345486239456022304e-01 2.913249123554294773e+00
5.507300000000000000e+04 3.204267943237753258e+01 1.535574810596530426e+01 1.495870288666061754e+00 1.200348985117369693e+01 3.159510589642119949e-01 2.269948912854329759e+00
5.507400000000000000e+04 2.610714907299762189e+01 1.535574810596530426e+01 1.286245054484280281e+00 1.068267726591714606e+01 2.689201451984696289e-01 1.996015931598868809e+00
5.507500000000000000e+04 1.917545025414050031e+00 1.535574810596530426e+01 1.102034221367470979e+00 9.475959312875810170e+00 2.280935985444418612e-01 1.749623211387704602e+00
5.507800000000000000e+04 1.669180881962206442e+01 1.535574810596530426e+01 6.873471623845771594e-01 6.467290917425232877e+00 1.381047141620609098e-01 1.153225912522330976e+00
5.508000000000000000e+04 -2.261842908774704242e+01 1.535574810596530426e+01 4.997768232958718082e-01 4.946069535325468003e+00 9.849760017656127020e-02 8.622854838433522406e-01
5.508100000000000000e+04 1.203365632775137328e+01 1.535574810596530426e+01 4.261273548081997986e-01 4.299886517314724266e+00 8.318738014801362046e-02 7.413597443646077201e-01
5.508200000000000000e+04 1.038039543086296490e+01 1.535574810596530426e+01 3.628646510744002462e-01 3.724435844081663838e+00 7.017301316464903682e-02 6.351357169307066952e-01
5.508400000000000000e+04 1.840497505833619840e+01 1.535574810596530426e+01 2.626858833127094783e-01 2.777447674041537695e+00 4.986444254227592049e-02 4.635259803140082679e-01
5.508500000000000000e+04 7.811584615731321790e+00 1.535574810596530426e+01 2.234398845585629234e-01 2.391749516359084726e+00 4.202762805578161287e-02 3.949388237052650075e-01
5.508800000000000000e+04 -1.377427579799780366e+00 1.535574810596530426e+01 1.386509145800628173e-01 1.507320608458718736e+00 2.538464199561750803e-02 2.412484968723941914e-01
5.508900000000000000e+04 3.007439241140221764e+00 1.535574810596530426e+01 1.182364904602128258e-01 1.288036711160875036e+00 2.145658115601357940e-02 2.040615828835353474e-01
5.509000000000000000e+04 -9.454797391418219732e+00 1.535574810596530426e+01 1.008311321424459200e-01 1.100694571871625227e+00 1.813835800367798873e-02 1.726308927025761164e-01
5.509100000000000000e+04 1.425589512558631355e+01 1.535574810596530426e+01 8.601213854286343663e-02 9.392465465194387297e-01 1.533876746194622574e-02 1.458457370371799289e-01
5.509300000000000000e+04 1.151888603344397843e+01 1.535574810596530426e+01 6.247926150562824188e-02 6.829683910151919113e-01 1.095262713745783802e-02 1.039842251850170152e-01
5.509500000000000000e+04 2.090943708964325864e+01 1.535574810596530426e+01 4.542577022037475737e-02 4.951185603398135515e-01 7.830004347216196550e-03 7.394243732673441705e-02
5.509600000000000000e+04 2.020791632650166036e+00 1.535574810596530426e+01 3.870844312754750244e-02 4.213545394822314494e-01 6.616827885050855125e-03 6.233055317784489541e-02
5.509700000000000000e+04 -9.831165361439431649e+00 1.535574810596530426e+01 3.298904278017466413e-02 3.584956673158171125e-01 5.592785077591702451e-03 5.253453506972701609e-02
5.509800000000000000e+04 4.667791483588311863e+00 1.535574810596530426e+01 2.813451256257982688e-02 3.055354536637222007e-01 4.730874821351913062e-03 4.435764426012227257e-02
5.509900000000000000e+04 -4.469566045421018430e+00 1.535574810596530426e+01 2.397273663970770838e-02 2.608192903621212588e-01 3.998454947828823484e-03 3.751715914299787180e-02
5.510100000000000000e+04 -8.797782403021738418e+00 1.535574810596530426e+01 1.740696432988251413e-02 1.898907432307201659e-01 2.857113554350843541e-03 2.682072644501697772e-02
5.510400000000000000e+04 1.051263472040736424e+01 1.535574810596530426e+01 1.077236774191710732e-02 1.178497316126725092e-01 1.726894476100850886e-03 1.620595869261173133e-02
5.510700000000000000e+04 -4.970627575591321801e+01 1.535574810596530426e+01 6.623076933187383580e-03 7.305394055952711685e-02 1.037530654529236849e-03 9.787505434020245254e-03
5.510800000000000000e+04 -1.983638825818661688e+00 1.535574810596530426e+01 5.633082696849044807e-03 6.226435039832855373e-02 8.757902202812570909e-04 8.271034856313568689e-03
5.510900000000000000e+04 -1.448082558257206287e+01 1.535574810596530426e+01 4.787588048842187846e-03 5.307553038634526404e-02 7.387683124515371895e-04 6.990981346989627414e-03
5.511000000000000000e+04 -1.091404749741634594e+00 1.535574810596530426e+01 4.068212355489229937e-03 4.527447204033781258e-02 6.230988444615148105e-04 5.913593526689891328e-03
5.511100000000000000e+04 3.697363240409639928e+01 1.535574810596530426e+01 3.458838412398894217e-03 3.858509024654813852e-02 5.258591276927242816e-04 4.998068684786028705e-03
5.511400000000000000e+04 -3.132116201458015681e+01 1.535574810596530426e+01 2.124817077529088383e-03 2.390581729742529554e-02 3.160519228810185948e-04 3.021463258016341639e-03
