5.497600000000000000e+04 -4.422303038015060750e+00 6.474079575695136590e+00 1.164140563987932975e+00 8.960306593772031297e-19 1.164140563987932975e+00 8.960306593772031297e-19
5.497900000000000000e+04 4.142902723878116866e+00 6.474079575695136590e+00 4.289077145657377521e+00 8.960306592350573665e-19 4.289077145657377521e+00 8.960306592350573665e-19
5.498300000000000000e+04 1.256052281255978542e+01 6.474079575695136590e+00 1.143383206421574805e+01 8.960306589007829505e-19 1.143383206421574805e+01 8.960306589007829505e-19
5.499200000000000000e+04 4.169364000314371310e+01 6.474079575695136590e+00 3.733751665722944324e+01 1.414274411638661300e-01 3.733751665722944324e+01 1.414274411638661300e-01
5.499500000000000000e+04 4.292576480054299282e+01 6.474079575695136590e+00 4.526446668391263017e+01 1.587232095280796784e+00 4.526446668391263017e+01 1.587232095280796784e+00
5.499600000000000000e+04 3.558887783394479243e+01 6.474079575695136590e+00 4.750204251648135312e+01 2.426487086150368899e+00 4.750204251648135312e+01 2.426487086150368899e+00
5.499800000000000000e+04 5.769522420548967290e+01 6.474079575695136590e+00 5.397681728826338343e+01 4.563436508517902723e+00 5.091672227927872996e+01 4.563436508517902723e+00
5.500200000000000000e+04 8.004439007882606916e+01 6.474079575695136590e+00 6.998999170613936371e+01 1.102479628531949452e+01 5.381775602163734362e+01 1.102479628531949452e+01
5.500700000000000000e+04 1.071833197255244698e+02 6.474079575695136590e+00 8.342206131389274049e+01 2.257211756982848527e+01 5.210622193247517231e+01 2.257211756982848527e+01
5.501100000000000000e+04 1.149280138096780917e+02 6.474079575695136590e+00 8.818584826088752493e+01 3.207803185965695292e+01 4.789065290588005297e+01 3.207803185965695292e+01
5.501600000000000000e+04 1.258500816603770858e+02 6.474079575695136590e+00 8.635309107446248333e+01 4.312850043944025913e+01 4.031611703369087962e+01 4.073337782342299107e+01
5.502200000000000000e+04 1.317520452847571732e+02 6.474079575695136590e+00 7.932278589832286286e+01 4.924019704650724094e+01 3.169741694238675578e+01 4.292955278684152631e+01
5.502800000000000000e+04 1.255339206949876143e+02 6.474079575695136590e+00 7.537588693487474245e+01 4.855704529303066863e+01 2.632666932167046880e+01 3.931107941469451816e+01
5.503000000000000000e+04 1.221135491411256027e+02 6.474079575695136590e+00 7.466379576330923840e+01 4.696969545733062290e+01 2.502725028100064719e+01 3.714193852390528150e+01
5.503300000000000000e+04 1.158371164629831753e+02 6.474079575695136590e+00 7.320141948326089221e+01 4.383967877636208499e+01 2.313864568316503068e+01 3.349864657779635024e+01
5.503800000000000000e+04 1.170499740066905616e+02 6.474079575695136590e+00 6.765761495207469522e+01 3.782816993404785677e+01 1.953108020902245556e+01 2.736808705979442635e+01
5.504200000000000000e+04 1.164542856412935805e+02 6.474079575695136590e+00 6.137919871557500784e+01 3.410409392046971533e+01 1.656882135661357935e+01 2.366696316479508511e+01
5.504400000000000000e+04 8.483748092450882439e+01 6.474079575695136590e+00 5.802280350470517334e+01 3.274953872029535518e+01 1.517055024046465839e+01 2.227253721456430569e+01
5.504600000000000000e+04 7.885330341170090662e+01 6.474079575695136590e+00 5.485399871312469600e+01 3.158779091891310387e+01 1.390504162668881349e+01 2.106133545733638002e+01
5.505000000000000000e+04 8.010375786905032669e+01 6.474079575695136590e+00 4.973919187799478436e+01 2.968063788807303283e+01 1.188425964160150627e+01 1.904313992562109448e+01
5.505600000000000000e+04 7.466565938861791096e+01 6.474079575695136590e+00 4.523545615217939542e+01 2.573102631057454914e+01 9.950825172612551839e+00 1.562486416721796978e+01
5.505900000000000000e+04 6.618749772249609009e+01 6.474079575695136590e+00 4.346049300442464869e+01 2.340396431362027840e+01 9.195652533626304859e+00 1.384112857863875767e+01
5.506300000000000000e+04 6.563372903518617818e+01 6.474079575695136590e+00 4.155796402547969137e+01 2.032589614262503375e+01 8.367487622413662507e+00 1.161678924537065605e+01
5.506500000000000000e+04 5.117560878506139943e+01 6.474079575695136590e+00 4.074610624634445344e+01 1.898342504229423255e+01 8.010164788539839265e+00 1.067024059484808518e+01
5.506700000000000000e+04 6.749093093463767445e+01 6.474079575695136590e+00 3.993850186022897475e+01 1.781275096193185448e+01 7.670155917078735897e+00 9.849461411076502415e+00
5.507000000000000000e+04 5.328872327171364986e+01 6.474079575695136590e+00 3.879101460669912171e+01 1.652072953444304204e+01 7.200455628366551508e+00 8.917591241737580887e+00
5.507400000000000000e+04 5.035848160682334651e+01 6.474079575695136590e+00 3.716368916824617941e+01 1.521600578794530811e+01 6.603708294373577203e+00 7.960660138090042359e+00
5.507900000000000000e+04 5.311103098486015028e+01 6.474079575695136590e+00 3.462339871169188399e+01 1.392199783050853235e+01 5.840457257125583723e+00 7.013954269992709989e+00
5.508300000000000000e+04 4.126741051324335530e+01 6.474079575695136590e+00 3.180005379848130431e+01 1.309629902267109713e+01 5.155149271873892936e+00 6.408131830831871767e+00
5.509100000000000000e+04 3.888057575613748185e+01 6.474079575695136590e+00 2.298769393264546679e+01 1.168300036817069021e+01 3.457107999615824934e+00 5.405543130602271873e+00
