5.497600000000000000e+04 -6.286901884604862545e+00 8.634946518886605915e+00 1.164140563987932975e+00 1.400047905447296692e-18 1.164140563987932975e+00 1.400047905447296692e-18
5.497900000000000000e+04 4.094113784497646513e+00 8.634946518886605915e+00 4.289077145657377521e+00 1.400047905330183781e-18 4.289077145657377521e+00 1.400047905330183781e-18
5.498300000000000000e+04 1.293658071620933825e+01 8.634946518886605915e+00 1.143383206421574805e+01 1.400047905054776955e-18 1.143383206421574805e+01 1.400047905054776955e-18
5.499200000000000000e+04 4.295896033974432981e+01 8.634946518886605915e+00 3.733751665722944324e+01 1.400047903178349573e-18 3.733751665722944324e+01 1.400047903178349573e-18
5.499500000000000000e+04 4.002905510215187945e+01 8.634946518886605915e+00 4.526446668391263017e+01 8.895087593276518713e-04 4.526446668391263017e+01 8.895087593276518713e-04
5.499600000000000000e+04 2.859719586656393986e+01 8.634946518886605915e+00 4.750204251648135312e+01 2.209803768185407968e-01 4.750204251648135312e+01 2.209803768185407968e-01
5.499800000000000000e+04 5.471224990405058008e+01 8.634946518886605915e+00 5.438415106649760844e+01 1.455175704984916107e+00 5.091672227927872996e+01 1.455175704984916107e+00
5.500200000000000000e+04 7.797878185862832368e+01 8.634946518886605915e+00 7.214270194700485206e+01 7.130369544559223449e+00 5.381775602163734362e+01 7.130369544559223449e+00
5.500700000000000000e+04 1.096078902477118220e+02 8.634946518886605915e+00 8.759055906849076223e+01 2.043128833678469647e+01 5.210622193247517231e+01 2.043128833678469647e+01
5.501100000000000000e+04 1.217017056329767968e+02 8.634946518886605915e+00 9.354960138634608313e+01 3.526893370285700513e+01 4.789065290588005297e+01 3.526893370285700513e+01
5.501600000000000000e+04 1.410810968063904056e+02 8.634946518886605915e+00 9.248114086358350505e+01 5.344356235841644320e+01 4.031611703369087962e+01 5.344356235841644320e+01
5.502200000000000000e+04 1.682820978975871640e+02 8.634946518886605915e+00 8.566226928680018204e+01 7.836634633138375250e+01 3.169741694238675578e+01 6.624374161570899844e+01
5.502800000000000000e+04 1.741374539029526716e+02 8.634946518886605915e+00 8.190490092664900601e+01 9.009719927405565443e+01 2.632666932167046880e+01 6.595695408056781162e+01
5.503000000000000000e+04 1.733392182241967134e+02 8.634946518886605915e+00 8.127098983749340277e+01 9.142794054023873684e+01 2.502725028100064719e+01 6.407003541712595052e+01
5.503300000000000000e+04 1.691619576934921838e+02 8.634946518886605915e+00 7.986534944001242309e+01 9.090244554697358126e+01 2.313864568316503068e+01 5.986331613235006444e+01
5.503800000000000000e+04 1.736980911793022244e+02 8.634946518886605915e+00 7.406380926063404502e+01 8.421028945412183475e+01 1.953108020902245556e+01 5.039514629211360131e+01
5.504200000000000000e+04 1.719879055640250556e+02 8.634946518886605915e+00 6.734397440395589740e+01 7.667340640345530289e+01 1.656882135661357935e+01 4.276263603092878185e+01
5.504400000000000000e+04 1.292699419154700138e+02 8.634946518886605915e+00 6.372693039511988644e+01 7.345876376398130958e+01 1.517055024046465839e+01 3.962177117798344028e+01
5.504600000000000000e+04 1.209994553989934332e+02 8.634946518886605915e+00 6.030477503078671475e+01 7.081599134466029000e+01 1.390504162668881349e+01 3.697962994499231826e+01
5.505000000000000000e+04 1.227246039281806560e+02 8.634946518886605915e+00 5.477811796603382533e+01 6.703428176030344332e+01 1.188425964160150627e+01 3.290833665208808867e+01
5.505600000000000000e+04 1.171342915750331883e+02 8.634946518886605915e+00 4.993224563365252777e+01 6.226818707460808611e+01 9.950825172612551839e+00 2.804873291649012756e+01
5.505900000000000000e+04 1.057140040568639563e+02 8.634946518886605915e+00 4.802153666110328345e+01 5.859537719701741310e+01 9.195652533626304859e+00 2.534950343803479100e+01
5.506300000000000000e+04 1.036061965962047111e+02 8.634946518886605915e+00 4.597599749011411063e+01 5.262872874393345768e+01 8.367487622413662507e+00 2.162676340412305720e+01
5.506500000000000000e+04 8.312901616909944380e+01 8.634946518886605915e+00 4.510363589131011963e+01 4.943436320447193566e+01 8.010164788539839265e+00 1.981734343735094583e+01
5.506700000000000000e+04 1.036097762459148015e+02 8.634946518886605915e+00 4.423378917379307040e+01 4.638547643210110039e+01 7.670155917078735897e+00 1.815123319589164907e+01
5.507000000000000000e+04 8.266919574333640242e+01 8.634946518886605915e+00 4.299608069366518492e+01 4.237136378292548500e+01 7.200455628366551508e+00 1.600731536944672584e+01
5.507400000000000000e+04 7.711825142092929752e+01 8.634946518886605915e+00 4.123157347758030511e+01 3.858251585683024842e+01 6.603708294373577203e+00 1.393373631521496847e+01
5.507900000000000000e+04 7.991355330279534996e+01 8.634946518886605915e+00 3.845473867236626120e+01 3.536929892766288930e+01 5.840457257125583723e+00 1.210655448490942732e+01
5.508300000000000000e+04 6.386125494743298958e+01 8.634946518886605915e+00 3.534679649753053354e+01 3.335464034487939244e+01 5.155149271873892936e+00 1.095930354686360708e+01
5.509100000000000000e+04 6.142094109377341482e+01 8.634946518886605915e+00 2.558743914835656952e+01 3.021847964108427931e+01 3.457107999615824934e+00 9.191932970672024084e+00
