5.497400000000000000e+04 3.150480238937060307e+00 6.182318431469764342e+00 2.872527343123094101e-01 1.361878828892547995e-18 2.872527343123094101e-01 1.361878828892547995e-18
5.497600000000000000e+04 -4.079054906775052558e+00 6.182318431469764342e+00 1.958814406946931541e+00 1.361878786922353313e-18 1.958814406946931541e+00 1.361878786922353313e-18
5.498000000000000000e+04 1.036064439727456055e+01 6.182318431469764342e+00 9.740658635389692677e+00 1.361878649528380196e-18 9.740658635389692677e+00 1.361878649528380196e-18
5.498100000000000000e+04 8.124249343726836159e+00 6.182318431469764342e+00 1.261836908227294352e+01 1.361878599096895607e-18 1.261836908227294352e+01 1.361878599096895607e-18
5.498500000000000000e+04 2.957099456630561818e+01 6.182318431469764342e+00 2.761301931683333422e+01 1.361878293321106731e-18 2.761301931683333422e+01 1.361878293321106731e-18
5.498700000000000000e+04 3.304946136714827531e+01 6.182318431469764342e+00 3.698113532148148863e+01 1.361878049372206945e-18 3.698113532148148863e+01 1.361878049372206945e-18
5.498800000000000000e+04 4.678990984586771873e+01 6.182318431469764342e+00 4.209516568424355398e+01 1.361877894807208667e-18 4.209516568424355398e+01 1.361877894807208667e-18
5.498900000000000000e+04 4.971128130628790132e+01 6.182318431469764342e+00 4.711547825657126509e+01 1.361877713423546935e-18 4.711547825657126509e+01 1.361877713423546935e-18
5.499300000000000000e+04 6.648871225221905945e+01 6.182318431469764342e+00 6.549985504210982867e+01 1.361876613660269607e-18 6.549985504210982867e+01 1.361876613660269607e-18
5.499500000000000000e+04 6.458576401599759720e+01 6.182318431469764342e+00 6.925870503056015082e+01 -1.940482729049532867e-02 6.925870503056015082e+01 -1.940482729049532867e-02
5.499700000000000000e+04 7.889653423755062533e+01 6.182318431469764342e+00 7.030107015719596575e+01 1.172809985443463487e+00 6.841287481237441170e+01 1.172809985443463487e+00
5.499900000000000000e+04 7.405539993109286456e+01 6.182318431469764342e+00 6.863844840042735029e+01 4.188406388058739438e+00 6.504780932565140006e+01 4.188406388058739438e+00
5.500000000000000000e+04 8.411710515192248749e+01 6.182318431469764342e+00 6.756933273992601130e+01 6.387348154830737812e+00 6.320798198309262261e+01 6.387348154830737812e+00
5.500200000000000000e+04 7.420918090040299830e+01 6.182318431469764342e+00 6.485428909699159306e+01 1.217582329423711585e+01 5.914124484496770862e+01 1.217582329423711585e+01
5.500300000000000000e+04 6.952286007669388823e+01 6.182318431469764342e+00 6.249858677247912198e+01 1.577296135284117895e+01 5.628475033544589223e+01 1.577296135284117895e+01
5.500500000000000000e+04 8.416262386694991449e+01 6.182318431469764342e+00 5.690716326021968285e+01 2.434500671405781702e+01 5.000629460476246635e+01 2.434500671405781702e+01
5.500700000000000000e+04 9.111040983777985502e+01 6.182318431469764342e+00 5.193148914912127623e+01 3.451627414604166688e+01 4.455343955827151348e+01 3.451627414604166688e+01
5.500900000000000000e+04 9.169031735644800563e+01 6.182318431469764342e+00 4.698555998934735101e+01 4.622641915185185724e+01 3.937777404403901471e+01 4.622641915185185724e+01
5.501000000000000000e+04 9.725015108557724375e+01 6.182318431469764342e+00 4.449526763058666035e+01 5.261895710530443893e+01 3.686434766411487374e+01 5.261895710530443893e+01
5.501300000000000000e+04 1.070912354500122206e+02 6.182318431469764342e+00 3.742680720688887419e+01 7.085966617111323274e+01 2.997981993502793685e+01 7.085966617111323274e+01
5.501600000000000000e+04 1.103906694349529687e+02 6.182318431469764342e+00 2.939625750149642514e+01 8.521019049050045169e+01 2.279133005233092391e+01 8.521019049050045169e+01
5.501700000000000000e+04 1.148589591126845306e+02 6.182318431469764342e+00 2.701557127295336969e+01 9.155135071227169874e+01 2.072381963252022885e+01 8.657338128820018142e+01
5.501800000000000000e+04 1.214485825662911225e+02 6.182318431469764342e+00 2.483447003500518235e+01 9.643052368556070064e+01 1.885112345149930135e+01 8.648477460588402721e+01
5.501900000000000000e+04 1.162228292072963711e+02 6.182318431469764342e+00 2.274950808669233027e+01 1.002676196468862742e+02 1.708947422377729097e+01 8.551609351546802884e+01
5.502000000000000000e+04 1.201633302161608015e+02 6.182318431469764342e+00 2.077558241804306149e+01 1.028707862113522111e+02 1.544652967884242400e+01 8.363478553768472068e+01
5.502200000000000000e+04 1.138244806079648441e+02 6.182318431469764342e+00 1.725223185006471027e+01 1.062684197090744647e+02 1.256901635586821442e+01 7.900997747886577827e+01
5.502300000000000000e+04 1.207462582920238106e+02 6.182318431469764342e+00 1.568392870310096399e+01 1.076066186356405012e+02 1.131270102647213349e+01 7.672486177229268378e+01
5.502400000000000000e+04 1.205126087985839973e+02 6.182318431469764342e+00 1.425535509271319690e+01 1.079327718420660602e+02 1.018094207449878574e+01 7.392655605620964820e+01
5.502500000000000000e+04 1.168392450066797608e+02 6.182318431469764342e+00 1.297039310390283973e+01 1.067651357925489322e+02 9.172838121572022274e+00 7.035593791930737950e+01
5.502800000000000000e+04 1.024342780670709629e+02 6.182318431469764342e+00 9.775006311752205690e+00 9.976360503296643856e+01 6.716370971383953226e+00 5.903171895441801809e+01
5.502900000000000000e+04 1.038098729538548639e+02 6.182318431469764342e+00 8.920311494292100463e+00 9.732141953509933785e+01 6.071543353043900915e+00 5.569179944783939362e+01
5.503100000000000000e+04 9.986136777754187221e+01 6.182318431469764342e+00 7.493630684596537250e+00 9.167638019627833046e+01 5.006434182654020404e+00 4.922221755504877194e+01
5.503300000000000000e+04 8.337344695710655174e+01 6.182318431469764342e+00 6.390665700848454200e+00 8.516536780765714809e+01 4.192249869357422831e+00 4.306718978895430183e+01
5.503400000000000000e+04 9.705042757409613330e+01 6.182318431469764342e+00 5.960167755674170564e+00 8.195398038058526424e+01 3.874767751706000407e+00 4.027222623124582412e+01
5.503500000000000000e+04 8.383199933758982070e+01 6.182318431469764342e+00 5.583685812230811507e+00 7.841596651755745029e+01 3.597735703756966164e+00 3.747477491878492373e+01
5.503700000000000000e+04 7.767121478972022430e+01 6.182318431469764342e+00 4.968386507115485351e+00 6.929287711850325593e+01 3.145344712025503142e+00 3.138975180906150086e+01
5.503800000000000000e+04 7.670418522593348598e+01 6.182318431469764342e+00 4.721393177043268885e+00 6.452795321066193424e+01 2.963093496324381348e+00 2.848916256541365399e+01
5.503900000000000000e+04 7.211771348468519705e+01 6.182318431469764342e+00 4.503626765298077039e+00 6.016383887066028535e+01 2.802157021713587159e+00 2.590477454065029050e+01
5.504000000000000000e+04 6.197892479878962746e+01 6.182318431469764342e+00 4.301297963389567158e+00 5.608209226821041682e+01 2.653484246384680389e+00 2.356390431437412758e+01
5.504100000000000000e+04 5.512562263054626044e+01 6.182318431469764342e+00 4.109074746853830007e+00 5.206949177557143571e+01 2.513503025968822246e+00 2.136184277972161283e+01
5.504300000000000000e+04 5.285489129298530742e+01 6.182318431469764342e+00 3.751628227843136099e+00 4.449094563503261668e+01 2.256754227528354306e+00 1.743034109109994390e+01
5.504400000000000000e+04 4.523824923179790858e+01 6.182318431469764342e+00 3.570257843957503230e+00 4.100641586102005931e+01 2.129971270706062736e+00 1.571127044483526802e+01
5.504500000000000000e+04 3.745345932157221114e+01 6.182318431469764342e+00 3.385067954637544396e+00 3.772078748514302049e+01 2.002998789726357476e+00 1.414087628309016509e+01
5.504600000000000000e+04 3.283358453521943687e+01 6.182318431469764342e+00 3.207349489368891859e+00 3.467883394126148744e+01 1.882468299899572761e+00 1.272617759312348085e+01
5.504700000000000000e+04 2.970782688022141471e+01 6.182318431469764342e+00 3.036793662214442691e+00 3.190427759159269172e+01 1.768044749775525615e+00 1.146604765196502740e+01
5.504900000000000000e+04 1.716338484252583996e+01 6.182318431469764342e+00 2.706895661628728078e+00 2.694326597570054460e+01 1.551051834533994978e+00 9.298797575737893339e+00
5.505000000000000000e+04 2.113773558353918247e+01 6.182318431469764342e+00 2.530629839099234779e+00 2.480859527554947874e+01 1.438675292267899364e+00 8.395463714229940422e+00
5.505100000000000000e+04 2.641851385875887814e+01 6.182318431469764342e+00 2.349148258601632566e+00 2.286315543880593992e+01 1.325106192803267691e+00 7.589429191304875921e+00
5.505300000000000000e+04 1.427206549261022772e+01 6.182318431469764342e+00 1.996230124368227221e+00 1.957202863281306549e+01 1.108770342350714921e+00 6.258042728317525949e+00
5.505400000000000000e+04 1.349163332584997654e+01 6.182318431469764342e+00 1.824919189918795759e+00 1.817680833971321164e+01 1.005908494057323077e+00 5.707004188293002933e+00
5.505500000000000000e+04 2.877371915784015854e+01 6.182318431469764342e+00 1.663115182492832078e+00 1.699171275173930340e+01 9.098004280595362037e-01 5.240312336696778317e+00
5.505700000000000000e+04 1.608629081539052308e+01 6.182318431469764342e+00 1.367371001660665275e+00 1.509924703170501381e+01 7.368888778080757707e-01 4.497169629696206705e+00
5.505800000000000000e+04 1.555382402907116024e+01 6.182318431469764342e+00 1.228961473838826368e+00 1.432406811095052390e+01 6.574095826676078502e-01 4.194456255036756787e+00
5.505900000000000000e+04 3.782465840693886250e+00 6.182318431469764342e+00 1.097915126756109139e+00 1.365276189063570200e+01 5.830050588127172473e-01 3.931680890031879372e+00
5.506100000000000000e+04 1.855138210918996222e+01 6.182318431469764342e+00 8.608206717248434447e-01 1.256592289424686903e+01 4.505027589097987395e-01 3.502696277141983838e+00
5.506300000000000000e+04 1.132357183293813918e+01 6.182318431469764342e+00 6.620572229307000178e-01 1.163280619206195610e+01 3.415482990769190819e-01 3.141878782461027253e+00
5.506400000000000000e+04 1.680160570613796978e+01 6.182318431469764342e+00 5.788877268204265514e-01 1.119449222933576316e+01 2.965309531914898100e-01 2.977258571631851591e+00
5.506700000000000000e+04 1.782702379504117474e+01 6.182318431469764342e+00 3.787697937749180399e-01 9.845990925748626665e+00 1.899928740845295005e-01 2.503748487157946734e+00
5.506800000000000000e+04 -5.787311216903656685e-01 6.182318431469764342e+00 3.272081844678540463e-01 9.388810645749117612e+00 1.630009885761951050e-01 2.353085374874466229e+00
5.506900000000000000e+04 1.193434730367960483e+01 6.182318431469764342e+00 2.819948276757037187e-01 8.945201405895550906e+00 1.395185175518027509e-01 2.210055937219407074e+00
5.507000000000000000e+04 -3.448963370186950428e+00 6.182318431469764342e+00 2.424813889624613805e-01 8.512455737210782303e+00 1.191554736916271978e-01 2.073679838540994247e+00
5.507200000000000000e+04 1.254232923398532051e+01 6.182318431469764342e+00 1.786148282401146814e-01 7.589012166713169805e+00 8.659693020465177027e-02 1.798344115334874260e+00
5.507400000000000000e+04 1.400880872073763683e+01 6.182318431469764342e+00 1.308456242629441602e-01 6.581887124080227913e+00 6.259957145868536021e-02 1.518313062071563468e+00
5.507600000000000000e+04 2.543564057439346993e+00 6.182318431469764342e+00 9.442548113717361136e-02 5.595365998193860158e+00 4.458659039435906163e-02 1.257385617571653791e+00
5.507800000000000000e+04 1.141243549885617981e+01 6.182318431469764342e+00 6.791821229277078542e-02 4.686270824045582373e+00 3.165759871947924908e-02 1.026565350283807909e+00
5.508000000000000000e+04 6.220449494409782787e+00 6.182318431469764342e+00 4.873880844587377692e-02 3.845846058605505657e+00 2.242927217941729015e-02 8.217619783345098128e-01
5.508200000000000000e+04 9.080489710487645638e+00 6.182318431469764342e+00 3.488278544311419760e-02 3.078940908617005423e+00 1.585148843184322476e-02 6.421148923080304272e-01
5.508300000000000000e+04 -1.061685727245212263e+01 6.182318431469764342e+00 2.950522556146662617e-02 2.732580797012247320e+00 1.332425287277213925e-02 5.631284486372484244e-01
5.508400000000000000e+04 -4.503407743134886232e+00 6.182318431469764342e+00 2.492846598429798721e-02 2.412411662445183680e+00 1.118771474028273233e-02 4.913262041639884781e-01
5.508600000000000000e+04 1.774142727312753820e+01 6.182318431469764342e+00 1.784393213078356091e-02 1.862585049734045706e+00 7.910245647124551638e-03 3.706636914893623458e-01
5.508900000000000000e+04 8.892554168228073763e+00 6.182318431469764342e+00 1.093087924685943318e-02 1.234359953817927513e+00 4.758348966942117439e-03 2.374910926056618965e-01
5.509000000000000000e+04 -7.072724353053672530e+00 6.182318431469764342e+00 9.280511261215037416e-03 1.070712743709881565e+00 4.015798901434460173e-03 2.037512357202438951e-01
5.509200000000000000e+04 -3.745106519278075030e+00 6.182318431469764342e+00 6.689192263707312985e-03 7.998311171550476217e-01 2.860340487345981557e-03 1.489443421145340285e-01
5.509300000000000000e+04 8.660009959149652659e+00 6.182318431469764342e+00 5.679680079795828250e-03 6.898290296229045993e-01 2.414419350363810127e-03 1.270988539148603380e-01
5.509500000000000000e+04 -2.339273950059878704e+00 6.182318431469764342e+00 4.092601382535572194e-03 5.103588421359877003e-01 1.719580412830072277e-03 9.208098189192380489e-02
5.509600000000000000e+04 5.843792478812214419e+00 6.182318431469764342e+00 3.475432043266888857e-03 4.381970002107976603e-01 1.451847290194205504e-03 7.824946432335670721e-02
5.509700000000000000e+04 4.747000615971078474e+00 6.182318431469764342e+00 2.950837803672110189e-03 3.740637666742987477e-01 1.225634575374692737e-03 6.611820886863432889e-02
5.509800000000000000e+04 2.597044171694807169e+00 6.182318431469764342e+00 2.504103852578224744e-03 3.185154551297024739e-01 1.034155386379047173e-03 5.573323799294881836e-02
5.510000000000000000e+04 -2.683724014139165170e+00 6.182318431469764342e+00 1.805829528693353534e-03 2.307047506682050331e-01 7.373742460977353481e-04 3.957199839934906482e-02
5.510100000000000000e+04 1.082471596691282656e+01 6.182318431469764342e+00 1.532912807217373446e-03 1.961288680163563447e-01 6.224268341795411233e-04 3.331275889874418111e-02
5.510200000000000000e+04 1.411269205746310096e+00 6.182318431469764342e+00 1.302207005371645073e-03 1.666775288832947621e-01 5.258043306838589264e-04 2.803659022427161529e-02
5.510600000000000000e+04 -1.358984052495230688e-01 6.182318431469764342e+00 6.755843787882248683e-04 8.635517315155734341e-02 2.668395524086519138e-04 1.398464342535341541e-02
5.510900000000000000e+04 5.039617576122910059e+00 6.182318431469764342e+00 4.127121043378106642e-04 5.299515081040317294e-02 1.603886617199637324e-04 8.348980041024522958e-03
5.511100000000000000e+04 -9.297387804652483823e+00 6.182318431469764342e+00 2.973224364675246495e-04 3.843853774857929756e-02 1.143196079927424701e-04 5.947936208677647232e-03
5.511200000000000000e+04 -7.823387224325849765e+00 6.182318431469764342e+00 2.521935278768049874e-04 3.272876104669085462e-02 9.645587389153405797e-05 5.019748626793075000e-03
5.511400000000000000e+04 1.157808256180852524e+01 6.182318431469764342e+00 1.816993497869100042e-04 2.372294891692573737e-02 6.876820444588222371e-05 3.575425609182477163e-03
5.511500000000000000e+04 -1.756430026367787889e+01 6.182318431469764342e+00 1.541558772239031946e-04 2.019812687788724928e-02 5.804061642466235168e-05 3.018024187954762658e-03
5.511700000000000000e+04 -2.729509562509420117e+00 6.182318431469764342e+00 1.110938767214012624e-04 1.463255457542589691e-02 4.139733072045060849e-05 2.149475516037590347e-03
5.511800000000000000e+04 5.850017701295463501e-01 6.182318431469764342e+00 9.425826973037459630e-05 1.245866455897902750e-02 3.494412016400036890e-05 1.814809112742756881e-03
5.511900000000000000e+04 1.653227476230935578e+00 6.182318431469764342e+00 8.005920595453287455e-05 1.060556918503913898e-02 2.952906681710418518e-05 1.532043219218365976e-03
5.512000000000000000e+04 1.299916608110699201e+00 6.182318431469764342e+00 6.856951318200382294e-05 9.023005746157185258e-03 2.516312410348764490e-05 1.292694232973808696e-03
