5.497600000000000000e+04 -3.944990103111175817e+00 5.920925880208373293e+00 1.164140563987932975e+00 1.400047905054776955e-18 1.164140563987932975e+00 1.400047905054776955e-18
5.497900000000000000e+04 4.155392054700739024e+00 5.920925880208373293e+00 4.289077145657377521e+00 1.400047904695842546e-18 4.289077145657377521e+00 1.400047904695842546e-18
5.498300000000000000e+04 1.246425690420472243e+01 5.920925880208373293e+00 1.143383206421574805e+01 1.400047903851760993e-18 1.143383206421574805e+01 1.400047903851760993e-18
5.499200000000000000e+04 4.367215366557681477e+01 5.920925880208373293e+00 3.733751665722944324e+01 2.480050148876244531e+00 3.733751665722944324e+01 2.480050148876244531e+00
5.499500000000000000e+04 4.880433910430190991e+01 5.920925880208373293e+00 4.526446668391263017e+01 7.130369544559223449e+00 4.526446668391263017e+01 7.130369544559223449e+00
5.499600000000000000e+04 4.360540463188397098e+01 5.920925880208373293e+00 4.750204251648135312e+01 9.217815572097707744e+00 4.750204251648135312e+01 9.217815572097707744e+00
5.499800000000000000e+04 6.485879197958202269e+01 5.920925880208373293e+00 5.133933107419673547e+01 1.429229008026968373e+01 5.091672227927872996e+01 1.429229008026968373e+01
5.500200000000000000e+04 8.272128359602818648e+01 5.920925880208373293e+00 5.605119289653529790e+01 2.755757656490886376e+01 5.381775602163734362e+01 2.755757656490886376e+01
5.500700000000000000e+04 1.041904732914547225e+02 5.920925880208373293e+00 5.643103835287060122e+01 4.667189582153680050e+01 5.210622193247517231e+01 4.667189582153680050e+01
5.501100000000000000e+04 1.091763144915639572e+02 5.920925880208373293e+00 5.345554677354331830e+01 6.060073074040109020e+01 4.789065290588005297e+01 5.937755314560169495e+01
5.501600000000000000e+04 1.150972886287477337e+02 5.920925880208373293e+00 4.667396868990392278e+01 7.174454891426354664e+01 4.031611703369087962e+01 6.691964267723490423e+01
5.502200000000000000e+04 1.150452720165875604e+02 5.920925880208373293e+00 3.827463095793200409e+01 7.385405631154198147e+01 3.169741694238675578e+01 6.513277741559396361e+01
5.502800000000000000e+04 1.016528103116185804e+02 5.920925880208373293e+00 3.310052133813628927e+01 6.708809102258756241e+01 2.632666932167046880e+01 5.610779545252785994e+01
5.503000000000000000e+04 9.598438627496183528e+01 5.920925880208373293e+00 3.188221413296672679e+01 6.366313098839639650e+01 2.502725028100064719e+01 5.234163527780678749e+01
5.503300000000000000e+04 8.692799792851987206e+01 5.920925880208373293e+00 3.005247301329474041e+01 5.797663695681739426e+01 2.313864568316503068e+01 4.648543694420893502e+01
5.503800000000000000e+04 8.642904281698275781e+01 5.920925880208373293e+00 2.617750680415279874e+01 4.967540610169221793e+01 1.953108020902245556e+01 3.825010094840395425e+01
5.504200000000000000e+04 8.725813077092888648e+01 5.920925880208373293e+00 2.275727613330874988e+01 4.532165027865694640e+01 1.656882135661357935e+01 3.382465130133363829e+01
5.504400000000000000e+04 5.930983052661142096e+01 5.920925880208373293e+00 2.108858188926991417e+01 4.364902774612014724e+01 1.517055024046465839e+01 3.208307809343634887e+01
5.504600000000000000e+04 5.475311414930250464e+01 5.920925880208373293e+00 1.956022205626315369e+01 4.213300827917274205e+01 1.390504162668881349e+01 3.050684836664451893e+01
5.505000000000000000e+04 5.639110157972736204e+01 5.920925880208373293e+00 1.711214545794200959e+01 3.865346371660185554e+01 1.188425964160150627e+01 2.717673044828928397e+01
5.505600000000000000e+04 5.030313831366390076e+01 5.920925880208373293e+00 1.482374425964091813e+01 3.209627956805902471e+01 9.950825172612551839e+00 2.162676340412305720e+01
5.505900000000000000e+04 4.203784554931218764e+01 5.920925880208373293e+00 1.392773532743040299e+01 2.872922951787994705e+01 9.195652533626304859e+00 1.896318780058082254e+01
5.506300000000000000e+04 4.129125676235370435e+01 5.920925880208373293e+00 1.295119734197186823e+01 2.491058417793299640e+01 8.367487622413662507e+00 1.600731536944672584e+01
5.506500000000000000e+04 2.813191319862707473e+01 5.920925880208373293e+00 1.253110179519172362e+01 2.342387575359657248e+01 8.010164788539839265e+00 1.485532455200188373e+01
5.506700000000000000e+04 4.329177436778911670e+01 5.920925880208373293e+00 1.212651650490148292e+01 2.225775038992438937e+01 7.670155917078735897e+00 1.393373631521496847e+01
5.507000000000000000e+04 3.054011492263775551e+01 5.920925880208373293e+00 1.156321169359384449e+01 2.082707459038600462e+01 7.200455628366551508e+00 1.279068635410305710e+01
5.507400000000000000e+04 2.816579736829594083e+01 5.920925880208373293e+00 1.082413826530773271e+01 1.919017738111139337e+01 6.603708294373577203e+00 1.149456566703288019e+01
5.507900000000000000e+04 3.159999269660807641e+01 5.920925880208373293e+00 9.815472466325255496e+00 1.760897947347767811e+01 5.840457257125583723e+00 1.023183002526303120e+01
5.508300000000000000e+04 2.205790413710681008e+01 5.920925880208373293e+00 8.834894822137480119e+00 1.654189011917612007e+01 5.155149271873892936e+00 9.387067369865008004e+00
5.509100000000000000e+04 2.454815771817499481e+01 5.920925880208373293e+00 6.154343660916092418e+00 1.454363029445816125e+01 3.457107999615824934e+00 7.884435809637948545e+00
