5.497500000000000000e+04 -2.742085136091701347e+00 9.090287618282877347e+00 9.676860811788584593e-01 1.458878646401056061e-18 9.676860811788584593e-01 1.458878646401056061e-18
5.497600000000000000e+04 -7.351075548431859730e+00 9.090287618282877347e+00 2.014654457448330049e+00 1.458878505308197166e-18 2.014654457448330049e+00 1.458878505308197166e-18
5.497900000000000000e+04 -2.119224953913477982e+00 9.090287618282877347e+00 7.421511495175619366e+00 1.458877917415035206e-18 7.421511495175619366e+00 1.458877917415035206e-18
5.498000000000000000e+04 1.495745346358568284e+01 9.090287618282877347e+00 1.010928248076253944e+01 1.458877649835416619e-18 1.010928248076253944e+01 1.458877649835416619e-18
5.498100000000000000e+04 3.142749841262356369e+01 9.090287618282877347e+00 1.326427468792255127e+01 1.458877335827950478e-18 1.326427468792255127e+01 1.458877335827950478e-18
5.498200000000000000e+04 1.441165016341477134e+01 9.090287618282877347e+00 1.681188057541250913e+01 1.458876967336947338e-18 1.681188057541250913e+01 1.458876967336947338e-18
5.498400000000000000e+04 2.639224052124252751e+01 9.090287618282877347e+00 2.504964300095078400e+01 2.480027301376598325e-01 2.504964300095078400e+01 2.480027301376598325e-01
5.498500000000000000e+04 3.469510713577585648e+01 9.090287618282877347e+00 2.982457128805857849e+01 7.741488649430867675e-01 2.982457128805857849e+01 7.741488649430867675e-01
5.498700000000000000e+04 3.924266805568834116e+01 9.090287618282877347e+00 4.097582893337165899e+01 2.753478662916496678e+00 4.097582893337165899e+01 2.753478662916496678e+00
5.499000000000000000e+04 5.884910073332483904e+01 9.090287618282877347e+00 6.053040193995693841e+01 8.087425984610032259e+00 6.053040193995693841e+01 8.087425984610032259e+00
5.499200000000000000e+04 9.948011742217092035e+01 9.090287618282877347e+00 7.440742163840896239e+01 1.344950446033000979e+01 7.440742163840896239e+01 1.344950446033000979e+01
5.499300000000000000e+04 1.042510653667015390e+02 9.090287618282877347e+00 8.115791156796579742e+01 1.657394882118942192e+01 8.115791156796579742e+01 1.657394882118942192e+01
5.499400000000000000e+04 1.084399468558978157e+02 9.090287618282877347e+00 8.659722275531558466e+01 2.003971440076062649e+01 8.659722275531558466e+01 2.003971440076062649e+01
5.499600000000000000e+04 1.153996972377136530e+02 9.090287618282877347e+00 9.298895886639343189e+01 2.807878116178207151e+01 9.298895886639343189e+01 2.807878116178207151e+01
5.499700000000000000e+04 1.214109167074798421e+02 9.090287618282877347e+00 9.629327569357960215e+01 3.278066314669732861e+01 9.534931745081652821e+01 3.278066314669732861e+01
5.499800000000000000e+04 1.374022861881699100e+02 9.090287618282877347e+00 9.918247974999729877e+01 3.790067896713478035e+01 9.725679520493949326e+01 3.790067896713478035e+01
5.500000000000000000e+04 1.494889867172341837e+02 9.090287618282877347e+00 1.033635191096377355e+02 4.842432155196556209e+01 9.942624000542298290e+01 4.842432155196556209e+01
5.500200000000000000e+04 1.683965616023715484e+02 9.090287618282877347e+00 1.052803738591805711e+02 5.952593731072717276e+01 9.937735874946248771e+01 5.952593731072717276e+01
5.500300000000000000e+04 1.714713284519379783e+02 9.090287618282877347e+00 1.051005260292248522e+02 6.492632925437264646e+01 9.828909195663038645e+01 6.492632925437264646e+01
5.500400000000000000e+04 1.749190216699807650e+02 9.090287618282877347e+00 1.041840135494281583e+02 6.927777820425247057e+01 9.653818898204983157e+01 6.927777820425247057e+01
5.500500000000000000e+04 1.802039691132144128e+02 9.090287618282877347e+00 1.027844600448811150e+02 7.405654826976335414e+01 9.437559456880096320e+01 7.227144361253377269e+01
5.500900000000000000e+04 1.792184405730615708e+02 9.090287618282877347e+00 9.317568748663094880e+01 8.863006487902660524e+01 8.255133116561614770e+01 7.888746317670370445e+01
5.501200000000000000e+04 1.764694474100994057e+02 9.090287618282877347e+00 8.274002025775837410e+01 9.521145987068503302e+01 7.142612246008147281e+01 7.950188699956999017e+01
5.501300000000000000e+04 1.600186332841180388e+02 9.090287618282877347e+00 7.904153954887965483e+01 9.611100567887146440e+01 6.765517379857884350e+01 7.863127356530432621e+01
5.501400000000000000e+04 1.767384607179979810e+02 9.090287618282877347e+00 7.495577045123665982e+01 9.630649732849292377e+01 6.361888512242121152e+01 7.723055118563988231e+01
5.501600000000000000e+04 1.631288185893613729e+02 9.090287618282877347e+00 6.641400319690988852e+01 9.534439460208822936e+01 5.543739832797152900e+01 7.354550648109243127e+01
5.501700000000000000e+04 1.557055364225530525e+02 9.090287618282877347e+00 6.294404885508876646e+01 9.426603304408122597e+01 5.211031447560955598e+01 7.135419956406119013e+01
5.501800000000000000e+04 1.413039936171678619e+02 9.090287618282877347e+00 5.994410912040362405e+01 9.265988867138483442e+01 4.922327896239417555e+01 6.885115817460605570e+01
5.501900000000000000e+04 1.400329666020975594e+02 9.090287618282877347e+00 5.716580327670529016e+01 9.050927948998156580e+01 4.656333247267679099e+01 6.604106493249292953e+01
5.502000000000000000e+04 1.447840347452194578e+02 9.090287618282877347e+00 5.433581269203234143e+01 8.798240622880385331e+01 4.390417961541074021e+01 6.306078428096606103e+01
5.502100000000000000e+04 1.478855519487576942e+02 9.090287618282877347e+00 5.136333565007664248e+01 8.530975853975765233e+01 4.117301454915962466e+01 6.008152583967718385e+01
5.502200000000000000e+04 1.388812335907587112e+02 9.090287618282877347e+00 4.839914929559621726e+01 8.254574120466696741e+01 3.849145005216814042e+01 5.714089796806518251e+01
5.502500000000000000e+04 1.095580518532716354e+02 9.090287618282877347e+00 4.037709068466720197e+01 7.211276226275586509e+01 3.137059333747742329e+01 4.748321739827211729e+01
5.502900000000000000e+04 8.827835940817411142e+01 9.090287618282877347e+00 3.139194160994529881e+01 6.025295221964377390e+01 2.366167303078713857e+01 3.725066597814144131e+01
5.503100000000000000e+04 9.359675822111499599e+01 9.090287618282877347e+00 2.758733061678350396e+01 5.490503836159535922e+01 2.048817721261307412e+01 3.293841163932770399e+01
5.503200000000000000e+04 6.687398204655077905e+01 9.090287618282877347e+00 2.586966359169930030e+01 5.208970952659809939e+01 1.907229695642826428e+01 3.079316004173451304e+01
5.503300000000000000e+04 7.659833132231148056e+01 9.090287618282877347e+00 2.448013519836719354e+01 4.935970740941733226e+01 1.791710107470335345e+01 2.875937039527899231e+01
5.503400000000000000e+04 6.438225294818160194e+01 9.090287618282877347e+00 2.327914364944863124e+01 4.677018950245822282e+01 1.691552365168480421e+01 2.686398018521436981e+01
5.503500000000000000e+04 5.657200778090142990e+01 9.090287618282877347e+00 2.213427785505292533e+01 4.431284532478712634e+01 1.596874529619285887e+01 2.509647466998194432e+01
5.503600000000000000e+04 6.999742326672905790e+01 9.090287618282877347e+00 2.111265557187895325e+01 4.194421796642892986e+01 1.512367877641758973e+01 2.342728885524403992e+01
5.503700000000000000e+04 4.580868345880644199e+01 9.090287618282877347e+00 2.017169347115578049e+01 3.965186874701512210e+01 1.434788638676704053e+01 2.184555602832633170e+01
5.503900000000000000e+04 6.952959354407437331e+01 9.090287618282877347e+00 1.827990652322419507e+01 3.529375149272210166e+01 1.282170619571031622e+01 1.892933842462971228e+01
5.504000000000000000e+04 3.458412286991680418e+01 9.090287618282877347e+00 1.738458315159077117e+01 3.328147704352308978e+01 1.210962883225882791e+01 1.761670391886676512e+01
5.504200000000000000e+04 4.874538431602757527e+01 9.090287618282877347e+00 1.574078009562868097e+01 2.957884390378547579e+01 1.081543224929825442e+01 1.525783756514261391e+01
5.504400000000000000e+04 4.472801591818188172e+01 9.090287618282877347e+00 1.422592447420255546e+01 2.690244881563951651e+01 9.643386980885679804e+00 1.353241892134784763e+01
5.504500000000000000e+04 2.466798878412676288e+01 9.090287618282877347e+00 1.348554199809455234e+01 2.571223492611789396e+01 9.080561577061848411e+00 1.277499623695428888e+01
5.504600000000000000e+04 3.826547034896412214e+01 9.090287618282877347e+00 1.273924517295322723e+01 2.465038651125856362e+01 8.521234229400151960e+00 1.209894302113407427e+01
5.504700000000000000e+04 5.390814392692618640e+01 9.090287618282877347e+00 1.197907366180507260e+01 2.366942121452185788e+01 7.960046289989414880e+00 1.147830910941363491e+01
5.504800000000000000e+04 4.047269334076282377e+01 9.090287618282877347e+00 1.122320542549218558e+01 2.268156447244925999e+01 7.409034476823465276e+00 1.086906482291032106e+01
5.505000000000000000e+04 2.147366968031598233e+01 9.090287618282877347e+00 9.649863740193248773e+00 2.069487128917704766e+01 6.288194800073795498e+00 9.687703065807063751e+00
5.505200000000000000e+04 3.129490032672612543e+01 9.090287618282877347e+00 8.032782333005661357e+00 1.891056697925301222e+01 5.167770414954748759e+00 8.652345799438604601e+00
5.505400000000000000e+04 2.923427895862293013e+01 9.090287618282877347e+00 6.544465172188513868e+00 1.724237592182359791e+01 4.157327640826142812e+00 7.714709584708543844e+00
5.505600000000000000e+04 3.937656632669308010e+01 9.090287618282877347e+00 5.284939486094674344e+00 1.557272597891336474e+01 3.315520380235053022e+00 6.816987383520122457e+00
5.505800000000000000e+04 1.106490902417527877e+01 9.090287618282877347e+00 4.244015548391934622e+00 1.383296372960848508e+01 2.629827455937498115e+00 5.927227581458772931e+00
5.506000000000000000e+04 2.378464590142218071e+01 9.090287618282877347e+00 3.365033958459563657e+00 1.198882067802869855e+01 2.059888564189253035e+00 5.030555840059037109e+00
5.506100000000000000e+04 1.290879866178974922e+01 9.090287618282877347e+00 2.984528830620873041e+00 1.101087306518451392e+01 1.815959130283463896e+00 4.572811605625031639e+00
5.506200000000000000e+04 7.897182238924535191e+00 9.090287618282877347e+00 2.640170193044455882e+00 1.005689464913513831e+01 1.596812745279095003e+00 4.134216331963799895e+00
5.506400000000000000e+04 1.768645280804313558e+01 9.090287618282877347e+00 2.044512433974091881e+00 8.254789763624390986e+00 1.221917543613490142e+00 3.325862112660915137e+00
5.506500000000000000e+04 4.521671244416971547e-01 9.090287618282877347e+00 1.789197483913721687e+00 7.439759996135491882e+00 1.063036946060080368e+00 2.967949892741649442e+00
5.506700000000000000e+04 1.800747903038703157e+01 9.090287618282877347e+00 1.360675843430744214e+00 6.048213399680406610e+00 7.990344961129509649e-01 2.366188098932125783e+00
5.506800000000000000e+04 2.091562264613019906e+01 9.090287618282877347e+00 1.181538061381515181e+00 5.429646958626797471e+00 6.898283870746817481e-01 2.103861964749998759e+00
5.506900000000000000e+04 -1.980043628150972346e+00 9.090287618282877347e+00 1.021712345293527946e+00 4.857901178509258955e+00 5.930877954916861095e-01 1.864479439074748779e+00
5.507100000000000000e+04 6.905946847115544074e+00 9.090287618282877347e+00 7.572009772252119575e-01 3.856951915991654989e+00 4.345486239456022304e-01 1.452767304226771250e+00
5.507300000000000000e+04 1.456222874202503270e+01 9.090287618282877347e+00 5.568005512126309453e-01 3.028163872355692732e+00 3.159510589642119949e-01 1.119758855288131238e+00
5.507400000000000000e+04 1.151381063588970299e+01 9.090287618282877347e+00 4.765802813207279942e-01 2.667690381216971662e+00 2.689201451984696289e-01 9.775340348907921584e-01
5.507500000000000000e+04 -2.378494241646399221e+00 9.090287618282877347e+00 4.064856019660498809e-01 2.341827870692515301e+00 2.280935985444418612e-01 8.504295568480645384e-01
5.507800000000000000e+04 7.456584767037932160e+00 9.090287618282877347e+00 2.502181211188219123e-01 1.560557370375828423e+00 1.381047141620609098e-01 5.518627096597454873e-01
5.508000000000000000e+04 -1.526352269726630340e+01 9.090287618282877347e+00 1.804082044833896503e-01 1.169543990241938891e+00 9.849760017656127020e-02 4.064868588356523871e-01
5.508100000000000000e+04 5.487977186534530816e+00 9.090287618282877347e+00 1.531895605425670770e-01 1.008813321462194379e+00 8.318738014801362046e-02 3.476388991564817732e-01
5.508200000000000000e+04 4.723496604180013492e+00 9.090287618282877347e+00 1.299183165730312117e-01 8.681952857516653799e-01 7.017301316464903682e-02 2.966566274009653781e-01
5.508400000000000000e+04 9.829222148014846283e+00 9.090287618282877347e+00 9.330634488510669566e-02 6.402450816885165708e-01 4.986444254227592049e-02 2.151361161587757309e-01
5.508500000000000000e+04 3.702769822885021878e+00 9.090287618282877347e+00 7.905817113573078425e-02 5.475523689218455559e-01 4.202762805578161287e-02 1.824748788355535223e-01
5.508800000000000000e+04 -1.401569723120805078e+00 9.090287618282877347e+00 4.850497392522593737e-02 3.397155000844038764e-01 2.538464199561750803e-02 1.104837713296487195e-01
5.508900000000000000e+04 1.278380349805163796e+00 9.090287618282877347e+00 4.121165542635528423e-02 2.893112716459130818e-01 2.145658115601357940e-02 9.334127170379516447e-02
5.509000000000000000e+04 -6.027125617427493864e+00 9.090287618282877347e+00 3.501791396190072347e-02 2.461809619772901969e-01 1.813835800367798873e-02 7.879808014124903282e-02
5.509100000000000000e+04 8.071589013182929762e+00 9.090287618282877347e+00 2.976487825990664984e-02 2.095589930784640953e-01 1.533876746194622574e-02 6.654990411841091302e-02
5.509300000000000000e+04 6.550478435198437310e+00 9.090287618282877347e+00 2.147043497755860009e-02 1.513536622733406001e-01 1.095262713745783802e-02 4.732315988911003218e-02
5.509500000000000000e+04 1.218266502452052968e+01 9.090287618282877347e+00 1.550419160792279247e-02 1.091945021094095636e-01 7.830004347216196550e-03 3.362210244462529585e-02
5.509600000000000000e+04 1.029986617099777568e+00 9.090287618282877347e+00 1.316748749125120146e-02 9.289981124916746325e-02 6.616827885050855125e-03 2.838889232647826000e-02
5.509700000000000000e+04 -5.961247347583599421e+00 9.090287618282877347e+00 1.118501087667564571e-02 7.916660826264211581e-02 5.592785077591702451e-03 2.401098185151864448e-02
5.509800000000000000e+04 2.642677232045556490e+00 9.090287618282877347e+00 9.508112215953075722e-03 6.745816302483380322e-02 4.730874821351913062e-03 2.030771359649400851e-02
5.509900000000000000e+04 -2.748963131225376610e+00 9.090287618282877347e+00 8.075679458129874852e-03 5.744355907087955737e-02 3.998454947828823484e-03 1.716526492481086630e-02
5.510100000000000000e+04 -5.283324327666949927e+00 9.090287618282877347e+00 5.827083094098546058e-03 4.167113633921855353e-02 2.857113554350843541e-03 1.227101396955698233e-02
5.510400000000000000e+04 6.176392564425464471e+00 9.090287618282877347e+00 3.573290049947880700e-03 2.569699118439710758e-02 1.726894476100850886e-03 7.405472963803201060e-03
5.510700000000000000e+04 -2.945422712897973128e+01 9.090287618282877347e+00 2.177673090791414946e-03 1.585711167479420328e-02 1.037530654529236849e-03 4.474228062073362308e-03
5.510800000000000000e+04 -1.199113643043932198e+00 9.090287618282877347e+00 1.846866416529114761e-03 1.350683684995256963e-02 8.757902202812570909e-04 3.784699857081531057e-03
5.510900000000000000e+04 -8.593545238438951017e+00 9.090287618282877347e+00 1.565228423591071829e-03 1.149475828401830269e-02 7.387683124515371895e-04 3.198763958263059048e-03
5.511000000000000000e+04 -6.641922675804021736e-01 9.090287618282877347e+00 1.326328200320780245e-03 9.780465168275362733e-03 6.230988444615148105e-04 2.703130055904970092e-03
5.511100000000000000e+04 2.187219324817477428e+01 9.090287618282877347e+00 1.124549744570890698e-03 8.326543173715750604e-03 5.258591276927242816e-04 2.285690843480675440e-03
5.511400000000000000e+04 -1.855107411895578196e+01 9.090287618282877347e+00 6.852637791906245404e-04 5.135093414133490818e-03 3.160519228810185948e-04 1.381515580880680839e-03
