5.497500000000000000e+04 -4.671320409084530390e+00 1.381761512387074653e+01 9.676860811788584593e-01 2.279498584667664851e-18 9.676860811788584593e-01 2.279498584667664851e-18
5.497600000000000000e+04 -1.222164454755341190e+01 1.381761512387074653e+01 2.014654457448330049e+00 2.279498485609617514e-18 2.014654457448330049e+00 2.279498485609617514e-18
5.497900000000000000e+04 -7.080804579692499878e+00 1.381761512387074653e+01 7.421511495175619366e+00 2.279498072863251428e-18 7.421511495175619366e+00 2.279498072863251428e-18
5.498000000000000000e+04 1.747870394556131401e+01 1.381761512387074653e+01 1.010928248076253944e+01 2.279497885001649794e-18 1.010928248076253944e+01 2.279497885001649794e-18
5.498100000000000000e+04 4.087312991621118385e+01 1.381761512387074653e+01 1.326427468792255127e+01 2.279497664544057483e-18 1.326427468792255127e+01 2.279497664544057483e-18
5.498200000000000000e+04 1.316343055553741870e+01 1.381761512387074653e+01 1.681188057541250913e+01 2.279497405834730840e-18 1.681188057541250913e+01 2.279497405834730840e-18
5.498400000000000000e+04 2.671347259161451859e+01 1.381761512387074653e+01 2.504964300095078400e+01 2.279496745960992233e-18 2.504964300095078400e+01 2.279496745960992233e-18
5.498500000000000000e+04 3.605124981609176160e+01 1.381761512387074653e+01 2.982457128805857849e+01 2.279496327867838250e-18 2.982457128805857849e+01 2.279496327867838250e-18
5.498700000000000000e+04 3.415595029203346655e+01 1.381761512387074653e+01 4.097582893337165899e+01 2.279495261463979831e-18 4.097582893337165899e+01 2.279495261463979831e-18
5.499000000000000000e+04 4.689113805938911383e+01 1.381761512387074653e+01 6.053040193995693841e+01 1.209607601473573046e+00 6.053040193995693841e+01 1.209607601473573046e+00
5.499200000000000000e+04 9.637746611466839397e+01 1.381761512387074653e+01 7.440742163840896239e+01 4.302310410807026031e+00 7.440742163840896239e+01 4.302310410807026031e+00
5.499300000000000000e+04 9.760501105605246153e+01 1.381761512387074653e+01 8.115791156796579742e+01 6.537636875244362322e+00 8.115791156796579742e+01 6.537636875244362322e+00
5.499400000000000000e+04 9.861476183119135897e+01 1.381761512387074653e+01 8.659722275531558466e+01 9.276889368969523986e+00 8.659722275531558466e+01 9.276889368969523986e+00
5.499600000000000000e+04 1.009536415263300881e+02 1.381761512387074653e+01 9.298895886639343189e+01 1.658034335990318908e+01 9.298895886639343189e+01 1.658034335990318908e+01
5.499700000000000000e+04 1.112093444435267031e+02 1.381761512387074653e+01 1.018426059692171179e+02 2.101485071926563819e+01 9.534931745081652821e+01 2.101485071926563819e+01
5.499800000000000000e+04 1.368850527692025310e+02 1.381761512387074653e+01 1.105031707118522633e+02 2.589679503310846798e+01 9.725679520493949326e+01 2.589679503310846798e+01
5.500000000000000000e+04 1.602963083187919153e+02 1.381761512387074653e+01 1.265099477829001842e+02 3.728071411007321956e+01 9.942624000542298290e+01 3.728071411007321956e+01
5.500200000000000000e+04 1.966600636292857587e+02 1.381761512387074653e+01 1.399829475344928369e+02 5.121978616671457729e+01 9.937735874946248771e+01 5.121978616671457729e+01
5.500300000000000000e+04 2.065589722507965007e+02 1.381761512387074653e+01 1.451435020923561012e+02 5.921981088614808897e+01 9.828909195663038645e+01 5.921981088614808897e+01
5.500400000000000000e+04 2.188109062603985535e+02 1.381761512387074653e+01 1.491321943394705443e+02 6.746366186135364273e+01 9.653818898204983157e+01 6.746366186135364273e+01
5.500500000000000000e+04 2.329932391395740581e+02 1.381761512387074653e+01 1.522183964800190665e+02 7.566300242494617123e+01 9.437559456880096320e+01 7.566300242494617123e+01
5.500900000000000000e+04 2.599477315940713993e+02 1.381761512387074653e+01 1.556340246465361190e+02 1.082465284441444737e+02 8.255133116561614770e+01 1.082465284441444737e+02
5.501200000000000000e+04 2.726577558781816606e+02 1.381761512387074653e+01 1.492520254925862560e+02 1.256584817354948314e+02 7.142612246008147281e+01 1.191866468135206389e+02
5.501300000000000000e+04 2.533481271051098815e+02 1.381761512387074653e+01 1.459795685051935550e+02 1.303727339722213969e+02 6.765517379857884350e+01 1.215709940061743595e+02
5.501400000000000000e+04 2.843437970070658594e+02 1.381761512387074653e+01 1.416029145054851313e+02 1.344168415534302881e+02 6.361888512242121152e+01 1.232616612135995240e+02
5.501600000000000000e+04 2.734808777375343993e+02 1.381761512387074653e+01 1.309431348506687414e+02 1.404546463079515490e+02 5.543739832797152900e+01 1.246601990840077718e+02
5.501700000000000000e+04 2.665553038991793073e+02 1.381761512387074653e+01 1.266332752071787695e+02 1.422090003704808225e+02 5.211031447560955598e+01 1.242216984368281061e+02
5.501800000000000000e+04 2.486686006371030544e+02 1.381761512387074653e+01 1.229695955038530997e+02 1.428754812954568365e+02 4.922327896239417555e+01 1.228613649457879831e+02
5.501900000000000000e+04 2.503936473053022667e+02 1.381761512387074653e+01 1.194954801246304612e+02 1.425145014847510652e+02 4.656333247267679099e+01 1.206727362275622966e+02
5.502000000000000000e+04 2.608665326616751940e+02 1.381761512387074653e+01 1.156611707788380699e+02 1.414572193093115402e+02 4.390417961541074021e+01 1.179694932110012076e+02
5.502100000000000000e+04 2.681878339282883985e+02 1.381761512387074653e+01 1.112700718191038618e+02 1.398743601387276669e+02 4.117301454915962466e+01 1.149148538767069141e+02
5.502200000000000000e+04 2.564327372312957891e+02 1.381761512387074653e+01 1.066444115145370404e+02 1.377247542523199684e+02 3.849145005216814042e+01 1.114909368188455971e+02
5.502500000000000000e+04 2.159353988881094040e+02 1.381761512387074653e+01 9.332437811966158847e+01 1.270674803261466081e+02 3.137059333747742329e+01 9.853247543900947392e+01
5.502900000000000000e+04 1.800304304638845565e+02 1.381761512387074653e+01 7.683655083287507637e+01 1.083111519209221143e+02 2.366167303078713857e+01 7.952360640302650552e+01
5.503100000000000000e+04 1.830915938593094552e+02 1.381761512387074653e+01 6.932174759887634252e+01 9.689071292771224364e+01 2.048817721261307412e+01 6.929674790996440947e+01
5.503200000000000000e+04 1.412344828416293296e+02 1.381761512387074653e+01 6.582994017480780258e+01 9.225479798975726453e+01 1.907229695642826428e+01 6.513789309451193787e+01
5.503300000000000000e+04 1.555131773671204201e+02 1.381761512387074653e+01 6.306282065263337699e+01 8.825733917957275310e+01 1.791710107470335345e+01 6.152909870299270523e+01
5.503400000000000000e+04 1.366168687501128147e+02 1.381761512387074653e+01 6.068951575751473371e+01 8.454155052070380805e+01 1.691552365168480421e+01 5.820416559084598873e+01
5.503500000000000000e+04 1.240764081253705626e+02 1.381761512387074653e+01 5.838013592835147136e+01 8.070685817802880990e+01 1.596874529619285887e+01 5.488022451926343592e+01
5.503600000000000000e+04 1.434883373648391967e+02 1.381761512387074653e+01 5.632057976337910787e+01 7.661783344916742067e+01 1.512367877641758973e+01 5.146626818644953261e+01
5.503700000000000000e+04 1.056040677339983063e+02 1.381761512387074653e+01 5.440861996725928407e+01 7.249864617325869176e+01 1.434788638676704053e+01 4.811431256521017019e+01
5.503900000000000000e+04 1.393885710741572552e+02 1.381761512387074653e+01 5.036750844860882381e+01 6.476737722779027706e+01 1.282170619571031622e+01 4.197496903939745039e+01
5.504000000000000000e+04 8.516549887111840178e+01 1.381761512387074653e+01 4.839492066523916947e+01 6.121579157392001491e+01 1.210962883225882791e+01 3.921324167184678089e+01
5.504200000000000000e+04 1.044248825578023201e+02 1.381761512387074653e+01 4.469585531344996809e+01 5.452172913132132237e+01 1.081543224929825442e+01 3.413368129425988684e+01
5.504400000000000000e+04 9.495147542004960428e+01 1.381761512387074653e+01 4.116569034400478699e+01 4.831417861973849170e+01 9.643386980885679804e+00 2.957709128848392055e+01
5.504500000000000000e+04 6.275771198074085078e+01 1.381761512387074653e+01 3.938148750355953354e+01 4.546210655062554196e+01 9.080561577061848411e+00 2.752609987322931318e+01
5.504600000000000000e+04 8.162873483027993871e+01 1.381761512387074653e+01 3.753603678050766490e+01 4.276138686487507101e+01 8.521234229400151960e+00 2.561022151576634798e+01
5.504700000000000000e+04 1.035992872962761453e+02 1.381761512387074653e+01 3.560608305975165422e+01 4.023777850382453636e+01 7.960046289989414880e+00 2.384037119553533302e+01
5.504800000000000000e+04 8.183540247593424510e+01 1.381761512387074653e+01 3.364590736615071620e+01 3.820597840417055835e+01 7.409034476823465276e+00 2.239637634337918826e+01
5.505000000000000000e+04 5.070195317338039587e+01 1.381761512387074653e+01 2.941240235786517232e+01 3.477393897562197367e+01 6.288194800073795498e+00 1.996093162024107315e+01
5.505200000000000000e+04 6.338367608649404161e+01 1.381761512387074653e+01 2.487557966942617327e+01 3.189355795198478560e+01 5.167770414954748759e+00 1.793485798345880156e+01
5.505400000000000000e+04 5.793950476235680469e+01 1.381761512387074653e+01 2.057794035656124265e+01 2.908123236514546051e+01 4.157327640826142812e+00 1.602713274463789261e+01
5.505600000000000000e+04 7.149228319577044033e+01 1.381761512387074653e+01 1.686273665387547638e+01 2.648004727751212428e+01 3.315520380235053022e+00 1.430812518372081854e+01
5.505800000000000000e+04 2.717532793735419006e+01 1.381761512387074653e+01 1.373348494039680290e+01 2.410048132145086441e+01 2.629827455937498115e+00 1.277252706632618029e+01
5.506000000000000000e+04 4.568139509051537317e+01 1.381761512387074653e+01 1.103770688235169217e+01 2.182853496105955315e+01 2.059888564189253035e+00 1.135070197132731273e+01
5.506100000000000000e+04 2.887939498505185298e+01 1.381761512387074653e+01 9.854302220483216246e+00 2.067677485763946876e+01 1.815959130283463896e+00 1.065154278675018951e+01
5.506200000000000000e+04 2.097297455999659732e+01 1.381761512387074653e+01 8.773847310210515005e+00 1.949514836997032674e+01 1.596812745279095003e+00 9.950057862486769267e+00
5.506400000000000000e+04 3.522154325593820090e+01 1.381761512387074653e+01 6.880373304578839111e+00 1.711239389020407842e+01 1.221917543613490142e+00 8.575491801655763524e+00
5.506500000000000000e+04 8.544441313262208126e+00 1.381761512387074653e+01 6.058141251901791868e+00 1.582738631178574629e+01 1.063036946060080368e+00 7.860243500092245483e+00
5.506700000000000000e+04 3.401386306494003975e+01 1.381761512387074653e+01 4.662446188268678959e+00 1.324111974571780515e+01 7.990344961129509649e-01 6.459713018693435949e+00
5.506800000000000000e+04 3.783579921016783487e+01 1.381761512387074653e+01 4.072194934579261627e+00 1.202026435269804416e+01 6.898283870746817481e-01 5.812788022969217927e+00
5.506900000000000000e+04 2.434731327166007375e+00 1.381761512387074653e+01 3.541505153219504987e+00 1.084023182345416991e+01 5.930877954916861095e-01 5.196659551032679403e+00
5.507100000000000000e+04 1.493287450455169107e+01 1.381761512387074653e+01 2.654005720747765196e+00 8.795246688668537871e+00 4.345486239456022304e-01 4.144400475293815944e+00
5.507300000000000000e+04 2.575387626535666641e+01 1.381761512387074653e+01 1.972703626854850123e+00 7.095274476119371343e+00 3.159510589642119949e-01 3.287284319921872644e+00
5.507400000000000000e+04 2.076010562715321228e+01 1.381761512387074653e+01 1.697370172463700699e+00 6.340686717415922935e+00 2.689201451984696289e-01 2.913249123554294773e+00
5.507500000000000000e+04 -6.869572283786187228e-01 1.381761512387074653e+01 1.455214349353684655e+00 5.650789303712168810e+00 2.280935985444418612e-01 2.574860705236566183e+00
5.507800000000000000e+04 1.342590153196998060e+01 1.381761512387074653e+01 9.093090589858411343e-01 3.934727640089808798e+00 1.381047141620609098e-01 1.749623211387704602e+00
5.508000000000000000e+04 -2.155479714011287484e+01 1.381761512387074653e+01 6.619432722265623514e-01 3.036432156802362226e+00 9.849760017656127020e-02 1.328796182575100682e+00
5.508100000000000000e+04 9.796488254439054799e+00 1.381761512387074653e+01 5.647175301347903131e-01 2.656109921721433231e+00 8.318738014801362046e-02 1.153225912522330976e+00
5.508200000000000000e+04 8.462383803767039581e+00 1.381761512387074653e+01 4.811482820647324798e-01 2.318498469783740745e+00 7.017301316464903682e-02 9.987931201411885951e-01
5.508400000000000000e+04 1.592224533563223865e+01 1.381761512387074653e+01 3.486920738096270234e-01 1.747755597339562428e+00 4.986444254227592049e-02 7.413597443646077201e-01
5.508500000000000000e+04 6.481471294501804259e+00 1.381761512387074653e+01 2.967528789390683208e-01 1.508828409140587024e+00 4.202762805578161287e-02 6.351357169307066952e-01
5.508800000000000000e+04 -1.576469164444527449e+00 1.381761512387074653e+01 1.844245010265603002e-01 9.596618477214232668e-01 2.538464199561750803e-02 3.949388237052650075e-01
5.508900000000000000e+04 2.421025882228032167e+00 1.381761512387074653e+01 1.573475465913943550e-01 8.228956443073172089e-01 2.145658115601357940e-02 3.361501814980870639e-01
5.509000000000000000e+04 -8.751539237035016683e+00 1.381761512387074653e+01 1.342492429284222466e-01 7.031270292130602506e-01 1.813835800367798873e-02 2.851169981805523612e-01
5.509100000000000000e+04 1.261925109475994944e+01 1.381761512387074653e+01 1.145729235570073085e-01 5.993095159304017150e-01 1.533876746194622574e-02 2.412484968723941914e-01
5.509300000000000000e+04 1.021270105363186609e+01 1.381761512387074653e+01 8.330239621936307015e-02 4.350989019675728375e-01 1.095262713745783802e-02 1.726308927025761164e-01
5.509500000000000000e+04 1.870400296958285224e+01 1.381761512387074653e+01 6.061911065571305712e-02 3.147737057642457370e-01 7.830004347216196550e-03 1.231220002207015773e-01
5.509600000000000000e+04 1.723801387780483196e+00 1.381761512387074653e+01 5.167742578224718275e-02 2.677281845838633267e-01 6.616827885050855125e-03 1.039842251850170152e-01
5.509700000000000000e+04 -8.927190779093635342e+00 1.381761512387074653e+01 4.406052011977518168e-02 2.274307356666276092e-01 5.592785077591702451e-03 8.771626645581130644e-02
5.509800000000000000e+04 4.130636115237079409e+00 1.381761512387074653e+01 3.759247750542656780e-02 1.930563096163708803e-01 4.730874821351913062e-03 7.394243732673441705e-02
5.509900000000000000e+04 -4.082218377097962758e+00 1.381761512387074653e+01 3.204481748838453048e-02 1.638670243045542707e-01 3.998454947828823484e-03 6.233055317784489541e-02
5.510100000000000000e+04 -7.961563012048208599e+00 1.381761512387074653e+01 2.328690402473654678e-02 1.182219934820779167e-01 2.857113554350843541e-03 4.435764426012227257e-02
5.510400000000000000e+04 9.431248270991284599e+00 1.381761512387074653e+01 1.442785796892738850e-02 7.293896556722366531e-02 1.726894476100850886e-03 2.682072644501697772e-02
5.510700000000000000e+04 -4.474523105117722821e+01 1.381761512387074653e+01 8.880328625181187902e-03 4.495208822156641915e-02 1.037530654529236849e-03 1.620595869261173133e-02
5.510800000000000000e+04 -1.800261942905852619e+00 1.381761512387074653e+01 7.555617388410459760e-03 3.822329963133567349e-02 8.757902202812570909e-04 1.369078392182229709e-02
5.510900000000000000e+04 -1.304345930955111221e+01 1.381761512387074653e+01 6.423812107259851273e-03 3.251465473169842108e-02 7.387683124515371895e-04 1.157105150594250030e-02
5.511000000000000000e+04 -9.933421408114618822e-01 1.381761512387074653e+01 5.460464413554038179e-03 2.768004411795265546e-02 6.230988444615148105e-04 9.787505434020245254e-03
5.511100000000000000e+04 3.326046220076240445e+01 1.381761512387074653e+01 4.644124886218293537e-03 2.354101940803967827e-02 5.258591276927242816e-04 8.271034856313568689e-03
5.511400000000000000e+04 -2.818989845783199399e+01 1.381761512387074653e+01 2.855781964768307722e-03 1.449689822022187657e-02 3.160519228810185948e-04 4.998068684786028705e-03
