5.497500000000000000e+04 -3.429480645093822222e+00 1.077465641581282796e+01 9.676860811788584593e-01 2.279498969297296478e-18 9.676860811788584593e-01 2.279498969297296478e-18
5.497600000000000000e+04 -9.086481956944872707e+00 1.077465641581282796e+01 2.014654457448330049e+00 2.279498936976645219e-18 2.014654457448330049e+00 2.279498936976645219e-18
5.497900000000000000e+04 -3.887058872389421715e+00 1.077465641581282796e+01 7.421511495175619366e+00 2.279498802305776228e-18 7.421511495175619366e+00 2.279498802305776228e-18
5.498000000000000000e+04 1.585578674757697115e+01 1.077465641581282796e+01 1.010928248076253944e+01 2.279498741010288571e-18 1.010928248076253944e+01 2.279498741010288571e-18
5.498100000000000000e+04 3.479302088992237429e+01 1.077465641581282796e+01 1.326427468792255127e+01 2.279498669079372028e-18 1.326427468792255127e+01 2.279498669079372028e-18
5.498200000000000000e+04 1.396690370624875044e+01 1.077465641581282796e+01 1.681188057541250913e+01 2.279498584667664851e-18 1.681188057541250913e+01 2.279498584667664851e-18
5.498400000000000000e+04 2.634705880050464089e+01 1.077465641581282796e+01 2.504964300095078400e+01 2.279498369363932715e-18 2.504964300095078400e+01 2.279498369363932715e-18
5.498500000000000000e+04 3.467999106562744771e+01 1.077465641581282796e+01 2.982457128805857849e+01 2.279498232948373031e-18 2.982457128805857849e+01 2.279498232948373031e-18
5.498700000000000000e+04 3.565784543917119009e+01 1.077465641581282796e+01 4.097582893337165899e+01 2.279497885001649794e-18 4.097582893337165899e+01 2.279497885001649794e-18
5.499000000000000000e+04 4.895159568813402018e+01 1.077465641581282796e+01 6.053040193995693841e+01 2.279497102236597885e-18 6.053040193995693841e+01 2.279497102236597885e-18
5.499200000000000000e+04 8.818431168018881294e+01 1.077465641581282796e+01 7.440742163840896239e+01 2.279496327867838250e-18 7.440742163840896239e+01 2.279496327867838250e-18
5.499300000000000000e+04 8.888508112375008352e+01 1.077465641581282796e+01 8.115791156796579742e+01 2.279495837231172164e-18 8.115791156796579742e+01 2.279495837231172164e-18
5.499400000000000000e+04 8.873431795468896155e+01 1.077465641581282796e+01 8.659722275531558466e+01 2.279495261463979831e-18 8.659722275531558466e+01 2.279495261463979831e-18
5.499600000000000000e+04 8.665817035846896488e+01 1.077465641581282796e+01 9.298895886639343189e+01 3.875042658400934537e-01 9.298895886639343189e+01 3.875042658400934537e-01
5.499700000000000000e+04 9.156648247924486839e+01 1.077465641581282796e+01 9.943980316945653897e+01 1.209607601473573046e+00 9.534931745081652821e+01 1.209607601473573046e+00
5.499800000000000000e+04 1.084980059377753037e+02 1.077465641581282796e+01 1.056014282335233219e+02 2.518318071810412118e+00 9.725679520493949326e+01 2.518318071810412118e+00
5.500000000000000000e+04 1.203006036376764456e+02 1.077465641581282796e+01 1.164877827903535632e+02 6.537636875244362322e+00 9.942624000542298290e+01 6.537636875244362322e+00
5.500200000000000000e+04 1.418491935411574048e+02 1.077465641581282796e+01 1.249570908915741256e+02 1.263660310095317385e+01 9.937735874946248771e+01 1.263660310095317385e+01
5.500300000000000000e+04 1.460977739053105040e+02 1.077465641581282796e+01 1.278053062712065042e+02 1.658034335990318908e+01 9.828909195663038645e+01 1.658034335990318908e+01
5.500400000000000000e+04 1.524121909212096853e+02 1.077465641581282796e+01 1.296700954406893516e+02 2.101485071926563819e+01 9.653818898204983157e+01 2.101485071926563819e+01
5.500500000000000000e+04 1.606969013481721333e+02 1.077465641581282796e+01 1.308140116318149921e+02 2.589679503310846798e+01 9.437559456880096320e+01 2.589679503310846798e+01
5.500900000000000000e+04 1.767432715594617605e+02 1.077465641581282796e+01 1.285902085566802668e+02 5.121978616671457729e+01 8.255133116561614770e+01 5.121978616671457729e+01
5.501200000000000000e+04 1.943593719869076040e+02 1.077465641581282796e+01 1.204530129166813879e+02 7.566300242494617123e+01 7.142612246008147281e+01 7.566300242494617123e+01
5.501300000000000000e+04 1.832321467797530943e+02 1.077465641581282796e+01 1.169960920498823924e+02 8.417417817184538364e+01 6.765517379857884350e+01 8.417417817184538364e+01
5.501400000000000000e+04 2.122455597038394615e+02 1.077465641581282796e+01 1.127453882139548682e+02 9.300927704801119944e+01 6.361888512242121152e+01 9.300927704801119944e+01
5.501600000000000000e+04 2.128735650290833803e+02 1.077465641581282796e+01 1.030026860933710964e+02 1.082465284441444737e+02 5.543739832797152900e+01 1.082465284441444737e+02
5.501700000000000000e+04 2.113152487498553285e+02 1.077465641581282796e+01 9.905649678668619629e+01 1.140420795379653924e+02 5.211031447560955598e+01 1.129241306445840110e+02
5.501800000000000000e+04 2.008240664612987416e+02 1.077465641581282796e+01 9.568020964710179044e+01 1.185376753149350293e+02 4.922327896239417555e+01 1.162361985829917899e+02
5.501900000000000000e+04 2.061757142583463462e+02 1.077465641581282796e+01 9.250737262346697776e+01 1.227264902238822089e+02 4.656333247267679099e+01 1.191866468135206389e+02
5.502000000000000000e+04 2.184158431310187041e+02 1.077465641581282796e+01 8.910792294743765751e+01 1.263852053688188875e+02 4.390417961541074021e+01 1.215709940061743595e+02
5.502100000000000000e+04 2.279842364232922876e+02 1.077465641581282796e+01 8.533107265313331879e+01 1.293631134436727166e+02 4.117301454915962466e+01 1.232616612135995240e+02
5.502200000000000000e+04 2.224969055412964281e+02 1.077465641581282796e+01 8.142481344035648760e+01 1.316651983271813720e+02 3.849145005216814042e+01 1.242828000067787144e+02
5.502500000000000000e+04 2.007320170685829055e+02 1.077465641581282796e+01 7.039874850863309064e+01 1.338083125624577008e+02 3.137059333747742329e+01 1.228613649457879831e+02
5.502900000000000000e+04 1.790089934536731278e+02 1.077465641581282796e+01 5.715950354047249959e+01 1.258398203874310468e+02 2.366167303078713857e+01 1.114909368188455971e+02
5.503100000000000000e+04 1.829258875473501291e+02 1.077465641581282796e+01 5.125117529735160815e+01 1.185127548046376944e+02 2.048817721261307412e+01 1.031891639570201704e+02
5.503200000000000000e+04 1.495281328826701781e+02 1.077465641581282796e+01 4.852755237593608229e+01 1.141400195485485796e+02 1.907229695642826428e+01 9.853247543900947392e+01
5.503300000000000000e+04 1.593034814946701374e+02 1.077465641581282796e+01 4.635691561057997490e+01 1.096769478726482134e+02 1.791710107470335345e+01 9.387738412449559178e+01
5.503400000000000000e+04 1.429668803355285434e+02 1.077465641581282796e+01 4.449121030866137971e+01 1.051928218530849790e+02 1.691552365168480421e+01 8.928265307510184812e+01
5.503500000000000000e+04 1.314575355642056138e+02 1.077465641581282796e+01 4.268605305125313265e+01 1.004763899876143967e+02 1.596874529619285887e+01 8.456896724822354372e+01
5.503600000000000000e+04 1.445717786660663648e+02 1.077465641581282796e+01 4.107591155675017802e+01 9.526928047082574835e+01 1.512367877641758973e+01 7.952360640302650552e+01
5.503700000000000000e+04 1.125897963597627864e+02 1.077465641581282796e+01 3.958438375245158625e+01 8.961715358652013208e+01 1.434788638676704053e+01 7.419252718480018416e+01
5.503900000000000000e+04 1.353561614025447284e+02 1.077465641581282796e+01 3.647390761493713285e+01 7.996979135213230450e+01 1.282170619571031622e+01 6.513789309451193787e+01
5.504000000000000000e+04 9.205436525774784684e+01 1.077465641581282796e+01 3.496776421603059504e+01 7.614841255482377846e+01 1.210962883225882791e+01 6.152909870299270523e+01
5.504200000000000000e+04 1.052255310877159502e+02 1.077465641581282796e+01 3.215860625006342843e+01 6.900639431052184136e+01 1.081543224929825442e+01 5.488022451926343592e+01
5.504400000000000000e+04 9.521928151507323435e+01 1.077465641581282796e+01 2.950104945192546424e+01 6.145160000828643376e+01 9.643386980885679804e+00 4.811431256521017019e+01
5.504500000000000000e+04 6.878454053940100721e+01 1.077465641581282796e+01 2.816881006820356248e+01 5.783779005588061750e+01 9.080561577061848411e+00 4.493651624262341926e+01
5.504600000000000000e+04 8.227894213961867820e+01 1.077465641581282796e+01 2.679928165146347752e+01 5.444153484409849852e+01 8.521234229400151960e+00 4.197496903939745039e+01
5.504700000000000000e+04 9.826665559723866750e+01 1.077465641581282796e+01 2.537583156785726146e+01 5.124778554093656169e+01 7.960046289989414880e+00 3.921324167184678089e+01
5.504800000000000000e+04 7.992367063046769715e+01 1.077465641581282796e+01 2.393710858772125150e+01 4.820164681966459597e+01 7.409034476823465276e+00 3.660513883631880816e+01
5.505000000000000000e+04 5.283356507634516674e+01 1.077465641581282796e+01 2.085542687392474903e+01 4.249295194561175748e+01 6.288194800073795498e+00 3.179182399043226326e+01
5.505200000000000000e+04 6.007708790597476423e+01 1.077465641581282796e+01 1.758282205984203728e+01 3.733640186804824168e+01 5.167770414954748759e+00 2.752609987322931318e+01
5.505400000000000000e+04 5.376752036362798748e+01 1.077465641581282796e+01 1.450159027672975398e+01 3.280911883929572070e+01 4.157327640826142812e+00 2.384037119553533302e+01
5.505600000000000000e+04 6.331758651736959109e+01 1.077465641581282796e+01 1.184966983896007875e+01 2.951758877218997767e+01 3.315520380235053022e+00 2.114440456460600615e+01
5.505800000000000000e+04 2.807841360440808387e+01 1.077465641581282796e+01 9.624642523240055425e+00 2.676513051456502623e+01 2.629827455937498115e+00 1.890459847052198938e+01
5.506000000000000000e+04 4.208914948676903123e+01 1.077465641581282796e+01 7.715518606027266024e+00 2.438067103089070997e+01 2.059888564189253035e+00 1.698291378579737554e+01
5.506100000000000000e+04 2.875903808532508776e+01 1.077465641581282796e+01 6.879761165078902785e+00 2.316722038237407588e+01 1.815959130283463896e+00 1.602713274463789261e+01
5.506200000000000000e+04 2.245920222815348311e+01 1.077465641581282796e+01 6.118028352262324887e+00 2.203044225308687132e+01 1.596812745279095003e+00 1.513703604032353489e+01
5.506400000000000000e+04 3.348609211213160108e+01 1.077465641581282796e+01 4.786495401842763009e+00 1.994365706770598123e+01 1.221917543613490142e+00 1.351929031162281980e+01
5.506500000000000000e+04 1.277514232504005776e+01 1.077465641581282796e+01 4.209732610092524752e+00 1.896847994620101119e+01 1.063036946060080368e+00 1.277252706632618029e+01
5.506700000000000000e+04 3.287692183714130323e+01 1.077465641581282796e+01 3.232813667823387416e+00 1.708167139665047429e+01 7.990344961129509649e-01 1.135070197132731273e+01
5.506800000000000000e+04 3.591048046747631872e+01 1.077465641581282796e+01 2.820570309070959070e+00 1.613495701336918842e+01 6.898283870746817481e-01 1.065154278675018951e+01
5.506900000000000000e+04 8.305315617961475994e+00 1.077465641581282796e+01 2.450460844632999624e+00 1.517085322293357841e+01 5.930877954916861095e-01 9.950057862486769267e+00
5.507100000000000000e+04 1.779400377812742562e+01 1.077465641581282796e+01 1.832708821490577122e+00 1.324484708765732854e+01 4.345486239456022304e-01 8.575491801655763524e+00
5.507300000000000000e+04 2.554786119137231282e+01 1.077465641581282796e+01 1.359632192040693299e+00 1.117695186668630747e+01 3.159510589642119949e-01 7.145018133789109882e+00
5.507400000000000000e+04 2.125802007740857746e+01 1.077465641581282796e+01 1.168780735061588638e+00 1.016888023402720620e+01 2.689201451984696289e-01 6.459713018693435949e+00
5.507500000000000000e+04 4.132392620966391483e+00 1.077465641581282796e+01 1.001125613371409928e+00 9.208037507185538928e+00 2.280935985444418612e-01 5.812788022969217927e+00
5.507800000000000000e+04 1.400410250361756681e+01 1.077465641581282796e+01 6.239294776413586430e-01 6.688233487029159541e+00 1.381047141620609098e-01 4.144400475293815944e+00
5.508000000000000000e+04 -1.386828817784235923e+01 1.077465641581282796e+01 4.534435521728174545e-01 5.370107665024370647e+00 9.849760017656127020e-02 3.287284319921872644e+00
5.508100000000000000e+04 1.030200317324759851e+01 1.077465641581282796e+01 3.865301618577452469e-01 4.787924934561483603e+00 8.318738014801362046e-02 2.913249123554294773e+00
5.508200000000000000e+04 9.002015286895691304e+00 1.077465641581282796e+01 3.290693279343052113e-01 4.257274690038138409e+00 7.017301316464903682e-02 2.574860705236566183e+00
5.508400000000000000e+04 1.435888351434743981e+01 1.077465641581282796e+01 2.381126860278759694e-01 3.339733856751227581e+00 4.986444254227592049e-02 1.996015931598868809e+00
5.508500000000000000e+04 6.793434928747451806e+00 1.077465641581282796e+01 2.024933147355613972e-01 2.944790827086645635e+00 4.202762805578161287e-02 1.749623211387704602e+00
5.508800000000000000e+04 -2.060812227470876223e-02 1.077465641581282796e+01 1.255727470239206833e-01 1.975245342968248607e+00 2.538464199561750803e-02 1.153225912522330976e+00
5.508900000000000000e+04 2.951171801727006105e+00 1.077465641581282796e+01 1.070619029941609485e-01 1.720620908067225674e+00 2.145658115601357940e-02 9.987931201411885951e-01
5.509000000000000000e+04 -5.891935414750681943e+00 1.077465641581282796e+01 9.128310048930984855e-02 1.493995829306992151e+00 1.813835800367798873e-02 8.622854838433522406e-01
5.509100000000000000e+04 1.065320215414511118e+01 1.077465641581282796e+01 7.785191425310805657e-02 1.291819354555328925e+00 1.533876746194622574e-02 7.413597443646077201e-01
5.509300000000000000e+04 8.573176634713137290e+00 1.077465641581282796e+01 5.652979444456113223e-02 9.572562999741685008e-01 1.095262713745783802e-02 5.431857799320026770e-01
5.509500000000000000e+04 1.503713121018747501e+01 1.077465641581282796e+01 4.108481581027809831e-02 7.038204777251526600e-01 7.830004347216196550e-03 3.949388237052650075e-01
5.509600000000000000e+04 1.732499462255601141e+00 1.077465641581282796e+01 3.500301951191903127e-02 6.023811252445719910e-01 6.616827885050855125e-03 3.361501814980870639e-01
5.509700000000000000e+04 -6.629341232068632905e+00 1.077465641581282796e+01 2.982576354028879106e-02 5.137523190215372848e-01 5.592785077591702451e-03 2.851169981805523612e-01
5.509800000000000000e+04 3.503646102903037907e+00 1.077465641581282796e+01 2.543223686462361965e-02 4.370940266334037982e-01 4.730874821351913062e-03 2.412484968723941914e-01
5.509900000000000000e+04 -2.942581498806749796e+00 1.077465641581282796e+01 2.166642782580004145e-02 3.717389855389363063e-01 3.998454947828823484e-03 2.040615828835353474e-01
5.510100000000000000e+04 -6.034285994376028306e+00 1.077465641581282796e+01 1.572698155992421909e-02 2.685749247539667706e-01 2.857113554350843541e-03 1.458457370371799289e-01
5.510400000000000000e+04 7.460005075155256904e+00 1.077465641581282796e+01 9.727941962771312692e-03 1.641346777921141031e-01 1.726894476100850886e-03 8.771626645581130644e-02
5.510700000000000000e+04 -3.482743161332452075e+01 1.077465641581282796e+01 5.978147878332009182e-03 9.986289771404407989e-02 1.037530654529236849e-03 5.253453506972701609e-02
5.510800000000000000e+04 -1.349657555674295795e+00 1.077465641581282796e+01 5.083787070688641774e-03 8.475858665224163258e-02 8.757902202812570909e-04 4.435764426012227257e-02
5.510900000000000000e+04 -1.012497164443768405e+01 1.077465641581282796e+01 4.320095460722854323e-03 7.205920756595601828e-02 7.387683124515371895e-04 3.751715914299787180e-02
5.511000000000000000e+04 -7.354974950215994456e-01 1.077465641581282796e+01 3.670426053184999444e-03 6.125948729592396030e-02 6.230988444615148105e-04 3.173080249452188417e-02
5.511100000000000000e+04 2.596892617434258099e+01 1.077465641581282796e+01 3.120185134164779259e-03 5.204561966655543714e-02 5.258591276927242816e-04 2.682072644501697772e-02
5.511400000000000000e+04 -2.196151653062411668e+01 1.077465641581282796e+01 1.915969966889310809e-03 3.192897981618363773e-02 3.160519228810185948e-04 1.620595869261173133e-02
