5.497500000000000000e+04 -4.846399613640812731e+00 1.424662279905771811e+01 9.676860811788584593e-01 2.279498802305776228e-18 9.676860811788584593e-01 2.279498802305776228e-18
5.497600000000000000e+04 -1.266365147021341286e+01 1.424662279905771811e+01 2.014654457448330049e+00 2.279498741010288571e-18 2.014654457448330049e+00 2.279498741010288571e-18
5.497900000000000000e+04 -7.531070768780197433e+00 1.424662279905771811e+01 7.421511495175619366e+00 2.279498485609617514e-18 7.421511495175619366e+00 2.279498485609617514e-18
5.498000000000000000e+04 1.770750886896843213e+01 1.424662279905771811e+01 1.010928248076253944e+01 2.279498369363932715e-18 1.010928248076253944e+01 2.279498369363932715e-18
5.498100000000000000e+04 4.173032637811001422e+01 1.424662279905771811e+01 1.326427468792255127e+01 2.279498232948373031e-18 1.326427468792255127e+01 2.279498232948373031e-18
5.498200000000000000e+04 1.305015391213471787e+01 1.424662279905771811e+01 1.681188057541250913e+01 2.279498072863251428e-18 1.681188057541250913e+01 2.279498072863251428e-18
5.498400000000000000e+04 2.676513097536590990e+01 1.424662279905771811e+01 2.504964300095078400e+01 2.279497664544057483e-18 2.504964300095078400e+01 2.279497664544057483e-18
5.498500000000000000e+04 3.624457499236138602e+01 1.424662279905771811e+01 2.982457128805857849e+01 2.279497405834730840e-18 2.982457128805857849e+01 2.279497405834730840e-18
5.498700000000000000e+04 3.394420750901707606e+01 1.424662279905771811e+01 4.097582893337165899e+01 2.279496745960992233e-18 4.097582893337165899e+01 2.279496745960992233e-18
5.499000000000000000e+04 4.522050445765768245e+01 1.424662279905771811e+01 6.053040193995693841e+01 2.279495261463979831e-18 6.053040193995693841e+01 2.279495261463979831e-18
5.499200000000000000e+04 9.301120568104836650e+01 1.424662279905771811e+01 7.440742163840896239e+01 3.875042658400934537e-01 7.440742163840896239e+01 3.875042658400934537e-01
5.499300000000000000e+04 9.258464960192901572e+01 1.424662279905771811e+01 8.115791156796579742e+01 1.209607601473573046e+00 8.115791156796579742e+01 1.209607601473573046e+00
5.499400000000000000e+04 9.194128190100994402e+01 1.424662279905771811e+01 8.659722275531558466e+01 2.518318071810412118e+00 8.659722275531558466e+01 2.518318071810412118e+00
5.499600000000000000e+04 9.064343703033156885e+01 1.424662279905771811e+01 9.298895886639343189e+01 6.537636875244362322e+00 9.298895886639343189e+01 6.537636875244362322e+00
5.499700000000000000e+04 9.724088726402477789e+01 1.424662279905771811e+01 9.997375934718112944e+01 9.276889368969523986e+00 9.534931745081652821e+01 9.276889368969523986e+00
5.499800000000000000e+04 1.198274553893965475e+02 1.424662279905771811e+01 1.066907043398186232e+02 1.263660310095317385e+01 9.725679520493949326e+01 1.263660310095317385e+01
5.500000000000000000e+04 1.361269354363220145e+02 1.424662279905771811e+01 1.187149305664750472e+02 2.101485071926563819e+01 9.942624000542298290e+01 2.101485071926563819e+01
5.500200000000000000e+04 1.652349923570286592e+02 1.424662279905771811e+01 1.282961701455560615e+02 3.131205375118847201e+01 9.937735874946248771e+01 3.131205375118847201e+01
5.500300000000000000e+04 1.712027826268877959e+02 1.424662279905771811e+01 1.316582386759064320e+02 3.728071411007321956e+01 9.828909195663038645e+01 3.728071411007321956e+01
5.500400000000000000e+04 1.801519245434230356e+02 1.424662279905771811e+01 1.339950063070851627e+02 4.387309556528447985e+01 9.653818898204983157e+01 4.387309556528447985e+01
5.500500000000000000e+04 1.920608798085942510e+02 1.424662279905771811e+01 1.355705415980825705e+02 5.121978616671457729e+01 9.437559456880096320e+01 5.121978616671457729e+01
5.500900000000000000e+04 2.147191963654959181e+02 1.424662279905771811e+01 1.345999454655371608e+02 8.417417817184538364e+01 8.255133116561614770e+01 8.417417817184538364e+01
5.501200000000000000e+04 2.327766274266811592e+02 1.424662279905771811e+01 1.268527934891047124e+02 1.082465284441444737e+02 7.142612246008147281e+01 1.082465284441444737e+02
5.501300000000000000e+04 2.198697333210575380e+02 1.424662279905771811e+01 1.234368645955070747e+02 1.201512750058373769e+02 6.765517379857884350e+01 1.129241306445840110e+02
5.501400000000000000e+04 2.588550886199401475e+02 1.424662279905771811e+01 1.191581718342949046e+02 1.311144320016147731e+02 6.361888512242121152e+01 1.162361985829917899e+02
5.501600000000000000e+04 2.640526154922380897e+02 1.424662279905771811e+01 1.092116747061039064e+02 1.526931684717550013e+02 5.543739832797152900e+01 1.215709940061743595e+02
5.501700000000000000e+04 2.655320852671181342e+02 1.424662279905771811e+01 1.051846697690178729e+02 1.627053928019513762e+02 5.211031447560955598e+01 1.232616612135995240e+02
5.501800000000000000e+04 2.560421434681989012e+02 1.424662279905771811e+01 1.017445176152687623e+02 1.720073952093817411e+02 4.922327896239417555e+01 1.242828000067787144e+02
5.501900000000000000e+04 2.670357012460804640e+02 1.424662279905771811e+01 9.850472984594773607e+01 1.805079682736432289e+02 4.656333247267679099e+01 1.246601990840077718e+02
5.502000000000000000e+04 2.866963671837404490e+02 1.424662279905771811e+01 9.500864468774885552e+01 1.878232080364840897e+02 4.390417961541074021e+01 1.242216984368281061e+02
5.502100000000000000e+04 3.022973693375602693e+02 1.424662279905771811e+01 9.109529469001569169e+01 1.936295111545618681e+02 4.117301454915962466e+01 1.228613649457879831e+02
5.502200000000000000e+04 2.973705757813236801e+02 1.424662279905771811e+01 8.702916856795215494e+01 1.979032874132021789e+02 3.849145005216814042e+01 1.206727362275622966e+02
5.502500000000000000e+04 2.751499059333866626e+02 1.424662279905771811e+01 7.549333286663943454e+01 2.042513962521251187e+02 3.137059333747742329e+01 1.114909368188455971e+02
5.502900000000000000e+04 2.522720060155991746e+02 1.424662279905771811e+01 6.153218071656195320e+01 1.960159780519468029e+02 2.366167303078713857e+01 9.387738412449559178e+01
5.503100000000000000e+04 2.600748841151565784e+02 1.424662279905771811e+01 5.526685803102376582e+01 1.874048314220634097e+02 2.048817721261307412e+01 8.456896724822354372e+01
5.503200000000000000e+04 2.163129299899902662e+02 1.424662279905771811e+01 5.237252744235200907e+01 1.813138225989004582e+02 1.907229695642826428e+01 7.952360640302650552e+01
5.503300000000000000e+04 2.282998245203522458e+02 1.424662279905771811e+01 5.006933895325852291e+01 1.739072837211716376e+02 1.791710107470335345e+01 7.419252718480018416e+01
5.503400000000000000e+04 2.060757525978751232e+02 1.424662279905771811e+01 4.809083374173989966e+01 1.668665689671942687e+02 1.691552365168480421e+01 6.929674790996440947e+01
5.503500000000000000e+04 1.917178658797276967e+02 1.424662279905771811e+01 4.617362702394164131e+01 1.610208717296334839e+02 1.596874529619285887e+01 6.513789309451193787e+01
5.503600000000000000e+04 2.113788868592963581e+02 1.424662279905771811e+01 4.446361560266771562e+01 1.560377943107895078e+02 1.512367877641758973e+01 6.152909870299270523e+01
5.503700000000000000e+04 1.722448714195987236e+02 1.424662279905771811e+01 4.287865846685330240e+01 1.513308305361995849e+02 1.434788638676704053e+01 5.820416559084598873e+01
5.503900000000000000e+04 2.049680650242798379e+02 1.424662279905771811e+01 3.956137446686417292e+01 1.403999796126343256e+02 1.282170619571031622e+01 5.146626818644953261e+01
5.504000000000000000e+04 1.470825519896015408e+02 1.424662279905771811e+01 3.795157676029916161e+01 1.343351606820667712e+02 1.210962883225882791e+01 4.811431256521017019e+01
5.504200000000000000e+04 1.628805448796276494e+02 1.424662279905771811e+01 3.494466159748265710e+01 1.225669095950405421e+02 1.081543224929825442e+01 4.197496903939745039e+01
5.504400000000000000e+04 1.493071432899541833e+02 1.424662279905771811e+01 3.209319187238754267e+01 1.115724631730997203e+02 9.643386980885679804e+00 3.660513883631880816e+01
5.504500000000000000e+04 1.141129304326662464e+02 1.424662279905771811e+01 3.066051616494933896e+01 1.062240161877367797e+02 9.080561577061848411e+00 3.413368129425988684e+01
5.504600000000000000e+04 1.315287058059412857e+02 1.424662279905771811e+01 2.918522723569551758e+01 1.009708329936128735e+02 8.521234229400151960e+00 3.179182399043226326e+01
5.504700000000000000e+04 1.520961694611983148e+02 1.424662279905771811e+01 2.764922078827823526e+01 9.582977577468791708e+01 7.960046289989414880e+00 2.957709128848392055e+01
5.504800000000000000e+04 1.273343371564695730e+02 1.424662279905771811e+01 2.609461942737224405e+01 9.094623398114966051e+01 7.409034476823465276e+00 2.752609987322931318e+01
5.505000000000000000e+04 9.067408108049095006e+01 1.424662279905771811e+01 2.275697698146706927e+01 8.182015394307725842e+01 6.288194800073795498e+00 2.384037119553533302e+01
5.505200000000000000e+04 1.012974209826357708e+02 1.424662279905771811e+01 1.920343486197184646e+01 7.527408024999738245e+01 5.167770414954748759e+00 2.114440456460600615e+01
5.505400000000000000e+04 9.410946826131042542e+01 1.424662279905771811e+01 1.585189029447008302e+01 6.972015915928508889e+01 4.157327640826142812e+00 1.890459847052198938e+01
5.505600000000000000e+04 1.067939652714997436e+02 1.424662279905771811e+01 1.296368468671905738e+01 6.480679900660277326e+01 3.315520380235053022e+00 1.698291378579737554e+01
5.505800000000000000e+04 5.924862229621584220e+01 1.424662279905771811e+01 1.053771861594155546e+01 5.970047014303601429e+01 2.629827455937498115e+00 1.513703604032353489e+01
5.506000000000000000e+04 7.671736942122376490e+01 1.424662279905771811e+01 8.453782667432696130e+00 5.505055014892811727e+01 2.059888564189253035e+00 1.351929031162281980e+01
5.506100000000000000e+04 5.866497891206914517e+01 1.424662279905771811e+01 7.540770288502083751e+00 5.282717194632508040e+01 1.815959130283463896e+00 1.277252706632618029e+01
5.506200000000000000e+04 4.981344487416806999e+01 1.424662279905771811e+01 6.708210342917478641e+00 5.062778164964981187e+01 1.596812745279095003e+00 1.205423372610709798e+01
5.506400000000000000e+04 6.292908455174175231e+01 1.424662279905771811e+01 5.251801602450779427e+00 4.609987718105482202e+01 1.221917543613490142e+00 1.065154278675018951e+01
5.506500000000000000e+04 3.456584550441200321e+01 1.424662279905771811e+01 4.620490086050140555e+00 4.370065413204188332e+01 1.063036946060080368e+00 9.950057862486769267e+00
5.506700000000000000e+04 5.892222045207829240e+01 1.424662279905771811e+01 3.550509783477897585e+00 3.876122294348405006e+01 7.990344961129509649e-01 8.575491801655763524e+00
5.506800000000000000e+04 6.154848988057375436e+01 1.424662279905771811e+01 3.098709114739470749e+00 3.603135620442284193e+01 6.898283870746817481e-01 7.860243500092245483e+00
5.506900000000000000e+04 2.358502455763740713e+01 1.424662279905771811e+01 2.692915135430000717e+00 3.321004428585178658e+01 5.930877954916861095e-01 7.145018133789109882e+00
5.507100000000000000e+04 3.336887602193296942e+01 1.424662279905771811e+01 2.015219243547730077e+00 2.776187559770098545e+01 4.345486239456022304e-01 5.812788022969217927e+00
5.507300000000000000e+04 4.144174629088463746e+01 1.424662279905771811e+01 1.495870288666061754e+00 2.274191605313288278e+01 3.159510589642119949e-01 4.637421707408826421e+00
5.507400000000000000e+04 3.499266801300011309e+01 1.424662279905771811e+01 1.286245054484280281e+00 2.058938156125967467e+01 2.689201451984696289e-01 4.144400475293815944e+00
5.507500000000000000e+04 1.167127234280603965e+01 1.424662279905771811e+01 1.102034221367470979e+00 1.860415392785383659e+01 2.280935985444418612e-01 3.697168904581446203e+00
5.507800000000000000e+04 2.298673304070273815e+01 1.424662279905771811e+01 6.873471623845771594e-01 1.345107232415582388e+01 1.381047141620609098e-01 2.574860705236566183e+00
5.508000000000000000e+04 -1.485477598608025218e+01 1.424662279905771811e+01 4.997768232958718082e-01 1.068267726591714606e+01 9.849760017656127020e-02 1.996015931598868809e+00
5.508100000000000000e+04 1.668190780679703522e+01 1.424662279905771811e+01 4.261273548081997986e-01 9.475959312875810170e+00 8.318738014801362046e-02 1.749623211387704602e+00
5.508200000000000000e+04 1.457155286496477764e+01 1.424662279905771811e+01 3.628646510744002462e-01 8.370135173752407454e+00 7.017301316464903682e-02 1.527396929516862567e+00
5.508400000000000000e+04 2.098503619095820483e+01 1.424662279905771811e+01 2.626858833127094783e-01 6.467290917425232877e+00 4.986444254227592049e-02 1.153225912522330976e+00
5.508500000000000000e+04 1.070966094664169077e+01 1.424662279905771811e+01 2.234398845585629234e-01 5.665154577440821626e+00 4.202762805578161287e-02 9.987931201411885951e-01
5.508800000000000000e+04 1.058063760634186945e+00 1.424662279905771811e+01 1.386509145800628173e-01 3.724435844081663838e+00 2.538464199561750803e-02 6.351357169307066952e-01
5.508900000000000000e+04 4.823757735307279582e+00 1.424662279905771811e+01 1.182364904602128258e-01 3.220005303436912047e+00 2.145658115601357940e-02 5.431857799320026770e-01
5.509000000000000000e+04 -7.008352214191651441e+00 1.424662279905771811e+01 1.008311321424459200e-01 2.777447674041537695e+00 1.813835800367798873e-02 4.635259803140082679e-01
5.509100000000000000e+04 1.475276678385356988e+01 1.424662279905771811e+01 8.601213854286343663e-02 2.391749516359084726e+00 1.533876746194622574e-02 3.949388237052650075e-01
5.509300000000000000e+04 1.182093000247467529e+01 1.424662279905771811e+01 6.247926150562824188e-02 1.763163516748535997e+00 1.095262713745783802e-02 2.851169981805523612e-01
5.509500000000000000e+04 2.023113714826277842e+01 1.424662279905771811e+01 4.542577022037475737e-02 1.288036711160875036e+00 7.830004347216196550e-03 2.040615828835353474e-01
5.509600000000000000e+04 2.587402305907715139e+00 1.424662279905771811e+01 3.870844312754750244e-02 1.100694571871625227e+00 6.616827885050855125e-03 1.726308927025761164e-01
5.509700000000000000e+04 -8.512046034162869645e+00 1.424662279905771811e+01 3.298904278017466413e-02 9.392465465194387297e-01 5.592785077591702451e-03 1.458457370371799289e-01
5.509800000000000000e+04 4.849993674022462287e+00 1.424662279905771811e+01 2.813451256257982688e-02 8.007854894354430320e-01 4.730874821351913062e-03 1.231220002207015773e-01
5.509900000000000000e+04 -3.704015970758999465e+00 1.424662279905771811e+01 2.397273663970770838e-02 6.829683910151919113e-01 3.998454947828823484e-03 1.039842251850170152e-01
5.510100000000000000e+04 -7.842129600268537004e+00 1.424662279905771811e+01 1.740696432988251413e-02 4.951185603398135515e-01 2.857113554350843541e-03 7.394243732673441705e-02
5.510400000000000000e+04 9.950296991579891781e+00 1.424662279905771811e+01 1.077236774191710732e-02 3.055354536637222007e-01 1.726894476100850886e-03 4.435764426012227257e-02
5.510700000000000000e+04 -4.599346565591766023e+01 1.424662279905771811e+01 6.623076933187383580e-03 1.898907432307201659e-01 1.037530654529236849e-03 2.682072644501697772e-02
5.510800000000000000e+04 -1.735747897879678092e+00 1.424662279905771811e+01 5.633082696849044807e-03 1.619755369728444194e-01 8.757902202812570909e-04 2.267294750459748418e-02
5.510900000000000000e+04 -1.334558862771006815e+01 1.424662279905771811e+01 4.787588048842187846e-03 1.382022948321354749e-01 7.387683124515371895e-04 1.917345932743277914e-02
5.511000000000000000e+04 -9.364348169003209321e-01 1.424662279905771811e+01 4.068212355489229937e-03 1.178497316126725092e-01 6.230988444615148105e-04 1.620595869261173133e-02
5.511100000000000000e+04 3.436796328144657053e+01 1.424662279905771811e+01 3.458838412398894217e-03 1.004355908504883793e-01 5.258591276927242816e-04 1.369078392182229709e-02
5.511400000000000000e+04 -2.901863735765770258e+01 1.424662279905771811e+01 2.124817077529088383e-03 6.226435039832855373e-02 3.160519228810185948e-04 8.271034856313568689e-03
