5.497400000000000000e+04 3.471749905164920769e+00 6.876008114103958846e+00 2.872527343123094101e-01 1.361878828892547995e-18 2.872527343123094101e-01 1.361878828892547995e-18
5.497600000000000000e+04 -4.756536614398256368e+00 6.876008114103958846e+00 1.958814406946931541e+00 1.361878786922353313e-18 1.958814406946931541e+00 1.361878786922353313e-18
5.498000000000000000e+04 1.043021016473979046e+01 6.876008114103958846e+00 9.740658635389692677e+00 1.361878649528380196e-18 9.740658635389692677e+00 1.361878649528380196e-18
5.498100000000000000e+04 7.619984717161657706e+00 6.876008114103958846e+00 1.261836908227294352e+01 1.361878599096895607e-18 1.261836908227294352e+01 1.361878599096895607e-18
5.498500000000000000e+04 2.979069001623557611e+01 6.876008114103958846e+00 2.761301931683333422e+01 1.361878293321106731e-18 2.761301931683333422e+01 1.361878293321106731e-18
5.498700000000000000e+04 3.260830621025446874e+01 6.876008114103958846e+00 3.698113532148148863e+01 1.361878049372206945e-18 3.698113532148148863e+01 1.361878049372206945e-18
5.498800000000000000e+04 4.731668562159423175e+01 6.876008114103958846e+00 4.209516568424355398e+01 1.361877894807208667e-18 4.209516568424355398e+01 1.361877894807208667e-18
5.498900000000000000e+04 5.000254449722495309e+01 6.876008114103958846e+00 4.711547825657126509e+01 1.361877713423546935e-18 4.711547825657126509e+01 1.361877713423546935e-18
5.499300000000000000e+04 6.659966739823022408e+01 6.876008114103958846e+00 6.549985504210982867e+01 1.361876613660269607e-18 6.549985504210982867e+01 1.361876613660269607e-18
5.499500000000000000e+04 6.406361199865027345e+01 6.876008114103958846e+00 6.925870503056015082e+01 -1.940482729049532867e-02 6.925870503056015082e+01 -1.940482729049532867e-02
5.499700000000000000e+04 8.542134749795235393e+01 6.876008114103958846e+00 7.599302134158550359e+01 1.172809985443463487e+00 6.841287481237441170e+01 1.172809985443463487e+00
5.499900000000000000e+04 8.501720483582838028e+01 6.876008114103958846e+00 7.946240387221574508e+01 4.188406388058739438e+00 6.504780932565140006e+01 4.188406388058739438e+00
5.500000000000000000e+04 9.840442015191031544e+01 6.876008114103958846e+00 8.071659299240927510e+01 6.387348154830737812e+00 6.320798198309262261e+01 6.387348154830737812e+00
5.500200000000000000e+04 9.111458757534020947e+01 6.876008114103958846e+00 8.207621959584616889e+01 1.217582329423711585e+01 5.914124484496770862e+01 1.217582329423711585e+01
5.500300000000000000e+04 8.727277470564266082e+01 6.876008114103958846e+00 8.123015168411551201e+01 1.577296135284117895e+01 5.628475033544589223e+01 1.577296135284117895e+01
5.500500000000000000e+04 1.052918111458198069e+02 6.876008114103958846e+00 7.770978181580086641e+01 2.434500671405781702e+01 5.000629460476246635e+01 2.434500671405781702e+01
5.500700000000000000e+04 1.138746611139326035e+02 6.876008114103958846e+00 7.417256617661041673e+01 3.451627414604166688e+01 4.455343955827151348e+01 3.451627414604166688e+01
5.500900000000000000e+04 1.144531942486057545e+02 6.876008114103958846e+00 6.991917559259566417e+01 4.622641915185185724e+01 3.937777404403901471e+01 4.622641915185185724e+01
5.501000000000000000e+04 1.202687557021619540e+02 6.876008114103958846e+00 6.749862057299434071e+01 5.261895710530443893e+01 3.686434766411487374e+01 5.261895710530443893e+01
5.501300000000000000e+04 1.294060124346694352e+02 6.876008114103958846e+00 5.987569637423779767e+01 7.085966617111323274e+01 2.997981993502793685e+01 7.085966617111323274e+01
5.501600000000000000e+04 1.298281421333694254e+02 6.876008114103958846e+00 4.930676343521272997e+01 8.521019049050045169e+01 2.279133005233092391e+01 8.521019049050045169e+01
5.501700000000000000e+04 1.325176394537770648e+02 6.876008114103958846e+00 4.598201100063588598e+01 9.065964488500323171e+01 2.072381963252022885e+01 8.657338128820018142e+01
5.501800000000000000e+04 1.377243507927259429e+02 6.876008114103958846e+00 4.287122495339971096e+01 9.464893732867948017e+01 1.885112345149930135e+01 8.648477460588402721e+01
5.501900000000000000e+04 1.298801558118846060e+02 6.876008114103958846e+00 3.981163915171157441e+01 9.762517235725827902e+01 1.708947422377729097e+01 8.551609351546802884e+01
5.502000000000000000e+04 1.323911521037977082e+02 6.876008114103958846e+00 3.683997328403917493e+01 9.942503304719960511e+01 1.544652967884242400e+01 8.363478553768472068e+01
5.502200000000000000e+04 1.219712201638513420e+02 6.876008114103958846e+00 3.136975102097589385e+01 1.013856031008805587e+02 1.256901635586821442e+01 7.900997747886577827e+01
5.502300000000000000e+04 1.281059468736686995e+02 6.876008114103958846e+00 2.886096285873570366e+01 1.020747561018581848e+02 1.131270102647213349e+01 7.672486177229268378e+01
5.502400000000000000e+04 1.265153468694474981e+02 6.876008114103958846e+00 2.653764361138853545e+01 1.018412236230343950e+02 1.018094207449878574e+01 7.392655605620964820e+01
5.502500000000000000e+04 1.214399727652264573e+02 6.876008114103958846e+00 2.441809507962472026e+01 1.002431403474291329e+02 9.172838121572022274e+00 7.035593791930737950e+01
5.502800000000000000e+04 1.035610469211964357e+02 6.876008114103958846e+00 1.899524038126809700e+01 9.246728457020037695e+01 6.716370971383953226e+00 5.903171895441801809e+01
5.502900000000000000e+04 1.046674642513141436e+02 6.876008114103958846e+00 1.750790241283739235e+01 8.986428758903365122e+01 6.071543353043900915e+00 5.569179944783939362e+01
5.503100000000000000e+04 9.983174499338514352e+01 6.876008114103958846e+00 1.499126651653919851e+01 8.407154758402330685e+01 5.006434182654020404e+00 4.922221755504877194e+01
5.503300000000000000e+04 8.154135999636625343e+01 6.876008114103958846e+00 1.301777429432866739e+01 7.762430287561124942e+01 4.192249869357422831e+00 4.306718978895430183e+01
5.503400000000000000e+04 9.689552017140590578e+01 6.876008114103958846e+00 1.224659095604198278e+01 7.448750963731228580e+01 3.874767751706000407e+00 4.027222623124582412e+01
5.503500000000000000e+04 8.246600652137146881e+01 6.876008114103958846e+00 1.157031802328240211e+01 7.108215306595123195e+01 3.597735703756966164e+00 3.747477491878492373e+01
5.503700000000000000e+04 7.675977278244296542e+01 6.876008114103958846e+00 1.046393278796644388e+01 6.250327380220326745e+01 3.145344712025503142e+00 3.138975180906150086e+01
5.503800000000000000e+04 7.638539601373132371e+01 6.876008114103958846e+00 1.002177482326832170e+01 5.807230897333919728e+01 2.963093496324381348e+00 2.848916256541365399e+01
5.503900000000000000e+04 7.194589885350549707e+01 6.876008114103958846e+00 9.632694977842625406e+00 5.402699778198023495e+01 2.802157021713587159e+00 2.590477454065029050e+01
5.504000000000000000e+04 6.130027779973424629e+01 6.876008114103958846e+00 9.268620472621689643e+00 5.025709512169714088e+01 2.653484246384680389e+00 2.356390431437412758e+01
5.504100000000000000e+04 5.431664148572475881e+01 6.876008114103958846e+00 8.918914137347767834e+00 4.656881725979311426e+01 2.513503025968822246e+00 2.136184277972161283e+01
5.504300000000000000e+04 5.303132732615732436e+01 6.876008114103958846e+00 8.257915069371753347e+00 3.964356777759771688e+01 2.256754227528354306e+00 1.743034109109994390e+01
5.504400000000000000e+04 4.512308463853469931e+01 6.876008114103958846e+00 7.911991282164740014e+00 3.647528546472955924e+01 2.129971270706062736e+00 1.571127044483526802e+01
5.504500000000000000e+04 3.698599839054793392e+01 6.876008114103958846e+00 7.551305437268367449e+00 3.349690773938398536e+01 2.002998789726357476e+00 1.414087628309016509e+01
5.504600000000000000e+04 3.232811138489203984e+01 6.876008114103958846e+00 7.201194234435823738e+00 3.074644506498633234e+01 1.882468299899572761e+00 1.272617759312348085e+01
5.504700000000000000e+04 2.928415384543705358e+01 6.876008114103958846e+00 6.861428064928858817e+00 2.824316857632025446e+01 1.768044749775525615e+00 1.146604765196502740e+01
5.504900000000000000e+04 1.608592225908991935e+01 6.876008114103958846e+00 6.191178502725894539e+00 2.378260467970723369e+01 1.551051834533994978e+00 9.298797575737893339e+00
5.505000000000000000e+04 2.079349247545960822e+01 6.876008114103958846e+00 5.822318907808187838e+00 2.186850388282615398e+01 1.438675292267899364e+00 8.395463714229940422e+00
5.505100000000000000e+04 2.690483534887479067e+01 6.876008114103958846e+00 5.436115645356124126e+00 2.012716621534053374e+01 1.325106192803267691e+00 7.589429191304875921e+00
5.505300000000000000e+04 1.374369400639219130e+01 6.876008114103958846e+00 4.671471206392032727e+00 1.718708854905125349e+01 1.108770342350714921e+00 6.258042728317525949e+00
5.505400000000000000e+04 1.299634579107097920e+01 6.876008114103958846e+00 4.293820997733088340e+00 1.594308690041533083e+01 1.005908494057323077e+00 5.707004188293002933e+00
5.505500000000000000e+04 3.007494207634390904e+01 6.876008114103958846e+00 3.933977050929433616e+00 1.488667928608820645e+01 9.098004280595362037e-01 5.240312336696778317e+00
5.505700000000000000e+04 1.604504509632408826e+01 6.876008114103958846e+00 3.267954795303254834e+00 1.320009229708430709e+01 7.368888778080757707e-01 4.497169629696206705e+00
5.505800000000000000e+04 1.546233042835780225e+01 6.876008114103958846e+00 2.951900508094092768e+00 1.250954633502162494e+01 6.574095826676078502e-01 4.194456255036756787e+00
5.505900000000000000e+04 2.362624218930402975e+00 6.876008114103958846e+00 2.650107795339088135e+00 1.191142042444058013e+01 5.830050588127172473e-01 3.931680890031879372e+00
5.506100000000000000e+04 1.873979501819677651e+01 6.876008114103958846e+00 2.097721046587586624e+00 1.094242316979155838e+01 4.505027589097987395e-01 3.502696277141983838e+00
5.506300000000000000e+04 1.065977595557182767e+01 6.876008114103958846e+00 1.628229051359488366e+00 1.011182267347257024e+01 3.415482990769190819e-01 3.141878782461027253e+00
5.506400000000000000e+04 1.674500573628044719e+01 6.876008114103958846e+00 1.430050174861278833e+00 9.722535591520975018e+00 2.965309531914898100e-01 2.977258571631851591e+00
5.506700000000000000e+04 1.793388654966167550e+01 6.876008114103958846e+00 9.478364502329007513e-01 8.530771845444554913e+00 1.899928740845295005e-01 2.503748487157946734e+00
5.506800000000000000e+04 -2.499169065874175644e+00 6.876008114103958846e+00 8.222095865760433719e-01 8.128498118966355435e+00 1.630009885761951050e-01 2.353085374874466229e+00
5.506900000000000000e+04 1.146112861515100079e+01 6.876008114103958846e+00 7.114886321071732800e-01 7.738731869767476290e+00 1.395185175518027509e-01 2.210055937219407074e+00
5.507000000000000000e+04 -5.599922891004793790e+00 6.876008114103958846e+00 6.142464668803382377e-01 7.359075011014281742e+00 1.191554736916271978e-01 2.073679838540994247e+00
5.507200000000000000e+04 1.231817914107700851e+01 6.876008114103958846e+00 4.560021150716552230e-01 6.551727280988012936e+00 8.659693020465177027e-02 1.798344115334874260e+00
5.507400000000000000e+04 1.412615505275912042e+01 6.876008114103958846e+00 3.365728559047677093e-01 5.674846900798676153e+00 6.259957145868536021e-02 1.518313062071563468e+00
5.507600000000000000e+04 1.563714927841515223e+00 6.876008114103958846e+00 2.446644561300058696e-01 4.818301686534577577e+00 4.458659039435906163e-02 1.257385617571653791e+00
5.507800000000000000e+04 1.161326961384766321e+01 6.876008114103958846e+00 1.772255691513887343e-01 4.030706191354343382e+00 3.165759871947924908e-02 1.026565350283807909e+00
5.508000000000000000e+04 6.019028539571829484e+00 6.876008114103958846e+00 1.280487148722933011e-01 3.304140562487396515e+00 2.242927217941729015e-02 8.217619783345098128e-01
5.508200000000000000e+04 9.370842024839006967e+00 6.876008114103958846e+00 9.225249237564120408e-02 2.642431204826007018e+00 1.585148843184322476e-02 6.421148923080304272e-01
5.508300000000000000e+04 -1.245788484205144186e+01 6.876008114103958846e+00 7.828265047811086563e-02 2.343965854607682697e+00 1.332425287277213925e-02 5.631284486372484244e-01
5.508400000000000000e+04 -5.584900803676555725e+00 6.876008114103958846e+00 6.634986103872077268e-02 2.068286789048725982e+00 1.118771474028273233e-02 4.913262041639884781e-01
5.508600000000000000e+04 1.928381387156426285e+01 6.876008114103958846e+00 4.778895805253825790e-02 1.595336528170215429e+00 7.910245647124551638e-03 3.706636914893623458e-01
5.508900000000000000e+04 9.590656115336607002e+00 6.876008114103958846e+00 2.953792704718989290e-02 1.055790401287730607e+00 4.758348966942117439e-03 2.374910926056618965e-01
5.509000000000000000e+04 -8.126932272275054103e+00 6.876008114103958846e+00 2.515094851968402434e-02 9.154135518439115993e-01 4.015798901434460173e-03 2.037512357202438951e-01
5.509200000000000000e+04 -4.360875338551451819e+00 6.876008114103958846e+00 1.823123819824581937e-02 6.832374861477903405e-01 2.860340487345981557e-03 1.489443421145340285e-01
5.509300000000000000e+04 9.462711230551763109e+00 6.876008114103958846e+00 1.552278488735900699e-02 5.890269285830286305e-01 2.414419350363810127e-03 1.270988539148603380e-01
5.509500000000000000e+04 -2.727250268303578196e+00 6.876008114103958846e+00 1.124605589990867321e-02 4.354325471705292050e-01 1.719580412830072277e-03 9.208098189192380489e-02
5.509600000000000000e+04 6.391562191093267842e+00 6.876008114103958846e+00 9.575513617746863118e-03 3.737194416083516324e-01 1.451847290194205504e-03 7.824946432335670721e-02
5.509700000000000000e+04 5.187374955594426851e+00 6.876008114103958846e+00 8.151450433902005660e-03 3.189013450151971241e-01 1.225634575374692737e-03 6.611820886863432889e-02
5.509800000000000000e+04 2.809785342588583923e+00 6.876008114103958846e+00 6.935252852135165638e-03 2.714431623208579114e-01 1.034155386379047173e-03 5.573323799294881836e-02
5.510000000000000000e+04 -3.041958205837548057e+00 6.876008114103958846e+00 5.026680235648261705e-03 1.964670576530882506e-01 7.373742460977353481e-04 3.957199839934906482e-02
5.510100000000000000e+04 1.199070845803548835e+01 6.876008114103958846e+00 4.277566175215478418e-03 1.669635476005058294e-01 6.224268341795411233e-04 3.331275889874418111e-02
5.510200000000000000e+04 1.528278680852114935e+00 6.876008114103958846e+00 3.642667242111638070e-03 1.418427172626349209e-01 5.258043306838589264e-04 2.803659022427161529e-02
5.510600000000000000e+04 -1.726438734028010735e-01 6.876008114103958846e+00 1.907742695990415722e-03 7.339140869625472574e-02 2.668395524086519138e-04 1.398464342535341541e-02
5.510900000000000000e+04 5.591860507878714692e+00 6.876008114103958846e+00 1.173339293678566731e-03 4.499766282910577092e-02 1.603886617199637324e-04 8.348980041024522958e-03
5.511100000000000000e+04 -1.035021994667421907e+01 6.876008114103958846e+00 8.489831367973027466e-04 3.261848216838821729e-02 1.143196079927424701e-04 5.947936208677647232e-03
5.511200000000000000e+04 -8.709408431963906239e+00 6.876008114103958846e+00 7.216635572816795623e-04 2.776523360451785619e-02 9.645587389153405797e-05 5.019748626793075000e-03
5.511400000000000000e+04 1.287125542968612457e+01 6.876008114103958846e+00 5.221294690758054077e-04 2.011391430701693975e-02 6.876820444588222371e-05 3.575425609182477163e-03
5.511500000000000000e+04 -1.954018146085261165e+01 6.876008114103958846e+00 4.438946344158176387e-04 1.712064761342977845e-02 5.804061642466235168e-05 3.018024187954762658e-03
5.511700000000000000e+04 -3.039455666900021669e+00 6.876008114103958846e+00 3.211936095938321719e-04 1.239645519609199054e-02 4.139733072045060849e-05 2.149475516037590347e-03
5.511800000000000000e+04 6.475058013913600474e-01 6.876008114103958846e+00 2.730603437855316632e-04 1.055202610513148419e-02 3.494412016400036890e-05 1.814809112742756881e-03
5.511900000000000000e+04 1.836056564565368143e+00 6.876008114103958846e+00 2.323819442238831193e-04 8.980224533770375314e-03 2.952906681710418518e-05 1.532043219218365976e-03
5.512000000000000000e+04 1.443500296951255590e+00 6.876008114103958846e+00 1.994177585201395940e-04 7.638271683795642801e-03 2.516312410348764490e-05 1.292694232973808696e-03
