5.497400000000000000e+04 2.771374974494919208e+00 5.363749365601896635e+00 2.872527343123094101e-01 8.716023866393842389e-19 2.872527343123094101e-01 8.716023866393842389e-19
5.497600000000000000e+04 -3.279611607509298921e+00 5.363749365601896635e+00 1.958814406946931541e+00 8.716023356981633868e-19 1.958814406946931541e+00 8.716023356981633868e-19
5.498000000000000000e+04 1.027855526330595914e+01 5.363749365601896635e+00 9.740658635389692677e+00 8.716021689365841492e-19 9.740658635389692677e+00 8.716021689365841492e-19
5.498100000000000000e+04 8.719292681765550057e+00 5.363749365601896635e+00 1.261836908227294352e+01 8.716021077255084616e-19 1.261836908227294352e+01 8.716021077255084616e-19
5.498500000000000000e+04 2.931174910868011807e+01 5.363749365601896635e+00 2.761301931683333422e+01 8.716017365910701769e-19 2.761301931683333422e+01 8.716017365910701769e-19
5.498700000000000000e+04 3.357003414445998146e+01 5.363749365601896635e+00 3.698113532148148863e+01 8.716014404989387201e-19 3.698113532148148863e+01 8.716014404989387201e-19
5.498800000000000000e+04 4.616830285724877569e+01 5.363749365601896635e+00 4.209516568424355398e+01 8.716012528962566048e-19 4.209516568424355398e+01 8.716012528962566048e-19
5.498900000000000000e+04 4.936758434193106382e+01 5.363749365601896635e+00 4.711547825657126509e+01 8.716010327425725717e-19 4.711547825657126509e+01 8.716010327425725717e-19
5.499300000000000000e+04 6.710838113292560081e+01 5.363749365601896635e+00 6.549985504210982867e+01 7.505983906838168407e-01 6.549985504210982867e+01 7.505983906838168407e-01
5.499500000000000000e+04 6.790189978379322611e+01 5.363749365601896635e+00 6.925870503056015082e+01 2.680580088357593205e+00 6.925870503056015082e+01 2.680580088357593205e+00
5.499700000000000000e+04 8.560939766220951697e+01 5.363749365601896635e+00 7.337964952375278926e+01 5.789889591216336839e+00 6.841287481237441170e+01 5.789889591216336839e+00
5.499900000000000000e+04 8.565332628873201770e+01 5.363749365601896635e+00 7.449275123973598056e+01 1.009469526581835552e+01 6.504780932565140006e+01 1.009469526581835552e+01
5.500000000000000000e+04 9.618809670023996716e+01 5.363749365601896635e+00 7.468023071302394555e+01 1.269273137910385429e+01 6.320798198309262261e+01 1.269273137910385429e+01
5.500200000000000000e+04 9.046204961991993798e+01 5.363749365601896635e+00 7.416903516007400299e+01 1.874044088442200007e+01 5.914124484496770862e+01 1.874044088442200007e+01
5.500300000000000000e+04 8.712993813812377653e+01 5.363749365601896635e+00 7.262984183285938400e+01 2.209041545346666879e+01 5.628475033544589223e+01 2.209041545346666879e+01
5.500500000000000000e+04 1.002685834279546384e+02 5.363749365601896635e+00 6.815857954629125004e+01 2.958490825718519801e+01 5.000629460476246635e+01 2.958490825718519801e+01
5.500700000000000000e+04 1.056985898701693429e+02 5.363749365601896635e+00 6.396091782985457996e+01 3.769238260525701634e+01 4.455343955827151348e+01 3.769238260525701634e+01
5.500900000000000000e+04 1.034195588081965695e+02 5.363749365601896635e+00 5.938955881321963659e+01 4.535018634951246952e+01 3.937777404403901471e+01 4.535018634951246952e+01
5.501000000000000000e+04 1.061683695725265864e+02 5.363749365601896635e+00 5.693698496722542046e+01 4.911345556622313779e+01 3.686434766411487374e+01 4.911345556622313779e+01
5.501300000000000000e+04 1.062380047060683808e+02 5.363749365601896635e+00 4.956863428057519627e+01 5.770635303146273287e+01 2.997981993502793685e+01 5.540696402444812918e+01
5.501600000000000000e+04 9.891919436401276755e+01 5.363749365601896635e+00 4.016516095122278784e+01 6.241162235964186067e+01 2.279133005233092391e+01 5.352626274411823459e+01
5.501700000000000000e+04 9.689303526778400055e+01 5.363749365601896635e+00 3.727386199105087883e+01 6.283618380857926411e+01 2.072381963252022885e+01 5.203824746052112715e+01
5.501800000000000000e+04 9.790662280720553667e+01 5.363749365601896635e+00 3.458992642115606486e+01 6.315741559750616574e+01 1.885112345149930135e+01 5.056638558647409809e+01
5.501900000000000000e+04 8.945172168675334490e+01 5.363749365601896635e+00 3.197782416753206647e+01 6.336859783497198606e+01 1.708947422377729097e+01 4.910391153426733268e+01
5.502000000000000000e+04 8.946329870294069053e+01 5.363749365601896635e+00 2.946425536239192411e+01 6.302091050679760542e+01 1.544652967884242400e+01 4.731299587597417400e+01
5.502200000000000000e+04 7.651985127452429936e+01 5.363749365601896635e+00 2.488790928625465071e+01 6.004429268884084081e+01 1.256901635586821442e+01 4.243412910872144295e+01
5.502300000000000000e+04 7.887085203603615469e+01 5.363749365601896635e+00 2.281093034977840972e+01 5.826733447346924066e+01 1.131270102647213349e+01 4.000503568380997876e+01
5.502400000000000000e+04 7.603963801647687148e+01 5.363749365601896635e+00 2.089841979632365110e+01 5.659488959597965163e+01 1.018094207449878574e+01 3.778030013082754124e+01
5.502500000000000000e+04 7.152127319696681695e+01 5.363749365601896635e+00 1.916205883596395410e+01 5.487201615996719539e+01 9.172838121572022274e+00 3.564275164661721362e+01
5.502800000000000000e+04 5.767204641219058203e+01 5.363749365601896635e+00 1.476191175800478916e+01 4.907381961046973373e+01 6.716370971383953226e+00 2.949147813129190610e+01
5.502900000000000000e+04 5.846387293369919291e+01 5.363749365601896635e+00 1.356504215937068558e+01 4.700869899843940658e+01 6.071543353043900915e+00 2.756300146493076042e+01
5.503100000000000000e+04 5.504378661248720306e+01 5.363749365601896635e+00 1.154884237254629475e+01 4.289512636303798132e+01 5.006434182654020404e+00 2.398385594802235588e+01
5.503300000000000000e+04 4.047325622006359680e+01 5.363749365601896635e+00 9.975039339149049056e+00 3.759738912682151124e+01 4.192249869357422831e+00 2.008944115779936368e+01
5.503400000000000000e+04 5.216671951994178613e+01 5.363749365601896635e+00 9.360276457796185667e+00 3.487985151208724943e+01 3.874767751706000407e+00 1.823306404186474339e+01
5.503500000000000000e+04 4.107995740339570290e+01 5.363749365601896635e+00 8.821647945612079766e+00 3.240376437740863480e+01 3.597735703756966164e+00 1.657905570601618450e+01
5.503700000000000000e+04 3.875503726954475070e+01 5.363749365601896635e+00 7.940737259979585794e+00 2.785584298475698972e+01 3.145344712025503142e+00 1.367157937902183562e+01
5.503800000000000000e+04 3.974663617040264540e+01 5.363749365601896635e+00 7.588186134737108901e+00 2.569066816185072000e+01 2.963093496324381348e+00 1.235722374307394134e+01
5.503900000000000000e+04 3.739662547202780729e+01 5.363749365601896635e+00 7.277762216794528172e+00 2.365506450155355722e+01 2.802157021713587159e+00 1.115541829830396736e+01
5.504000000000000000e+04 3.011159947281046811e+01 5.363749365601896635e+00 6.987950762854056030e+00 2.173937068910966630e+01 2.653484246384680389e+00 1.005521308469457331e+01
5.504100000000000000e+04 2.573905075503901685e+01 5.363749365601896635e+00 6.710550378731560350e+00 1.994202936946507876e+01 2.513503025968822246e+00 9.050160821177707149e+00
5.504300000000000000e+04 2.696950242768332018e+01 5.363749365601896635e+00 6.188922793573758518e+00 1.677895549197954850e+01 2.256754227528354306e+00 7.338270497257618707e+00
5.504400000000000000e+04 2.187230389419612919e+01 5.363749365601896635e+00 5.918551169910934995e+00 1.537977301883725012e+01 2.129971270706062736e+00 6.606431709122529305e+00
5.504500000000000000e+04 1.657108105435819212e+01 5.363749365601896635e+00 5.638441593079695835e+00 1.410144054765500243e+01 2.002998789726357476e+00 5.951230448472252910e+00
5.504600000000000000e+04 1.393840799568694777e+01 5.363749365601896635e+00 5.367481863503651418e+00 1.295453632960537327e+01 1.882468299899572761e+00 5.373096777107163824e+00
5.504700000000000000e+04 1.247743674351226773e+01 5.363749365601896635e+00 5.105406019451808497e+00 1.191236805867213633e+01 1.768044749775525615e+00 4.857234682435121798e+00
5.504900000000000000e+04 3.913007995369085279e+00 5.363749365601896635e+00 4.591423640587532162e+00 1.015505109609541634e+01 1.551051834533994978e+00 4.005147346123217211e+00
5.505000000000000000e+04 8.343056262655258237e+00 5.363749365601896635e+00 4.310990513280760439e+00 9.412447867667886214e+00 1.438675292267899364e+00 3.652482680507522339e+00
5.505100000000000000e+04 1.384720915006698583e+01 5.363749365601896635e+00 4.018782061533750394e+00 8.781925026329929551e+00 1.325106192803267691e+00 3.353799895485938709e+00
5.505300000000000000e+04 4.888460077442008611e+00 5.363749365601896635e+00 3.443175421135909797e+00 7.775426402959556782e+00 1.108770342350714921e+00 2.878188563005573020e+00
5.505400000000000000e+04 4.875588531105443657e+00 5.363749365601896635e+00 3.160262715779892151e+00 7.363451844842128224e+00 1.005908494057323077e+00 2.684452003223524841e+00
5.505500000000000000e+04 1.867701639132880587e+01 5.363749365601896635e+00 2.891345760373205565e+00 7.006569880508012993e+00 9.098004280595362037e-01 2.516275769620402780e+00
5.505700000000000000e+04 8.493509151747675290e+00 5.363749365601896635e+00 2.395330986202931278e+00 6.428148207810970405e+00 7.368888778080757707e-01 2.241725617370870172e+00
5.505800000000000000e+04 8.336717351446846891e+00 5.363749365601896635e+00 2.160839557270160416e+00 6.175188538186429987e+00 6.574095826676078502e-01 2.122787397107745111e+00
5.505900000000000000e+04 -1.645651651939751048e+00 5.363749365601896635e+00 1.937442411446422152e+00 5.932872542496808066e+00 5.830050588127172473e-01 2.010802420775057886e+00
5.506100000000000000e+04 1.145261987312568763e+01 5.363749365601896635e+00 1.529817268705894628e+00 5.476691159365810968e+00 4.505027589097987395e-01 1.805403382022683800e+00
5.506300000000000000e+04 5.335814856294526010e+00 5.363749365601896635e+00 1.184626120518386116e+00 4.993876582545754950e+00 3.415482990769190819e-01 1.602399031781086114e+00
5.506400000000000000e+04 1.015758411965218144e+01 5.363749365601896635e+00 1.039252031650214292e+00 4.755867912866281522e+00 2.965309531914898100e-01 1.505974639919658298e+00
5.506700000000000000e+04 1.135530679146516420e+01 5.363749365601896635e+00 6.865582497918558680e-01 4.073062117486272449e+00 1.899928740845295005e-01 1.240841467627196382e+00
5.506800000000000000e+04 -4.511012281351841402e+00 5.363749365601896635e+00 5.949373082042545002e-01 3.825725337198798481e+00 1.630009885761951050e-01 1.150940233814319757e+00
5.506900000000000000e+04 6.430720158532077235e+00 5.363749365601896635e+00 5.142931593994553019e-01 3.567715913503518355e+00 1.395185175518027509e-01 1.060084954242614286e+00
5.507000000000000000e+04 -6.833837125881697006e+00 5.363749365601896635e+00 4.435562508170823315e-01 3.310651265585803582e+00 1.191554736916271978e-01 9.717203597258007308e-01
5.507200000000000000e+04 7.279648936826558447e+00 5.363749365601896635e+00 3.286440098196738435e-01 2.808496515408046346e+00 8.659693020465177027e-02 8.047267952458585505e-01
5.507400000000000000e+04 8.919623864863954310e+00 5.363749365601896635e+00 2.421163625307574119e-01 2.347467517800989167e+00 6.259957145868536021e-02 6.570018241816371063e-01
5.507600000000000000e+04 -6.311755007842427823e-01 5.363749365601896635e+00 1.756845421308929622e-01 1.922791547386219824e+00 4.458659039435906163e-02 5.259276661340864800e-01
5.507800000000000000e+04 7.440256238349375550e+00 5.363749365601896635e+00 1.270387779013982810e-01 1.536555252697424878e+00 3.165759871947924908e-02 4.109535310771395000e-01
5.508000000000000000e+04 3.311366817589781242e+00 5.363749365601896635e+00 9.163479148900932625e-02 1.201823201481449388e+00 2.242927217941729015e-02 3.144487706649526926e-01
5.508200000000000000e+04 6.168925152275217094e+00 5.363749365601896635e+00 6.591207404844731665e-02 9.263626977702145160e-01 1.585148843184322476e-02 2.372247625531919146e-01
5.508300000000000000e+04 -1.074155059378512966e+01 5.363749365601896635e+00 5.588724624955546116e-02 8.100682123603349938e-01 1.332425287277213925e-02 2.052624382010224402e-01
5.508400000000000000e+04 -5.269094986330791208e+00 5.363749365601896635e+00 4.733186475171415053e-02 7.053322034823237274e-01 1.118771474028273233e-02 1.768636417959688623e-01
5.508600000000000000e+04 1.432582666015378869e+01 5.363749365601896635e+00 3.404016009327107822e-02 5.308616195949522609e-01 7.910245647124551638e-03 1.304007908609561006e-01
5.508900000000000000e+04 6.996998892257257019e+00 5.363749365601896635e+00 2.099478731194201475e-02 3.412756746238698735e-01 4.758348966942117439e-03 8.134326650551063076e-02
5.509000000000000000e+04 -6.761864860051128190e+00 5.363749365601896635e+00 1.786428141303119874e-02 2.935289546216876544e-01 4.015798901434460173e-03 6.927754416372142177e-02
5.509200000000000000e+04 -3.719693267545929771e+00 5.363749365601896635e+00 1.293188537733991512e-02 2.163441189612166637e-01 2.860340487345981557e-03 5.007965716694829511e-02
5.509300000000000000e+04 7.105525698180771066e+00 5.363749365601896635e+00 1.100347474734802815e-02 1.845597235075511766e-01 2.414419350363810127e-03 4.231565367592597660e-02
5.509500000000000000e+04 -2.334221898306679144e+00 5.363749365601896635e+00 7.961657311403233517e-03 1.336946992923847555e-01 1.719580412830072277e-03 3.008093132914495954e-02
5.509600000000000000e+04 4.807240591416912956e+00 5.363749365601896635e+00 6.774755010233220881e-03 1.136127902844671633e-01 1.451847290194205504e-03 2.532607897558340412e-02
5.509700000000000000e+04 3.893669302739444671e+00 5.363749365601896635e+00 5.763669154157030801e-03 9.652705018500114253e-02 1.225634575374692737e-03 2.132016569519628105e-02
5.509800000000000000e+04 2.061552105245208377e+00 5.363749365601896635e+00 4.900758960511665714e-03 8.198347567020611293e-02 1.034155386379047173e-03 1.794341774353383490e-02
5.510000000000000000e+04 -2.467570157558715671e+00 5.363749365601896635e+00 3.547876185099253787e-03 5.899289934794776230e-02 7.373742460977353481e-04 1.268119074547458328e-02
5.510100000000000000e+04 9.273027767629210771e+00 5.363749365601896635e+00 3.017400806735578891e-03 5.002990468668483404e-02 6.224268341795411233e-04 1.065940229821771279e-02
5.510200000000000000e+04 1.123619034068949807e+00 5.363749365601896635e+00 2.568080931493035412e-03 4.237906343619100152e-02 5.258043306838589264e-04 8.950171792226187251e-03
5.510600000000000000e+04 -1.699589003238699825e-01 5.363749365601896635e+00 1.342016160928833106e-03 2.211133956271309209e-02 2.668395524086519138e-04 4.511597543912077707e-03
5.510900000000000000e+04 4.340466075365996268e+00 5.363749365601896635e+00 8.241090216495175263e-04 1.363070011131442549e-02 1.603886617199637324e-04 2.712307255261054220e-03
5.511100000000000000e+04 -8.089512482624442669e+00 5.363749365601896635e+00 5.956966133285825256e-04 9.867249001066821790e-03 1.143196079927424701e-04 1.931535480291048318e-03
5.511200000000000000e+04 -6.807242713172629855e+00 5.363749365601896635e+00 5.061136158962683228e-04 8.397947698131352431e-03 9.645587389153405797e-05 1.630669455947835432e-03
5.511400000000000000e+04 1.003079233304627493e+01 5.363749365601896635e+00 3.658262171907596572e-04 6.078013495669023353e-03 6.876820444588222371e-05 1.161477832155364534e-03
5.511500000000000000e+04 -1.525087636551430137e+01 5.363749365601896635e+00 3.108655415704915360e-04 5.171687654251054707e-03 5.804061642466235168e-05 9.805076602997543633e-04
5.511700000000000000e+04 -2.376932560377689185e+00 5.363749365601896635e+00 2.247295495490381483e-04 3.743432432789436329e-03 4.139733072045060849e-05 6.987274722892087252e-04
5.511800000000000000e+04 5.000296652758992044e-01 5.363749365601896635e+00 1.909661222842456236e-04 3.184866843745338526e-03 3.494412016400036890e-05 5.898993968781883653e-04
5.511900000000000000e+04 1.427932804486813145e+00 5.363749365601896635e+00 1.624453023742535322e-04 2.709050553083034839e-03 2.952906681710418518e-05 4.979414673436328770e-04
5.512000000000000000e+04 1.122358820946857128e+00 5.363749365601896635e+00 1.393407997230628143e-04 2.305967472647132283e-03 2.516312410348764490e-05 4.206434645470872170e-04
