5.497600000000000000e+04 -5.816786442171409277e+00 8.090133933114497466e+00 1.164140563987932975e+00 8.960306592350573665e-19 1.164140563987932975e+00 8.960306592350573665e-19
5.497900000000000000e+04 4.106414786326890720e+00 8.090133933114497466e+00 4.289077145657377521e+00 8.960306590053393761e-19 4.289077145657377521e+00 8.960306590053393761e-19
5.498300000000000000e+04 1.284176641978405442e+01 8.090133933114497466e+00 1.143383206421574805e+01 8.960306584651271971e-19 1.143383206421574805e+01 8.960306584651271971e-19
5.499200000000000000e+04 4.419151354248716501e+01 8.090133933114497466e+00 3.733751665722944324e+01 1.587232095280796784e+00 3.733751665722944324e+01 1.587232095280796784e+00
5.499500000000000000e+04 4.492198084030423644e+01 8.090133933114497466e+00 4.526446668391263017e+01 4.563436508517902723e+00 4.526446668391263017e+01 4.563436508517902723e+00
5.499600000000000000e+04 3.548234076965428585e+01 8.090133933114497466e+00 4.750204251648135312e+01 5.899401966142534093e+00 4.750204251648135312e+01 5.899401966142534093e+00
5.499800000000000000e+04 6.228685967060967954e+01 8.090133933114497466e+00 5.419575919406428000e+01 9.147065651372599859e+00 5.091672227927872996e+01 9.147065651372599859e+00
5.500200000000000000e+04 8.757129462990786806e+01 8.090133933114497466e+00 7.114707346060455961e+01 1.763684900154167678e+01 5.381775602163734362e+01 1.763684900154167678e+01
5.500700000000000000e+04 1.170186153721726896e+02 8.090133933114497466e+00 8.566262885698918694e+01 2.987001332578356028e+01 5.210622193247517231e+01 2.987001332578356028e+01
5.501100000000000000e+04 1.276393239259405021e+02 8.090133933114497466e+00 9.106886556582149694e+01 4.323825918020199310e+01 4.789065290588005297e+01 3.800163401318508249e+01
5.501600000000000000e+04 1.485937047721717761e+02 8.090133933114497466e+00 8.964691783611505116e+01 6.348479125789779687e+01 4.031611703369087962e+01 4.282857131343035206e+01
5.502200000000000000e+04 1.657375835815468008e+02 8.090133933114497466e+00 8.273025821962943382e+01 7.902221193391457632e+01 3.169741694238675578e+01 4.168497754598013927e+01
5.502800000000000000e+04 1.638033045385444666e+02 8.090133933114497466e+00 7.888523195545340627e+01 8.291744670683652885e+01 2.632666932167046880e+01 3.590898908961783320e+01
5.503000000000000000e+04 1.607828904685948430e+02 8.090133933114497466e+00 7.821516257818322515e+01 8.196783831120990271e+01 2.502725028100064719e+01 3.349864657779635024e+01
5.503300000000000000e+04 1.542251666080771031e+02 8.090133933114497466e+00 7.678328183501483295e+01 7.894640350409781604e+01 2.313864568316503068e+01 2.975067964429372225e+01
5.503800000000000000e+04 1.589454584788476268e+02 8.090133933114497466e+00 7.110094439292535640e+01 7.339368169818236254e+01 1.953108020902245556e+01 2.448006460697853726e+01
5.504200000000000000e+04 1.616593474976912148e+02 8.090133933114497466e+00 6.458526564807974069e+01 7.086832701771261611e+01 1.656882135661357935e+01 2.164777683285353405e+01
5.504400000000000000e+04 1.237213646537179272e+02 8.090133933114497466e+00 6.108877170830308501e+01 7.004890938608518525e+01 1.517055024046465839e+01 2.053316997979926484e+01
5.504600000000000000e+04 1.175989655675817289e+02 8.090133933114497466e+00 5.778379098386803037e+01 6.929789242094810220e+01 1.390504162668881349e+01 1.952438295465249141e+01
5.505000000000000000e+04 1.198291611440178883e+02 8.090133933114497466e+00 5.244761465031577785e+01 6.652689682666348858e+01 1.188425964160150627e+01 1.739310748690514785e+01
5.505600000000000000e+04 1.110453981457951045e+02 8.090133933114497466e+00 4.775998049847120797e+01 5.866285525484466490e+01 9.950825172612551839e+00 1.384112857863875767e+01
5.505900000000000000e+04 9.901258893840478947e+01 8.090133933114497466e+00 4.591205396988942056e+01 5.394647665509233292e+01 9.195652533626304859e+00 1.213644019237172778e+01
5.506300000000000000e+04 9.697961010373629165e+01 8.090133933114497466e+00 4.393265701272069634e+01 4.836104507712654055e+01 8.367487622413662507e+00 1.024468183644590624e+01
5.506500000000000000e+04 7.858992254243949560e+01 8.090133933114497466e+00 4.308827843051349760e+01 4.619078963420541584e+01 8.010164788539839265e+00 9.507407713281207151e+00
5.506700000000000000e+04 9.897217661299366398e+01 8.090133933114497466e+00 4.224721879126968105e+01 4.455406936196930445e+01 7.670155917078735897e+00 8.917591241737580887e+00
5.507000000000000000e+04 8.111437567301700824e+01 8.090133933114497466e+00 4.105123762844338131e+01 4.259114370032820318e+01 7.200455628366551508e+00 8.186039266625957822e+00
5.507400000000000000e+04 7.712713596485012602e+01 8.090133933114497466e+00 3.935017698451327561e+01 4.030270592437737776e+01 6.603708294373577203e+00 7.356522026901044953e+00
5.507900000000000000e+04 8.051921384605009280e+01 8.090133933114497466e+00 3.668274394055436716e+01 3.813116559174824971e+01 5.840457257125583723e+00 6.548371216168340503e+00
5.508300000000000000e+04 6.581033233118608905e+01 8.090133933114497466e+00 3.370642799922026711e+01 3.663870019958960711e+01 5.155149271873892936e+00 6.007723116713606260e+00
5.509100000000000000e+04 6.320095514581254292e+01 8.090133933114497466e+00 2.438505698609018779e+01 3.355514959803548436e+01 3.457107999615824934e+00 5.046038918168288312e+00
