5.497500000000000000e+04 -4.538484248769063534e+00 1.349211825825423183e+01 9.676860811788584593e-01 2.279498584667664851e-18 9.676860811788584593e-01 2.279498584667664851e-18
5.497600000000000000e+04 -1.188628488797639093e+01 1.349211825825423183e+01 2.014654457448330049e+00 2.279498485609617514e-18 2.014654457448330049e+00 2.279498485609617514e-18
5.497900000000000000e+04 -6.739178446366879349e+00 1.349211825825423183e+01 7.421511495175619366e+00 2.279498072863251428e-18 7.421511495175619366e+00 2.279498072863251428e-18
5.498000000000000000e+04 1.730510498751426596e+01 1.349211825825423183e+01 1.010928248076253944e+01 2.279497885001649794e-18 1.010928248076253944e+01 2.279497885001649794e-18
5.498100000000000000e+04 4.022275749235178921e+01 1.349211825825423183e+01 1.326427468792255127e+01 2.279497664544057483e-18 1.326427468792255127e+01 2.279497664544057483e-18
5.498200000000000000e+04 1.324937585327380418e+01 1.349211825825423183e+01 1.681188057541250913e+01 2.279497405834730840e-18 1.681188057541250913e+01 2.279497405834730840e-18
5.498400000000000000e+04 2.667427832315168601e+01 1.349211825825423183e+01 2.504964300095078400e+01 2.279496745960992233e-18 2.504964300095078400e+01 2.279496745960992233e-18
5.498500000000000000e+04 3.590457006521528172e+01 1.349211825825423183e+01 2.982457128805857849e+01 2.279496327867838250e-18 2.982457128805857849e+01 2.279496327867838250e-18
5.498700000000000000e+04 3.431660385646845413e+01 1.349211825825423183e+01 4.097582893337165899e+01 2.279495261463979831e-18 4.097582893337165899e+01 2.279495261463979831e-18
5.499000000000000000e+04 4.724092788071632754e+01 1.349211825825423183e+01 6.053040193995693841e+01 1.209607601473573046e+00 6.053040193995693841e+01 1.209607601473573046e+00
5.499200000000000000e+04 9.596127330503396990e+01 1.349211825825423183e+01 7.440742163840896239e+01 4.302310410807026031e+00 7.440742163840896239e+01 4.302310410807026031e+00
5.499300000000000000e+04 9.737157721153525358e+01 1.349211825825423183e+01 8.115791156796579742e+01 6.537636875244362322e+00 8.115791156796579742e+01 6.537636875244362322e+00
5.499400000000000000e+04 9.855020127704698041e+01 1.349211825825423183e+01 8.659722275531558466e+01 9.276889368969523986e+00 8.659722275531558466e+01 9.276889368969523986e+00
5.499600000000000000e+04 1.011565977186913727e+02 1.349211825825423183e+01 9.298895886639343189e+01 1.658034335990318908e+01 9.298895886639343189e+01 1.658034335990318908e+01
5.499700000000000000e+04 1.105588466875338298e+02 1.349211825825423183e+01 1.009177175899442176e+02 2.101485071926563819e+01 9.534931745081652821e+01 2.101485071926563819e+01
5.499800000000000000e+04 1.349868439119811683e+02 1.349211825825423183e+01 1.086163888848764287e+02 2.589679503310846798e+01 9.725679520493949326e+01 2.589679503310846798e+01
5.500000000000000000e+04 1.565208855066934177e+02 1.349211825825423183e+01 1.226522096706897997e+02 3.728071411007321956e+01 9.942624000542298290e+01 3.728071411007321956e+01
5.500200000000000000e+04 1.907477448828112756e+02 1.349211825825423183e+01 1.341991852552741307e+02 5.121978616671457729e+01 9.937735874946248771e+01 5.121978616671457729e+01
5.500300000000000000e+04 1.998334205073313967e+02 1.349211825825423183e+01 1.384696727485008978e+02 5.921981088614808897e+01 9.828909195663038645e+01 5.921981088614808897e+01
5.500400000000000000e+04 2.112673636135926358e+02 1.349211825825423183e+01 1.416408308744635178e+02 6.746366186135364273e+01 9.653818898204983157e+01 6.746366186135364273e+01
5.500500000000000000e+04 2.246338318498078479e+02 1.349211825825423183e+01 1.439794070741627365e+02 7.566300242494617123e+01 9.437559456880096320e+01 7.566300242494617123e+01
5.500900000000000000e+04 2.496306528740997521e+02 1.349211825825423183e+01 1.452243017865519050e+02 1.082465284441444737e+02 8.255133116561614770e+01 1.082465284441444737e+02
5.501200000000000000e+04 2.644859684941894216e+02 1.349211825825423183e+01 1.381666912867816279e+02 1.285189612590193349e+02 7.142612246008147281e+01 1.191866468135206389e+02
5.501300000000000000e+04 2.466239622986277880e+02 1.349211825825423183e+01 1.348232303458079002e+02 1.342630057804189789e+02 6.765517379857884350e+01 1.215709940061743595e+02
5.501400000000000000e+04 2.779703195083038167e+02 1.349211825825423183e+01 1.304950571631103458e+02 1.393473080019742554e+02 6.361888512242121152e+01 1.232616612135995240e+02
5.501600000000000000e+04 2.696579228121327674e+02 1.349211825825423183e+01 1.201882795750422872e+02 1.474356174566559901e+02 5.543739832797152900e+01 1.246601990840077718e+02
5.501700000000000000e+04 2.639444949553982269e+02 1.349211825825423183e+01 1.160184041484970976e+02 1.501591890704378045e+02 5.211031447560955598e+01 1.242216984368281061e+02
5.501800000000000000e+04 2.474149915967133779e+02 1.349211825825423183e+01 1.124653477732781965e+02 1.517214995715536077e+02 4.922327896239417555e+01 1.228613649457879831e+02
5.501900000000000000e+04 2.499328287699748898e+02 1.349211825825423183e+01 1.091072006499762495e+02 1.521683203829560682e+02 4.656333247267679099e+01 1.206727362275622966e+02
5.502000000000000000e+04 2.609386613284185614e+02 1.349211825825423183e+01 1.054402777643704496e+02 1.518385347118796744e+02 4.390417961541074021e+01 1.179694932110012076e+02
5.502100000000000000e+04 2.688337182417222948e+02 1.349211825825423183e+01 1.012856157909326811e+02 1.509061861108915252e+02 4.117301454915962466e+01 1.149148538767069141e+02
5.502200000000000000e+04 2.580360735023173788e+02 1.349211825825423183e+01 9.693686781138021047e+01 1.493198116814799334e+02 3.849145005216814042e+01 1.114909368188455971e+02
5.502500000000000000e+04 2.198279871424075509e+02 1.349211825825423183e+01 8.449983021382919901e+01 1.396796371823398033e+02 3.137059333747742329e+01 9.853247543900947392e+01
5.502900000000000000e+04 1.853006517962052158e+02 1.349211825825423183e+01 6.926244929572011699e+01 1.210349289454063495e+02 2.366167303078713857e+01 7.952360640302650552e+01
5.503100000000000000e+04 1.879344693177191914e+02 1.349211825825423183e+01 6.236601143519420276e+01 1.090869405598659654e+02 2.048817721261307412e+01 6.929674790996440947e+01
5.503200000000000000e+04 1.469567448144300101e+02 1.349211825825423183e+01 5.916989407762305575e+01 1.042401703191474525e+02 1.907229695642826428e+01 6.513789309451193787e+01
5.503300000000000000e+04 1.607975432526859549e+02 1.349211825825423183e+01 5.663237307692235589e+01 1.000709261305473632e+02 1.791710107470335345e+01 6.152909870299270523e+01
5.503400000000000000e+04 1.422255615751897722e+02 1.349211825825423183e+01 5.445445373950371248e+01 9.618238363887299158e+01 1.691552365168480421e+01 5.820416559084598873e+01
5.503500000000000000e+04 1.298041177546724327e+02 1.349211825825423183e+01 5.233915958280171310e+01 9.212194487803560605e+01 1.596874529619285887e+01 5.488022451926343592e+01
5.503600000000000000e+04 1.484885429484255894e+02 1.349211825825423183e+01 5.045259239812908447e+01 8.773454737744052068e+01 1.512367877641758973e+01 5.146626818644953261e+01
5.503700000000000000e+04 1.111773515407344917e+02 1.349211825825423183e+01 4.870246555124204235e+01 8.327625218786576511e+01 1.434788638676704053e+01 4.811431256521017019e+01
5.503900000000000000e+04 1.435432941614660081e+02 1.349211825825423183e+01 4.501957479437805887e+01 7.484136979724564753e+01 1.282170619571031622e+01 4.197496903939745039e+01
5.504000000000000000e+04 9.029784080737790930e+01 1.349211825825423183e+01 4.322653107963110841e+01 7.094067550853800697e+01 1.210962883225882791e+01 3.921324167184678089e+01
5.504200000000000000e+04 1.084876619971253291e+02 1.349211825825423183e+01 3.987000944381308898e+01 6.353302099300592687e+01 1.081543224929825442e+01 3.413368129425988684e+01
5.504400000000000000e+04 9.861420722794325400e+01 1.349211825825423183e+01 3.667572936570441300e+01 5.659576418051398861e+01 9.643386980885679804e+00 2.957709128848392055e+01
5.504500000000000000e+04 6.688950744806315640e+01 1.349211825825423183e+01 3.506549658598203933e+01 5.338962331411558893e+01 9.080561577061848411e+00 2.752609987322931318e+01
5.504600000000000000e+04 8.504520055235271059e+01 1.349211825825423183e+01 3.340323817924858929e+01 5.034201243354191035e+01 8.521234229400151960e+00 2.561022151576634798e+01
5.504700000000000000e+04 1.062551001046194301e+02 1.349211825825423183e+01 3.166824816009389210e+01 4.748525134726727259e+01 7.960046289989414880e+00 2.384037119553533302e+01
5.504800000000000000e+04 8.485077659333444444e+01 1.349211825825423183e+01 2.990879037604096169e+01 4.519364782330486463e+01 7.409034476823465276e+00 2.239637634337918826e+01
5.505000000000000000e+04 5.427302945976944670e+01 1.349211825825423183e+01 2.611864592158651632e+01 4.132112454706104643e+01 6.288194800073795498e+00 1.996093162024107315e+01
5.505200000000000000e+04 6.659031790774326964e+01 1.349211825825423183e+01 2.206844678002276083e+01 3.806314909829461612e+01 5.167770414954748759e+00 1.793485798345880156e+01
5.505400000000000000e+04 6.117530305065244534e+01 1.349211825825423183e+01 1.823902782583245497e+01 3.485100015321509659e+01 4.157327640826142812e+00 1.602713274463789261e+01
5.505600000000000000e+04 7.427939721179227206e+01 1.349211825825423183e+01 1.493310379257867737e+01 3.185990234659114861e+01 3.315520380235053022e+00 1.430812518372081854e+01
5.505800000000000000e+04 3.085166223761413562e+01 1.349211825825423183e+01 1.215190670839599285e+01 2.910731193145073092e+01 2.629827455937498115e+00 1.277252706632618029e+01
5.506000000000000000e+04 4.873182046244549781e+01 1.349211825825423183e+01 9.758928061703006307e+00 2.645962136536109810e+01 2.059888564189253035e+00 1.135070197132731273e+01
5.506100000000000000e+04 3.220438266668475080e+01 1.349211825825423183e+01 8.709339988839492008e+00 2.510781665692754672e+01 1.815959130283463896e+00 1.065154278675018951e+01
5.506200000000000000e+04 2.434138946522644176e+01 1.349211825825423183e+01 7.751567790682838854e+00 2.371397290366471822e+01 1.596812745279095003e+00 9.950057862486769267e+00
5.506400000000000000e+04 3.792427037365214915e+01 1.349211825825423183e+01 6.074396492811381165e+00 2.088561028293261401e+01 1.221917543613490142e+00 8.575491801655763524e+00
5.506500000000000000e+04 1.166861121012757430e+01 1.349211825825423183e+01 5.346650623903781430e+00 1.934877539982706907e+01 1.063036946060080368e+00 7.860243500092245483e+00
5.506700000000000000e+04 3.608137005130961228e+01 1.349211825825423183e+01 4.112151130795689724e+00 1.623842658639155445e+01 7.990344961129509649e-01 6.459713018693435949e+00
5.506800000000000000e+04 3.958545853914529289e+01 1.349211825825423183e+01 3.590418789046303516e+00 1.476390029953951633e+01 6.898283870746817481e-01 5.812788022969217927e+00
5.506900000000000000e+04 4.790593997350717004e+00 1.349211825825423183e+01 3.121539685231842221e+00 1.333462840794985027e+01 5.930877954916861095e-01 5.196659551032679403e+00
5.507100000000000000e+04 1.659030051407150808e+01 1.349211825825423183e+01 2.337871596827339804e+00 1.085086932441426910e+01 4.345486239456022304e-01 4.144400475293815944e+00
5.507300000000000000e+04 2.680791795641993147e+01 1.349211825825423183e+01 1.736719780914480538e+00 8.778364047919367863e+00 3.159510589642119949e-01 3.287284319921872644e+00
5.507400000000000000e+04 2.177184120913193510e+01 1.349211825825423183e+01 1.493905190606538813e+00 7.855576261664157123e+00 2.689201451984696289e-01 2.913249123554294773e+00
5.507500000000000000e+04 6.813572316299243425e-01 1.349211825825423183e+01 1.280426224789079193e+00 7.010315756077075022e+00 2.280935985444418612e-01 2.574860705236566183e+00
5.507800000000000000e+04 1.407968498041033989e+01 1.349211825825423183e+01 7.994605693413380232e-01 4.900519652775822799e+00 1.381047141620609098e-01 1.749623211387704602e+00
5.508000000000000000e+04 -2.028541634534865068e+01 1.349211825825423183e+01 5.816874276027002022e-01 3.791188388505020601e+00 9.849760017656127020e-02 1.328796182575100682e+00
5.508100000000000000e+04 1.023725777735143261e+01 1.349211825825423183e+01 4.961295352027533245e-01 3.320368047334295802e+00 8.318738014801362046e-02 1.153225912522330976e+00
5.508200000000000000e+04 8.853745485252460412e+00 1.349211825825423183e+01 4.226099544827823240e-01 2.901793651946195762e+00 7.017301316464903682e-02 9.987931201411885951e-01
5.508400000000000000e+04 1.599880727515081524e+01 1.349211825825423183e+01 3.061277856555403298e-01 2.192571443958327038e+00 4.986444254227592049e-02 7.413597443646077201e-01
5.508500000000000000e+04 6.721203006617946230e+00 1.349211825825423183e+01 2.604704276385121364e-01 1.894990925034456319e+00 4.202762805578161287e-02 6.351357169307066952e-01
5.508800000000000000e+04 -1.285433880330611567e+00 1.349211825825423183e+01 1.617712465096712848e-01 1.209263184303150718e+00 2.538464199561750803e-02 3.949388237052650075e-01
5.508900000000000000e+04 2.582865988101522792e+00 1.349211825825423183e+01 1.379915647305545445e-01 1.038031760466092912e+00 2.145658115601357940e-02 3.361501814980870639e-01
5.509000000000000000e+04 -8.357439151755478690e+00 1.349211825825423183e+01 1.177106881006686895e-01 8.878828440340581496e-01 1.813835800367798873e-02 2.851169981805523612e-01
5.509100000000000000e+04 1.248292470934443443e+01 1.349211825825423183e+01 1.004382493408238763e-01 7.575685298786922761e-01 1.533876746194622574e-02 2.412484968723941914e-01
5.509300000000000000e+04 1.009003836047785008e+01 1.349211825825423183e+01 7.299706934572898487e-02 5.511068618637039451e-01 1.095262713745783802e-02 1.726308927025761164e-01
5.509500000000000000e+04 1.834943090942765664e+01 1.349211825825423183e+01 5.309995748108135155e-02 3.994816419160883703e-01 7.830004347216196550e-03 1.231220002207015773e-01
5.509600000000000000e+04 1.756673211206736696e+00 1.349211825825423183e+01 4.525910273374784965e-02 3.401012053126352130e-01 6.616827885050855125e-03 1.039842251850170152e-01
5.509700000000000000e+04 -8.654227551154301423e+00 1.349211825825423183e+01 3.858126857925859438e-02 2.891829872515186972e-01 5.592785077591702451e-03 8.771626645581130644e-02
5.509800000000000000e+04 4.086731726406322984e+00 1.349211825825423183e+01 3.291174995718098434e-02 2.457033249930057894e-01 4.730874821351913062e-03 7.394243732673441705e-02
5.509900000000000000e+04 -3.940556774866629475e+00 1.349211825825423183e+01 2.804996115000875714e-02 2.087450225926025527e-01 3.998454947828823484e-03 6.233055317784489541e-02
5.510100000000000000e+04 -7.740944443675424225e+00 1.349211825825423183e+01 2.037693386963021838e-02 1.508692196575278921e-01 2.857113554350843541e-03 4.435764426012227257e-02
5.510400000000000000e+04 9.229712287303717844e+00 1.349211825825423183e+01 1.261876331576413345e-02 9.332271766543655256e-02 1.726894476100850886e-03 2.682072644501697772e-02
5.510700000000000000e+04 -4.367832636898458532e+01 1.349211825825423183e+01 7.763219369449561244e-03 5.765755983657402939e-02 1.037530654529236849e-03 1.620595869261173133e-02
5.510800000000000000e+04 -1.746883743099586050e+00 1.349211825825423183e+01 6.604158893096903453e-03 4.906640049741892856e-02 8.757902202812570909e-04 1.369078392182229709e-02
5.510900000000000000e+04 -1.272683463197771836e+01 1.349211825825423183e+01 5.614048159981721402e-03 4.177149593645242825e-02 7.387683124515371895e-04 1.157105150594250030e-02
5.511000000000000000e+04 -9.619423560495026226e-01 1.349211825825423183e+01 4.771441711348495263e-03 3.558834850864101701e-02 6.230988444615148105e-04 9.787505434020245254e-03
5.511100000000000000e+04 3.248378330776394307e+01 1.349211825825423183e+01 4.057529029277060634e-03 3.029018385079155704e-02 5.258591276927242816e-04 8.271034856313568689e-03
5.511400000000000000e+04 -2.752159320013847932e+01 1.349211825825423183e+01 2.494028933838694437e-03 1.869527591544214301e-02 3.160519228810185948e-04 4.998068684786028705e-03
