5.497400000000000000e+04 2.441059292020176574e+00 4.650527405883837062e+00 2.872527343123094101e-01 8.716024236303062206e-19 2.872527343123094101e-01 8.716024236303062206e-19
5.497600000000000000e+04 -2.583053992079167749e+00 4.650527405883837062e+00 1.958814406946931541e+00 8.716023866393842389e-19 1.958814406946931541e+00 8.716023866393842389e-19
5.498000000000000000e+04 1.020703072684113444e+01 4.650527405883837062e+00 9.740658635389692677e+00 8.716022655456037539e-19 9.740658635389692677e+00 8.716022655456037539e-19
5.498100000000000000e+04 9.237755928630601687e+00 4.650527405883837062e+00 1.261836908227294352e+01 8.716022210972289233e-19 1.261836908227294352e+01 8.716022210972289233e-19
5.498500000000000000e+04 2.908586767601245882e+01 4.650527405883837062e+00 2.761301931683333422e+01 8.716019515982127606e-19 2.761301931683333422e+01 8.716019515982127606e-19
5.498700000000000000e+04 3.402361094315867973e+01 4.650527405883837062e+00 3.698113532148148863e+01 8.716017365910701769e-19 3.698113532148148863e+01 8.716017365910701769e-19
5.498800000000000000e+04 4.562669461295578799e+01 4.650527405883837062e+00 4.209516568424355398e+01 8.716016003634627670e-19 4.209516568424355398e+01 8.716016003634627670e-19
5.498900000000000000e+04 4.906812002952409557e+01 4.650527405883837062e+00 4.711547825657126509e+01 8.716014404989387201e-19 4.711547825657126509e+01 8.716014404989387201e-19
5.499300000000000000e+04 6.623128433365097578e+01 4.650527405883837062e+00 6.549985504210982867e+01 -1.241908946591701104e-02 6.549985504210982867e+01 -1.241908946591701104e-02
5.499500000000000000e+04 6.650877238049071138e+01 4.650527405883837062e+00 6.925870503056015082e+01 7.505983906838168407e-01 6.925870503056015082e+01 7.505983906838168407e-01
5.499700000000000000e+04 7.937246767403004810e+01 4.650527405883837062e+00 7.110834207998198053e+01 2.680580088357593205e+00 6.841287481237441170e+01 2.680580088357593205e+00
5.499900000000000000e+04 7.688761520421073214e+01 4.650527405883837062e+00 7.017357670051271157e+01 5.789889591216336839e+00 6.504780932565140006e+01 5.789889591216336839e+00
5.500000000000000000e+04 8.486947436265317890e+01 4.650527405883837062e+00 6.943396820842724537e+01 7.792526908311754319e+00 6.320798198309262261e+01 7.792526908311754319e+00
5.500200000000000000e+04 7.786756367471102180e+01 4.650527405883837062e+00 6.729682250908874153e+01 1.269273137910385429e+01 5.914124484496770862e+01 1.269273137910385429e+01
5.500300000000000000e+04 7.415500282702690527e+01 4.650527405883837062e+00 6.515522698831216530e+01 1.558080429699700353e+01 5.628475033544589223e+01 1.558080429699700353e+01
5.500500000000000000e+04 8.413728177432723498e+01 4.650527405883837062e+00 5.985753464190068485e+01 2.209041545346666879e+01 5.000629460476246635e+01 2.209041545346666879e+01
5.500700000000000000e+04 8.817816505335159150e+01 4.650527405883837062e+00 5.508587266984689990e+01 2.958490825718519801e+01 4.455343955827151348e+01 2.958490825718519801e+01
5.500900000000000000e+04 8.678590659103835492e+01 4.650527405883837062e+00 5.023816412538496934e+01 3.769238260525701634e+01 3.937777404403901471e+01 3.769238260525701634e+01
5.501000000000000000e+04 8.939384974943175166e+01 4.650527405883837062e+00 4.775776239886082664e+01 4.153383942830611630e+01 3.686434766411487374e+01 4.153383942830611630e+01
5.501300000000000000e+04 9.211145390208690742e+01 4.650527405883837062e+00 4.061066408398885130e+01 5.239988403368787573e+01 2.997981993502793685e+01 5.239988403368787573e+01
5.501600000000000000e+04 8.807437954830932370e+01 4.650527405883837062e+00 3.222010329498021974e+01 5.902551272941743576e+01 2.279133005233092391e+01 5.535025574776578594e+01
5.501700000000000000e+04 8.709771865775009303e+01 4.650527405883837062e+00 2.970552306125449604e+01 6.018143771494953143e+01 2.072381963252022885e+01 5.473029984989954499e+01
5.501800000000000000e+04 8.816521902108394215e+01 4.650527405883837062e+00 2.739256748737363978e+01 6.063455043653713972e+01 1.885112345149930135e+01 5.352626274411823459e+01
5.501900000000000000e+04 8.073509678395903677e+01 4.650527405883837062e+00 2.516937763677919193e+01 6.067659653896762961e+01 1.708947422377729097e+01 5.203824746052112715e+01
5.502000000000000000e+04 8.107310802174882269e+01 4.650527405883837062e+00 2.305394554567231680e+01 6.063920959529974652e+01 1.544652967884242400e+01 5.056638558647409809e+01
5.502200000000000000e+04 7.184004990574118210e+01 4.650527405883837062e+00 1.925447615555451364e+01 5.987932758063291772e+01 1.256901635586821442e+01 4.731299587597417400e+01
5.502300000000000000e+04 7.412100252350539620e+01 4.650527405883837062e+00 1.755278691267416136e+01 5.848210698854171596e+01 1.131270102647213349e+01 4.502780026835672089e+01
5.502400000000000000e+04 7.125919870155038893e+01 4.650527405883837062e+00 1.599731428165993918e+01 5.652225997281695413e+01 1.018094207449878574e+01 4.243412910872144295e+01
5.502500000000000000e+04 6.703018759389233594e+01 4.650527405883837062e+00 1.459398545142108716e+01 5.461487471553738970e+01 9.172838121572022274e+00 4.000503568380997876e+01
5.502800000000000000e+04 5.488985539842146011e+01 4.650527405883837062e+00 1.108268373988066280e+01 4.915126659225622774e+01 6.716370971383953226e+00 3.355493350099414585e+01
5.502900000000000000e+04 5.549927011362341744e+01 4.650527405883837062e+00 1.013826309091270517e+01 4.719032441437636294e+01 6.071543353043900915e+00 3.150221923523121603e+01
5.503100000000000000e+04 5.219661642012792413e+01 4.650527405883837062e+00 8.556997304992252751e+00 4.311955949173768232e+01 5.006434182654020404e+00 2.756300146493076042e+01
5.503300000000000000e+04 4.028825065682121931e+01 4.650527405883837062e+00 7.330568121558389549e+00 3.911287228003485694e+01 4.192249869357422831e+00 2.398385594802235588e+01
5.503400000000000000e+04 5.044871046908158263e+01 4.650527405883837062e+00 6.851751815341720508e+00 3.672437219860130142e+01 3.874767751706000407e+00 2.206993521550558768e+01
5.503500000000000000e+04 4.040243730644653652e+01 4.650527405883837062e+00 6.432751438317453108e+00 3.409579953301707889e+01 3.597735703756966164e+00 2.008944115779936368e+01
5.503700000000000000e+04 3.755169424390553701e+01 4.650527405883837062e+00 5.747802926755404940e+00 2.923882264313014900e+01 3.145344712025503142e+00 1.657905570601618450e+01
5.503800000000000000e+04 3.817824473681508834e+01 4.650527405883837062e+00 5.473129997060764751e+00 2.709735889412316112e+01 2.963093496324381348e+00 1.508089876119944250e+01
5.503900000000000000e+04 3.585435935584912670e+01 4.650527405883837062e+00 5.231066728134925015e+00 2.501899026360996103e+01 2.802157021713587159e+00 1.367157937902183562e+01
5.504000000000000000e+04 2.922998679568097202e+01 4.650527405883837062e+00 5.005798030804699650e+00 2.302397927809536782e+01 2.653484246384680389e+00 1.235722374307394134e+01
5.504100000000000000e+04 2.515431840251218887e+01 4.650527405883837062e+00 4.791239468101768040e+00 2.115513526090364493e+01 2.513503025968822246e+00 1.115541829830396736e+01
5.504300000000000000e+04 2.562392172652408462e+01 4.650527405883837062e+00 4.390741025079166526e+00 1.776365565980760763e+01 2.256754227528354306e+00 9.050160821177707149e+00
5.504400000000000000e+04 2.094061801674350320e+01 4.650527405883837062e+00 4.186032538318625207e+00 1.625692830455966131e+01 2.129971270706062736e+00 8.144753659599029305e+00
5.504500000000000000e+04 1.611932796988484284e+01 4.650527405883837062e+00 3.975952597606819960e+00 1.489081849303516414e+01 2.002998789726357476e+00 7.338270497257618707e+00
5.504600000000000000e+04 1.359817084612216576e+01 4.650527405883837062e+00 3.773784200808672828e+00 1.362510475689430578e+01 1.882468299899572761e+00 6.606431709122529305e+00
5.504700000000000000e+04 1.211402320084053663e+01 4.650527405883837062e+00 3.579229791445574627e+00 1.247139852781845448e+01 1.768044749775525615e+00 5.951230448472252910e+00
5.504900000000000000e+04 4.309469987069052266e+00 4.650527405883837062e+00 3.201060776111258832e+00 1.050134138342473200e+01 1.551051834533994978e+00 4.857234682435121798e+00
5.505000000000000000e+04 7.999918324519567747e+00 4.650527405883837062e+00 2.997479971440168089e+00 9.667386841484939097e+00 1.438675292267899364e+00 4.403875201113765847e+00
5.505100000000000000e+04 1.261938155306725307e+01 4.650527405883837062e+00 2.786963344703833112e+00 8.925070346100975271e+00 1.325106192803267691e+00 4.005147346123217211e+00
5.505300000000000000e+04 4.583533501557671919e+00 4.650527405883837062e+00 2.375651335520641894e+00 7.696300000161131472e+00 1.108770342350714921e+00 3.353799895485938709e+00
5.505400000000000000e+04 4.494353115704863733e+00 4.650527405883837062e+00 2.175075936700149981e+00 7.216367460777258103e+00 1.005908494057323077e+00 3.099814201364801125e+00
5.505500000000000000e+04 1.639290020755785093e+01 4.650527405883837062e+00 1.985184534025907555e+00 6.795978834968760651e+00 9.098004280595362037e-01 2.878188563005573020e+00
5.505700000000000000e+04 7.459342344529561686e+00 4.650527405883837062e+00 1.636924953162859353e+00 6.108511058330491572e+00 7.368888778080757707e-01 2.516275769620402780e+00
5.505800000000000000e+04 7.307182601401083666e+00 4.650527405883837062e+00 1.473320615716376070e+00 5.833264380604030741e+00 6.574095826676078502e-01 2.370474797059505256e+00
5.505900000000000000e+04 -1.341699536620191147e+00 4.650527405883837062e+00 1.318057836963791196e+00 5.590863689722949559e+00 5.830050588127172473e-01 2.241725617370870172e+00
5.506100000000000000e+04 1.003961348349465510e+01 4.650527405883837062e+00 1.036246446044319036e+00 5.148458518152458474e+00 4.505027589097987395e-01 2.010802420775057886e+00
5.506300000000000000e+04 4.810885021519240468e+00 4.650527405883837062e+00 7.990864005203597298e-01 4.742433603897186600e+00 3.415482990769190819e-01 1.805403382022683800e+00
5.506400000000000000e+04 9.014568234389006562e+00 4.650527405883837062e+00 6.996054778646820793e-01 4.532578864062502433e+00 2.965309531914898100e-01 1.703977016564850455e+00
5.506700000000000000e+04 1.008140862750043354e+01 4.650527405883837062e+00 4.594787666860262187e-01 3.903277033184432643e+00 1.899928740845295005e-01 1.414435799820420669e+00
5.506800000000000000e+04 -3.640131642772000298e+00 4.650527405883837062e+00 3.974127102476212037e-01 3.706478753969465245e+00 1.630009885761951050e-01 1.327155096666236656e+00
5.506900000000000000e+04 5.885927730526167245e+00 4.650527405883837062e+00 3.429086124388208145e-01 3.506617987514456303e+00 1.395185175518027509e-01 1.240841467627196382e+00
5.507000000000000000e+04 -5.594168039827403405e+00 4.650527405883837062e+00 2.952076860710064476e-01 3.290768316521902381e+00 1.191554736916271978e-01 1.150940233814319757e+00
5.507200000000000000e+04 6.652496717350864230e+00 4.650527405883837062e+00 2.179558136320879913e-01 2.842865084413802812e+00 8.659693020465177027e-02 9.717203597258007308e-01
5.507400000000000000e+04 8.056095459287368143e+00 4.650527405883837062e+00 1.600232845198373832e-01 2.407742571375608875e+00 6.259957145868536021e-02 8.047267952458585505e-01
5.507600000000000000e+04 -2.415798858187225839e-01 4.650527405883837062e+00 1.157334126866377960e-01 2.009374379077119244e+00 4.458659039435906163e-02 6.570018241816371063e-01
5.507800000000000000e+04 6.735374613102461439e+00 4.650527405883837062e+00 8.342093838569977771e-02 1.643418771135793044e+00 3.165759871947924908e-02 5.259276661340864800e-01
5.508000000000000000e+04 3.121007902461774286e+00 4.650527405883837062e+00 5.998708844385153977e-02 1.311434908373367625e+00 2.242927217941729015e-02 4.109535310771395000e-01
5.508200000000000000e+04 5.555674789300847571e+00 4.650527405883837062e+00 4.301935445517933443e-02 1.024348315318149849e+00 1.585148843184322476e-02 3.144487706649526926e-01
5.508300000000000000e+04 -9.128449977570710416e+00 4.650527405883837062e+00 3.642317765300992494e-02 8.991737140818603091e-01 1.332425287277213925e-02 2.732386392615352988e-01
5.508400000000000000e+04 -4.401702784733472207e+00 4.650527405883837062e+00 3.080313499442044814e-02 7.885351107268098181e-01 1.118771474028273233e-02 2.372247625531919146e-01
5.508600000000000000e+04 1.255285334113115070e+01 4.650527405883837062e+00 2.209094301872473187e-02 5.996384911450528543e-01 7.910245647124551638e-03 1.768636417959688623e-01
5.508900000000000000e+04 6.155608948178168838e+00 4.650527405883837062e+00 1.356985958392552954e-02 3.895357010046333057e-01 4.758348966942117439e-03 1.116148140414422174e-01
5.509000000000000000e+04 -5.785343201302310057e+00 4.650527405883837062e+00 1.153136654546905136e-02 3.358468519282727938e-01 4.015798901434460173e-03 9.532437895330177213e-02
5.509200000000000000e+04 -3.166866893128730265e+00 4.650527405883837062e+00 8.326165124615416899e-03 2.486786725300943746e-01 2.860340487345981557e-03 6.927754416372142177e-02
5.509300000000000000e+04 6.211713292418605370e+00 4.650527405883837062e+00 7.075697348176182046e-03 2.134982279667594629e-01 2.414419350363810127e-03 5.893182841083124957e-02
5.509500000000000000e+04 -1.985440718255457648e+00 4.650527405883837062e+00 5.107153826105314924e-03 1.561109095412261116e-01 1.719580412830072277e-03 4.231565367592597660e-02
5.509600000000000000e+04 4.200754407978725347e+00 4.650527405883837062e+00 4.340587843493616017e-03 1.327752992671697441e-01 1.451847290194205504e-03 3.566927231548724930e-02
5.509700000000000000e+04 3.403896370129924520e+00 4.650527405883837062e+00 3.688424691132600412e-03 1.129719456997368005e-01 1.225634575374692737e-03 3.008093132914495954e-02
5.509800000000000000e+04 1.811182743309466270e+00 4.650527405883837062e+00 3.132560080880771210e-03 9.595544802269041773e-02 1.034155386379047173e-03 2.532607897558340412e-02
5.510000000000000000e+04 -2.122242001094775787e+00 4.650527405883837062e+00 2.262632874150900635e-03 6.917546408487165732e-02 7.373742460977353481e-04 1.794341774353383490e-02
5.510100000000000000e+04 8.054560530742064017e+00 4.650527405883837062e+00 1.922178549313258589e-03 5.864592296885879491e-02 6.224268341795411233e-04 1.508227624957792119e-02
5.510200000000000000e+04 9.866047474752781543e-01 4.650527405883837062e+00 1.634147279332364821e-03 4.973055762745311886e-02 5.258043306838589264e-04 1.268119074547458328e-02
5.510600000000000000e+04 -1.411866991123599258e-01 4.650527405883837062e+00 8.503376016606508259e-04 2.565703996136142750e-02 2.668395524086519138e-04 6.328196517699642178e-03
5.510900000000000000e+04 3.767111690249664857e+00 4.650527405883837062e+00 5.205895182106584250e-04 1.581294528694204837e-02 1.603886617199637324e-04 3.806679173553694298e-03
5.511100000000000000e+04 -7.011092758743063591e+00 4.650527405883837062e+00 3.755627761777575579e-04 1.144702154010375159e-02 1.143196079927424701e-04 2.712307255261054220e-03
5.511200000000000000e+04 -5.899746219796822899e+00 4.650527405883837062e+00 3.187770176241309017e-04 9.733395437579896517e-03 9.645587389153405797e-05 2.288272389876785419e-03
5.511400000000000000e+04 8.698677486035336415e+00 4.650527405883837062e+00 2.299815061283639163e-04 7.044492049694649725e-03 6.876820444588222371e-05 1.630669455947835432e-03
5.511500000000000000e+04 -1.322152511774132577e+01 4.650527405883837062e+00 1.952486336525641197e-04 5.988541962505497182e-03 5.804061642466235168e-05 1.375664330264058039e-03
5.511700000000000000e+04 -2.059836142731824804e+00 4.650527405883837062e+00 1.408916753739815971e-04 4.333451655460794465e-03 4.139733072045060849e-05 9.805076602997543633e-04
5.511800000000000000e+04 4.344169096232095018e-01 4.650527405883837062e+00 1.196172177333896576e-04 3.683909683574897176e-03 3.494412016400036890e-05 8.273243091032378470e-04
5.511900000000000000e+04 1.238805942916016978e+00 4.650527405883837062e+00 1.016626712379262886e-04 3.134491440689390895e-03 2.952906681710418518e-05 6.987274722892087252e-04
5.512000000000000000e+04 9.737507352623906431e-01 4.650527405883837062e+00 8.712731720832596609e-05 2.665873354371908581e-03 2.516312410348764490e-05 5.898993968781883653e-04
