5.497600000000000000e+04 -4.669410474952465862e+00 6.760450176466122230e+00 1.164140563987932975e+00 1.400047905375606646e-18 1.164140563987932975e+00 1.400047905375606646e-18
5.497900000000000000e+04 4.136436931097406067e+00 6.760450176466122230e+00 4.289077145657377521e+00 1.400047905214326962e-18 4.289077145657377521e+00 1.400047905214326962e-18
5.498300000000000000e+04 1.261036018368164946e+01 6.760450176466122230e+00 1.143383206421574805e+01 1.400047904835056466e-18 1.143383206421574805e+01 1.400047904835056466e-18
5.499200000000000000e+04 4.173864292388665831e+01 6.760450176466122230e+00 3.733751665722944324e+01 1.400047902250976364e-18 3.733751665722944324e+01 1.400047902250976364e-18
5.499500000000000000e+04 4.186342195410489353e+01 6.760450176466122230e+00 4.526446668391263017e+01 6.985466867700927951e-01 4.526446668391263017e+01 6.985466867700927951e-01
5.499600000000000000e+04 3.398327479111025440e+01 6.760450176466122230e+00 4.750204251648135312e+01 1.455175704984916107e+00 4.750204251648135312e+01 1.455175704984916107e+00
5.499800000000000000e+04 5.391735032184570997e+01 6.760450176466122230e+00 5.100837237938143431e+01 3.791386072109951044e+00 5.091672227927872996e+01 3.791386072109951044e+00
5.500200000000000000e+04 6.491841404327963971e+01 6.760450176466122230e+00 5.430211582583206820e+01 1.162962013649368842e+01 5.381775602163734362e+01 1.162962013649368842e+01
5.500700000000000000e+04 8.184345108553294779e+01 6.760450176466122230e+00 5.304413392725972898e+01 2.755757656490886376e+01 5.210622193247517231e+01 2.755757656490886376e+01
5.501100000000000000e+04 8.654053576495965672e+01 6.760450176466122230e+00 4.909749735910822466e+01 4.301492826619860210e+01 4.789065290588005297e+01 4.301492826619860210e+01
5.501600000000000000e+04 1.029924580853354854e+02 6.760450176466122230e+00 4.169492823624310773e+01 6.508967375820857626e+01 4.031611703369087962e+01 5.937755314560169495e+01
5.502200000000000000e+04 1.296124618125510040e+02 6.760450176466122230e+00 3.312380070479415650e+01 9.315853567345425290e+01 3.169741694238675578e+01 6.727219502704667775e+01
5.502800000000000000e+04 1.366823003793637099e+02 6.760450176466122230e+00 2.779569746981968592e+01 1.072147972670185538e+02 2.632666932167046880e+01 6.407003541712595052e+01
5.503000000000000000e+04 1.357102960474814211e+02 6.760450176466122230e+00 2.651386894769208524e+01 1.086951345816303416e+02 2.502725028100064719e+01 6.142356158546017753e+01
5.503300000000000000e+04 1.307655016258216278e+02 6.760450176466122230e+00 2.463802992343412157e+01 1.073847097165930649e+02 2.313864568316503068e+01 5.610779545252785994e+01
5.503800000000000000e+04 1.331964118926686922e+02 6.760450176466122230e+00 2.097247392844831637e+01 1.001482253526037169e+02 1.953108020902245556e+01 4.648543694420893502e+01
5.504200000000000000e+04 1.327938799738263072e+02 6.760450176466122230e+00 1.791089588649927933e+01 9.298437260049153963e+01 1.656882135661357935e+01 3.962177117798344028e+01
5.504400000000000000e+04 1.005978343069192817e+02 6.760450176466122230e+00 1.645397879080796955e+01 9.034123595561622722e+01 1.517055024046465839e+01 3.697962994499231826e+01
5.504600000000000000e+04 9.557360687248306874e+01 6.760450176466122230e+00 1.513146629816276878e+01 8.836629139878387207e+01 1.390504162668881349e+01 3.480083939775672519e+01
5.505000000000000000e+04 9.918774466942463164e+01 6.760450176466122230e+00 1.301801801141029102e+01 8.545554608447670830e+01 1.188425964160150627e+01 3.128406285125081610e+01
5.505600000000000000e+04 9.423600929441030871e+01 6.760450176466122230e+00 1.100760280594400520e+01 7.936560236181927053e+01 9.950825172612551839e+00 2.627826049990705215e+01
5.505900000000000000e+04 8.384966605351864644e+01 6.760450176466122230e+00 1.022188735637899981e+01 7.433468252241384278e+01 9.195652533626304859e+00 2.349018250036778355e+01
5.506300000000000000e+04 7.980212368196271200e+01 6.760450176466122230e+00 9.361545151956404354e+00 6.652484018484338435e+01 8.367487622413662507e+00 1.981734343735094583e+01
5.506500000000000000e+04 6.273634066304861534e+01 6.760450176466122230e+00 8.990608958657116290e+00 6.267802334873344705e+01 8.010164788539839265e+00 1.815123319589164907e+01
5.506700000000000000e+04 7.798191305094373149e+01 6.760450176466122230e+00 8.636595562630656531e+00 5.917482022389734198e+01 7.670155917078735897e+00 1.667225092945013287e+01
5.507000000000000000e+04 6.090371628705868545e+01 6.760450176466122230e+00 8.146595497933915908e+00 5.486962676527415539e+01 7.200455628366551508e+00 1.485532455200188373e+01
5.507400000000000000e+04 5.650726892913497323e+01 6.760450176466122230e+00 7.518982263973755131e+00 5.109890516847864461e+01 6.603708294373577203e+00 1.314948666198627159e+01
5.507900000000000000e+04 5.890242198524844497e+01 6.760450176466122230e+00 6.702508748277320016e+00 4.743232522501118353e+01 5.840457257125583723e+00 1.149456566703288019e+01
5.508300000000000000e+04 4.733663145250513082e+01 6.760450176466122230e+00 5.953166379159972266e+00 4.517292786555294981e+01 5.155149271873892936e+00 1.045935952801707813e+01
5.509100000000000000e+04 4.990143407557980026e+01 6.760450176466122230e+00 4.042050673150822782e+00 4.146328454470485525e+01 3.457107999615824934e+00 8.815035938666337501e+00
