5.497500000000000000e+04 -4.079723449901016430e+00 1.236798758672133403e+01 9.676860811788584593e-01 1.458878646401056061e-18 9.676860811788584593e-01 1.458878646401056061e-18
5.497600000000000000e+04 -1.072809223192326300e+01 1.236798758672133403e+01 2.014654457448330049e+00 1.458878505308197166e-18 2.014654457448330049e+00 1.458878505308197166e-18
5.497900000000000000e+04 -5.559343998679861620e+00 1.236798758672133403e+01 7.421511495175619366e+00 1.458877917415035206e-18 7.421511495175619366e+00 1.458877917415035206e-18
5.498000000000000000e+04 1.670556645457874012e+01 1.236798758672133403e+01 1.010928248076253944e+01 1.458877649835416619e-18 1.010928248076253944e+01 1.458877649835416619e-18
5.498100000000000000e+04 3.797664188630815119e+01 1.236798758672133403e+01 1.326427468792255127e+01 1.458877335827950478e-18 1.326427468792255127e+01 1.458877335827950478e-18
5.498200000000000000e+04 1.354619513316611368e+01 1.236798758672133403e+01 1.681188057541250913e+01 1.458876967336947338e-18 1.681188057541250913e+01 1.458876967336947338e-18
5.498400000000000000e+04 2.678692036634721774e+01 1.236798758672133403e+01 2.504964300095078400e+01 2.480027301376598325e-01 2.504964300095078400e+01 2.480027301376598325e-01
5.498500000000000000e+04 3.617214813249262306e+01 1.236798758672133403e+01 2.982457128805857849e+01 7.741488649430867675e-01 2.982457128805857849e+01 7.741488649430867675e-01
5.498700000000000000e+04 3.762491305187069912e+01 1.236798758672133403e+01 4.097582893337165899e+01 2.753478662916496678e+00 4.097582893337165899e+01 2.753478662916496678e+00
5.499000000000000000e+04 5.532677469140511306e+01 1.236798758672133403e+01 6.053040193995693841e+01 8.087425984610032259e+00 6.053040193995693841e+01 8.087425984610032259e+00
5.499200000000000000e+04 1.036711106485396527e+02 1.236798758672133403e+01 7.440742163840896239e+01 1.344950446033000979e+01 7.440742163840896239e+01 1.344950446033000979e+01
5.499300000000000000e+04 1.066017058355653546e+02 1.236798758672133403e+01 8.115791156796579742e+01 1.657394882118942192e+01 8.115791156796579742e+01 1.657394882118942192e+01
5.499400000000000000e+04 1.090900610309777647e+02 1.236798758672133403e+01 8.659722275531558466e+01 2.003971440076062649e+01 8.659722275531558466e+01 2.003971440076062649e+01
5.499600000000000000e+04 1.133559617195943758e+02 1.236798758672133403e+01 9.298895886639343189e+01 2.807878116178207151e+01 9.298895886639343189e+01 2.807878116178207151e+01
5.499700000000000000e+04 1.223283318579137244e+02 1.236798758672133403e+01 9.997375934718112944e+01 3.278066314669732861e+01 9.534931745081652821e+01 3.278066314669732861e+01
5.499800000000000000e+04 1.450255790954826125e+02 1.236798758672133403e+01 1.066907043398186232e+02 3.790067896713478035e+01 9.725679520493949326e+01 3.790067896713478035e+01
5.500000000000000000e+04 1.640114966236135672e+02 1.236798758672133403e+01 1.187149305664750472e+02 4.842432155196556209e+01 9.942624000542298290e+01 4.842432155196556209e+01
5.500200000000000000e+04 1.927069003964565184e+02 1.236798758672133403e+01 1.282961701455560615e+02 5.952593731072717276e+01 9.937735874946248771e+01 5.952593731072717276e+01
5.500300000000000000e+04 1.985498771664198046e+02 1.236798758672133403e+01 1.316582386759064320e+02 6.492632925437264646e+01 9.828909195663038645e+01 6.492632925437264646e+01
5.500400000000000000e+04 2.052554502170464445e+02 1.236798758672133403e+01 1.339950063070851627e+02 6.927777820425247057e+01 9.653818898204983157e+01 6.927777820425247057e+01
5.500500000000000000e+04 2.170429067107036474e+02 1.236798758672133403e+01 1.355705415980825705e+02 7.689681600373593540e+01 9.437559456880096320e+01 7.227144361253377269e+01
5.500900000000000000e+04 2.352111737946175367e+02 1.236798758672133403e+01 1.345999454655371608e+02 1.041314513932488950e+02 8.255133116561614770e+01 7.888746317670370445e+01
5.501200000000000000e+04 2.450432349375454066e+02 1.236798758672133403e+01 1.268527934891047124e+02 1.202068531433498322e+02 7.142612246008147281e+01 7.950188699956999017e+01
5.501300000000000000e+04 2.267689802520228568e+02 1.236798758672133403e+01 1.234368645955070747e+02 1.239228871389196200e+02 6.765517379857884350e+01 7.863127356530432621e+01
5.501400000000000000e+04 2.532670286181564734e+02 1.236798758672133403e+01 1.191581718342949046e+02 1.266581039444494081e+02 6.361888512242121152e+01 7.723055118563988231e+01
5.501600000000000000e+04 2.411046858350270554e+02 1.236798758672133403e+01 1.092116747061039064e+02 1.300284554585714147e+02 5.543739832797152900e+01 7.354550648109243127e+01
5.501700000000000000e+04 2.338585214548912177e+02 1.236798758672133403e+01 1.051846697690178729e+02 1.307208936013601033e+02 5.211031447560955598e+01 7.135419956406119013e+01
5.501800000000000000e+04 2.169118482355205799e+02 1.236798758672133403e+01 1.017445176152687623e+02 1.305417958990530849e+02 4.922327896239417555e+01 6.885115817460605570e+01
5.501900000000000000e+04 2.175475705452432749e+02 1.236798758672133403e+01 9.850472984594773607e+01 1.294404872676861373e+02 4.656333247267679099e+01 6.604106493249292953e+01
5.502000000000000000e+04 2.259985911671485610e+02 1.236798758672133403e+01 9.500864468774885552e+01 1.276350273846753254e+02 4.390417961541074021e+01 6.306078428096606103e+01
5.502100000000000000e+04 2.318008727511631264e+02 1.236798758672133403e+01 9.109529469001569169e+01 1.254502259532459760e+02 4.117301454915962466e+01 6.008152583967718385e+01
5.502200000000000000e+04 2.207943443764742426e+02 1.236798758672133403e+01 8.702916856795215494e+01 1.229672124272763085e+02 3.849145005216814042e+01 5.714089796806518251e+01
5.502500000000000000e+04 1.828050690080006007e+02 1.236798758672133403e+01 7.549333286663943454e+01 1.113006615815498606e+02 3.137059333747742329e+01 4.748321739827211729e+01
5.502900000000000000e+04 1.538035009809284475e+02 1.236798758672133403e+01 6.153218071656195320e+01 9.685173154316774458e+01 2.366167303078713857e+01 3.725066597814144131e+01
5.503100000000000000e+04 1.602311621320698123e+02 1.236798758672133403e+01 5.526685803102376582e+01 8.985598695208597064e+01 2.048817721261307412e+01 3.293841163932770399e+01
5.503200000000000000e+04 1.232645615026874566e+02 1.236798758672133403e+01 5.237252744235200907e+01 8.597450283652275971e+01 1.907229695642826428e+01 3.079316004173451304e+01
5.503300000000000000e+04 1.359592223327595093e+02 1.236798758672133403e+01 5.006933895325852291e+01 8.213676184891680521e+01 1.791710107470335345e+01 2.875937039527899231e+01
5.503400000000000000e+04 1.188231872422053073e+02 1.236798758672133403e+01 4.809083374173989966e+01 7.844282214082596738e+01 1.691552365168480421e+01 2.686398018521436981e+01
5.503500000000000000e+04 1.076257054271534912e+02 1.236798758672133403e+01 4.617362702394164131e+01 7.488788041522612104e+01 1.596874529619285887e+01 2.509647466998194432e+01
5.503600000000000000e+04 1.253131072010605322e+02 1.236798758672133403e+01 4.446361560266771562e+01 7.140637643078382268e+01 1.512367877641758973e+01 2.342728885524403992e+01
5.503700000000000000e+04 9.179378216596391837e+01 1.236798758672133403e+01 4.287865846685330240e+01 6.798337036015155377e+01 1.434788638676704053e+01 2.184555602832633170e+01
5.503900000000000000e+04 1.226016244264122292e+02 1.236798758672133403e+01 3.956137446686417292e+01 6.133105649580027574e+01 1.282170619571031622e+01 1.892933842462971228e+01
5.504000000000000000e+04 7.427653857205977772e+01 1.236798758672133403e+01 3.795157676029916161e+01 5.820558974793578955e+01 1.210962883225882791e+01 1.761670391886676512e+01
5.504200000000000000e+04 9.197055247356480834e+01 1.236798758672133403e+01 3.494466159748265710e+01 5.236489852356945107e+01 1.081543224929825442e+01 1.525783756514261391e+01
5.504400000000000000e+04 8.516617492796106603e+01 1.236798758672133403e+01 3.209319187238754267e+01 4.817541135999833557e+01 9.643386980885679804e+00 1.353241892134784763e+01
5.504500000000000000e+04 5.718828476300164709e+01 1.236798758672133403e+01 3.066051616494933896e+01 4.629658636272234418e+01 9.080561577061848411e+00 1.277499623695428888e+01
5.504600000000000000e+04 7.499777035130314573e+01 1.236798758672133403e+01 2.918522723569551758e+01 4.462090186194247110e+01 8.521234229400151960e+00 1.209894302113407427e+01
5.504700000000000000e+04 9.555939732954982446e+01 1.236798758672133403e+01 2.764922078827823526e+01 4.306661577851996014e+01 7.960046289989414880e+00 1.147830910941363491e+01
5.504800000000000000e+04 7.650710120049427587e+01 1.236798758672133403e+01 2.609461942737224405e+01 4.147635136422577773e+01 7.409034476823465276e+00 1.086906482291032106e+01
5.505000000000000000e+04 4.889555788995608765e+01 1.236798758672133403e+01 2.275697698146706927e+01 3.820830089154306108e+01 6.288194800073795498e+00 9.687703065807063751e+00
5.505200000000000000e+04 6.035638388335808457e+01 1.236798758672133403e+01 1.920343486197184646e+01 3.523235209531400614e+01 5.167770414954748759e+00 8.652345799438604601e+00
5.505400000000000000e+04 5.566530005176322504e+01 1.236798758672133403e+01 1.585189029447008302e+01 3.240178025577588983e+01 4.157327640826142812e+00 7.714709584708543844e+00
5.505600000000000000e+04 6.766389750866332520e+01 1.236798758672133403e+01 1.296368468671905738e+01 2.950392139587509277e+01 3.315520380235053022e+00 6.816987383520122457e+00
5.505800000000000000e+04 2.740902075234669866e+01 1.236798758672133403e+01 1.053771861594155546e+01 2.641172610298028900e+01 2.629827455937498115e+00 5.927227581458772931e+00
5.506000000000000000e+04 4.298454618602838906e+01 1.236798758672133403e+01 8.453782667432696130e+00 2.306006797083062665e+01 2.059888564189253035e+00 5.030555840059037109e+00
5.506100000000000000e+04 2.731679708087723313e+01 1.236798758672133403e+01 7.540770288502083751e+00 2.125442834294514682e+01 1.815959130283463896e+00 4.572811605625031639e+00
5.506200000000000000e+04 1.965805352538260564e+01 1.236798758672133403e+01 6.708210342917478641e+00 1.948042735621342203e+01 1.596812745279095003e+00 4.134216331963799895e+00
5.506400000000000000e+04 3.139972189246397960e+01 1.236798758672133403e+01 5.251801602450779427e+00 1.609717262527882653e+01 1.221917543613490142e+00 3.325862112660915137e+00
5.506500000000000000e+04 7.233864260004450486e+00 1.236798758672133403e+01 4.620490086050140555e+00 1.455482627400504825e+01 1.063036946060080368e+00 2.967949892741649442e+00
5.506700000000000000e+04 2.987730904864185177e+01 1.236798758672133403e+01 3.550509783477897585e+00 1.190665851382645890e+01 7.990344961129509649e-01 2.366188098932125783e+00
5.506800000000000000e+04 3.328220193208215960e+01 1.236798758672133403e+01 3.098709114739470749e+00 1.072128057236599474e+01 6.898283870746817481e-01 2.103861964749998759e+00
5.506900000000000000e+04 1.620002373430867948e+00 1.236798758672133403e+01 2.692915135430000717e+00 9.620713905625704498e+00 5.930877954916861095e-01 1.864479439074748779e+00
5.507100000000000000e+04 1.281560262027138641e+01 1.236798758672133403e+01 2.015219243547730077e+00 7.682233504751167175e+00 4.345486239456022304e-01 1.452767304226771250e+00
5.507300000000000000e+04 2.249583883040192944e+01 1.236798758672133403e+01 1.495870288666061754e+00 6.064613960240517798e+00 3.159510589642119949e-01 1.119758855288131238e+00
5.507400000000000000e+04 1.803049034284837404e+01 1.236798758672133403e+01 1.286245054484280281e+00 5.356886511201541801e+00 2.689201451984696289e-01 9.775340348907921584e-01
5.507500000000000000e+04 -1.158573525649911673e+00 1.236798758672133403e+01 1.102034221367470979e+00 4.714781463165670594e+00 2.280935985444418612e-01 8.504295568480645384e-01
5.507800000000000000e+04 1.153435968358659380e+01 1.236798758672133403e+01 6.873471623845771594e-01 3.165484502608300055e+00 1.381047141620609098e-01 5.518627096597454873e-01
5.508000000000000000e+04 -1.972040711479069230e+01 1.236798758672133403e+01 4.997768232958718082e-01 2.383638940212265300e+00 9.849760017656127020e-02 4.064868588356523871e-01
5.508100000000000000e+04 8.372728728742846016e+00 1.236798758672133403e+01 4.261273548081997986e-01 2.060803394199623995e+00 8.318738014801362046e-02 3.476388991564817732e-01
5.508200000000000000e+04 7.209081644989139726e+00 1.236798758672133403e+01 3.628646510744002462e-01 1.777566511386584391e+00 7.017301316464903682e-02 2.966566274009653781e-01
5.508400000000000000e+04 1.395463059845007692e+01 1.236798758672133403e+01 2.626858833127094783e-01 1.316633030891707579e+00 4.986444254227592049e-02 2.151361161587757309e-01
5.508500000000000000e+04 5.537199633835726331e+00 1.236798758672133403e+01 2.234398845585629234e-01 1.128424650719063171e+00 4.202762805578161287e-02 1.824748788355535223e-01
5.508800000000000000e+04 -1.592042353788847286e+00 1.236798758672133403e+01 1.386509145800628173e-01 7.044445259978403540e-01 2.538464199561750803e-02 1.104837713296487195e-01
5.508900000000000000e+04 2.008982213980758491e+00 1.236798758672133403e+01 1.182364904602128258e-01 6.011177897724409025e-01 2.145658115601357940e-02 9.334127170379516447e-02
5.509000000000000000e+04 -7.969593593575664769e+00 1.236798758672133403e+01 1.008311321424459200e-01 5.125027132386836826e-01 1.813835800367798873e-02 7.879808014124903282e-02
5.509100000000000000e+04 1.117946978413800885e+01 1.236798758672133403e+01 8.601213854286343663e-02 4.370997702497228521e-01 1.533876746194622574e-02 6.654990411841091302e-02
5.509300000000000000e+04 9.056610799832863989e+00 1.236798758672133403e+01 6.247926150562824188e-02 3.168758786174807329e-01 1.095262713745783802e-02 4.732315988911003218e-02
5.509500000000000000e+04 1.668059009448849395e+01 1.236798758672133403e+01 4.542577022037475737e-02 2.294372270821229687e-01 7.830004347216196550e-03 3.362210244462529585e-02
5.509600000000000000e+04 1.491309561152653451e+00 1.236798758672133403e+01 3.870844312754750244e-02 1.955426903447822218e-01 6.616827885050855125e-03 2.838889232647826000e-02
5.509700000000000000e+04 -8.033720578008679780e+00 1.236798758672133403e+01 3.298904278017466413e-02 1.669243458317576090e-01 5.592785077591702451e-03 2.401098185151864448e-02
5.509800000000000000e+04 3.661447010618329223e+00 1.236798758672133403e+01 2.813451256257982688e-02 1.424789185930019908e-01 4.730874821351913062e-03 2.030771359649400851e-02
5.509900000000000000e+04 -3.683802097930848785e+00 1.236798758672133403e+01 2.397273663970770838e-02 1.215300756676609556e-01 3.998454947828823484e-03 1.716526492481086630e-02
5.510100000000000000e+04 -7.147109574009629540e+00 1.236798758672133403e+01 1.740696432988251413e-02 8.844946869256671562e-02 2.857113554350843541e-03 1.227101396955698233e-02
5.510400000000000000e+04 8.429173150205846454e+00 1.236798758672133403e+01 1.077236774191710732e-02 5.480049993214369114e-02 1.726894476100850886e-03 7.405472963803201060e-03
5.510700000000000000e+04 -4.005853248468013561e+01 1.236798758672133403e+01 6.623076933187383580e-03 3.396833944726097149e-02 1.037530654529236849e-03 4.474228062073362308e-03
5.510800000000000000e+04 -1.617761091486730418e+00 1.236798758672133403e+01 5.633082696849044807e-03 2.897566210581620574e-02 8.757902202812570909e-04 3.784699857081531057e-03
5.510900000000000000e+04 -1.168042099118120802e+01 1.236798758672133403e+01 4.787588048842187846e-03 2.469445775779081226e-02 7.387683124515371895e-04 3.198763958263059048e-03
5.511000000000000000e+04 -8.936833781350358441e-01 1.236798758672133403e+01 4.068212355489229937e-03 2.104116435516428796e-02 6.230988444615148105e-04 2.703130055904970092e-03
5.511100000000000000e+04 2.976722401872127222e+01 1.236798758672133403e+01 3.458838412398894217e-03 1.793810173963633972e-02 5.258591276927242816e-04 2.285690843480675440e-03
5.511400000000000000e+04 -2.523475225828730473e+01 1.236798758672133403e+01 2.124817077529088383e-03 1.110738527028067198e-02 3.160519228810185948e-04 1.381515580880680839e-03
