5.497500000000000000e+04 -4.674606591466295313e+00 1.382566746490927301e+01 9.676860811788584593e-01 2.279498899048011058e-18 9.676860811788584593e-01 2.279498899048011058e-18
5.497600000000000000e+04 -1.222994088043625993e+01 1.382566746490927301e+01 2.014654457448330049e+00 2.279498854538347167e-18 2.014654457448330049e+00 2.279498854538347167e-18
5.497900000000000000e+04 -7.089255936445201023e+00 1.382566746490927301e+01 7.421511495175619366e+00 2.279498669079372028e-18 7.421511495175619366e+00 2.279498669079372028e-18
5.498000000000000000e+04 1.748299854302688061e+01 1.382566746490927301e+01 1.010928248076253944e+01 2.279498584667664851e-18 1.010928248076253944e+01 2.279498584667664851e-18
5.498100000000000000e+04 4.088921922800547293e+01 1.382566746490927301e+01 1.326427468792255127e+01 2.279498485609617514e-18 1.326427468792255127e+01 2.279498485609617514e-18
5.498200000000000000e+04 1.316130438806505154e+01 1.382566746490927301e+01 1.681188057541250913e+01 2.279498369363932715e-18 1.681188057541250913e+01 2.279498369363932715e-18
5.498400000000000000e+04 2.671444220345953724e+01 1.382566746490927301e+01 2.504964300095078400e+01 2.279498072863251428e-18 2.504964300095078400e+01 2.279498072863251428e-18
5.498500000000000000e+04 3.605487846970495980e+01 1.382566746490927301e+01 2.982457128805857849e+01 2.279497885001649794e-18 2.982457128805857849e+01 2.279497885001649794e-18
5.498700000000000000e+04 3.415197594565248096e+01 1.382566746490927301e+01 4.097582893337165899e+01 2.279497405834730840e-18 4.097582893337165899e+01 2.279497405834730840e-18
5.499000000000000000e+04 4.567287714284353228e+01 1.382566746490927301e+01 6.053040193995693841e+01 2.279496327867838250e-18 6.053040193995693841e+01 2.279496327867838250e-18
5.499200000000000000e+04 9.208545173677281070e+01 1.382566746490927301e+01 7.440742163840896239e+01 2.279495261463979831e-18 7.440742163840896239e+01 2.279495261463979831e-18
5.499300000000000000e+04 9.108053642112496107e+01 1.382566746490927301e+01 8.115791156796579742e+01 7.387410742324164448e-03 8.115791156796579742e+01 7.387410742324164448e-03
5.499400000000000000e+04 8.972697386663537600e+01 1.382566746490927301e+01 8.659722275531558466e+01 3.875042658400934537e-01 8.659722275531558466e+01 3.875042658400934537e-01
5.499600000000000000e+04 8.688659538350901812e+01 1.382566746490927301e+01 9.298895886639343189e+01 2.518318071810412118e+00 9.298895886639343189e+01 2.518318071810412118e+00
5.499700000000000000e+04 9.262116946955205776e+01 1.382566746490927301e+01 9.997375934718112944e+01 4.302310410807026031e+00 9.534931745081652821e+01 4.302310410807026031e+00
5.499800000000000000e+04 1.137137109281854350e+02 1.382566746490927301e+01 1.066907043398186232e+02 6.537636875244362322e+00 9.725679520493949326e+01 6.537636875244362322e+00
5.500000000000000000e+04 1.278551437268813231e+02 1.382566746490927301e+01 1.187149305664750472e+02 1.263660310095317385e+01 9.942624000542298290e+01 1.263660310095317385e+01
5.500200000000000000e+04 1.547715311016108046e+02 1.382566746490927301e+01 1.282961701455560615e+02 2.101485071926563819e+01 9.937735874946248771e+01 2.101485071926563819e+01
5.500300000000000000e+04 1.597519725217421467e+02 1.382566746490927301e+01 1.316582386759064320e+02 2.589679503310846798e+01 9.828909195663038645e+01 2.589679503310846798e+01
5.500400000000000000e+04 1.675234009584407602e+02 1.382566746490927301e+01 1.339950063070851627e+02 3.131205375118847201e+01 9.653818898204983157e+01 3.131205375118847201e+01
5.500500000000000000e+04 1.779660749142104521e+02 1.382566746490927301e+01 1.355705415980825705e+02 3.728071411007321956e+01 9.437559456880096320e+01 3.728071411007321956e+01
5.500900000000000000e+04 1.981284939427416703e+02 1.382566746490927301e+01 1.345999454655371608e+02 6.746366186135364273e+01 8.255133116561614770e+01 6.746366186135364273e+01
5.501200000000000000e+04 2.176080063758534493e+02 1.382566746490927301e+01 1.268527934891047124e+02 9.300927704801119944e+01 7.142612246008147281e+01 9.300927704801119944e+01
5.501300000000000000e+04 2.018666727904818856e+02 1.382566746490927301e+01 1.234368645955070747e+02 1.014473894599572503e+02 6.765517379857884350e+01 1.014473894599572503e+02
5.501400000000000000e+04 2.357335921372522307e+02 1.382566746490927301e+01 1.191581718342949046e+02 1.082465284441444737e+02 6.361888512242121152e+01 1.082465284441444737e+02
5.501600000000000000e+04 2.424104172301331062e+02 1.382566746490927301e+01 1.092116747061039064e+02 1.311144320016147731e+02 5.543739832797152900e+01 1.162361985829917899e+02
5.501700000000000000e+04 2.449668483386830360e+02 1.382566746490927301e+01 1.051846697690178729e+02 1.420704830017165818e+02 5.211031447560955598e+01 1.191866468135206389e+02
5.501800000000000000e+04 2.372512001769220262e+02 1.382566746490927301e+01 1.017445176152687623e+02 1.526931684717550013e+02 4.922327896239417555e+01 1.215709940061743595e+02
5.501900000000000000e+04 2.495870188192242836e+02 1.382566746490927301e+01 9.850472984594773607e+01 1.627053928019513762e+02 4.656333247267679099e+01 1.232616612135995240e+02
5.502000000000000000e+04 2.707663667348720082e+02 1.382566746490927301e+01 9.500864468774885552e+01 1.720073952093817411e+02 4.390417961541074021e+01 1.242828000067787144e+02
5.502100000000000000e+04 2.886565971318136121e+02 1.382566746490927301e+01 9.109529469001569169e+01 1.805079682736432289e+02 4.117301454915962466e+01 1.246601990840077718e+02
5.502200000000000000e+04 2.869229782249984169e+02 1.382566746490927301e+01 8.702916856795215494e+01 1.878232080364840897e+02 3.849145005216814042e+01 1.242216984368281061e+02
5.502500000000000000e+04 2.720542926980983225e+02 1.382566746490927301e+01 7.549333286663943454e+01 2.010200164315460256e+02 3.137059333747742329e+01 1.179694932110012076e+02
5.502900000000000000e+04 2.586626876453833574e+02 1.382566746490927301e+01 6.153218071656195320e+01 2.022507613557595505e+02 2.366167303078713857e+01 1.031891639570201704e+02
5.503100000000000000e+04 2.681718058843447352e+02 1.382566746490927301e+01 5.526685803102376582e+01 1.960159780519468029e+02 2.048817721261307412e+01 9.387738412449559178e+01
5.503200000000000000e+04 2.276487218973053075e+02 1.382566746490927301e+01 5.237252744235200907e+01 1.921362694176191894e+02 1.907229695642826428e+01 8.928265307510184812e+01
5.503300000000000000e+04 2.416696314293869250e+02 1.382566746490927301e+01 5.006933895325852291e+01 1.874048314220634097e+02 1.791710107470335345e+01 8.456896724822354372e+01
5.503400000000000000e+04 2.207854388104830718e+02 1.382566746490927301e+01 4.809083374173989966e+01 1.813138225989004582e+02 1.691552365168480421e+01 7.952360640302650552e+01
5.503500000000000000e+04 2.050615772084346702e+02 1.382566746490927301e+01 4.617362702394164131e+01 1.739072837211716376e+02 1.596874529619285887e+01 7.419252718480018416e+01
5.503600000000000000e+04 2.218862567865234325e+02 1.382566746490927301e+01 4.446361560266771562e+01 1.668665689671942687e+02 1.512367877641758973e+01 6.929674790996440947e+01
5.503700000000000000e+04 1.825839171571059012e+02 1.382566746490927301e+01 4.287865846685330240e+01 1.610208717296334839e+02 1.434788638676704053e+01 6.513789309451193787e+01
5.503900000000000000e+04 2.151600244568448375e+02 1.382566746490927301e+01 3.956137446686417292e+01 1.513308305361995849e+02 1.282170619571031622e+01 5.820416559084598873e+01
5.504000000000000000e+04 1.596930358408844768e+02 1.382566746490927301e+01 3.795157676029916161e+01 1.462009181193177767e+02 1.210962883225882791e+01 5.488022451926343592e+01
5.504200000000000000e+04 1.744901549929742259e+02 1.382566746490927301e+01 3.494466159748265710e+01 1.343351606820667712e+02 1.081543224929825442e+01 4.811431256521017019e+01
5.504400000000000000e+04 1.601348965522219885e+02 1.382566746490927301e+01 3.209319187238754267e+01 1.225669095950405421e+02 9.643386980885679804e+00 4.197496903939745039e+01
5.504500000000000000e+04 1.255740764914005467e+02 1.382566746490927301e+01 3.066051616494933896e+01 1.170123131487907955e+02 9.080561577061848411e+00 3.921324167184678089e+01
5.504600000000000000e+04 1.420897774274085350e+02 1.382566746490927301e+01 2.918522723569551758e+01 1.115724631730997203e+02 8.521234229400151960e+00 3.660513883631880816e+01
5.504700000000000000e+04 1.616448374358053854e+02 1.382566746490927301e+01 2.764922078827823526e+01 1.062240161877367797e+02 7.960046289989414880e+00 3.413368129425988684e+01
5.504800000000000000e+04 1.370547871118695582e+02 1.382566746490927301e+01 2.609461942737224405e+01 1.009708329936128735e+02 7.409034476823465276e+00 3.179182399043226326e+01
5.505000000000000000e+04 1.002109646525189959e+02 1.382566746490927301e+01 2.275697698146706927e+01 9.094623398114966051e+01 6.288194800073795498e+00 2.752609987322931318e+01
5.505200000000000000e+04 1.076419819526555983e+02 1.382566746490927301e+01 1.920343486197184646e+01 8.182015394307725842e+01 5.167770414954748759e+00 2.384037119553533302e+01
5.505400000000000000e+04 9.941112802401609372e+01 1.382566746490927301e+01 1.585189029447008302e+01 7.527408024999738245e+01 4.157327640826142812e+00 2.114440456460600615e+01
5.505600000000000000e+04 1.108497474874164936e+02 1.382566746490927301e+01 1.296368468671905738e+01 6.972015915928508889e+01 3.315520380235053022e+00 1.890459847052198938e+01
5.505800000000000000e+04 6.467966787950823004e+01 1.382566746490927301e+01 1.053771861594155546e+01 6.480679900660277326e+01 2.629827455937498115e+00 1.698291378579737554e+01
5.506000000000000000e+04 8.097687420482412790e+01 1.382566746490927301e+01 8.453782667432696130e+00 5.970047014303601429e+01 2.059888564189253035e+00 1.513703604032353489e+01
5.506100000000000000e+04 6.323509139900410503e+01 1.382566746490927301e+01 7.540770288502083751e+00 5.734696573635304162e+01 1.815959130283463896e+00 1.430812518372081854e+01
5.506200000000000000e+04 5.445848754891500221e+01 1.382566746490927301e+01 6.708210342917478641e+00 5.505055014892811727e+01 1.596812745279095003e+00 1.351929031162281980e+01
5.506400000000000000e+04 6.711490298475627014e+01 1.382566746490927301e+01 5.251801602450779427e+00 5.062778164964981187e+01 1.221917543613490142e+00 1.205423372610709798e+01
5.506500000000000000e+04 3.967102240186628137e+01 1.382566746490927301e+01 4.620490086050140555e+00 4.839939320573965631e+01 1.063036946060080368e+00 1.135070197132731273e+01
5.506700000000000000e+04 6.337084946882896475e+01 1.382566746490927301e+01 3.550509783477897585e+00 4.370065413204188332e+01 7.990344961129509649e-01 9.950057862486769267e+00
5.506800000000000000e+04 6.612304220287458634e+01 1.382566746490927301e+01 3.098709114739470749e+00 4.126832203590669224e+01 6.898283870746817481e-01 9.261293096029330485e+00
5.506900000000000000e+04 2.950017020307306481e+01 1.382566746490927301e+01 2.692915135430000717e+00 3.876122294348405006e+01 5.930877954916861095e-01 8.575491801655763524e+00
5.507100000000000000e+04 3.871091573703318289e+01 1.382566746490927301e+01 2.015219243547730077e+00 3.321004428585178658e+01 4.345486239456022304e-01 7.145018133789109882e+00
5.507300000000000000e+04 4.595336790784769221e+01 1.382566746490927301e+01 1.495870288666061754e+00 2.776187559770098545e+01 3.159510589642119949e-01 5.812788022969217927e+00
5.507400000000000000e+04 3.916753990850639155e+01 1.382566746490927301e+01 1.286245054484280281e+00 2.515183222699816312e+01 2.689201451984696289e-01 5.196659551032679403e+00
5.507500000000000000e+04 1.604644797413845581e+01 1.382566746490927301e+01 1.102034221367470979e+00 2.274191605313288278e+01 2.280935985444418612e-01 4.637421707408826421e+00
5.507800000000000000e+04 2.602621404947977268e+01 1.382566746490927301e+01 6.873471623845771594e-01 1.675200089432186346e+01 1.381047141620609098e-01 3.287284319921872644e+00
5.508000000000000000e+04 -1.131703993796361019e+01 1.382566746490927301e+01 4.997768232958718082e-01 1.345107232415582388e+01 9.849760017656127020e-02 2.574860705236566183e+00
5.508100000000000000e+04 1.900911003477630246e+01 1.382566746490927301e+01 4.261273548081997986e-01 1.200348985117369693e+01 8.318738014801362046e-02 2.269948912854329759e+00
5.508200000000000000e+04 1.671157898049277435e+01 1.382566746490927301e+01 3.628646510744002462e-01 1.068267726591714606e+01 7.017301316464903682e-02 1.996015931598868809e+00
5.508400000000000000e+04 2.246667583103674559e+01 1.382566746490927301e+01 2.626858833127094783e-01 8.370135173752407454e+00 4.986444254227592049e-02 1.527396929516862567e+00
5.508500000000000000e+04 1.226890084465760467e+01 1.382566746490927301e+01 2.234398845585629234e-01 7.366846036196358583e+00 4.202762805578161287e-02 1.328796182575100682e+00
5.508800000000000000e+04 2.362579508213956458e+00 1.382566746490927301e+01 1.386509145800628173e-01 4.946069535325468003e+00 2.538464199561750803e-02 8.622854838433522406e-01
5.508900000000000000e+04 5.859745328337594650e+00 1.382566746490927301e+01 1.182364904602128258e-01 4.299886517314724266e+00 2.145658115601357940e-02 7.413597443646077201e-01
5.509000000000000000e+04 -5.769236560783336465e+00 1.382566746490927301e+01 1.008311321424459200e-01 3.724435844081663838e+00 1.813835800367798873e-02 6.351357169307066952e-01
5.509100000000000000e+04 1.521832405924808995e+01 1.382566746490927301e+01 8.601213854286343663e-02 3.220005303436912047e+00 1.533876746194622574e-02 5.431857799320026770e-01
5.509300000000000000e+04 1.215417797476974648e+01 1.382566746490927301e+01 6.247926150562824188e-02 2.391749516359084726e+00 1.095262713745783802e-02 3.949388237052650075e-01
5.509500000000000000e+04 2.014788060460139008e+01 1.382566746490927301e+01 4.542577022037475737e-02 1.763163516748535997e+00 7.830004347216196550e-03 2.851169981805523612e-01
5.509600000000000000e+04 2.951243253428546875e+00 1.382566746490927301e+01 3.870844312754750244e-02 1.507320608458718736e+00 6.616827885050855125e-03 2.412484968723941914e-01
5.509700000000000000e+04 -7.883016896659269968e+00 1.382566746490927301e+01 3.298904278017466413e-02 1.288036711160875036e+00 5.592785077591702451e-03 2.040615828835353474e-01
5.509800000000000000e+04 5.031089165678763742e+00 1.382566746490927301e+01 2.813451256257982688e-02 1.100694571871625227e+00 4.730874821351913062e-03 1.726308927025761164e-01
5.509900000000000000e+04 -3.317404055074052671e+00 1.382566746490927301e+01 2.397273663970770838e-02 9.392465465194387297e-01 3.998454947828823484e-03 1.458457370371799289e-01
5.510100000000000000e+04 -7.407418693152922451e+00 1.382566746490927301e+01 1.740696432988251413e-02 6.829683910151919113e-01 2.857113554350843541e-03 1.039842251850170152e-01
5.510400000000000000e+04 9.781453586679447199e+00 1.382566746490927301e+01 1.077236774191710732e-02 4.213545394822314494e-01 1.726894476100850886e-03 6.233055317784489541e-02
5.510700000000000000e+04 -4.455772816291104732e+01 1.382566746490927301e+01 6.623076933187383580e-03 2.608192903621212588e-01 1.037530654529236849e-03 3.751715914299787180e-02
5.510800000000000000e+04 -1.618860264048606279e+00 1.382566746490927301e+01 5.633082696849044807e-03 2.226233103015655135e-01 8.757902202812570909e-04 3.173080249452188417e-02
5.510900000000000000e+04 -1.289534333154480272e+01 1.382566746490927301e+01 4.787588048842187846e-03 1.898907432307201659e-01 7.387683124515371895e-04 2.682072644501697772e-02
5.511000000000000000e+04 -8.610370921258309052e-01 1.382566746490927301e+01 4.068212355489229937e-03 1.619755369728444194e-01 6.230988444615148105e-04 2.267294750459748418e-02
5.511100000000000000e+04 3.339330460178499749e+01 1.382566746490927301e+01 3.458838412398894217e-03 1.382022948321354749e-01 5.258591276927242816e-04 1.917345932743277914e-02
5.511400000000000000e+04 -2.813593857225524530e+01 1.382566746490927301e+01 2.124817077529088383e-03 8.562578114397449702e-02 3.160519228810185948e-04 1.157105150594250030e-02
