5.497600000000000000e+04 -2.924495696604778150e+00 4.738284030587735174e+00 1.164140563987932975e+00 8.960306592350573665e-19 1.164140563987932975e+00 8.960306592350573665e-19
5.497900000000000000e+04 4.182094227035667799e+00 4.738284030587735174e+00 4.289077145657377521e+00 8.960306590053393761e-19 4.289077145657377521e+00 8.960306590053393761e-19
5.498300000000000000e+04 1.225844052289634512e+01 4.738284030587735174e+00 1.143383206421574805e+01 8.960306584651271971e-19 1.143383206421574805e+01 8.960306584651271971e-19
5.499200000000000000e+04 4.200942296229828798e+01 4.738284030587735174e+00 3.733751665722944324e+01 1.587232095280796784e+00 3.733751665722944324e+01 1.587232095280796784e+00
5.499500000000000000e+04 4.695456960752726161e+01 4.738284030587735174e+00 4.526446668391263017e+01 4.563436508517902723e+00 4.526446668391263017e+01 4.563436508517902723e+00
5.499600000000000000e+04 4.290646335282166746e+01 4.738284030587735174e+00 4.750204251648135312e+01 5.899401966142534093e+00 4.750204251648135312e+01 5.899401966142534093e+00
5.499800000000000000e+04 5.987302361512409732e+01 4.738284030587735174e+00 5.134442274642466941e+01 9.147065651372599859e+00 5.091672227927872996e+01 9.147065651372599859e+00
5.500200000000000000e+04 7.300473075500472930e+01 4.738284030587735174e+00 5.607810177454611278e+01 1.763684900154167678e+01 5.381775602163734362e+01 1.763684900154167678e+01
5.500700000000000000e+04 8.722347266810800193e+01 4.738284030587735174e+00 5.648314457480308448e+01 2.987001332578356028e+01 5.210622193247517231e+01 2.987001332578356028e+01
5.501100000000000000e+04 8.893384182681721484e+01 4.738284030587735174e+00 5.352259368761153979e+01 3.931649055004129423e+01 4.789065290588005297e+01 3.800163401318508249e+01
5.501600000000000000e+04 9.210783173228135468e+01 4.738284030587735174e+00 4.675056931226794177e+01 4.801511129948676171e+01 4.031611703369087962e+01 4.282857131343035206e+01
5.502200000000000000e+04 9.174783152013456800e+01 4.738284030587735174e+00 3.835387450028797218e+01 5.105992899607107205e+01 3.169741694238675578e+01 4.168497754598013927e+01
5.502800000000000000e+04 8.206614782949249332e+01 4.738284030587735174e+00 3.318213401303346188e+01 4.771227380337521851e+01 2.632666932167046880e+01 3.590898908961783320e+01
5.503000000000000000e+04 7.798485630010972613e+01 4.738284030587735174e+00 3.196480405889403187e+01 4.566870487950976099e+01 2.502725028100064719e+01 3.349864657779635024e+01
5.503300000000000000e+04 7.135775732533348048e+01 4.738284030587735174e+00 3.013577213775413455e+01 4.210316183260447787e+01 2.313864568316503068e+01 2.975067964429372225e+01
5.503800000000000000e+04 7.148295791673285748e+01 4.738284030587735174e+00 2.625758423300979061e+01 3.676171302029967336e+01 1.953108020902245556e+01 2.448006460697853726e+01
5.504200000000000000e+04 7.218669112307381397e+01 4.738284030587735174e+00 2.283183582941351375e+01 3.400649262672961726e+01 1.656882135661357935e+01 2.164777683285353405e+01
5.504400000000000000e+04 4.978224980631905794e+01 4.738284030587735174e+00 2.115988347540010395e+01 3.296600440256771236e+01 1.517055024046465839e+01 2.053316997979926484e+01
5.504600000000000000e+04 4.609639531049399608e+01 4.738284030587735174e+00 1.962835676023393106e+01 3.202194048392554748e+01 1.390504162668881349e+01 1.952438295465249141e+01
5.505000000000000000e+04 4.740572762406993235e+01 4.738284030587735174e+00 1.717513203404249822e+01 2.973003862736695879e+01 1.188425964160150627e+01 1.739310748690514785e+01
5.505600000000000000e+04 4.268517777284398562e+01 4.738284030587735174e+00 1.488245412815933477e+01 2.509535022592993059e+01 9.950825172612551839e+00 1.384112857863875767e+01
5.505900000000000000e+04 3.612375251779078411e+01 4.738284030587735174e+00 1.398474837313888308e+01 2.263446095877327480e+01 9.195652533626304859e+00 1.213644019237172778e+01
5.506300000000000000e+04 3.556616047649769285e+01 4.738284030587735174e+00 1.300642276027979527e+01 1.981526360805366949e+01 8.367487622413662507e+00 1.024468183644590624e+01
5.506500000000000000e+04 2.504326461080408706e+01 4.738284030587735174e+00 1.258557091575379161e+01 1.871818430590804283e+01 8.010164788539839265e+00 9.507407713281207151e+00
5.506700000000000000e+04 3.717403766601068327e+01 4.738284030587735174e+00 1.218020759632103456e+01 1.786550229369706955e+01 7.670155917078735897e+00 8.917591241737580887e+00
5.507000000000000000e+04 2.695992217654824330e+01 4.738284030587735174e+00 1.161577501968092108e+01 1.682476650469633128e+01 7.200455628366551508e+00 8.186039266625957822e+00
5.507400000000000000e+04 2.502462141495829329e+01 4.738284030587735174e+00 1.087498681917440635e+01 1.562893104615127271e+01 6.603708294373577203e+00 7.356522026901044953e+00
5.507900000000000000e+04 2.768333396108103273e+01 4.738284030587735174e+00 9.863364215833684057e+00 1.447844875894819872e+01 5.840457257125583723e+00 6.548371216168340503e+00
5.508300000000000000e+04 1.992206962616849708e+01 4.738284030587735174e+00 8.879229105875593220e+00 1.369881025073036440e+01 5.155149271873892936e+00 6.007723116713606260e+00
5.509100000000000000e+04 2.147234078835131044e+01 4.738284030587735174e+00 6.186840476112480225e+00 1.220434972748182112e+01 3.457107999615824934e+00 5.046038918168288312e+00
