5.497600000000000000e+04 -6.713145992354128566e+00 9.128917006881955842e+00 1.164140563987932975e+00 1.400047904340757880e-18 1.164140563987932975e+00 1.400047904340757880e-18
5.497900000000000000e+04 4.082960716387422195e+00 9.128917006881955842e+00 4.289077145657377521e+00 1.400047903541934524e-18 4.289077145657377521e+00 1.400047903541934524e-18
5.498300000000000000e+04 1.302343641866031376e+01 9.128917006881955842e+00 1.143383206421574805e+01 8.895087593276518713e-04 1.143383206421574805e+01 8.895087593276518713e-04
5.499200000000000000e+04 5.491016061260791048e+01 9.128917006881955842e+00 3.733751665722944324e+01 1.162962013649368842e+01 3.733751665722944324e+01 1.162962013649368842e+01
5.499500000000000000e+04 6.015990624921393248e+01 9.128917006881955842e+00 4.526446668391263017e+01 2.043128833678469647e+01 4.526446668391263017e+01 2.043128833678469647e+01
5.499600000000000000e+04 5.116899823369305977e+01 9.128917006881955842e+00 4.750204251648135312e+01 2.388689422327730227e+01 4.750204251648135312e+01 2.388689422327730227e+01
5.499800000000000000e+04 8.456696752312966225e+01 9.128917006881955842e+00 5.438415106649760844e+01 3.137436884907111789e+01 5.091672227927872996e+01 3.137436884907111789e+01
5.500200000000000000e+04 1.174462670422198158e+02 9.128917006881955842e+00 7.214270194700485206e+01 4.667189582153680050e+01 5.381775602163734362e+01 4.667189582153680050e+01
5.500700000000000000e+04 1.566283475297375105e+02 9.128917006881955842e+00 8.759055906849076223e+01 6.736101450019299364e+01 5.210622193247517231e+01 6.171416811744663988e+01
5.501100000000000000e+04 1.672326331894739440e+02 9.128917006881955842e+00 9.354960138634608313e+01 8.120698638882456066e+01 4.789065290588005297e+01 6.691964267723490423e+01
5.501600000000000000e+04 1.774576505206984791e+02 9.128917006881955842e+00 9.248114086358350505e+01 9.009719927405565443e+01 4.031611703369087962e+01 6.595695408056781162e+01
5.502200000000000000e+04 1.800541742277821982e+02 9.128917006881955842e+00 8.566226928680018204e+01 8.989509808363948196e+01 3.169741694238675578e+01 5.803427894360199701e+01
5.502800000000000000e+04 1.646751863952277120e+02 9.128917006881955842e+00 8.190490092664900601e+01 8.051277678736987298e+01 2.632666932167046880e+01 4.648543694420893502e+01
5.503000000000000000e+04 1.586213123744888094e+02 9.128917006881955842e+00 8.127098983749340277e+01 7.667340640345530289e+01 2.502725028100064719e+01 4.276263603092878185e+01
5.503300000000000000e+04 1.502499639044031881e+02 9.128917006881955842e+00 7.986534944001242309e+01 7.208231523726726664e+01 2.313864568316503068e+01 3.825010094840395425e+01
5.503800000000000000e+04 1.574044279294110709e+02 9.128917006881955842e+00 7.406380926063404502e+01 6.703428176030344332e+01 1.953108020902245556e+01 3.290833665208808867e+01
5.504200000000000000e+04 1.611554224921301568e+02 9.128917006881955842e+00 6.734397440395589740e+01 6.424084234283739647e+01 1.656882135661357935e+01 2.975490613378295279e+01
5.504400000000000000e+04 1.176265369439430231e+02 9.128917006881955842e+00 6.372693039511988644e+01 6.226818707460808611e+01 1.517055024046465839e+01 2.804873291649012756e+01
5.504600000000000000e+04 1.095451768466623008e+02 9.128917006881955842e+00 6.030477503078671475e+01 5.994071220028797597e+01 1.390504162668881349e+01 2.627826049990705215e+01
5.505000000000000000e+04 1.099499058729822707e+02 9.128917006881955842e+00 5.477811796603382533e+01 5.420740017927195709e+01 1.188425964160150627e+01 2.255821896765374390e+01
5.505600000000000000e+04 1.000963977390047148e+02 9.128917006881955842e+00 4.993224563365252777e+01 4.494804705827159097e+01 9.950825172612551839e+00 1.738130203336101687e+01
5.505900000000000000e+04 8.827312022945658043e+01 9.128917006881955842e+00 4.802153666110328345e+01 4.120614520024582816e+01 9.195652533626304859e+00 1.538978345480703069e+01
5.506300000000000000e+04 8.912377961260730785e+01 9.128917006881955842e+00 4.597599749011411063e+01 3.786019779887890735e+01 8.367487622413662507e+00 1.352391419856364152e+01
5.506500000000000000e+04 6.962974935015010658e+01 9.128917006881955842e+00 4.510363589131011963e+01 3.658775831591179895e+01 8.010164788539839265e+00 1.279068635410305710e+01
5.506700000000000000e+04 9.333673349814525011e+01 9.128917006881955842e+00 4.423378917379307040e+01 3.536929892766288930e+01 7.670155917078735897e+00 1.210655448490942732e+01
5.507000000000000000e+04 7.394772927916019967e+01 9.128917006881955842e+00 4.299608069366518492e+01 3.380425325373778378e+01 7.200455628366551508e+00 1.121946672875465723e+01
5.507400000000000000e+04 7.045830467159278498e+01 9.128917006881955842e+00 4.123157347758030511e+01 3.207678712919960162e+01 6.603708294373577203e+00 1.023183002526303120e+01
5.507900000000000000e+04 7.511109066634439557e+01 9.128917006881955842e+00 3.845473867236626120e+01 3.021847964108427931e+01 5.840457257125583723e+00 9.191932970672024084e+00
5.508300000000000000e+04 5.902691371641509477e+01 9.128917006881955842e+00 3.534679649753053354e+01 2.879718641216944164e+01 5.155149271873892936e+00 8.446161141566047803e+00
5.509100000000000000e+04 5.668641560365951904e+01 9.128917006881955842e+00 2.558743914835656952e+01 2.516274135576553306e+01 3.457107999615824934e+00 6.887297483444787538e+00
