5.497600000000000000e+04 -5.068266282112068311e+00 7.222680607621560611e+00 1.164140563987932975e+00 8.960306592350573665e-19 1.164140563987932975e+00 8.960306592350573665e-19
5.497900000000000000e+04 4.126000502997791308e+00 7.222680607621560611e+00 4.289077145657377521e+00 8.960306590053393761e-19 4.289077145657377521e+00 8.960306590053393761e-19
5.498300000000000000e+04 1.269080262253288716e+01 7.222680607621560611e+00 1.143383206421574805e+01 8.960306584651271971e-19 1.143383206421574805e+01 8.960306584651271971e-19
5.499200000000000000e+04 4.362679203485499357e+01 7.222680607621560611e+00 3.733751665722944324e+01 1.587232095280796784e+00 3.733751665722944324e+01 1.587232095280796784e+00
5.499500000000000000e+04 4.544801152090185070e+01 7.222680607621560611e+00 4.526446668391263017e+01 4.563436508517902723e+00 4.526446668391263017e+01 4.563436508517902723e+00
5.499600000000000000e+04 3.740369166868498496e+01 7.222680607621560611e+00 4.750204251648135312e+01 5.899401966142534093e+00 4.750204251648135312e+01 5.899401966142534093e+00
5.499800000000000000e+04 6.258847593587528735e+01 7.222680607621560611e+00 5.438415106649760844e+01 9.147065651372599859e+00 5.091672227927872996e+01 9.147065651372599859e+00
5.500200000000000000e+04 8.869694544404178771e+01 7.222680607621560611e+00 7.214270194700485206e+01 1.763684900154167678e+01 5.381775602163734362e+01 1.763684900154167678e+01
5.500700000000000000e+04 1.187872141813272435e+02 7.222680607621560611e+00 8.759055906849076223e+01 2.987001332578356028e+01 5.210622193247517231e+01 2.987001332578356028e+01
5.501100000000000000e+04 1.279164798958110794e+02 7.222680607621560611e+00 9.354960138634608313e+01 4.031973368798937685e+01 4.789065290588005297e+01 3.800163401318508249e+01
5.501600000000000000e+04 1.404021890136246498e+02 7.222680607621560611e+00 9.248114086358350505e+01 5.197247128884772849e+01 4.031611703369087962e+01 4.282857131343035206e+01
5.502200000000000000e+04 1.474331556295559551e+02 7.222680607621560611e+00 8.566226928680018204e+01 5.821307114296127594e+01 3.169741694238675578e+01 4.168497754598013927e+01
5.502800000000000000e+04 1.404092607511843767e+02 7.222680607621560611e+00 8.190490092664900601e+01 5.671824826705136502e+01 2.632666932167046880e+01 3.590898908961783320e+01
5.503000000000000000e+04 1.367610868042674213e+02 7.222680607621560611e+00 8.127098983749340277e+01 5.495452971087490823e+01 2.502725028100064719e+01 3.349864657779635024e+01
5.503300000000000000e+04 1.300503277750720486e+02 7.222680607621560611e+00 7.986534944001242309e+01 5.152817714391672155e+01 2.313864568316503068e+01 2.975067964429372225e+01
5.503800000000000000e+04 1.330978530559114290e+02 7.222680607621560611e+00 7.406380926063404502e+01 4.613268175185105235e+01 1.953108020902245556e+01 2.448006460697853726e+01
5.504200000000000000e+04 1.341761179453381203e+02 7.222680607621560611e+00 6.734397440395589740e+01 4.343626421512061597e+01 1.656882135661357935e+01 2.164777683285353405e+01
5.504400000000000000e+04 9.955814707250456763e+01 7.222680607621560611e+00 6.372693039511988644e+01 4.245232893323498047e+01 1.517055024046465839e+01 2.053316997979926484e+01
5.504600000000000000e+04 9.339647750453107733e+01 7.222680607621560611e+00 6.030477503078671475e+01 4.155764911897783520e+01 1.390504162668881349e+01 1.952438295465249141e+01
5.505000000000000000e+04 9.468431741401396096e+01 7.222680607621560611e+00 5.477811796603382533e+01 3.914318839928002802e+01 1.188425964160150627e+01 1.739310748690514785e+01
5.505600000000000000e+04 8.774154661804638522e+01 7.222680607621560611e+00 4.993224563365252777e+01 3.368238639611741547e+01 9.950825172612551839e+00 1.384112857863875767e+01
5.505900000000000000e+04 7.791081137754579800e+01 7.222680607621560611e+00 4.802153666110328345e+01 3.064451148573861161e+01 9.195652533626304859e+00 1.213644019237172778e+01
5.506300000000000000e+04 7.727713837498218652e+01 7.222680607621560611e+00 4.597599749011411063e+01 2.711767282107230770e+01 8.367487622413662507e+00 1.024468183644590624e+01
5.506500000000000000e+04 6.130667917419701496e+01 7.222680607621560611e+00 4.510363589131011963e+01 2.574606008756551034e+01 8.010164788539839265e+00 9.507407713281207151e+00
5.506700000000000000e+04 7.979248124483285665e+01 7.222680607621560611e+00 4.423378917379307040e+01 2.469281014837136112e+01 7.670155917078735897e+00 8.917591241737580887e+00
5.507000000000000000e+04 6.415530224004317006e+01 7.222680607621560611e+00 4.299608069366518492e+01 2.341616532218355573e+01 7.200455628366551508e+00 8.186039266625957822e+00
5.507400000000000000e+04 6.091747317150844054e+01 7.222680607621560611e+00 4.123157347758030511e+01 2.194082694523236654e+01 6.603708294373577203e+00 7.356522026901044953e+00
5.507900000000000000e+04 6.407744345248201512e+01 7.222680607621560611e+00 3.845473867236626120e+01 2.052914376268774888e+01 5.840457257125583723e+00 6.548371216168340503e+00
5.508300000000000000e+04 5.086539198204970091e+01 7.222680607621560611e+00 3.534679649753053354e+01 1.956715419113621479e+01 5.155149271873892936e+00 6.007723116713606260e+00
5.509100000000000000e+04 4.795029353660439142e+01 7.222680607621560611e+00 2.558743914835656952e+01 1.766618225250717700e+01 3.457107999615824934e+00 5.046038918168288312e+00
