5.497400000000000000e+04 3.451661897560096559e+00 6.832633824262786426e+00 2.872527343123094101e-01 8.716020358936565545e-19 2.872527343123094101e-01 8.716020358936565545e-19
5.497600000000000000e+04 -4.714175759560464307e+00 6.832633824262786426e+00 1.958814406946931541e+00 8.716018526766135158e-19 1.958814406946931541e+00 8.716018526766135158e-19
5.498000000000000000e+04 1.042586043050473243e+01 6.832633824262786426e+00 9.740658635389692677e+00 8.716012528962566048e-19 9.740658635389692677e+00 8.716012528962566048e-19
5.498100000000000000e+04 7.651514838795054452e+00 6.832633824262786426e+00 1.261836908227294352e+01 8.716010327425725717e-19 1.261836908227294352e+01 8.716010327425725717e-19
5.498500000000000000e+04 3.052755152375592473e+01 6.832633824262786426e+00 2.761301931683333422e+01 7.505983906838168407e-01 2.761301931683333422e+01 7.505983906838168407e-01
5.498700000000000000e+04 3.531647037852424376e+01 6.832633824262786426e+00 3.698113532148148863e+01 2.680580088357593205e+00 3.698113532148148863e+01 2.680580088357593205e+00
5.498800000000000000e+04 5.137165076588742352e+01 6.832633824262786426e+00 4.209516568424355398e+01 4.087902819091672413e+00 4.209516568424355398e+01 4.087902819091672413e+00
5.498900000000000000e+04 5.577422229377282292e+01 6.832633824262786426e+00 4.711547825657126509e+01 5.789889591216336839e+00 4.711547825657126509e+01 5.789889591216336839e+00
5.499300000000000000e+04 8.217353401000148949e+01 6.832633824262786426e+00 6.549985504210982867e+01 1.558080429699700353e+01 6.549985504210982867e+01 1.558080429699700353e+01
5.499500000000000000e+04 8.620608084476533861e+01 6.832633824262786426e+00 6.925870503056015082e+01 2.209041545346666879e+01 6.925870503056015082e+01 2.209041545346666879e+01
5.499700000000000000e+04 1.137813694566292924e+02 6.832633824262786426e+00 7.599302134158550359e+01 2.958490825718519801e+01 6.841287481237441170e+01 2.958490825718519801e+01
5.499900000000000000e+04 1.185125617504642008e+02 6.832633824262786426e+00 7.946240387221574508e+01 3.769238260525701634e+01 6.504780932565140006e+01 3.769238260525701634e+01
5.500000000000000000e+04 1.334796272960538488e+02 6.832633824262786426e+00 8.071659299240927510e+01 4.153383942830611630e+01 6.320798198309262261e+01 4.153383942830611630e+01
5.500200000000000000e+04 1.280720111119563853e+02 6.832633824262786426e+00 8.207621959584616889e+01 4.911345556622313779e+01 5.914124484496770862e+01 4.911345556622313779e+01
5.500300000000000000e+04 1.239610769701127992e+02 6.832633824262786426e+00 8.123015168411551201e+01 5.239988403368787573e+01 5.628475033544589223e+01 5.239988403368787573e+01
5.500500000000000000e+04 1.389485578167617064e+02 6.832633824262786426e+00 7.770978181580086641e+01 5.802217272640206858e+01 5.000629460476246635e+01 5.540696402444812918e+01
5.500700000000000000e+04 1.418057847941871046e+02 6.832633824262786426e+00 7.417256617661041673e+01 6.248011030864532245e+01 4.455343955827151348e+01 5.473029984989954499e+01
5.500900000000000000e+04 1.325567247262840169e+02 6.832633824262786426e+00 6.991917559259566417e+01 6.431927386120410972e+01 3.937777404403901471e+01 5.203824746052112715e+01
5.501000000000000000e+04 1.325356309409779669e+02 6.832633824262786426e+00 6.749862057299434071e+01 6.488678598456357349e+01 3.686434766411487374e+01 5.056638558647409809e+01
5.501300000000000000e+04 1.227103417096687537e+02 6.832633824262786426e+00 5.987569637423779767e+01 6.415560982235466270e+01 2.997981993502793685e+01 4.502780026835672089e+01
5.501600000000000000e+04 1.038265910862525061e+02 6.832633824262786426e+00 4.930676343521272997e+01 5.917906212492825091e+01 2.279133005233092391e+01 3.778030013082754124e+01
5.501700000000000000e+04 9.939715317970248520e+01 6.832633824262786426e+00 4.598201100063588598e+01 5.751314405698153109e+01 2.072381963252022885e+01 3.564275164661721362e+01
5.501800000000000000e+04 9.880215898858368462e+01 6.832633824262786426e+00 4.287122495339971096e+01 5.572803355845108797e+01 1.885112345149930135e+01 3.355493350099414585e+01
5.501900000000000000e+04 8.610844176582608611e+01 6.832633824262786426e+00 3.981163915171157441e+01 5.380579045377491809e+01 1.708947422377729097e+01 3.150221923523121603e+01
5.502000000000000000e+04 8.475399798773516125e+01 6.832633824262786426e+00 3.683997328403917493e+01 5.176344241604355290e+01 1.544652967884242400e+01 2.949147813129190610e+01
5.502200000000000000e+04 6.832565022328849125e+01 6.832633824262786426e+00 3.136975102097589385e+01 4.767200616787987144e+01 1.256901635586821442e+01 2.577422478799732986e+01
5.502300000000000000e+04 7.154161911357759607e+01 6.832633824262786426e+00 2.886096285873570366e+01 4.549257796220879158e+01 1.131270102647213349e+01 2.398385594802235588e+01
5.502400000000000000e+04 6.758983250853404456e+01 6.832633824262786426e+00 2.653764361138853545e+01 4.290395405894286540e+01 1.018094207449878574e+01 2.206993521550558768e+01
5.502500000000000000e+04 6.121924757783200022e+01 6.832633824262786426e+00 2.441809507962472026e+01 4.000209523341009543e+01 9.172838121572022274e+00 2.008944115779936368e+01
5.502800000000000000e+04 4.330814624718172468e+01 6.832633824262786426e+00 1.899524038126809700e+01 3.216454087788617500e+01 6.716370971383953226e+00 1.508089876119944250e+01
5.502900000000000000e+04 4.462428128798471505e+01 6.832633824262786426e+00 1.750790241283739235e+01 2.980404304626759782e+01 6.071543353043900915e+00 1.367157937902183562e+01
5.503100000000000000e+04 4.112723032279285462e+01 6.832633824262786426e+00 1.499126651653919851e+01 2.537188337766254165e+01 5.006434182654020404e+00 1.115541829830396736e+01
5.503300000000000000e+04 2.541248596788682335e+01 6.832633824262786426e+00 1.301777429432866739e+01 2.143802095320575418e+01 4.192249869357422831e+00 9.050160821177707149e+00
5.503400000000000000e+04 4.202163650455757704e+01 6.832633824262786426e+00 1.224659095604198278e+01 1.967772484159125312e+01 3.874767751706000407e+00 8.144753659599029305e+00
5.503500000000000000e+04 2.946065757443791355e+01 6.832633824262786426e+00 1.157031802328240211e+01 1.807562788884496996e+01 3.597735703756966164e+00 7.338270497257618707e+00
5.503700000000000000e+04 2.945344223017587382e+01 6.832633824262786426e+00 1.046393278796644388e+01 1.522086699501263318e+01 3.145344712025503142e+00 5.951230448472252910e+00
5.503800000000000000e+04 3.225662740863468514e+01 6.832633824262786426e+00 1.002177482326832170e+01 1.399584248500874040e+01 2.963093496324381348e+00 5.373096777107163824e+00
5.503900000000000000e+04 3.074801754232348117e+01 6.832633824262786426e+00 9.632694977842625406e+00 1.288138637781794316e+01 2.802157021713587159e+00 4.857234682435121798e+00
5.504000000000000000e+04 2.291892857134742911e+01 6.832633824262786426e+00 9.268620472621689643e+00 1.188693994284627919e+01 2.653484246384680389e+00 4.403875201113765847e+00
5.504100000000000000e+04 1.875494820583323730e+01 6.832633824262786426e+00 8.918914137347767834e+00 1.099973667139280309e+01 2.513503025968822246e+00 4.005147346123217211e+00
5.504300000000000000e+04 2.288287491138947516e+01 6.832633824262786426e+00 8.257915069371753347e+00 9.527474743096453480e+00 2.256754227528354306e+00 3.353799895485938709e+00
5.504400000000000000e+04 1.759542106508117598e+01 6.832633824262786426e+00 7.911991282164740014e+00 8.952263413541544423e+00 2.129971270706062736e+00 3.099814201364801125e+00
5.504500000000000000e+04 1.196277442659284418e+01 6.832633824262786426e+00 7.551305437268367449e+00 8.448059070133957960e+00 2.002998789726357476e+00 2.878188563005573020e+00
5.504600000000000000e+04 9.623224308366076230e+00 6.832633824262786426e+00 7.201194234435823738e+00 8.006109654413840815e+00 1.882468299899572761e+00 2.684452003223524841e+00
5.504700000000000000e+04 8.701010058460109775e+00 6.832633824262786426e+00 6.861428064928858817e+00 7.623309071641973134e+00 1.768044749775525615e+00 2.516275769620402780e+00
5.504900000000000000e+04 -6.059260954232446039e-01 6.832633824262786426e+00 6.191178502725894539e+00 7.003150828666598215e+00 1.551051834533994978e+00 2.241725617370870172e+00
5.505000000000000000e+04 5.700280777962515089e+00 6.832633824262786426e+00 5.822318907808187838e+00 6.731783393708080432e+00 1.438675292267899364e+00 2.122787397107745111e+00
5.505100000000000000e+04 1.324077304112923947e+01 6.832633824262786426e+00 5.436115645356124126e+00 6.471566511022446733e+00 1.325106192803267691e+00 2.010802420775057886e+00
5.505300000000000000e+04 2.588734862700100336e+00 6.832633824262786426e+00 4.671471206392032727e+00 5.980940323964746064e+00 1.108770342350714921e+00 1.805403382022683800e+00
5.505400000000000000e+04 2.824295585575100631e+00 6.832633824262786426e+00 4.293820997733088340e+00 5.725362775657896641e+00 1.005908494057323077e+00 1.703977016564850455e+00
5.505500000000000000e+04 2.057696403201932966e+01 6.832633824262786426e+00 3.933977050929433616e+00 5.459693981084517311e+00 9.098004280595362037e-01 1.602399031781086114e+00
5.505700000000000000e+04 7.800409518975546241e+00 6.832633824262786426e+00 3.267954795303254834e+00 4.952788396651184755e+00 7.368888778080757707e-01 1.414435799820420669e+00
5.505800000000000000e+04 7.662586526674272314e+00 6.832633824262786426e+00 2.951900508094092768e+00 4.709808007049141487e+00 6.574095826676078502e-01 1.327155096666236656e+00
5.505900000000000000e+04 -5.009778837444971877e+00 6.832633824262786426e+00 2.650107795339088135e+00 4.462065917587398012e+00 5.830050588127172473e-01 1.240841467627196382e+00
5.506100000000000000e+04 1.167355560930437797e+01 6.832633824262786426e+00 2.097721046587586624e+00 3.912137515136943744e+00 4.505027589097987395e-01 1.060084954242614286e+00
5.506300000000000000e+04 3.911946922694654383e+00 6.832633824262786426e+00 1.628229051359488366e+00 3.357179193383188931e+00 3.415482990769190819e-01 8.870162738805721370e-01
5.506400000000000000e+04 1.007090588870763348e+01 6.832633824262786426e+00 1.430050174861278833e+00 3.083713079382130129e+00 2.965309531914898100e-01 8.047267952458585505e-01
5.506700000000000000e+04 1.169225959530744419e+01 6.832633824262786426e+00 9.478364502329007513e-01 2.342481315886536297e+00 1.899928740845295005e-01 5.895111022464607498e-01
5.506800000000000000e+04 -8.440790685047041109e+00 6.832633824262786426e+00 8.222095865760433719e-01 2.114649959991934391e+00 1.630009885761951050e-01 5.259276661340864800e-01
5.506900000000000000e+04 5.600735411826209820e+00 6.832633824262786426e+00 7.114886321071732800e-01 1.897331663400107393e+00 1.395185175518027509e-01 4.664040470501739089e-01
5.507000000000000000e+04 -1.118222105533342337e+01 6.832633824262786426e+00 6.142464668803382377e-01 1.691155971088644572e+00 1.191554736916271978e-01 4.109535310771395000e-01
5.507200000000000000e+04 7.056656755485091637e+00 6.832633824262786426e+00 4.560021150716552230e-01 1.323703544991184922e+00 8.659693020465177027e-02 3.144487706649526926e-01
5.507400000000000000e+04 9.421135271500629571e+00 6.832633824262786426e+00 3.365728559047677093e-01 1.021015378028938159e+00 6.259957145868536021e-02 2.372247625531919146e-01
5.507600000000000000e+04 -2.454596220789840633e+00 6.832633824262786426e+00 2.446644561300058696e-01 7.779170420753893644e-01 4.458659039435906163e-02 1.768636417959688623e-01
5.507800000000000000e+04 8.121714760684213275e+00 6.832633824262786426e+00 1.772255691513887343e-01 5.858646731801036012e-01 3.165759871947924908e-02 1.304007908609561006e-01
5.508000000000000000e+04 3.135842024134345429e+00 6.832633824262786426e+00 1.280487148722933011e-01 4.372719911345859245e-01 2.242927217941729015e-02 9.532437895330177213e-02
5.508200000000000000e+04 7.010879268403982678e+00 6.832633824262786426e+00 9.225249237564120408e-02 3.243297507568781435e-01 1.585148843184322476e-02 6.927754416372142177e-02
5.508300000000000000e+04 -1.442930905334532454e+01 6.832633824262786426e+00 7.828265047811086563e-02 2.786768301891387467e-01 1.332425287277213925e-02 5.893182841083124957e-02
5.508400000000000000e+04 -7.365311824348349745e+00 6.832633824262786426e+00 6.634986103872077268e-02 2.391804426293450692e-01 1.118771474028273233e-02 5.007965716694829511e-02
5.508600000000000000e+04 1.775092240007495548e+01 6.832633824262786426e+00 4.778895805253825790e-02 1.737236238853490933e-01 7.910245647124551638e-03 3.566927231548724930e-02
5.508900000000000000e+04 8.588070244128012121e+00 6.832633824262786426e+00 2.953792704718989290e-02 1.068566704643237469e-01 4.758348966942117439e-03 2.132016569519628105e-02
5.509000000000000000e+04 -8.894368147514587264e+00 6.832633824262786426e+00 2.515094851968402434e-02 9.077933904808636878e-02 4.015798901434460173e-03 1.794341774353383490e-02
5.509200000000000000e+04 -4.946825456660415732e+00 6.832633824262786426e+00 1.823123819824581937e-02 6.535378462587780601e-02 2.860340487345981557e-03 1.268119074547458328e-02
5.509300000000000000e+04 8.873243883788132891e+00 6.832633824262786426e+00 1.552278488735900699e-02 5.543741947257068564e-02 2.414419350363810127e-03 1.065940229821771279e-02
5.509500000000000000e+04 -3.102870601049402488e+00 6.832633824262786426e+00 1.124605589990867321e-02 3.979087231490430893e-02 1.719580412830072277e-03 7.514517358155370884e-03
5.509600000000000000e+04 6.013749980528073635e+00 6.832633824262786426e+00 9.575513617746863118e-03 3.380775707615856635e-02 1.451847290194205504e-03 6.328196517699642178e-03
5.509700000000000000e+04 4.866612898192483883e+00 6.832633824262786426e+00 8.151450433902005660e-03 2.879850421062769492e-02 1.225634575374692737e-03 5.343347226255695630e-03
5.509800000000000000e+04 2.546902560349522116e+00 6.832633824262786426e+00 6.935252852135165638e-03 2.452865352674118288e-02 1.034155386379047173e-03 4.511597543912077707e-03
5.510000000000000000e+04 -3.200195615979184005e+00 6.832633824262786426e+00 5.026680235648261705e-03 1.776974950689142949e-02 7.373742460977353481e-04 3.212639121147568746e-03
5.510100000000000000e+04 1.176431730494452665e+01 6.832633824262786426e+00 4.277566175215478418e-03 1.513033479274826509e-02 6.224268341795411233e-04 2.712307255261054220e-03
5.510200000000000000e+04 1.390586122025649907e+00 6.832633824262786426e+00 3.642667242111638070e-03 1.287290515649084331e-02 5.258043306838589264e-04 2.288272389876785419e-03
5.510600000000000000e+04 -2.377179452622234790e-01 6.832633824262786426e+00 1.907742695990415722e-03 6.753296707284152031e-03 2.668395524086519138e-04 1.161477832155364534e-03
5.510900000000000000e+04 5.516041909135223520e+00 6.832633824262786426e+00 1.173339293678566731e-03 4.161620824954526988e-03 1.603886617199637324e-04 6.987274722892087252e-04
5.511100000000000000e+04 -1.031432473324382748e+01 6.832633824262786426e+00 8.489831367973027466e-04 3.012745054015916572e-03 1.143196079927424701e-04 4.979414673436328770e-04
5.511200000000000000e+04 -8.679489558971953400e+00 6.832633824262786426e+00 7.216635572816795623e-04 2.564915589422319189e-03 9.645587389153405797e-05 4.206434645470872170e-04
5.511400000000000000e+04 1.277193543676661314e+01 6.832633824262786426e+00 5.221294690758054077e-04 1.856433332444799768e-03 6.876820444588222371e-05 2.998115846971575321e-04
5.511500000000000000e+04 -1.943235171105506609e+01 6.832633824262786426e+00 4.438946344158176387e-04 1.578910684761704363e-03 5.804061642466235168e-05 2.530630024300718631e-04
5.511700000000000000e+04 -3.031457688246538940e+00 6.832633824262786426e+00 3.211936095938321719e-04 1.141133410710656361e-03 4.139733072045060849e-05 1.801713734228016527e-04
5.511800000000000000e+04 6.339080249102797548e-01 6.832633824262786426e+00 2.730603437855316632e-04 9.704714504265813269e-04 3.494412016400036890e-05 1.520924414535138741e-04
5.511900000000000000e+04 1.816377276579316025e+00 6.832633824262786426e+00 2.323819442238831193e-04 8.247826540287415704e-04 2.952906681710418518e-05 1.283109293759710076e-04
5.512000000000000000e+04 1.427507281389161831e+00 6.832633824262786426e+00 1.994177585201395940e-04 7.015057681351797572e-04 2.516312410348764490e-05 1.083373128451908503e-04
