5.497500000000000000e+04 -3.461630385300949353e+00 1.085343496258016316e+01 9.676860811788584593e-01 2.279497885001649794e-18 9.676860811788584593e-01 2.279497885001649794e-18
5.497600000000000000e+04 -9.167647551506977521e+00 1.085343496258016316e+01 2.014654457448330049e+00 2.279497664544057483e-18 2.014654457448330049e+00 2.279497664544057483e-18
5.497900000000000000e+04 -3.969741113492301743e+00 1.085343496258016316e+01 7.421511495175619366e+00 2.279496745960992233e-18 7.421511495175619366e+00 2.279496745960992233e-18
5.498000000000000000e+04 1.589780212492743061e+01 1.085343496258016316e+01 1.010928248076253944e+01 2.279496327867838250e-18 1.010928248076253944e+01 2.279496327867838250e-18
5.498100000000000000e+04 3.495042761121951713e+01 1.085343496258016316e+01 1.326427468792255127e+01 2.279495837231172164e-18 1.326427468792255127e+01 2.279495837231172164e-18
5.498200000000000000e+04 1.394610275124006193e+01 1.085343496258016316e+01 1.681188057541250913e+01 2.279495261463979831e-18 1.681188057541250913e+01 2.279495261463979831e-18
5.498400000000000000e+04 2.674404907938286868e+01 1.085343496258016316e+01 2.504964300095078400e+01 3.875042658400934537e-01 2.504964300095078400e+01 3.875042658400934537e-01
5.498500000000000000e+04 3.592509890945314766e+01 1.085343496258016316e+01 2.982457128805857849e+01 1.209607601473573046e+00 2.982457128805857849e+01 1.209607601473573046e+00
5.498700000000000000e+04 3.992127358819296035e+01 1.085343496258016316e+01 4.097582893337165899e+01 4.302310410807026031e+00 4.097582893337165899e+01 4.302310410807026031e+00
5.499000000000000000e+04 6.150354072718552345e+01 1.085343496258016316e+01 6.053040193995693841e+01 1.263660310095317385e+01 6.053040193995693841e+01 1.263660310095317385e+01
5.499200000000000000e+04 1.092998916788467909e+02 1.085343496258016316e+01 7.440742163840896239e+01 2.101485071926563819e+01 7.440742163840896239e+01 2.101485071926563819e+01
5.499300000000000000e+04 1.148383731034652300e+02 1.085343496258016316e+01 8.115791156796579742e+01 2.589679503310846798e+01 8.115791156796579742e+01 2.589679503310846798e+01
5.499400000000000000e+04 1.200619970072896336e+02 1.085343496258016316e+01 8.659722275531558466e+01 3.131205375118847201e+01 8.659722275531558466e+01 3.131205375118847201e+01
5.499600000000000000e+04 1.300946410807877669e+02 1.085343496258016316e+01 9.298895886639343189e+01 4.387309556528447985e+01 9.298895886639343189e+01 4.387309556528447985e+01
5.499700000000000000e+04 1.380967459476374870e+02 1.085343496258016316e+01 9.602629760471731402e+01 5.121978616671457729e+01 9.534931745081652821e+01 5.121978616671457729e+01
5.499800000000000000e+04 1.582386778483276544e+02 1.085343496258016316e+01 9.863784169684963388e+01 5.921981088614808897e+01 9.725679520493949326e+01 5.921981088614808897e+01
5.500000000000000000e+04 1.751682092156401609e+02 1.085343496258016316e+01 1.022499452215769935e+02 7.566300242494617123e+01 9.942624000542298290e+01 7.566300242494617123e+01
5.500200000000000000e+04 2.009067247741180893e+02 1.085343496258016316e+01 1.036108342321895606e+02 9.300927704801119944e+01 9.937735874946248771e+01 9.300927704801119944e+01
5.500300000000000000e+04 2.063460917014730853e+02 1.085343496258016316e+01 1.031740598268749380e+02 1.014473894599572503e+02 9.828909195663038645e+01 1.014473894599572503e+02
5.500400000000000000e+04 2.120079600150143619e+02 1.085343496258016316e+01 1.020215581162302669e+02 1.082465284441444737e+02 9.653818898204983157e+01 1.082465284441444737e+02
5.500500000000000000e+04 2.180118169608387859e+02 1.085343496258016316e+01 1.004061950617473542e+02 1.135903830153870473e+02 9.437559456880096320e+01 1.129241306445840110e+02
5.500900000000000000e+04 2.139795538419048455e+02 1.085343496258016316e+01 9.017081903220253025e+01 1.268978802194007187e+02 8.255133116561614770e+01 1.232616612135995240e+02
5.501200000000000000e+04 2.078556055796369719e+02 1.085343496258016316e+01 7.954012997154671893e+01 1.300849626030463639e+02 7.142612246008147281e+01 1.242216984368281061e+02
5.501300000000000000e+04 1.871371792576728978e+02 1.085343496258016316e+01 7.582115327606729238e+01 1.293853034244093294e+02 6.765517379857884350e+01 1.228613649457879831e+02
5.501400000000000000e+04 2.060801587096134995e+02 1.085343496258016316e+01 7.174937864106662744e+01 1.277924276649884519e+02 6.361888512242121152e+01 1.206727362275622966e+02
5.501600000000000000e+04 1.879965612985980954e+02 1.085343496258016316e+01 6.330950889054347641e+01 1.230508255311777788e+02 5.543739832797152900e+01 1.149148538767069141e+02
5.501700000000000000e+04 1.781258877209422451e+02 1.085343496258016316e+01 5.987996236392293525e+01 1.200422916728510643e+02 5.211031447560955598e+01 1.114909368188455971e+02
5.501800000000000000e+04 1.598862454209219663e+02 1.085343496258016316e+01 5.691195513632015235e+01 1.164660372497320395e+02 4.922327896239417555e+01 1.075799346478219434e+02
5.501900000000000000e+04 1.573641526875523198e+02 1.085343496258016316e+01 5.416712466546491811e+01 1.123214049672164805e+02 4.656333247267679099e+01 1.031891639570201704e+02
5.502000000000000000e+04 1.621634770905374694e+02 1.085343496258016316e+01 5.138545182187672822e+01 1.078339411204519678e+02 4.390417961541074021e+01 9.853247543900947392e+01
5.502100000000000000e+04 1.651617304770959436e+02 1.085343496258016316e+01 4.848122463163545603e+01 1.032932857521825127e+02 4.117301454915962466e+01 9.387738412449559178e+01
5.502200000000000000e+04 1.538371145323335725e+02 1.085343496258016316e+01 4.559697173179837648e+01 9.876447083167765584e+01 3.849145005216814042e+01 8.928265307510184812e+01
5.502500000000000000e+04 1.177143281359773113e+02 1.085343496258016316e+01 3.782979850566403002e+01 8.338498130299691979e+01 3.137059333747742329e+01 7.419252718480018416e+01
5.502900000000000000e+04 9.197537739286350700e+01 1.085343496258016316e+01 2.920560302190056490e+01 6.678928001549576265e+01 2.366167303078713857e+01 5.820416559084598873e+01
5.503100000000000000e+04 9.850252462375448204e+01 1.085343496258016316e+01 2.557948924994742157e+01 5.966484470855094457e+01 2.048817721261307412e+01 5.146626818644953261e+01
5.503200000000000000e+04 6.677446544033293208e+01 1.085343496258016316e+01 2.394717605849132980e+01 5.606279700098288998e+01 1.907229695642826428e+01 4.811431256521017019e+01
5.503300000000000000e+04 7.854260141499015901e+01 1.085343496258016316e+01 2.262392352702791953e+01 5.262515417173629828e+01 1.791710107470335345e+01 4.493651624262341926e+01
5.503400000000000000e+04 6.411760643093730039e+01 1.085343496258016316e+01 2.147933193290936416e+01 4.940453855937080618e+01 1.691552365168480421e+01 4.197496903939745039e+01
5.503500000000000000e+04 5.498534692082040465e+01 1.085343496258016316e+01 2.039049086870866034e+01 4.638534357362756566e+01 1.596874529619285887e+01 3.921324167184678089e+01
5.503600000000000000e+04 7.122172765424281238e+01 1.085343496258016316e+01 1.941880354892018801e+01 4.351618904861580006e+01 1.512367877641758973e+01 3.660513883631880816e+01
5.503700000000000000e+04 4.257086797801481026e+01 1.085343496258016316e+01 1.852455611395492596e+01 4.077950904225229323e+01 1.434788638676704053e+01 3.413368129425988684e+01
5.503900000000000000e+04 7.147167402069466391e+01 1.085343496258016316e+01 1.673617309726067148e+01 3.568476063955585431e+01 1.282170619571031622e+01 2.957709128848392055e+01
5.504000000000000000e+04 3.006413904337076914e+01 1.085343496258016316e+01 1.589267687945648433e+01 3.337264348630321820e+01 1.210962883225882791e+01 2.752609987322931318e+01
5.504200000000000000e+04 4.762335380230938142e+01 1.085343496258016316e+01 1.434775242191906663e+01 2.918538241757434903e+01 1.081543224929825442e+01 2.384037119553533302e+01
5.504400000000000000e+04 4.336216470092704611e+01 1.085343496258016316e+01 1.292985326397151802e+01 2.613448404185302465e+01 9.643386980885679804e+00 2.114440456460600615e+01
5.504500000000000000e+04 1.968119182077873575e+01 1.085343496258016316e+01 1.223968894972166765e+01 2.478948097917738735e+01 9.080561577061848411e+00 1.996093162024107315e+01
5.504600000000000000e+04 3.618114621798719099e+01 1.085343496258016316e+01 1.154627238083720364e+01 2.358915797151733784e+01 8.521234229400151960e+00 1.890459847052198938e+01
5.504700000000000000e+04 5.512859135950021994e+01 1.085343496258016316e+01 1.084237905159458393e+01 2.248493145386230196e+01 7.960046289989414880e+00 1.793485798345880156e+01
5.504800000000000000e+04 3.937796258549686002e+01 1.085343496258016316e+01 1.014445000566668753e+01 2.139167820459037728e+01 7.409034476823465276e+00 1.698291378579737554e+01
5.505000000000000000e+04 1.735262384930375390e+01 1.085343496258016316e+01 8.699088686422088657e+00 1.924522762166733969e+01 6.288194800073795498e+00 1.513703604032353489e+01
5.505200000000000000e+04 2.976600479109781361e+01 1.085343496258016316e+01 7.222475931940756766e+00 1.734795332787439648e+01 5.167770414954748759e+00 1.351929031162281980e+01
5.505400000000000000e+04 2.798356784975824851e+01 1.085343496258016316e+01 5.869315163318349349e+00 1.561023267530869063e+01 4.157327640826142812e+00 1.205423372610709798e+01
5.505600000000000000e+04 4.075818518425138137e+01 1.085343496258016316e+01 4.727932062215185915e+00 1.391943611372514944e+01 3.315520380235053022e+00 1.065154278675018951e+01
5.505800000000000000e+04 7.627290913344328516e+00 1.085343496258016316e+01 3.787477502041184607e+00 1.221194107642427618e+01 2.629827455937498115e+00 9.261293096029330485e+00
5.506000000000000000e+04 2.351919292811068374e+01 1.085343496258016316e+01 2.995901927756850380e+00 1.045726795252272190e+01 2.059888564189253035e+00 7.860243500092245483e+00
5.506100000000000000e+04 1.090455178260985747e+01 1.085343496258016316e+01 2.654024268909282558e+00 9.547887732182388731e+00 1.815959130283463896e+00 7.145018133789109882e+00
5.506200000000000000e+04 5.284440735189540383e+00 1.085343496258016316e+01 2.345079197716878561e+00 8.670226813690330658e+00 1.596812745279095003e+00 6.459713018693435949e+00
5.506400000000000000e+04 1.766809477368395775e+01 1.085343496258016316e+01 1.811859333670083227e+00 7.036277032098246842e+00 1.221917543613490142e+00 5.196659551032679403e+00
5.506500000000000000e+04 -2.588883411987435323e+00 1.085343496258016316e+01 1.583818745934913563e+00 6.306429779905263544e+00 1.063036946060080368e+00 4.637421707408826421e+00
5.506700000000000000e+04 1.892752098885804912e+01 1.085343496258016316e+01 1.201827785603489351e+00 5.071406586414369144e+00 7.990344961129509649e-01 3.697168904581446203e+00
5.506800000000000000e+04 2.264995026617772211e+01 1.085343496258016316e+01 1.042468658547259119e+00 4.528562879124371499e+00 6.898283870746817481e-01 3.287284319921872644e+00
5.506900000000000000e+04 -4.453146704192278982e+00 1.085343496258016316e+01 9.004851998950269554e-01 4.030480162437366509e+00 5.930877954916861095e-01 2.913249123554294773e+00
5.507100000000000000e+04 6.569514572723877066e+00 1.085343496258016316e+01 6.659457661966353692e-01 3.167259718105646993e+00 4.345486239456022304e-01 2.269948912854329759e+00
5.507300000000000000e+04 1.605698498202298552e+01 1.085343496258016316e+01 4.886815028999467181e-01 2.461894820743639301e+00 3.159510589642119949e-01 1.749623211387704602e+00
5.507400000000000000e+04 1.256895147137754698e+01 1.085343496258016316e+01 4.178481216093821726e-01 2.158211861407326460e+00 2.689201451984696289e-01 1.527396929516862567e+00
5.507500000000000000e+04 -3.879740406239016615e+00 1.085343496258016316e+01 3.560312979680194112e-01 1.885428903455810046e+00 2.280935985444418612e-01 1.328796182575100682e+00
5.507800000000000000e+04 8.198136040097738331e+00 1.085343496258016316e+01 2.185092787472127651e-01 1.238759326089359680e+00 1.381047141620609098e-01 8.622854838433522406e-01
5.508000000000000000e+04 -1.875864349117933116e+01 1.085343496258016316e+01 1.572415689218624180e-01 9.199305724024354758e-01 9.849760017656127020e-02 6.351357169307066952e-01
5.508100000000000000e+04 6.088384020131917929e+00 1.085343496258016316e+01 1.333909640673398289e-01 7.899550797551114778e-01 8.318738014801362046e-02 5.431857799320026770e-01
5.508200000000000000e+04 5.237817595944156857e+00 1.085343496258016316e+01 1.130206550029837359e-01 6.768406364545148657e-01 7.017301316464903682e-02 4.635259803140082679e-01
5.508400000000000000e+04 1.143569498296754716e+01 1.085343496258016316e+01 8.101974624268991343e-02 4.948130671651840840e-01 4.986444254227592049e-02 3.361501814980870639e-01
5.508500000000000000e+04 4.162768796574933816e+00 1.085343496258016316e+01 6.858488622423000725e-02 4.213744116110383908e-01 4.202762805578161287e-02 2.851169981805523612e-01
5.508800000000000000e+04 -1.836784297120976905e+00 1.085343496258016316e+01 4.196589014715486343e-02 2.581867631259728291e-01 2.538464199561750803e-02 1.726308927025761164e-01
5.508900000000000000e+04 1.386315079403382722e+00 1.085343496258016316e+01 3.562436169332934555e-02 2.189873741613256319e-01 2.145658115601357940e-02 1.458457370371799289e-01
5.509000000000000000e+04 -7.316045750562041761e+00 1.085343496258016316e+01 3.024389813533267732e-02 1.855941031326855672e-01 1.813835800367798873e-02 1.231220002207015773e-01
5.509100000000000000e+04 9.534451210813172040e+00 1.085343496258016316e+01 2.568476611502895288e-02 1.573593279724862792e-01 1.533876746194622574e-02 1.039842251850170152e-01
5.509300000000000000e+04 7.745926088749751415e+00 1.085343496258016316e+01 1.849570144702505220e-02 1.127696111670026535e-01 1.095262713745783802e-02 7.394243732673441705e-02
5.509500000000000000e+04 1.449079709873207022e+01 1.085343496258016316e+01 1.333371440287446121e-02 8.074032694866345450e-02 7.830004347216196550e-03 5.253453506972701609e-02
5.509600000000000000e+04 1.182871966450019796e+00 1.085343496258016316e+01 1.131477568343696241e-02 6.843497356451663793e-02 6.616827885050855125e-03 4.435764426012227257e-02
5.509700000000000000e+04 -7.157657683167562013e+00 1.085343496258016316e+01 9.603371256732710914e-03 5.810282436476080226e-02 5.592785077591702451e-03 3.751715914299787180e-02
5.509800000000000000e+04 3.120840567228298834e+00 1.085343496258016316e+01 8.156974366974970372e-03 4.932870555798372220e-02 4.730874821351913062e-03 3.173080249452188417e-02
5.509900000000000000e+04 -3.311601602326386118e+00 1.085343496258016316e+01 6.922525051176041389e-03 4.185374361744898658e-02 3.998454947828823484e-03 2.682072644501697772e-02
5.510100000000000000e+04 -6.329652526944423485e+00 1.085343496258016316e+01 4.987091709119397670e-03 3.014643010052256433e-02 2.857113554350843541e-03 1.917345932743277914e-02
5.510400000000000000e+04 7.360863895891625930e+00 1.085343496258016316e+01 3.051077160374982954e-03 1.839797189444857331e-02 1.726894476100850886e-03 1.157105150594250030e-02
5.510700000000000000e+04 -3.517559152620145113e+01 1.085343496258016316e+01 1.855208563363728398e-03 1.123940071155522281e-02 1.037530654529236849e-03 6.990981346989627414e-03
5.510800000000000000e+04 -1.438910392769491731e+00 1.085343496258016316e+01 1.572218603448912594e-03 9.542174514666809659e-03 8.757902202812570909e-04 5.913593526689891328e-03
5.510900000000000000e+04 -1.026651193575082210e+01 1.085343496258016316e+01 1.331482129531405718e-03 8.094372235010973207e-03 7.387683124515371895e-04 4.998068684786028705e-03
5.511000000000000000e+04 -7.982871664345040363e-01 1.085343496258016316e+01 1.127435049168664999e-03 6.865105613856153227e-03 6.230988444615148105e-04 4.223640712351514441e-03
5.511100000000000000e+04 2.611000921279378062e+01 1.085343496258016316e+01 9.552231054538337608e-04 5.826011676515663665e-03 5.258591276927242816e-04 3.571391942938554210e-03
5.511400000000000000e+04 -2.215203944253567769e+01 1.085343496258016316e+01 5.808402238707360788e-04 3.559561238862878844e-03 3.160519228810185948e-04 2.158618095126063445e-03
