5.497600000000000000e+04 -2.985154621237900319e+00 4.808581116359821550e+00 1.164140563987932975e+00 8.960306594403884616e-19 1.164140563987932975e+00 8.960306594403884616e-19
5.497900000000000000e+04 4.180507030624910136e+00 4.808581116359821550e+00 4.289077145657377521e+00 8.960306593371694018e-19 4.289077145657377521e+00 8.960306593371694018e-19
5.498300000000000000e+04 1.227067439726395293e+01 4.808581116359821550e+00 1.143383206421574805e+01 8.960306590944363620e-19 1.143383206421574805e+01 8.960306590944363620e-19
5.499200000000000000e+04 4.046795503102804759e+01 4.808581116359821550e+00 3.733751665722944324e+01 8.960306574406249113e-19 3.733751665722944324e+01 8.960306574406249113e-19
5.499500000000000000e+04 4.279557425975588103e+01 4.808581116359821550e+00 4.526446668391263017e+01 4.470698795328594821e-01 4.526446668391263017e+01 4.470698795328594821e-01
5.499600000000000000e+04 3.778267051069543925e+01 4.808581116359821550e+00 4.750204251648135312e+01 9.313124511903465574e-01 4.750204251648135312e+01 9.313124511903465574e-01
5.499800000000000000e+04 5.327565299685644362e+01 4.808581116359821550e+00 5.147680622435078135e+01 2.426487086150368899e+00 5.091672227927872996e+01 2.426487086150368899e+00
5.500200000000000000e+04 6.349993265927275132e+01 4.808581116359821550e+00 5.677773260282739187e+01 7.442956887355959950e+00 5.381775602163734362e+01 7.442956887355959950e+00
5.500700000000000000e+04 7.635798208634898288e+01 4.808581116359821550e+00 5.783790634504742911e+01 1.763684900154167678e+01 5.210622193247517231e+01 1.763684900154167678e+01
5.501100000000000000e+04 7.883218703571920116e+01 4.808581116359821550e+00 5.526581345338557583e+01 2.752955409036710677e+01 4.789065290588005297e+01 2.752955409036710677e+01
5.501600000000000000e+04 8.667625190908920274e+01 4.808581116359821550e+00 4.874218549373227916e+01 4.063134708689749175e+01 4.031611703369087962e+01 3.800163401318508249e+01
5.502200000000000000e+04 9.775447092847996089e+01 4.808581116359821550e+00 4.041420660154310696e+01 5.497160871074125765e+01 3.169741694238675578e+01 4.305420481730988058e+01
5.502800000000000000e+04 9.736074625134818916e+01 4.808581116359821550e+00 3.530406356036009896e+01 6.086755876683633204e+01 2.632666932167046880e+01 4.100482266696061373e+01
5.503000000000000000e+04 9.554239505571116808e+01 4.808581116359821550e+00 3.411214213300389275e+01 6.107369297866939917e+01 2.502725028100064719e+01 3.931107941469451816e+01
5.503300000000000000e+04 9.092285812697298297e+01 4.808581116359821550e+00 3.230154937369837853e+01 5.951555851713259671e+01 2.313864568316503068e+01 3.590898908961783320e+01
5.503800000000000000e+04 9.138446876556594134e+01 4.808581116359821550e+00 2.833959738329158284e+01 5.445564402091522993e+01 1.953108020902245556e+01 2.975067964429372225e+01
5.504200000000000000e+04 9.027115817322349756e+01 4.808581116359821550e+00 2.477038792813730339e+01 4.992469958093683857e+01 1.656882135661357935e+01 2.535793355390940462e+01
5.504400000000000000e+04 6.683891544665871720e+01 4.808581116359821550e+00 2.301372471478488535e+01 4.823327092985239517e+01 1.517055024046465839e+01 2.366696316479508511e+01
5.504600000000000000e+04 6.269624997189937687e+01 4.808581116359821550e+00 2.139985906347408573e+01 4.693269041852990853e+01 1.390504162668881349e+01 2.227253721456430569e+01
5.505000000000000000e+04 6.428172081307303642e+01 4.808581116359821550e+00 1.881278301265518493e+01 4.496095458481205043e+01 1.188425964160150627e+01 2.002180022480052202e+01
5.505600000000000000e+04 6.041458100687837884e+01 4.808581116359821550e+00 1.640891070963809995e+01 4.125813034135806134e+01 9.950825172612551839e+00 1.681808671994051352e+01
5.505900000000000000e+04 5.340549401839489718e+01 4.808581116359821550e+00 1.546708756155944187e+01 3.844121385820187697e+01 9.195652533626304859e+00 1.503371680023538381e+01
5.506300000000000000e+04 5.141350190731616721e+01 4.808581116359821550e+00 1.444228363628598011e+01 3.418602720066288470e+01 8.367487622413662507e+00 1.268309979990460690e+01
5.506500000000000000e+04 3.976417247553925449e+01 4.808581116359821550e+00 1.400176805036763739e+01 3.211577554775170995e+01 8.010164788539839265e+00 1.161678924537065605e+01
5.506700000000000000e+04 5.104758727320456302e+01 4.808581116359821550e+00 1.357617597322936476e+01 3.023732779768050705e+01 7.670155917078735897e+00 1.067024059484808518e+01
5.507000000000000000e+04 3.940879661003748424e+01 4.808581116359821550e+00 1.298242149794489109e+01 2.792896089853487496e+01 7.200455628366551508e+00 9.507407713281207151e+00
5.507400000000000000e+04 3.658241137945990573e+01 4.808581116359821550e+00 1.219704921970799916e+01 2.588660542225266070e+01 6.603708294373577203e+00 8.415671463671214880e+00
5.507900000000000000e+04 3.840098549233079694e+01 4.808581116359821550e+00 1.110854970305285683e+01 2.390134006540149514e+01 5.840457257125583723e+00 7.356522026901044953e+00
5.508300000000000000e+04 3.001176889731013375e+01 4.808581116359821550e+00 1.003192048306659601e+01 2.267522205773123645e+01 5.155149271873892936e+00 6.693990097930931249e+00
5.509100000000000000e+04 3.083065514289183184e+01 4.808581116359821550e+00 7.031757671218587191e+00 2.067203499933516753e+01 3.457107999615824934e+00 5.641623000746457173e+00
