5.497600000000000000e+04 -4.462342721106818288e+00 6.520481206677093411e+00 1.164140563987932975e+00 1.400047905375606646e-18 1.164140563987932975e+00 1.400047905375606646e-18
5.497900000000000000e+04 4.141855048838120723e+00 6.520481206677093411e+00 4.289077145657377521e+00 1.400047905214326962e-18 4.289077145657377521e+00 1.400047905214326962e-18
5.498300000000000000e+04 1.256859813627556477e+01 6.520481206677093411e+00 1.143383206421574805e+01 1.400047904835056466e-18 1.143383206421574805e+01 1.400047904835056466e-18
5.499200000000000000e+04 4.158242052618336970e+01 6.520481206677093411e+00 3.733751665722944324e+01 1.400047902250976364e-18 3.733751665722944324e+01 1.400047902250976364e-18
5.499500000000000000e+04 4.200894106941717610e+01 6.520481206677093411e+00 4.526446668391263017e+01 6.985466867700927951e-01 4.526446668391263017e+01 6.985466867700927951e-01
5.499600000000000000e+04 3.451478995428242769e+01 6.520481206677093411e+00 4.750204251648135312e+01 1.455175704984916107e+00 4.750204251648135312e+01 1.455175704984916107e+00
5.499800000000000000e+04 5.441710612974316064e+01 6.520481206677093411e+00 5.147680622435078135e+01 3.791386072109951044e+00 5.091672227927872996e+01 3.791386072109951044e+00
5.500200000000000000e+04 6.742999969965885043e+01 6.520481206677093411e+00 5.677773260282739187e+01 1.162962013649368842e+01 5.381775602163734362e+01 1.162962013649368842e+01
5.500700000000000000e+04 8.659314667364854756e+01 6.520481206677093411e+00 5.783790634504742911e+01 2.755757656490886376e+01 5.210622193247517231e+01 2.755757656490886376e+01
5.501100000000000000e+04 9.290663168671359529e+01 6.520481206677093411e+00 5.526581345338557583e+01 4.301492826619860210e+01 4.789065290588005297e+01 4.301492826619860210e+01
5.501600000000000000e+04 1.085711273651017024e+02 6.520481206677093411e+00 4.874218549373227916e+01 6.348647982327732109e+01 4.031611703369087962e+01 5.937755314560169495e+01
5.502200000000000000e+04 1.295192644990250415e+02 6.520481206677093411e+00 4.041420660154310696e+01 8.589313861053318533e+01 3.169741694238675578e+01 6.727219502704667775e+01
5.502800000000000000e+04 1.320220873554810623e+02 6.520481206677093411e+00 3.530406356036009896e+01 9.510556057318176215e+01 2.632666932167046880e+01 6.407003541712595052e+01
5.503000000000000000e+04 1.300232860488605979e+02 6.520481206677093411e+00 3.411214213300389275e+01 9.542764527917093176e+01 2.502725028100064719e+01 6.142356158546017753e+01
5.503300000000000000e+04 1.240819984687042989e+02 6.520481206677093411e+00 3.230154937369837853e+01 9.299306018301966503e+01 2.313864568316503068e+01 5.610779545252785994e+01
5.503800000000000000e+04 1.250736142285585828e+02 6.520481206677093411e+00 2.833959738329158284e+01 8.508694378268002367e+01 1.953108020902245556e+01 4.648543694420893502e+01
5.504200000000000000e+04 1.238990292986197659e+02 6.520481206677093411e+00 2.477038792813730339e+01 7.800734309521379828e+01 1.656882135661357935e+01 3.962177117798344028e+01
5.504400000000000000e+04 9.240081234705445468e+01 6.520481206677093411e+00 2.301372471478488535e+01 7.536448582789435591e+01 1.517055024046465839e+01 3.697962994499231826e+01
5.504600000000000000e+04 8.708931271117381812e+01 6.520481206677093411e+00 2.139985906347408573e+01 7.333232877895297008e+01 1.390504162668881349e+01 3.480083939775672519e+01
5.505000000000000000e+04 8.975310456811976678e+01 6.520481206677093411e+00 1.881278301265518493e+01 7.025149153876881769e+01 1.188425964160150627e+01 3.128406285125081610e+01
5.505600000000000000e+04 8.460042938205035057e+01 6.520481206677093411e+00 1.640891070963809995e+01 6.446582865837196152e+01 9.950825172612551839e+00 2.627826049990705215e+01
5.505900000000000000e+04 7.484967265107853507e+01 6.520481206677093411e+00 1.546708756155944187e+01 6.006439665344041146e+01 9.195652533626304859e+00 2.349018250036778355e+01
5.506300000000000000e+04 7.163469641662001663e+01 6.520481206677093411e+00 1.444228363628598011e+01 5.341566750103574179e+01 8.367487622413662507e+00 1.981734343735094583e+01
5.506500000000000000e+04 5.556743636366265093e+01 6.520481206677093411e+00 1.400176805036763739e+01 5.018089929336203880e+01 8.010164788539839265e+00 1.815123319589164907e+01
5.506700000000000000e+04 7.063148590500165369e+01 6.520481206677093411e+00 1.357617597322936476e+01 4.724582468387578871e+01 7.670155917078735897e+00 1.667225092945013287e+01
5.507000000000000000e+04 5.458390244736164476e+01 6.520481206677093411e+00 1.298242149794489109e+01 4.363900140396072658e+01 7.200455628366551508e+00 1.485532455200188373e+01
5.507400000000000000e+04 5.060917021252166137e+01 6.520481206677093411e+00 1.219704921970799916e+01 4.044782097226976703e+01 6.603708294373577203e+00 1.314948666198627159e+01
5.507900000000000000e+04 5.305275124174424661e+01 6.520481206677093411e+00 1.110854970305285683e+01 3.734584385218983016e+01 5.840457257125583723e+00 1.149456566703288019e+01
5.508300000000000000e+04 4.180700294433437136e+01 6.520481206677093411e+00 1.003192048306659601e+01 3.543003446520505406e+01 5.155149271873892936e+00 1.045935952801707813e+01
5.509100000000000000e+04 4.357186727063066201e+01 6.520481206677093411e+00 7.031757671218587191e+00 3.230005468646119482e+01 3.457107999615824934e+00 8.815035938666337501e+00
