5.497500000000000000e+04 -3.597266073365082750e+00 1.118579168853315053e+01 9.676860811788584593e-01 2.279498969297296478e-18 9.676860811788584593e-01 2.279498969297296478e-18
5.497600000000000000e+04 -9.510074930224174494e+00 1.118579168853315053e+01 2.014654457448330049e+00 2.279498936976645219e-18 2.014654457448330049e+00 2.279498936976645219e-18
5.497900000000000000e+04 -4.318567032159829289e+00 1.118579168853315053e+01 7.421511495175619366e+00 2.279498802305776228e-18 7.421511495175619366e+00 2.279498802305776228e-18
5.498000000000000000e+04 1.607505968842527011e+01 1.118579168853315053e+01 1.010928248076253944e+01 2.279498741010288571e-18 1.010928248076253944e+01 2.279498741010288571e-18
5.498100000000000000e+04 3.561450666167243639e+01 1.118579168853315053e+01 1.326427468792255127e+01 2.279498669079372028e-18 1.326427468792255127e+01 2.279498669079372028e-18
5.498200000000000000e+04 1.385834615268536751e+01 1.118579168853315053e+01 1.681188057541250913e+01 2.279498584667664851e-18 1.681188057541250913e+01 2.279498584667664851e-18
5.498400000000000000e+04 2.639656510288644142e+01 1.118579168853315053e+01 2.504964300095078400e+01 2.279498369363932715e-18 2.504964300095078400e+01 2.279498369363932715e-18
5.498500000000000000e+04 3.486526234086669973e+01 1.118579168853315053e+01 2.982457128805857849e+01 2.279498232948373031e-18 2.982457128805857849e+01 2.279498232948373031e-18
5.498700000000000000e+04 3.545492383222310195e+01 1.118579168853315053e+01 4.097582893337165899e+01 2.279497885001649794e-18 4.097582893337165899e+01 2.279497885001649794e-18
5.499000000000000000e+04 4.850977596949013559e+01 1.118579168853315053e+01 6.053040193995693841e+01 2.279497102236597885e-18 6.053040193995693841e+01 2.279497102236597885e-18
5.499200000000000000e+04 8.871000505044351314e+01 1.118579168853315053e+01 7.440742163840896239e+01 2.279496327867838250e-18 7.440742163840896239e+01 2.279496327867838250e-18
5.499300000000000000e+04 8.917993154311112391e+01 1.118579168853315053e+01 8.115791156796579742e+01 2.279495837231172164e-18 8.115791156796579742e+01 2.279495837231172164e-18
5.499400000000000000e+04 8.881586442667986603e+01 1.118579168853315053e+01 8.659722275531558466e+01 2.279495261463979831e-18 8.659722275531558466e+01 2.279495261463979831e-18
5.499600000000000000e+04 8.640181627856503610e+01 1.118579168853315053e+01 9.298895886639343189e+01 3.875042658400934537e-01 9.298895886639343189e+01 3.875042658400934537e-01
5.499700000000000000e+04 9.135338857418904013e+01 1.118579168853315053e+01 9.957329221388769724e+01 1.209607601473573046e+00 9.534931745081652821e+01 1.209607601473573046e+00
5.499800000000000000e+04 1.087847584526332270e+02 1.118579168853315053e+01 1.058737472600971330e+02 2.518318071810412118e+00 9.725679520493949326e+01 2.518318071810412118e+00
5.500000000000000000e+04 1.207534180801699790e+02 1.118579168853315053e+01 1.170445697343839413e+02 6.537636875244362322e+00 9.942624000542298290e+01 6.537636875244362322e+00
5.500200000000000000e+04 1.428463431002306265e+02 1.118579168853315053e+01 1.257918607050696238e+02 1.263660310095317385e+01 9.937735874946248771e+01 1.263660310095317385e+01
5.500300000000000000e+04 1.471263375983149615e+02 1.118579168853315053e+01 1.287685393723814684e+02 1.658034335990318908e+01 9.828909195663038645e+01 1.658034335990318908e+01
5.500400000000000000e+04 1.535593261914760603e+02 1.118579168853315053e+01 1.307513231572883114e+02 2.101485071926563819e+01 9.653818898204983157e+01 2.101485071926563819e+01
5.500500000000000000e+04 1.620381337361479837e+02 1.118579168853315053e+01 1.320031441233819294e+02 2.589679503310846798e+01 9.437559456880096320e+01 2.589679503310846798e+01
5.500900000000000000e+04 1.781286869216928608e+02 1.118579168853315053e+01 1.300926427838944903e+02 5.121978616671457729e+01 8.255133116561614770e+01 5.121978616671457729e+01
5.501200000000000000e+04 1.958922877959127788e+02 1.118579168853315053e+01 1.220529580597872155e+02 7.566300242494617123e+01 7.142612246008147281e+01 7.566300242494617123e+01
5.501300000000000000e+04 1.841578637724389012e+02 1.118579168853315053e+01 1.186062851862885452e+02 8.417417817184538364e+01 6.765517379857884350e+01 8.417417817184538364e+01
5.501400000000000000e+04 2.140964327091094503e+02 1.118579168853315053e+01 1.143485841190398844e+02 9.300927704801119944e+01 6.361888512242121152e+01 9.300927704801119944e+01
5.501600000000000000e+04 2.144877935352277518e+02 1.118579168853315053e+01 1.045549332465542989e+02 1.082465284441444737e+02 5.543739832797152900e+01 1.082465284441444737e+02
5.501700000000000000e+04 2.141682112618680094e+02 1.118579168853315053e+01 1.005885400322690941e+02 1.154310463448937583e+02 5.211031447560955598e+01 1.129241306445840110e+02
5.501800000000000000e+04 2.046884776675036335e+02 1.118579168853315053e+01 9.719628663914353695e+01 1.213970858000766384e+02 4.922327896239417555e+01 1.162361985829917899e+02
5.501900000000000000e+04 2.117274034164405805e+02 1.118579168853315053e+01 9.400671192908716023e+01 1.271244774913011355e+02 4.656333247267679099e+01 1.191866468135206389e+02
5.502000000000000000e+04 2.259838403199502750e+02 1.118579168853315053e+01 9.058310338251546057e+01 1.323664982739226730e+02 4.390417961541074021e+01 1.215709940061743595e+02
5.502100000000000000e+04 2.375130008213009205e+02 1.118579168853315053e+01 8.677212816235392268e+01 1.369437056083090738e+02 4.117301454915962466e+01 1.232616612135995240e+02
5.502200000000000000e+04 2.334290096657697404e+02 1.118579168853315053e+01 8.282590222225537957e+01 1.408372689676816663e+02 3.849145005216814042e+01 1.242828000067787144e+02
5.502500000000000000e+04 2.154738168401586904e+02 1.118579168853315053e+01 7.167239459813467306e+01 1.474090656619564186e+02 3.137059333747742329e+01 1.228613649457879831e+02
5.502900000000000000e+04 1.977773020209064896e+02 1.118579168853315053e+01 5.825267283449485944e+01 1.436672211847644292e+02 2.366167303078713857e+01 1.114909368188455971e+02
5.503100000000000000e+04 2.034704379851795579e+02 1.118579168853315053e+01 5.225509598076965290e+01 1.375511555547079183e+02 2.048817721261307412e+01 1.031891639570201704e+02
5.503200000000000000e+04 1.693791980600732074e+02 1.118579168853315053e+01 4.948879614254007464e+01 1.335312107149456438e+02 1.907229695642826428e+01 9.853247543900947392e+01
5.503300000000000000e+04 1.799861092007653269e+02 1.118579168853315053e+01 4.728502144624961545e+01 1.293067088930802129e+02 1.791710107470335345e+01 9.387738412449559178e+01
5.503400000000000000e+04 1.633776550405676460e+02 1.118579168853315053e+01 4.539111616693100615e+01 1.249600012439125436e+02 1.691552365168480421e+01 8.928265307510184812e+01
5.503500000000000000e+04 1.516465652617783064e+02 1.118579168853315053e+01 4.355794654442525626e+01 1.202401576335242197e+02 1.596874529619285887e+01 8.456896724822354372e+01
5.503600000000000000e+04 1.652954188405928733e+02 1.118579168853315053e+01 4.192283756822956775e+01 1.148320876459702760e+02 1.512367877641758973e+01 7.952360640302650552e+01
5.503700000000000000e+04 1.319434302678602080e+02 1.118579168853315053e+01 4.040795243105201706e+01 1.087810833583540102e+02 1.434788638676704053e+01 7.419252718480018416e+01
5.503900000000000000e+04 1.552771926752430431e+02 1.118579168853315053e+01 3.724577432791889464e+01 9.839730130856973744e+01 1.282170619571031622e+01 6.513789309451193787e+01
5.504000000000000000e+04 1.102363549219255248e+02 1.118579168853315053e+01 3.571371735209773135e+01 9.431180249194721910e+01 1.210962883225882791e+01 6.152909870299270523e+01
5.504200000000000000e+04 1.236276809170758071e+02 1.118579168853315053e+01 3.285512008691823382e+01 8.655709011178227286e+01 1.081543224929825442e+01 5.488022451926343592e+01
5.504400000000000000e+04 1.126006909031957832e+02 1.118579168853315053e+01 3.014908505704098118e+01 7.802216925574479944e+01 9.643386980885679804e+00 4.811431256521017019e+01
5.504500000000000000e+04 8.477916955800577625e+01 1.118579168853315053e+01 2.879173659239000571e+01 7.386664539962438880e+01 9.080561577061848411e+00 4.493651624262341926e+01
5.504600000000000000e+04 9.840380451770934656e+01 1.118579168853315053e+01 2.739576804752148931e+01 6.993029841963614501e+01 8.521234229400151960e+00 4.197496903939745039e+01
5.504700000000000000e+04 1.146128588454967456e+02 1.118579168853315053e+01 2.594417887296250314e+01 6.619979459041174152e+01 7.960046289989414880e+00 3.921324167184678089e+01
5.504800000000000000e+04 9.516788484309373075e+01 1.118579168853315053e+01 2.447648629763399697e+01 6.260942946563968547e+01 7.409034476823465276e+00 3.660513883631880816e+01
5.505000000000000000e+04 6.620307310193588535e+01 1.118579168853315053e+01 2.133081440081033264e+01 5.578829273841054004e+01 6.288194800073795498e+00 3.179182399043226326e+01
5.505200000000000000e+04 7.286760995726091039e+01 1.118579168853315053e+01 1.798797526037448691e+01 4.952495889191418854e+01 5.167770414954748759e+00 2.752609987322931318e+01
5.505400000000000000e+04 6.549446143137870990e+01 1.118579168853315053e+01 1.483916528116483491e+01 4.395210833608894063e+01 4.157327640826142812e+00 2.384037119553533302e+01
5.505600000000000000e+04 7.483670960239305714e+01 1.118579168853315053e+01 1.212817355089982385e+01 3.992063581797614091e+01 3.315520380235053022e+00 2.114440456460600615e+01
5.505800000000000000e+04 3.775565648124118923e+01 1.118579168853315053e+01 9.852911546415430877e+00 3.653124608443668819e+01 2.629827455937498115e+00 1.890459847052198938e+01
5.506000000000000000e+04 5.184617603319441059e+01 1.118579168853315053e+01 7.900084621378622884e+00 3.357182397176424615e+01 2.059888564189253035e+00 1.698291378579737554e+01
5.506100000000000000e+04 3.774616347983241127e+01 1.118579168853315053e+01 7.045013445934697138e+00 3.203823835653114571e+01 1.815959130283463896e+00 1.602713274463789261e+01
5.506200000000000000e+04 3.095419376205694917e+01 1.118579168853315053e+01 6.265573849926113326e+00 3.059497724470192992e+01 1.596812745279095003e+00 1.513703604032353489e+01
5.506400000000000000e+04 4.191831350229907116e+01 1.118579168853315053e+01 4.902821951994766891e+00 2.792544606768809246e+01 1.221917543613490142e+00 1.351929031162281980e+01
5.506500000000000000e+04 2.017887732956257807e+01 1.118579168853315053e+01 4.312421979081927148e+00 2.666648200907579636e+01 1.063036946060080368e+00 1.277252706632618029e+01
5.506700000000000000e+04 4.055599393346459891e+01 1.118579168853315053e+01 3.312237696737015291e+00 2.420196674326409436e+01 7.990344961129509649e-01 1.135070197132731273e+01
5.506800000000000000e+04 4.343970263791713649e+01 1.118579168853315053e+01 2.890105010488086990e+00 2.294768377977460361e+01 6.898283870746817481e-01 1.065154278675018951e+01
5.506900000000000000e+04 1.449689555861314538e+01 1.118579168853315053e+01 2.511074417332249897e+00 2.165729594348870179e+01 5.930877954916861095e-01 9.950057862486769267e+00
5.507100000000000000e+04 2.374460477994826491e+01 1.118579168853315053e+01 1.878336427004865472e+00 1.904616729147744891e+01 4.345486239456022304e-01 8.575491801655763524e+00
5.507300000000000000e+04 3.108777233096964210e+01 1.118579168853315053e+01 1.393691716197035246e+00 1.618632408028585346e+01 3.159510589642119949e-01 7.145018133789109882e+00
5.507400000000000000e+04 2.627428274330776148e+01 1.118579168853315053e+01 1.198146814917261604e+00 1.477723950156310728e+01 2.689201451984696289e-01 6.459713018693435949e+00
5.507500000000000000e+04 8.144084926131528235e+00 1.118579168853315053e+01 1.026352765370425191e+00 1.342637777545429856e+01 2.280935985444418612e-01 5.812788022969217927e+00
5.507800000000000000e+04 1.743582523037898113e+01 1.118579168853315053e+01 6.397838988271632443e-01 9.848753289488223928e+00 1.381047141620609098e-01 4.144400475293815944e+00
5.508000000000000000e+04 -1.202034841855263281e+01 1.118579168853315053e+01 4.650268699535810568e-01 7.957857881666869915e+00 9.849760017656127020e-02 3.287284319921872644e+00
5.508100000000000000e+04 1.283670018993696260e+01 1.118579168853315053e+01 3.964294600953588432e-01 7.117067608843142601e+00 8.318738014801362046e-02 2.913249123554294773e+00
5.508200000000000000e+04 1.126922755581711399e+01 1.118579168853315053e+01 3.375181587193289423e-01 6.347546610549183121e+00 7.017301316464903682e-02 2.574860705236566183e+00
5.508400000000000000e+04 1.644587327841649937e+01 1.118579168853315053e+01 2.442559853490843813e-01 5.009201581940520676e+00 4.986444254227592049e-02 1.996015931598868809e+00
5.508500000000000000e+04 8.422705236229599990e+00 1.118579168853315053e+01 2.077299571913117926e-01 4.429696046591391045e+00 4.202762805578161287e-02 1.749623211387704602e+00
5.508800000000000000e+04 9.230097070490974609e-01 1.118579168853315053e+01 1.288422889129562099e-01 2.996542211098024655e+00 2.538464199561750803e-02 1.153225912522330976e+00
5.508900000000000000e+04 3.893651460023597632e+00 1.118579168853315053e+01 1.098555498606739317e-01 2.617437250641998947e+00 2.145658115601357940e-02 9.987931201411885951e-01
5.509000000000000000e+04 -5.390008882197105500e+00 1.118579168853315053e+01 9.367010840259386295e-02 2.278848076701211589e+00 1.813835800367798873e-02 8.622854838433522406e-01
5.509100000000000000e+04 1.169338404193383418e+01 1.118579168853315053e+01 7.989197032554690159e-02 1.975723718731679623e+00 1.533876746194622574e-02 7.413597443646077201e-01
5.509300000000000000e+04 9.377563624666617415e+00 1.118579168853315053e+01 5.801716120982790270e-02 1.471707552147768050e+00 1.095262713745783802e-02 5.431857799320026770e-01
5.509500000000000000e+04 1.596733586584372411e+01 1.118579168853315053e+01 4.217005441280226308e-02 1.087582532719558737e+00 7.830004347216196550e-03 3.949388237052650075e-01
5.509600000000000000e+04 2.105984593697623808e+00 1.118579168853315053e+01 3.592937541582614386e-02 9.331529038386897623e-01 6.616827885050855125e-03 3.361501814980870639e-01
5.509700000000000000e+04 -6.618189894827089859e+00 1.118579168853315053e+01 3.061658335026025413e-02 7.978143843088216780e-01 5.592785077591702451e-03 2.851169981805523612e-01
5.509800000000000000e+04 3.863686808762525793e+00 1.118579168853315053e+01 2.610780578911267233e-02 6.804172605789006179e-01 4.730874821351913062e-03 2.412484968723941914e-01
5.509900000000000000e+04 -2.860971781094750810e+00 1.118579168853315053e+01 2.224300502927696252e-02 5.800654555047375371e-01 3.998454947828823484e-03 2.040615828835353474e-01
5.510100000000000000e+04 -6.122486572833216734e+00 1.118579168853315053e+01 1.614697725241379112e-02 4.210566428263383676e-01 2.857113554350843541e-03 1.458457370371799289e-01
5.510400000000000000e+04 7.833232142137999787e+00 1.118579168853315053e+01 9.989048407557760481e-03 2.590787646038841818e-01 1.726894476100850886e-03 8.771626645581130644e-02
5.510700000000000000e+04 -3.610143910883601848e+01 1.118579168853315053e+01 6.139380142045851481e-03 1.586648028175895175e-01 1.037530654529236849e-03 5.253453506972701609e-02
5.510800000000000000e+04 -1.354253016503025986e+00 1.118579168853315053e+01 5.221110977228741665e-03 1.349536968969960171e-01 8.757902202812570909e-04 4.435764426012227257e-02
5.510900000000000000e+04 -1.047119819199490109e+01 1.118579168853315053e+01 4.436968607752687054e-03 1.149750859096312916e-01 7.387683124515371895e-04 3.751715914299787180e-02
5.511000000000000000e+04 -7.292533015365553206e-01 1.118579168853315053e+01 3.769872628761057175e-03 9.794664114009016265e-02 6.230988444615148105e-04 3.173080249452188417e-02
5.511100000000000000e+04 2.698915834378529865e+01 1.118579168853315053e+01 3.204848453723308215e-03 8.338563851755777245e-02 5.258591276927242816e-04 2.682072644501697772e-02
5.511400000000000000e+04 -2.278122035766230269e+01 1.118579168853315053e+01 1.968181744549255853e-03 5.146364242425782026e-02 3.160519228810185948e-04 1.620595869261173133e-02
