5.497600000000000000e+04 -5.572823232740065080e+00 7.807407149506729205e+00 1.164140563987932975e+00 8.960306593772031297e-19 1.164140563987932975e+00 8.960306593772031297e-19
5.497900000000000000e+04 4.112798307510431073e+00 7.807407149506729205e+00 4.289077145657377521e+00 8.960306592350573665e-19 4.289077145657377521e+00 8.960306592350573665e-19
5.498300000000000000e+04 1.279256318592270070e+01 7.807407149506729205e+00 1.143383206421574805e+01 8.960306589007829505e-19 1.143383206421574805e+01 8.960306589007829505e-19
5.499200000000000000e+04 4.256165069089172448e+01 7.807407149506729205e+00 3.733751665722944324e+01 1.414274411638661300e-01 3.733751665722944324e+01 1.414274411638661300e-01
5.499500000000000000e+04 4.211722422492974971e+01 7.807407149506729205e+00 4.526446668391263017e+01 1.587232095280796784e+00 4.526446668391263017e+01 1.587232095280796784e+00
5.499600000000000000e+04 3.263564674086025263e+01 7.807407149506729205e+00 4.750204251648135312e+01 2.426487086150368899e+00 4.750204251648135312e+01 2.426487086150368899e+00
5.499800000000000000e+04 5.796925870693095106e+01 7.807407149506729205e+00 5.442488444432102312e+01 4.563436508517902723e+00 5.091672227927872996e+01 4.563436508517902723e+00
5.500200000000000000e+04 8.221251925988653397e+01 7.807407149506729205e+00 7.235797297109141368e+01 1.102479628531949452e+01 5.381775602163734362e+01 1.102479628531949452e+01
5.500700000000000000e+04 1.120135691377701477e+02 7.807407149506729205e+00 8.800740884395055730e+01 2.257211756982848527e+01 5.210622193247517231e+01 2.257211756982848527e+01
5.501100000000000000e+04 1.197292280932814066e+02 7.807407149506729205e+00 9.408597669889195458e+01 3.207803185965695292e+01 4.789065290588005297e+01 3.207803185965695292e+01
5.501600000000000000e+04 1.383277858363380801e+02 7.807407149506729205e+00 9.309394584249561433e+01 4.961325418892919714e+01 4.031611703369087962e+01 4.073337782342299107e+01
5.502200000000000000e+04 1.564682219202987881e+02 7.807407149506729205e+00 8.629621762564794096e+01 6.632615905567016057e+01 3.169741694238675578e+01 4.292955278684152631e+01
5.502800000000000000e+04 1.580788527779940011e+02 7.807407149506729205e+00 8.255780232582642952e+01 7.359034066430814391e+01 2.632666932167046880e+01 3.931107941469451816e+01
5.503000000000000000e+04 1.560888146341084166e+02 7.807407149506729205e+00 8.193170924491184337e+01 7.357818021585634938e+01 2.502725028100064719e+01 3.714193852390528150e+01
5.503300000000000000e+04 1.509176498691900292e+02 7.807407149506729205e+00 8.053174243568757618e+01 7.183784758608427978e+01 2.313864568316503068e+01 3.349864657779635024e+01
5.503800000000000000e+04 1.547989127038363506e+02 7.807407149506729205e+00 7.470442869149000842e+01 6.614866642352312454e+01 1.953108020902245556e+01 2.736808705979442635e+01
5.504200000000000000e+04 1.555928394018221468e+02 7.807407149506729205e+00 6.794045197279397996e+01 6.236244793923504659e+01 1.656882135661357935e+01 2.366696316479508511e+01
5.504400000000000000e+04 1.182560475712397334e+02 7.807407149506729205e+00 6.429734308416136912e+01 6.111584211676444767e+01 1.517055024046465839e+01 2.227253721456430569e+01
5.504600000000000000e+04 1.117865184486850154e+02 7.807407149506729205e+00 6.084985266255291947e+01 6.008799005978069374e+01 1.390504162668881349e+01 2.106133545733638002e+01
5.505000000000000000e+04 1.145882754193151811e+02 7.807407149506729205e+00 5.528201057483773440e+01 5.848148271158238742e+01 1.188425964160150627e+01 1.904313992562109448e+01
5.505600000000000000e+04 1.079562302277116999e+02 7.807407149506729205e+00 5.040192458179983959e+01 5.309328844020665628e+01 9.950825172612551839e+00 1.562486416721796978e+01
5.505900000000000000e+04 9.695644198842676076e+01 7.807407149506729205e+00 4.847764102677115261e+01 4.929517943282193215e+01 9.195652533626304859e+00 1.384112857863875767e+01
5.506300000000000000e+04 9.484560487030361742e+01 7.807407149506729205e+00 4.641780083657756251e+01 4.390565495287840037e+01 8.367487622413662507e+00 1.161678924537065605e+01
5.506500000000000000e+04 7.671502860868083928e+01 7.807407149506729205e+00 4.553938885580668483e+01 4.149123055306678509e+01 8.010164788539839265e+00 1.067024059484808518e+01
5.506700000000000000e+04 9.578209100325739200e+01 7.807407149506729205e+00 4.466331790514948352e+01 3.937322199077831897e+01 7.670155917078735897e+00 9.849461411076502415e+00
5.507000000000000000e+04 7.808302528993881708e+01 7.807407149506729205e+00 4.341658730236179764e+01 3.710609715687007082e+01 7.200455628366551508e+00 8.917591241737580887e+00
5.507400000000000000e+04 7.406061326018897262e+01 7.807407149506729205e+00 4.163836190851372265e+01 3.485973074469629296e+01 6.603708294373577203e+00 7.960660138090042359e+00
5.507900000000000000e+04 7.696920138351153184e+01 7.807407149506729205e+00 3.883787266843370389e+01 3.262540828687109240e+01 5.840457257125583723e+00 7.013954269992709989e+00
5.508300000000000000e+04 6.252955085060605711e+01 7.807407149506729205e+00 3.570147076743546677e+01 3.120439795023580487e+01 5.155149271873892936e+00 6.408131830831871767e+00
5.509100000000000000e+04 5.960342336332567470e+01 7.807407149506729205e+00 2.584741366992767553e+01 2.867910907941035248e+01 3.457107999615824934e+00 5.405543130602271873e+00
