5.497500000000000000e+04 -2.937216378518962223e+00 9.568430073191928287e+00 9.676860811788584593e-01 1.458879340350270093e-18 9.676860811788584593e-01 1.458879340350270093e-18
5.497600000000000000e+04 -7.843706070707108680e+00 9.568430073191928287e+00 2.014654457448330049e+00 1.458879319665053140e-18 2.014654457448330049e+00 1.458879319665053140e-18
5.497900000000000000e+04 -2.621060686617108892e+00 9.568430073191928287e+00 7.421511495175619366e+00 1.458879233475697024e-18 7.421511495175619366e+00 1.458879233475697024e-18
5.498000000000000000e+04 1.521246369790253183e+01 9.568430073191928287e+00 1.010928248076253944e+01 1.458879194246585025e-18 1.010928248076253944e+01 1.458879194246585025e-18
5.498100000000000000e+04 3.238287064565653139e+01 9.568430073191928287e+00 1.326427468792255127e+01 1.458879148210798260e-18 1.326427468792255127e+01 1.458879148210798260e-18
5.498200000000000000e+04 1.428539980591984104e+01 9.568430073191928287e+00 1.681188057541250913e+01 1.458879094187306028e-18 1.681188057541250913e+01 1.458879094187306028e-18
5.498400000000000000e+04 2.620181267344877796e+01 9.568430073191928287e+00 2.504964300095078400e+01 1.458878956392917053e-18 2.504964300095078400e+01 1.458878956392917053e-18
5.498500000000000000e+04 3.413642521868398916e+01 9.568430073191928287e+00 2.982457128805857849e+01 1.458878869086958948e-18 2.982457128805857849e+01 1.458878869086958948e-18
5.498700000000000000e+04 3.625319544689055817e+01 9.568430073191928287e+00 4.097582893337165899e+01 1.458878646401056061e-18 4.097582893337165899e+01 1.458878646401056061e-18
5.499000000000000000e+04 5.024784687035779740e+01 9.568430073191928287e+00 6.053040193995693841e+01 1.458878145431422993e-18 6.053040193995693841e+01 1.458878145431422993e-18
5.499200000000000000e+04 8.664198429205995922e+01 9.568430073191928287e+00 7.440742163840896239e+01 1.458877649835416619e-18 7.440742163840896239e+01 1.458877649835416619e-18
5.499300000000000000e+04 8.802002194112907318e+01 9.568430073191928287e+00 8.115791156796579742e+01 1.458877335827950478e-18 8.115791156796579742e+01 1.458877335827950478e-18
5.499400000000000000e+04 8.849506944163293554e+01 9.568430073191928287e+00 8.659722275531558466e+01 1.458876967336947338e-18 8.659722275531558466e+01 1.458876967336947338e-18
5.499600000000000000e+04 8.727078391659551926e+01 9.568430073191928287e+00 9.298895886639343189e+01 2.480027301376598325e-01 9.298895886639343189e+01 2.480027301376598325e-01
5.499700000000000000e+04 9.362577498386282571e+01 9.568430073191928287e+00 1.009177175899442176e+02 7.741488649430867675e-01 9.534931745081652821e+01 7.741488649430867675e-01
5.499800000000000000e+04 1.105640257925558387e+02 9.568430073191928287e+00 1.086163888848764287e+02 1.611723565958664173e+00 9.725679520493949326e+01 1.611723565958664173e+00
5.500000000000000000e+04 1.244165252967518995e+02 9.568430073191928287e+00 1.226522096706897997e+02 4.184087600156392028e+00 9.942624000542298290e+01 4.184087600156392028e+00
5.500200000000000000e+04 1.460657062092429044e+02 9.568430073191928287e+00 1.341991852552741307e+02 8.087425984610032259e+00 9.937735874946248771e+01 8.087425984610032259e+00
5.500300000000000000e+04 1.506015438953459125e+02 9.568430073191928287e+00 1.384696727485008978e+02 1.061141975033804385e+01 9.828909195663038645e+01 1.061141975033804385e+01
5.500400000000000000e+04 1.566242144748371743e+02 9.568430073191928287e+00 1.416408308744635178e+02 1.344950446033000979e+01 9.653818898204983157e+01 1.344950446033000979e+01
5.500500000000000000e+04 1.640932059629433866e+02 9.568430073191928287e+00 1.439794070741627365e+02 1.657394882118942192e+01 9.437559456880096320e+01 1.657394882118942192e+01
5.500900000000000000e+04 1.752815624398883472e+02 9.568430073191928287e+00 1.452243017865519050e+02 3.278066314669732861e+01 8.255133116561614770e+01 3.278066314669732861e+01
5.501200000000000000e+04 1.850310262874816658e+02 9.568430073191928287e+00 1.381666912867816279e+02 4.842432155196556209e+01 7.142612246008147281e+01 4.842432155196556209e+01
5.501300000000000000e+04 1.727647597747785539e+02 9.568430073191928287e+00 1.348232303458079002e+02 5.387147402998105150e+01 6.765517379857884350e+01 5.387147402998105150e+01
5.501400000000000000e+04 1.957852311402045871e+02 9.568430073191928287e+00 1.304950571631103458e+02 5.952593731072717276e+01 6.361888512242121152e+01 5.952593731072717276e+01
5.501600000000000000e+04 1.909085616971098318e+02 9.568430073191928287e+00 1.201882795750422872e+02 6.927777820425247057e+01 5.543739832797152900e+01 6.927777820425247057e+01
5.501700000000000000e+04 1.885924489752225384e+02 9.568430073191928287e+00 1.160184041484970976e+02 7.415772829082089856e+01 5.211031447560955598e+01 7.227144361253377269e+01
5.501800000000000000e+04 1.788453576905671980e+02 9.568430073191928287e+00 1.124653477732781965e+02 7.827438601537534169e+01 4.922327896239417555e+01 7.439116709311475972e+01
5.501900000000000000e+04 1.833152499915111662e+02 9.568430073191928287e+00 1.091072006499762495e+02 8.225213520577237603e+01 4.656333247267679099e+01 7.627945396065322825e+01
5.502000000000000000e+04 1.939641173902574565e+02 9.568430073191928287e+00 1.054402777643704496e+02 8.592832369946815163e+01 4.390417961541074021e+01 7.780543616395159745e+01
5.502100000000000000e+04 2.022701177173936173e+02 9.568430073191928287e+00 1.012856157909326811e+02 8.918227712126353879e+01 4.117301454915962466e+01 7.888746317670370445e+01
5.502200000000000000e+04 1.972877680740319875e+02 9.568430073191928287e+00 9.693686781138021047e+01 9.199711135221778591e+01 3.849145005216814042e+01 7.954099200433840622e+01
5.502500000000000000e+04 1.785155782603588932e+02 9.568430073191928287e+00 8.449983021382919901e+01 9.710175972579430947e+01 3.137059333747742329e+01 7.863127356530432621e+01
5.502900000000000000e+04 1.612835171114930404e+02 9.568430073191928287e+00 6.926244929572011699e+01 9.556467947614716252e+01 2.366167303078713857e+01 7.135419956406119013e+01
5.503100000000000000e+04 1.659506252531573693e+02 9.568430073191928287e+00 6.236601143519420276e+01 9.189614185356390408e+01 2.048817721261307412e+01 6.604106493249292953e+01
5.503200000000000000e+04 1.368963873707569405e+02 9.568430073191928287e+00 5.916989407762305575e+01 8.939496779669750026e+01 1.907229695642826428e+01 6.306078428096606103e+01
5.503300000000000000e+04 1.462756551273768935e+02 9.568430073191928287e+00 5.663237307692235589e+01 8.673969885474195962e+01 1.791710107470335345e+01 6.008152583967718385e+01
5.503400000000000000e+04 1.324749811111226165e+02 9.568430073191928287e+00 5.445445373950371248e+01 8.398569183346221223e+01 1.691552365168480421e+01 5.714089796806518251e+01
5.503500000000000000e+04 1.229089199521235116e+02 9.568430073191928287e+00 5.233915958280171310e+01 8.096429958823527784e+01 1.596874529619285887e+01 5.412413903886307764e+01
5.503600000000000000e+04 1.352205644717848259e+02 9.568430073191928287e+00 5.045259239812908447e+01 7.746235452506007846e+01 1.512367877641758973e+01 5.089510809793696922e+01
5.503700000000000000e+04 1.074591833126977036e+02 9.568430073191928287e+00 4.870246555124204235e+01 7.350876885426507101e+01 1.434788638676704053e+01 4.748321739827211729e+01
5.503900000000000000e+04 1.285284898211776010e+02 9.568430073191928287e+00 4.501957479437805887e+01 6.671370900425438322e+01 1.282170619571031622e+01 4.168825158048764479e+01
5.504000000000000000e+04 9.034408838154814703e+01 9.568430073191928287e+00 4.322653107963110841e+01 6.404539272355030732e+01 1.210962883225882791e+01 3.937862316991534328e+01
5.504200000000000000e+04 1.024340069599341660e+02 9.568430073191928287e+00 3.987000944381308898e+01 5.895804472194279811e+01 1.081543224929825442e+01 3.512334369232860354e+01
5.504400000000000000e+04 9.376151195378088232e+01 9.568430073191928287e+00 3.667572936570441300e+01 5.329680140023409507e+01 9.643386980885679804e+00 3.079316004173451304e+01
5.504500000000000000e+04 7.029879010452192745e+01 9.568430073191928287e+00 3.506549658598203933e+01 5.052733784746565249e+01 9.080561577061848411e+00 2.875937039527899231e+01
5.504600000000000000e+04 8.222362198499001806e+01 9.568430073191928287e+00 3.340323817924858929e+01 4.789847667023722266e+01 8.521234229400151960e+00 2.686398018521436981e+01
5.504700000000000000e+04 9.629037367054014851e+01 9.568430073191928287e+00 3.166824816009389210e+01 4.540203232546433298e+01 7.960046289989414880e+00 2.509647466998194432e+01
5.504800000000000000e+04 7.981594227712901102e+01 9.568430073191928287e+00 2.990879037604096169e+01 4.299376050714385400e+01 7.409034476823465276e+00 2.342728885524403992e+01
5.505000000000000000e+04 5.518345775174503842e+01 9.568430073191928287e+00 2.611864592158651632e+01 3.840248870370678702e+01 6.288194800073795498e+00 2.034676735387665047e+01
5.505200000000000000e+04 6.081824510410880436e+01 9.568430073191928287e+00 2.206844678002276083e+01 3.416935892103397521e+01 5.167770414954748759e+00 1.761670391886676512e+01
5.505400000000000000e+04 5.436355778502970537e+01 9.568430073191928287e+00 1.823902782583245497e+01 3.039056086225106057e+01 4.157327640826142812e+00 1.525783756514261391e+01
5.505600000000000000e+04 6.208634951880971897e+01 9.568430073191928287e+00 1.493310379257867737e+01 2.766026427523499720e+01 3.315520380235053022e+00 1.353241892134784763e+01
5.505800000000000000e+04 3.013281106816955557e+01 9.568430073191928287e+00 1.215190670839599285e+01 2.536180436090124601e+01 2.629827455937498115e+00 1.209894302113407427e+01
5.506000000000000000e+04 4.198427162308252036e+01 9.568430073191928287e+00 9.758928061703006307e+00 2.335109886554053560e+01 2.059888564189253035e+00 1.086906482291032106e+01
5.506100000000000000e+04 2.987022232052333948e+01 9.568430073191928287e+00 8.709339988839492008e+00 2.230464009805766423e+01 1.815959130283463896e+00 1.025736495656825298e+01
5.506200000000000000e+04 2.401797425303937672e+01 9.568430073191928287e+00 7.751567790682838854e+00 2.131875936661502280e+01 1.596812745279095003e+00 9.687703065807063751e+00
5.506400000000000000e+04 3.334211041891946081e+01 9.568430073191928287e+00 6.074396492811381165e+00 1.949200461697529008e+01 1.221917543613490142e+00 8.652345799438604601e+00
5.506500000000000000e+04 1.473688717537225479e+01 9.568430073191928287e+00 5.346650623903781430e+00 1.862867963612847078e+01 1.063036946060080368e+00 8.174417322448755741e+00
5.506700000000000000e+04 3.220237663355118940e+01 9.568430073191928287e+00 4.112151130795689724e+00 1.693415767383110548e+01 7.990344961129509649e-01 7.264449261649479794e+00
5.506800000000000000e+04 3.471626199285289260e+01 9.568430073191928287e+00 3.590418789046303516e+00 1.606900266043363246e+01 6.898283870746817481e-01 6.816987383520122457e+00
5.506900000000000000e+04 1.002541299575191225e+01 9.568430073191928287e+00 3.121539685231842221e+00 1.517694265834542122e+01 5.930877954916861095e-01 6.368037031991533148e+00
5.507100000000000000e+04 1.811700281121256140e+01 9.568430073191928287e+00 2.337871596827339804e+00 1.336679058107687545e+01 4.345486239456022304e-01 5.488314753059690076e+00
5.507300000000000000e+04 2.466716357466188825e+01 9.568430073191928287e+00 1.736719780914480538e+00 1.137578343131339231e+01 3.159510589642119949e-01 4.572811605625031639e+00
5.507400000000000000e+04 2.069626983718582380e+01 9.568430073191928287e+00 1.493905190606538813e+00 1.039259301529059876e+01 2.689201451984696289e-01 4.134216331963799895e+00
5.507500000000000000e+04 5.332848380363222951e+00 9.568430073191928287e+00 1.280426224789079193e+00 9.448896191705292935e+00 2.280935985444418612e-01 3.720184334700300077e+00
5.507800000000000000e+04 1.368679163542191368e+01 9.568430073191928287e+00 7.994605693413380232e-01 6.944556367625132509e+00 1.381047141620609098e-01 2.652416304188042862e+00
5.508000000000000000e+04 -1.128749105593143653e+01 9.568430073191928287e+00 5.816874276027002022e-01 5.618152990668396463e+00 9.849760017656127020e-02 2.103861964749998759e+00
5.508100000000000000e+04 1.007721571961711682e+01 9.568430073191928287e+00 4.961295352027533245e-01 5.027568807465060630e+00 8.318738014801362046e-02 1.864479439074748779e+00
5.508200000000000000e+04 8.830547451062150444e+00 9.568430073191928287e+00 4.226099544827823240e-01 4.486602083889328796e+00 7.017301316464903682e-02 1.647910851351402695e+00
5.508400000000000000e+04 1.342489291376017846e+01 9.568430073191928287e+00 3.061277856555403298e-01 3.544668804480346491e+00 4.986444254227592049e-02 1.277450196223276269e+00
5.508500000000000000e+04 6.634766008096644185e+00 9.568430073191928287e+00 2.604704276385121364e-01 3.136332577776526964e+00 4.202762805578161287e-02 1.119758855288131238e+00
5.508800000000000000e+04 4.028749493136396520e-01 9.568430073191928287e+00 1.617712465096712848e-01 2.125035550293949083e+00 2.538464199561750803e-02 7.380645840142919800e-01
5.508900000000000000e+04 2.992853529256681355e+00 9.568430073191928287e+00 1.379915647305545445e-01 1.857147937245565705e+00 2.145658115601357940e-02 6.392275968903607941e-01
5.509000000000000000e+04 -4.904696695140592588e+00 9.568430073191928287e+00 1.177106881006686895e-01 1.617730347096577814e+00 1.813835800367798873e-02 5.518627096597454873e-01
5.509100000000000000e+04 9.747920511568938906e+00 9.568430073191928287e+00 1.004382493408238763e-01 1.403245724133329597e+00 1.533876746194622574e-02 4.744702363933489542e-01
5.509300000000000000e+04 7.832400137980774169e+00 9.568430073191928287e+00 7.299706934572898487e-02 1.046288794791263133e+00 1.095262713745783802e-02 3.476388991564817732e-01
5.509500000000000000e+04 1.351923490264648642e+01 9.568430073191928287e+00 5.309995748108135155e-02 7.739284379540166681e-01 7.830004347216196550e-03 2.527608471713695959e-01
5.509600000000000000e+04 1.682116225623651928e+00 9.568430073191928287e+00 4.525910273374784965e-02 6.643403266982994548e-01 6.616827885050855125e-03 2.151361161587757309e-01
5.509700000000000000e+04 -5.763082340711624951e+00 9.568430073191928287e+00 3.858126857925859438e-02 5.682450201817972335e-01 5.592785077591702451e-03 1.824748788355535223e-01
5.509800000000000000e+04 3.218421078545313563e+00 9.568430073191928287e+00 3.291174995718098434e-02 4.848438591223631078e-01 4.730874821351913062e-03 1.543990379983322947e-01
5.509900000000000000e+04 -2.520955193420274743e+00 9.568430073191928287e+00 2.804996115000875714e-02 4.135169215258482911e-01 3.998454947828823484e-03 1.305994130454626312e-01
5.510100000000000000e+04 -5.290424082501703928e+00 9.568430073191928287e+00 2.037693386963021838e-02 3.004188829786647030e-01 2.857113554350843541e-03 9.334127170379516447e-02
5.510400000000000000e+04 6.668152277413534001e+00 9.568430073191928287e+00 1.261876331576413345e-02 1.850771118409720029e-01 1.726894476100850886e-03 5.613841053171924472e-02
5.510700000000000000e+04 -3.090124007543991169e+01 9.568430073191928287e+00 7.763219369449561244e-03 1.134779579608548306e-01 1.037530654529236849e-03 3.362210244462529585e-02
5.510800000000000000e+04 -1.175186977627447282e+00 9.568430073191928287e+00 6.604158893096903453e-03 9.655630058081784983e-02 8.757902202812570909e-04 2.838889232647826000e-02
5.510900000000000000e+04 -8.971399455021847658e+00 9.568430073191928287e+00 5.614048159981721402e-03 8.229283809970984465e-02 7.387683124515371895e-04 2.401098185151864448e-02
5.511000000000000000e+04 -6.359171959254078521e-01 9.568430073191928287e+00 4.771441711348495263e-03 7.013065813413241201e-02 6.230988444615148105e-04 2.030771359649400851e-02
5.511100000000000000e+04 2.307649040999794465e+01 9.568430073191928287e+00 4.057529029277060634e-03 5.972653930587940724e-02 5.258591276927242816e-04 1.716526492481086630e-02
5.511400000000000000e+04 -1.949357863445791139e+01 9.568430073191928287e+00 2.494028933838694437e-03 3.690083829540737742e-02 3.160519228810185948e-04 1.037181356327150986e-02
