5.497600000000000000e+04 -4.966050236300917575e+00 7.104223345427592484e+00 1.164140563987932975e+00 1.400047904340757880e-18 1.164140563987932975e+00 1.400047904340757880e-18
5.497900000000000000e+04 4.128675079608150611e+00 7.104223345427592484e+00 4.289077145657377521e+00 1.400047903541934524e-18 4.289077145657377521e+00 1.400047903541934524e-18
5.498300000000000000e+04 1.267107689173149865e+01 7.104223345427592484e+00 1.143383206421574805e+01 8.895087593276518713e-04 1.143383206421574805e+01 8.895087593276518713e-04
5.499200000000000000e+04 5.359206311573097992e+01 7.104223345427592484e+00 3.733751665722944324e+01 1.162962013649368842e+01 3.733751665722944324e+01 1.162962013649368842e+01
5.499500000000000000e+04 6.138769678668325014e+01 7.104223345427592484e+00 4.526446668391263017e+01 2.043128833678469647e+01 4.526446668391263017e+01 2.043128833678469647e+01
5.499600000000000000e+04 5.565355881161982410e+01 7.104223345427592484e+00 4.750204251648135312e+01 2.388689422327730227e+01 4.750204251648135312e+01 2.388689422327730227e+01
5.499800000000000000e+04 8.192389593206436871e+01 7.104223345427592484e+00 5.147680622435078135e+01 3.137436884907111789e+01 5.091672227927872996e+01 3.137436884907111789e+01
5.500200000000000000e+04 1.023847784445830911e+02 7.104223345427592484e+00 5.677773260282739187e+01 4.667189582153680050e+01 5.381775602163734362e+01 4.667189582153680050e+01
5.500700000000000000e+04 1.272628890012990723e+02 7.104223345427592484e+00 5.783790634504742911e+01 6.812009876803762154e+01 5.210622193247517231e+01 6.171416811744663988e+01
5.501100000000000000e+04 1.325381696018415596e+02 7.104223345427592484e+00 5.526581345338557583e+01 8.312758013366119769e+01 4.789065290588005297e+01 6.691964267723490423e+01
5.501600000000000000e+04 1.380994900822827560e+02 7.104223345427592484e+00 4.874218549373227916e+01 9.334228141481958119e+01 4.031611703369087962e+01 6.595695408056781162e+01
5.502200000000000000e+04 1.380916988909022223e+02 7.104223345427592484e+00 4.041420660154310696e+01 9.417802786967730810e+01 3.169741694238675578e+01 5.803427894360199701e+01
5.502800000000000000e+04 1.221478253602768973e+02 7.104223345427592484e+00 3.530406356036009896e+01 8.508694378268002367e+01 2.632666932167046880e+01 4.648543694420893502e+01
5.503000000000000000e+04 1.158708290972425630e+02 7.104223345427592484e+00 3.411214213300389275e+01 8.123190340435230894e+01 2.502725028100064719e+01 4.276263603092878185e+01
5.503300000000000000e+04 1.076106322510203483e+02 7.104223345427592484e+00 3.230154937369837853e+01 7.663025224003250457e+01 2.313864568316503068e+01 3.825010094840395425e+01
5.503800000000000000e+04 1.126510715113871584e+02 7.104223345427592484e+00 2.833959738329158284e+01 7.162170388960451817e+01 1.953108020902245556e+01 3.290833665208808867e+01
5.504200000000000000e+04 1.166592143833008492e+02 7.104223345427592484e+00 2.477038792813730339e+01 6.887665671848078830e+01 1.656882135661357935e+01 2.975490613378295279e+01
5.504400000000000000e+04 8.336938283162230334e+01 7.104223345427592484e+00 2.301372471478488535e+01 6.686817927291245667e+01 1.517055024046465839e+01 2.804873291649012756e+01
5.504600000000000000e+04 7.753858881417089322e+01 7.104223345427592484e+00 2.139985906347408573e+01 6.446582865837196152e+01 1.390504162668881349e+01 2.627826049990705215e+01
5.505000000000000000e+04 7.802516039680669735e+01 7.104223345427592484e+00 1.881278301265518493e+01 5.846188027657144204e+01 1.188425964160150627e+01 2.255821896765374390e+01
5.505600000000000000e+04 6.912188152199195201e+01 7.104223345427592484e+00 1.640891070963809995e+01 4.865374065178415464e+01 9.950825172612551839e+00 1.738130203336101687e+01
5.505900000000000000e+04 5.940077859880098288e+01 7.104223345427592484e+00 1.546708756155944187e+01 4.467654136930481457e+01 9.195652533626304859e+00 1.538978345480703069e+01
5.506300000000000000e+04 5.968877239738720419e+01 7.104223345427592484e+00 1.444228363628598011e+01 4.113163264351145187e+01 8.367487622413662507e+00 1.352391419856364152e+01
5.506500000000000000e+04 4.440197269732298224e+01 7.104223345427592484e+00 1.400176805036763739e+01 3.978670897307296883e+01 8.010164788539839265e+00 1.279068635410305710e+01
5.506700000000000000e+04 6.276027140975693897e+01 7.104223345427592484e+00 1.357617597322936476e+01 3.849642195111499632e+01 7.670155917078735897e+00 1.210655448490942732e+01
5.507000000000000000e+04 4.760273420681728140e+01 7.104223345427592484e+00 1.298242149794489109e+01 3.684024095053879222e+01 7.200455628366551508e+00 1.121946672875465723e+01
5.507400000000000000e+04 4.499242677651140099e+01 7.104223345427592484e+00 1.219704921970799916e+01 3.501332234645008867e+01 6.603708294373577203e+00 1.023183002526303120e+01
5.507900000000000000e+04 4.916357161154655131e+01 7.104223345427592484e+00 1.110854970305285683e+01 3.304499902956592194e+01 5.840457257125583723e+00 9.191932970672024084e+00
5.508300000000000000e+04 3.758265911611978538e+01 7.104223345427592484e+00 1.003192048306659601e+01 3.153289800592268222e+01 5.155149271873892936e+00 8.446161141566047803e+00
5.509100000000000000e+04 3.927084130547843444e+01 7.104223345427592484e+00 7.031757671218587191e+00 2.761944036811028624e+01 3.457107999615824934e+00 6.887297483444787538e+00
