5.497500000000000000e+04 -3.512447868008026663e+00 1.097795626235571120e+01 9.676860811788584593e-01 1.458879233475697024e-18 9.676860811788584593e-01 1.458879233475697024e-18
5.497600000000000000e+04 -9.295941938071100807e+00 1.097795626235571120e+01 2.014654457448330049e+00 1.458879194246585025e-18 2.014654457448330049e+00 1.458879194246585025e-18
5.497900000000000000e+04 -4.100432787215265940e+00 1.097795626235571120e+01 7.421511495175619366e+00 1.458879030790155216e-18 7.421511495175619366e+00 1.458879030790155216e-18
5.498000000000000000e+04 1.596421372571122177e+01 1.097795626235571120e+01 1.010928248076253944e+01 1.458878956392917053e-18 1.010928248076253944e+01 1.458878956392917053e-18
5.498100000000000000e+04 3.519923252491278731e+01 1.097795626235571120e+01 1.326427468792255127e+01 1.458878869086958948e-18 1.326427468792255127e+01 1.458878869086958948e-18
5.498200000000000000e+04 1.391322372439149113e+01 1.097795626235571120e+01 1.681188057541250913e+01 1.458878766632481191e-18 1.681188057541250913e+01 1.458878766632481191e-18
5.498400000000000000e+04 2.637153887882663028e+01 1.097795626235571120e+01 2.504964300095078400e+01 1.458878505308197166e-18 2.504964300095078400e+01 1.458878505308197166e-18
5.498500000000000000e+04 3.477160476146951140e+01 1.097795626235571120e+01 2.982457128805857849e+01 1.458878339734227992e-18 2.982457128805857849e+01 1.458878339734227992e-18
5.498700000000000000e+04 3.555750393531572939e+01 1.097795626235571120e+01 4.097582893337165899e+01 1.458877917415035206e-18 4.097582893337165899e+01 1.458877917415035206e-18
5.499000000000000000e+04 4.873312287161890310e+01 1.097795626235571120e+01 6.053040193995693841e+01 1.458876967336947338e-18 6.053040193995693841e+01 1.458876967336947338e-18
5.499200000000000000e+04 8.869226141218368298e+01 1.097795626235571120e+01 7.440742163840896239e+01 2.480027301376598325e-01 7.440742163840896239e+01 2.480027301376598325e-01
5.499300000000000000e+04 8.980502882665855680e+01 1.097795626235571120e+01 8.115791156796579742e+01 7.741488649430867675e-01 8.115791156796579742e+01 7.741488649430867675e-01
5.499400000000000000e+04 9.038636495271943261e+01 1.097795626235571120e+01 8.659722275531558466e+01 1.611723565958664173e+00 8.659722275531558466e+01 1.611723565958664173e+00
5.499600000000000000e+04 9.032799068176876744e+01 1.097795626235571120e+01 9.298895886639343189e+01 4.184087600156392028e+00 9.298895886639343189e+01 4.184087600156392028e+00
5.499700000000000000e+04 9.852550712320999082e+01 1.097795626235571120e+01 1.018426059692171179e+02 5.937209196140496026e+00 9.534931745081652821e+01 5.937209196140496026e+00
5.499800000000000000e+04 1.189759934590601347e+02 1.097795626235571120e+01 1.105031707118522633e+02 8.087425984610032259e+00 9.725679520493949326e+01 8.087425984610032259e+00
5.500000000000000000e+04 1.371832234686785057e+02 1.097795626235571120e+01 1.265099477829001842e+02 1.344950446033000979e+01 9.942624000542298290e+01 1.344950446033000979e+01
5.500200000000000000e+04 1.643584556827714493e+02 1.097795626235571120e+01 1.399829475344928369e+02 2.003971440076062649e+01 9.937735874946248771e+01 2.003971440076062649e+01
5.500300000000000000e+04 1.707475883345140346e+02 1.097795626235571120e+01 1.451435020923561012e+02 2.385965703044686492e+01 9.828909195663038645e+01 2.385965703044686492e+01
5.500400000000000000e+04 1.789708104984604233e+02 1.097795626235571120e+01 1.491321943394705443e+02 2.807878116178207151e+01 9.653818898204983157e+01 2.807878116178207151e+01
5.500500000000000000e+04 1.890603652871077998e+02 1.097795626235571120e+01 1.522183964800190665e+02 3.278066314669732861e+01 9.437559456880096320e+01 3.278066314669732861e+01
5.500900000000000000e+04 2.063809115469450148e+02 1.097795626235571120e+01 1.556340246465361190e+02 5.387147402998105150e+01 8.255133116561614770e+01 5.387147402998105150e+01
5.501200000000000000e+04 2.167400154036016602e+02 1.097795626235571120e+01 1.492520254925862560e+02 6.927777820425247057e+01 7.142612246008147281e+01 6.927777820425247057e+01
5.501300000000000000e+04 2.012825392498352812e+02 1.097795626235571120e+01 1.459795685051935550e+02 7.357955674192062645e+01 6.765517379857884350e+01 7.227144361253377269e+01
5.501400000000000000e+04 2.253004086719384702e+02 1.097795626235571120e+01 1.416029145054851313e+02 7.708412734188551951e+01 6.361888512242121152e+01 7.439116709311475972e+01
5.501600000000000000e+04 2.160366838766724698e+02 1.097795626235571120e+01 1.309431348506687414e+02 8.343854974222169574e+01 5.543739832797152900e+01 7.780543616395159745e+01
5.501700000000000000e+04 2.108430778012082101e+02 1.097795626235571120e+01 1.266332752071787695e+02 8.602677859419539175e+01 5.211031447560955598e+01 7.888746317670370445e+01
5.501800000000000000e+04 1.975022016601358814e+02 1.097795626235571120e+01 1.229695955038530997e+02 8.817914373600955003e+01 4.922327896239417555e+01 7.954099200433840622e+01
5.501900000000000000e+04 2.001573929740311826e+02 1.097795626235571120e+01 1.194954801246304612e+02 8.989097363708901867e+01 4.656333247267679099e+01 7.978252741376498136e+01
5.502000000000000000e+04 2.096527925983076841e+02 1.097795626235571120e+01 1.156611707788380699e+02 9.101376023710773211e+01 4.390417961541074021e+01 7.950188699956999017e+01
5.502100000000000000e+04 2.162511913208065550e+02 1.097795626235571120e+01 1.112700718191038618e+02 9.144030802909240663e+01 4.117301454915962466e+01 7.863127356530432621e+01
5.502200000000000000e+04 2.074380786788375133e+02 1.097795626235571120e+01 1.066444115145370404e+02 9.120928095024069648e+01 3.849145005216814042e+01 7.723055118563988231e+01
5.502500000000000000e+04 1.779276085378801611e+02 1.097795626235571120e+01 9.332437811966158847e+01 8.814384272148478772e+01 3.137059333747742329e+01 7.135419956406119013e+01
5.502900000000000000e+04 1.513395407997168718e+02 1.097795626235571120e+01 7.683655083287507637e+01 7.856861134054587126e+01 2.366167303078713857e+01 6.008152583967718385e+01
5.503100000000000000e+04 1.554694797450619603e+02 1.097795626235571120e+01 6.932174759887634252e+01 7.273743045432809140e+01 2.048817721261307412e+01 5.412413903886307764e+01
5.503200000000000000e+04 1.217617190007099026e+02 1.097795626235571120e+01 6.582994017480780258e+01 6.931913722939015088e+01 1.907229695642826428e+01 5.089510809793696922e+01
5.503300000000000000e+04 1.319257192493947741e+02 1.097795626235571120e+01 6.306282065263337699e+01 6.553158833135536554e+01 1.791710107470335345e+01 4.748321739827211729e+01
5.503400000000000000e+04 1.158556787217988955e+02 1.097795626235571120e+01 6.068951575751473371e+01 6.201005627373584872e+01 1.691552365168480421e+01 4.434991866237722746e+01
5.503500000000000000e+04 1.054974470302711609e+02 1.097795626235571120e+01 5.838013592835147136e+01 5.904307071344465641e+01 1.596874529619285887e+01 4.168825158048764479e+01
5.503600000000000000e+04 1.211870854844995620e+02 1.097795626235571120e+01 5.632057976337910787e+01 5.648469707492657221e+01 1.512367877641758973e+01 3.937862316991534328e+01
5.503700000000000000e+04 9.159003539707707375e+01 1.097795626235571120e+01 5.440861996725928407e+01 5.410659233325043971e+01 1.434788638676704053e+01 3.725066597814144131e+01
5.503900000000000000e+04 1.186722310031770178e+02 1.097795626235571120e+01 5.036750844860882381e+01 4.903541340746716060e+01 1.282170619571031622e+01 3.293841163932770399e+01
5.504000000000000000e+04 7.537257802268960916e+01 1.097795626235571120e+01 4.839492066523916947e+01 4.639913355088557267e+01 1.210962883225882791e+01 3.079316004173451304e+01
5.504200000000000000e+04 9.028412272408412775e+01 1.097795626235571120e+01 4.469585531344996809e+01 4.145112142578577874e+01 1.081543224929825442e+01 2.686398018521436981e+01
5.504400000000000000e+04 8.250920120983279560e+01 1.097795626235571120e+01 4.116569034400478699e+01 3.699637456020138870e+01 9.643386980885679804e+00 2.342728885524403992e+01
5.504500000000000000e+04 5.672838294167310380e+01 1.097795626235571120e+01 3.938148750355953354e+01 3.489390664404565001e+01 9.080561577061848411e+00 2.184555602832633170e+01
5.504600000000000000e+04 7.146191811234659497e+01 1.097795626235571120e+01 3.753603678050766490e+01 3.286816798345234503e+01 8.521234229400151960e+00 2.034676735387665047e+01
5.504700000000000000e+04 8.857856400517790973e+01 1.097795626235571120e+01 3.560608305975165422e+01 3.092107431663264094e+01 7.960046289989414880e+00 1.892933842462971228e+01
5.504800000000000000e+04 7.067345918429967355e+01 1.097795626235571120e+01 3.364590736615071620e+01 2.909574819240035382e+01 7.409034476823465276e+00 1.761670391886676512e+01
5.505000000000000000e+04 4.445136980964996098e+01 1.097795626235571120e+01 2.941240235786517232e+01 2.575217824244770881e+01 6.288194800073795498e+00 1.525783756514261391e+01
5.505200000000000000e+04 5.346065418280574022e+01 1.097795626235571120e+01 2.487557966942617327e+01 2.332989022040368710e+01 5.167770414954748759e+00 1.353241892134784763e+01
5.505400000000000000e+04 4.845314039946848794e+01 1.097795626235571120e+01 2.057794035656124265e+01 2.129655950580020374e+01 4.157327640826142812e+00 1.209894302113407427e+01
5.505600000000000000e+04 5.875241878856051869e+01 1.097795626235571120e+01 1.686273665387547638e+01 1.952518804787610307e+01 3.315520380235053022e+00 1.086906482291032106e+01
5.505800000000000000e+04 2.301898861604562185e+01 1.097795626235571120e+01 1.373348494039680290e+01 1.775368463839802757e+01 2.629827455937498115e+00 9.687703065807063751e+00
5.506000000000000000e+04 3.738872109462658955e+01 1.097795626235571120e+01 1.103770688235169217e+01 1.616950382999086600e+01 2.059888564189253035e+00 8.652345799438604601e+00
5.506100000000000000e+04 2.396636545301506516e+01 1.097795626235571120e+01 9.854302220483216246e+00 1.542430804572855685e+01 1.815959130283463896e+00 8.174417322448755741e+00
5.506200000000000000e+04 1.767375365979474822e+01 1.097795626235571120e+01 8.773847310210515005e+00 1.469652175886977830e+01 1.596812745279095003e+00 7.714709584708543844e+00
5.506400000000000000e+04 2.903465887454058603e+01 1.097795626235571120e+01 6.880373304578839111e+00 1.323313590888926150e+01 1.221917543613490142e+00 6.816987383520122457e+00
5.506500000000000000e+04 7.935677344180215087e+00 1.097795626235571120e+01 6.058141251901791868e+00 1.247689495678101324e+01 1.063036946060080368e+00 6.368037031991533148e+00
5.506700000000000000e+04 2.841384733917106331e+01 1.097795626235571120e+01 4.662446188268678959e+00 1.095193208973061161e+01 7.990344961129509649e-01 5.488314753059690076e+00
5.506800000000000000e+04 3.147658708613297662e+01 1.097795626235571120e+01 4.072194934579261627e+00 1.012952723954287926e+01 6.898283870746817481e-01 5.030555840059037109e+00
5.506900000000000000e+04 3.340310646054431842e+00 1.097795626235571120e+01 3.541505153219504987e+00 9.290581339148376472e+00 5.930877954916861095e-01 4.572811605625031639e+00
5.507100000000000000e+04 1.311467762884265653e+01 1.097795626235571120e+01 2.654005720747765196e+00 7.692969185726750148e+00 4.345486239456022304e-01 3.720184334700300077e+00
5.507300000000000000e+04 2.147434528841973034e+01 1.097795626235571120e+01 1.972703626854850123e+00 6.244863369317704027e+00 3.159510589642119949e-01 2.967949892741649442e+00
5.507400000000000000e+04 1.743386783871859080e+01 1.097795626235571120e+01 1.697370172463700699e+00 5.628957880747865516e+00 2.689201451984696289e-01 2.652416304188042862e+00
5.507500000000000000e+04 3.281376852478157247e-01 1.097795626235571120e+01 1.455214349353684655e+00 5.064352388144428119e+00 2.280935985444418612e-01 2.366188098932125783e+00
5.507800000000000000e+04 1.134401952161391414e+01 1.097795626235571120e+01 9.093090589858411343e-01 3.616505154375788678e+00 1.381047141620609098e-01 1.647910851351402695e+00
5.508000000000000000e+04 -1.655171248369892822e+01 1.097795626235571120e+01 6.619432722265623514e-01 2.849735897734885004e+00 9.849760017656127020e-02 1.277450196223276269e+00
5.508100000000000000e+04 8.307239600875668373e+00 1.097795626235571120e+01 5.647175301347903131e-01 2.518225689657477950e+00 8.318738014801362046e-02 1.119758855288131238e+00
5.508200000000000000e+04 7.196205580943334290e+00 1.097795626235571120e+01 4.811482820647324798e-01 2.216069657097426315e+00 7.017301316464903682e-02 9.775340348907921584e-01
5.508400000000000000e+04 1.303305963229775699e+01 1.097795626235571120e+01 3.486920738096270234e-01 1.699910349901717854e+00 4.986444254227592049e-02 7.380645840142919800e-01
5.508500000000000000e+04 5.495539487727498340e+00 1.097795626235571120e+01 2.967528789390683208e-01 1.483839020661594565e+00 4.202762805578161287e-02 6.392275968903607941e-01
5.508800000000000000e+04 -1.011379313735553342e+00 1.097795626235571120e+01 1.844245010265603002e-01 9.656501818499758638e-01 2.538464199561750803e-02 4.064868588356523871e-01
5.508900000000000000e+04 2.134178138875004294e+00 1.097795626235571120e+01 1.573475465913943550e-01 8.321432329108704451e-01 2.145658115601357940e-02 3.476388991564817732e-01
5.509000000000000000e+04 -6.768571246498824578e+00 1.097795626235571120e+01 1.342492429284222466e-01 7.154764539656482958e-01 1.813835800367798873e-02 2.966566274009653781e-01
5.509100000000000000e+04 1.018745217920488777e+01 1.097795626235571120e+01 1.145729235570073085e-01 6.141835825417110151e-01 1.533876746194622574e-02 2.527608471713695959e-01
5.509300000000000000e+04 8.235327362197281786e+00 1.097795626235571120e+01 8.330239621936307015e-02 4.500012986963585759e-01 1.095262713745783802e-02 1.824748788355535223e-01
5.509500000000000000e+04 1.494931447129924962e+01 1.097795626235571120e+01 6.061911065571305712e-02 3.267989112636611182e-01 7.830004347216196550e-03 1.305994130454626312e-01
5.509600000000000000e+04 1.445919045225151356e+00 1.097795626235571120e+01 5.167742578224718275e-02 2.784632972592467337e-01 6.616827885050855125e-03 1.104837713296487195e-01
5.509700000000000000e+04 -7.027253034014605326e+00 1.097795626235571120e+01 4.406052011977518168e-02 2.369468182200839823e-01 5.592785077591702451e-03 9.334127170379516447e-02
5.509800000000000000e+04 3.337548362087288556e+00 1.097795626235571120e+01 3.759247750542656780e-02 2.014551716891173072e-01 4.730874821351913062e-03 7.879808014124903282e-02
5.509900000000000000e+04 -3.195540581287888315e+00 1.097795626235571120e+01 3.204481748838453048e-02 1.713460381336725513e-01 3.998454947828823484e-03 6.654990411841091302e-02
5.510100000000000000e+04 -6.290966203347130303e+00 1.097795626235571120e+01 2.328690402473654678e-02 1.235560381544773684e-01 2.857113554350843541e-03 4.732315988911003218e-02
5.510400000000000000e+04 7.513709779279481360e+00 1.097795626235571120e+01 1.442785796892738850e-02 7.566207582852986502e-02 1.726894476100850886e-03 2.838889232647826000e-02
5.510700000000000000e+04 -3.553684414763175425e+01 1.097795626235571120e+01 8.880328625181187902e-03 4.668093796302314608e-02 1.037530654529236849e-03 1.716526492481086630e-02
5.510800000000000000e+04 -1.419380826455006073e+00 1.097795626235571120e+01 7.555617388410459760e-03 3.972445509669509517e-02 8.757902202812570909e-04 1.451068640294239306e-02
5.510900000000000000e+04 -1.035359442801750873e+01 1.097795626235571120e+01 6.423812107259851273e-03 3.381523319590817173e-02 7.387683124515371895e-04 1.227101396955698233e-02
5.511000000000000000e+04 -7.813003414490458098e-01 1.097795626235571120e+01 5.460464413554038179e-03 2.876933646180251242e-02 6.230988444615148105e-04 1.037181356327150986e-02
5.511100000000000000e+04 2.643181696552520421e+01 1.097795626235571120e+01 4.644124886218293537e-03 2.446291176405483367e-02 5.258591276927242816e-04 8.762101709966271107e-03
5.511400000000000000e+04 -2.239245533525737386e+01 1.097795626235571120e+01 2.855781964768307722e-03 1.506625242114539853e-02 3.160519228810185948e-04 5.293462308040685488e-03
