5.497400000000000000e+04 3.244470210433108015e+00 6.385262812317868963e+00 2.872527343123094101e-01 1.361878786922353313e-18 2.872527343123094101e-01 1.361878786922353313e-18
5.497600000000000000e+04 -4.277257516863476106e+00 6.385262812317868963e+00 1.958814406946931541e+00 1.361878729124037428e-18 1.958814406946931541e+00 1.361878729124037428e-18
5.498000000000000000e+04 1.038099641051604749e+01 6.385262812317868963e+00 9.740658635389692677e+00 1.361878539915005324e-18 9.740658635389692677e+00 1.361878539915005324e-18
5.498100000000000000e+04 7.976722755132844789e+00 6.385262812317868963e+00 1.261836908227294352e+01 1.361878470464420193e-18 1.261836908227294352e+01 1.361878470464420193e-18
5.498500000000000000e+04 2.963526820072363677e+01 6.385262812317868963e+00 2.761301931683333422e+01 1.361878049372206945e-18 2.761301931683333422e+01 1.361878049372206945e-18
5.498700000000000000e+04 3.292039795101992183e+01 6.385262812317868963e+00 3.698113532148148863e+01 1.361877713423546935e-18 3.698113532148148863e+01 1.361877713423546935e-18
5.498800000000000000e+04 4.694402224846917449e+01 6.385262812317868963e+00 4.209516568424355398e+01 1.361877500567910188e-18 4.209516568424355398e+01 1.361877500567910188e-18
5.498900000000000000e+04 4.979649264707662581e+01 6.385262812317868963e+00 4.711547825657126509e+01 1.361877250779591196e-18 4.711547825657126509e+01 1.361877250779591196e-18
5.499300000000000000e+04 6.650176822688779055e+01 6.385262812317868963e+00 6.549985504210982867e+01 -1.940482729049532867e-02 6.549985504210982867e+01 -1.940482729049532867e-02
5.499500000000000000e+04 6.562521914306528004e+01 6.385262812317868963e+00 6.925870503056015082e+01 1.172809985443463487e+00 6.925870503056015082e+01 1.172809985443463487e+00
5.499700000000000000e+04 8.215579100095764886e+01 6.385262812317868963e+00 7.030107015719596575e+01 4.188406388058739438e+00 6.841287481237441170e+01 4.188406388058739438e+00
5.499900000000000000e+04 7.895402496675828274e+01 6.385262812317868963e+00 6.863844840042735029e+01 9.046702486275524535e+00 6.504780932565140006e+01 9.046702486275524535e+00
5.500000000000000000e+04 9.023911228792229622e+01 6.385262812317868963e+00 6.756933273992601130e+01 1.217582329423711585e+01 6.320798198309262261e+01 1.217582329423711585e+01
5.500200000000000000e+04 8.177314884807054796e+01 6.385262812317868963e+00 6.485428909699159306e+01 1.983239277984976923e+01 5.914124484496770862e+01 1.983239277984976923e+01
5.500300000000000000e+04 7.780771591525120812e+01 6.385262812317868963e+00 6.249858677247912198e+01 2.434500671405781702e+01 5.628475033544589223e+01 2.434500671405781702e+01
5.500500000000000000e+04 9.442943155131364108e+01 6.385262812317868963e+00 5.690716326021968285e+01 3.451627414604166688e+01 5.000629460476246635e+01 3.451627414604166688e+01
5.500700000000000000e+04 1.029736135910800101e+02 6.385262812317868963e+00 5.193148914912127623e+01 4.622641915185185724e+01 4.455343955827151348e+01 4.622641915185185724e+01
5.500900000000000000e+04 1.043082950704718996e+02 6.385262812317868963e+00 4.698555998934735101e+01 5.889434782071408847e+01 3.937777404403901471e+01 5.889434782071408847e+01
5.501000000000000000e+04 1.095322800844190283e+02 6.385262812317868963e+00 4.449526763058666035e+01 6.489662410672829651e+01 3.686434766411487374e+01 6.489662410672829651e+01
5.501300000000000000e+04 1.180671525060881777e+02 6.385262812317868963e+00 3.742680720688887419e+01 8.187481880263729295e+01 2.997981993502793685e+01 8.187481880263729295e+01
5.501600000000000000e+04 1.214726130309435490e+02 6.385262812317868963e+00 2.939625750149642514e+01 9.643052368556070064e+01 2.279133005233092391e+01 8.648477460588402721e+01
5.501700000000000000e+04 1.234535083012658134e+02 6.385262812317868963e+00 2.701557127295336969e+01 1.002676196468862742e+02 2.072381963252022885e+01 8.551609351546802884e+01
5.501800000000000000e+04 1.278948716863189645e+02 6.385262812317868963e+00 2.483447003500518235e+01 1.028707862113522111e+02 1.885112345149930135e+01 8.363478553768472068e+01
5.501900000000000000e+04 1.204184940984746106e+02 6.385262812317868963e+00 2.274950808669233027e+01 1.046863181334702091e+02 1.708947422377729097e+01 8.130976165706424297e+01
5.502000000000000000e+04 1.234466274689808216e+02 6.385262812317868963e+00 2.077558241804306149e+01 1.062684197090744647e+02 1.544652967884242400e+01 7.900997747886577827e+01
5.502200000000000000e+04 1.151705405934237234e+02 6.385262812317868963e+00 1.725223185006471027e+01 1.079327718420660602e+02 1.256901635586821442e+01 7.392655605620964820e+01
5.502300000000000000e+04 1.198212551367696790e+02 6.385262812317868963e+00 1.568392870310096399e+01 1.067651357925489322e+02 1.131270102647213349e+01 7.035593791930737950e+01
5.502400000000000000e+04 1.169525750270889546e+02 6.385262812317868963e+00 1.425535509271319690e+01 1.044277396034941745e+02 1.018094207449878574e+01 6.630332673237724350e+01
5.502500000000000000e+04 1.120231290423517123e+02 6.385262812317868963e+00 1.297039310390283973e+01 1.020440949278434175e+02 9.172838121572022274e+00 6.250786825595308471e+01
5.502800000000000000e+04 9.707286044713781337e+01 6.385262812317868963e+00 9.775006311752205690e+00 9.463539838952256389e+01 6.716370971383953226e+00 5.242958359530334889e+01
5.502900000000000000e+04 9.808500402732803991e+01 6.385262812317868963e+00 8.920311494292100463e+00 9.167638019627833046e+01 6.071543353043900915e+00 4.922221755504877194e+01
5.503100000000000000e+04 9.337305027254633671e+01 6.385262812317868963e+00 7.493630684596537250e+00 8.516536780765714809e+01 5.006434182654020404e+00 4.306718978895430183e+01
5.503300000000000000e+04 7.635543932137497336e+01 6.385262812317868963e+00 6.390665700848454200e+00 7.841596651755745029e+01 4.192249869357422831e+00 3.747477491878492373e+01
5.503400000000000000e+04 8.953754863114849627e+01 6.385262812317868963e+00 5.960167755674170564e+00 7.414118861458909748e+01 3.874767751706000407e+00 3.448427377422747497e+01
5.503500000000000000e+04 7.470340646389642814e+01 6.385262812317868963e+00 5.583685812230811507e+00 6.929287711850325593e+01 3.597735703756966164e+00 3.138975180906150086e+01
5.503700000000000000e+04 6.865411358222739580e+01 6.385262812317868963e+00 4.968386507115485351e+00 6.016383887066028535e+01 3.145344712025503142e+00 2.590477454065029050e+01
5.503800000000000000e+04 6.850304115937846916e+01 6.385262812317868963e+00 4.721393177043268885e+00 5.608209226821041682e+01 2.963093496324381348e+00 2.356390431437412758e+01
5.503900000000000000e+04 6.426793255900106772e+01 6.385262812317868963e+00 4.503626765298077039e+00 5.206949177557143571e+01 2.802157021713587159e+00 2.136184277972161283e+01
5.504000000000000000e+04 5.412307291223263661e+01 6.385262812317868963e+00 4.301297963389567158e+00 4.817386443588981848e+01 2.653484246384680389e+00 1.930816209855303001e+01
5.504100000000000000e+04 4.751251194135569023e+01 6.385262812317868963e+00 4.109074746853830007e+00 4.449094563503261668e+01 2.513503025968822246e+00 1.743034109109994390e+01
5.504300000000000000e+04 4.623613975786402364e+01 6.385262812317868963e+00 3.751628227843136099e+00 3.772078748514302049e+01 2.256754227528354306e+00 1.414087628309016509e+01
5.504400000000000000e+04 3.893238457509576733e+01 6.385262812317868963e+00 3.570257843957503230e+00 3.467883394126148744e+01 2.129971270706062736e+00 1.272617759312348085e+01
5.504500000000000000e+04 3.151705374858732611e+01 6.385262812317868963e+00 3.385067954637544396e+00 3.190427759159269172e+01 2.002998789726357476e+00 1.146604765196502740e+01
5.504600000000000000e+04 2.730493175294608932e+01 6.385262812317868963e+00 3.207349489368891859e+00 2.931604070923120986e+01 1.882468299899572761e+00 1.032254954550394999e+01
5.504700000000000000e+04 2.457502574054511868e+01 6.385262812317868963e+00 3.036793662214442691e+00 2.694326597570054460e+01 1.768044749775525615e+00 9.298797575737893339e+00
5.504900000000000000e+04 1.267337610748756660e+01 6.385262812317868963e+00 2.706895661628728078e+00 2.286315543880593992e+01 1.551051834533994978e+00 7.589429191304875921e+00
5.505000000000000000e+04 1.725040546081632797e+01 6.385262812317868963e+00 2.530629839099234779e+00 2.112483885534259542e+01 1.438675292267899364e+00 6.881055001740258525e+00
5.505100000000000000e+04 2.316698280912854457e+01 6.385262812317868963e+00 2.349148258601632566e+00 1.957202863281306549e+01 1.325106192803267691e+00 6.258042728317525949e+00
5.505300000000000000e+04 1.145224052751886212e+01 6.385262812317868963e+00 1.996230124368227221e+00 1.699171275173930340e+01 1.108770342350714921e+00 5.240312336696778317e+00
5.505400000000000000e+04 1.108453782291943668e+01 6.385262812317868963e+00 1.824919189918795759e+00 1.598341697578725196e+01 1.005908494057323077e+00 4.843459689632500620e+00
5.505500000000000000e+04 2.721342204688158262e+01 6.385262812317868963e+00 1.663115182492832078e+00 1.509924703170501381e+01 9.098004280595362037e-01 4.497169629696206705e+00
5.505700000000000000e+04 1.462732083184225829e+01 6.385262812317868963e+00 1.367371001660665275e+00 1.365276189063570200e+01 7.368888778080757707e-01 3.931680890031879372e+00
5.505800000000000000e+04 1.430443204954206315e+01 6.385262812317868963e+00 1.228961473838826368e+00 1.307465005253133405e+01 6.574095826676078502e-01 3.703866870405477130e+00
5.505900000000000000e+04 2.335577964432484777e+00 6.385262812317868963e+00 1.097915126756109139e+00 1.256592289424686903e+01 5.830050588127172473e-01 3.502696277141983838e+00
5.506100000000000000e+04 1.778648977262972863e+01 6.385262812317868963e+00 8.608206717248434447e-01 1.163280619206195610e+01 4.505027589097987395e-01 3.141878782461027253e+00
5.506300000000000000e+04 1.042783053792760128e+01 6.385262812317868963e+00 6.620572229307000178e-01 1.076894907948686608e+01 3.415482990769190819e-01 2.820942784410442883e+00
5.506400000000000000e+04 1.608922128247898442e+01 6.385262812317868963e+00 5.788877268204265514e-01 1.031704834248249192e+01 2.965309531914898100e-01 2.662464088382578531e+00
5.506700000000000000e+04 1.717579058484886545e+01 6.385262812317868963e+00 3.787697937749180399e-01 8.945201405895550906e+00 1.899928740845295005e-01 2.210055937219407074e+00
5.506800000000000000e+04 -1.793027480209818947e+00 6.385262812317868963e+00 3.272081844678540463e-01 8.512455737210782303e+00 1.630009885761951050e-01 2.073679838540994247e+00
5.506900000000000000e+04 1.114832899001670441e+01 6.385262812317868963e+00 2.819948276757037187e-01 8.070316576559692479e+00 1.395185175518027509e-01 1.938814793167494166e+00
5.507000000000000000e+04 -4.773019276917281672e+00 6.385262812317868963e+00 2.424813889624613805e-01 7.589012166713169805e+00 1.191554736916271978e-01 1.798344115334874260e+00
5.507200000000000000e+04 1.169194134431135979e+01 6.385262812317868963e+00 1.786148282401146814e-01 6.581887124080227913e+00 8.659693020465177027e-02 1.518313062071563468e+00
5.507400000000000000e+04 1.326179282856766051e+01 6.385262812317868963e+00 1.308456242629441602e-01 5.595365998193860158e+00 6.259957145868536021e-02 1.257385617571653791e+00
5.507600000000000000e+04 1.531188991900657381e+00 6.385262812317868963e+00 9.442548113717361136e-02 4.686270824045582373e+00 4.458659039435906163e-02 1.026565350283807909e+00
5.507800000000000000e+04 1.079057820464040773e+01 6.385262812317868963e+00 6.791821229277078542e-02 3.845846058605505657e+00 3.165759871947924908e-02 8.217619783345098128e-01
5.508000000000000000e+04 5.529894529544882253e+00 6.385262812317868963e+00 4.873880844587377692e-02 3.078940908617005423e+00 2.242927217941729015e-02 6.421148923080304272e-01
5.508200000000000000e+04 8.609825713551041204e+00 6.385262812317868963e+00 3.488278544311419760e-02 2.412411662445183680e+00 1.585148843184322476e-02 4.913262041639884781e-01
5.508300000000000000e+04 -1.166782157450251134e+01 6.385262812317868963e+00 2.950522556146662617e-02 2.120801469580744225e+00 1.332425287277213925e-02 4.269353738461487691e-01
5.508400000000000000e+04 -5.281075382643886762e+00 6.385262812317868963e+00 2.492846598429798721e-02 1.862585049734045706e+00 1.118771474028273233e-02 3.706636914893623458e-01
5.508600000000000000e+04 1.781994070220858362e+01 6.385262812317868963e+00 1.784393213078356091e-02 1.420436123173874687e+00 7.910245647124551638e-03 2.763494403062012883e-01
5.508900000000000000e+04 8.835717884386401266e+00 6.385262812317868963e+00 1.093087924685943318e-02 9.264901556174400810e-01 4.758348966942117439e-03 1.743981469397534456e-01
5.509000000000000000e+04 -7.611231829931567106e+00 6.385262812317868963e+00 9.280511261215037416e-03 7.998311171550476217e-01 4.015798901434460173e-03 1.489443421145340285e-01
5.509200000000000000e+04 -4.100621783502417905e+00 6.385262812317868963e+00 6.689192263707312985e-03 5.937302027156436957e-01 2.860340487345981557e-03 1.082461627558146955e-01
5.509300000000000000e+04 8.741987122320910686e+00 6.385262812317868963e+00 5.679680079795828250e-03 5.103588421359877003e-01 2.414419350363810127e-03 9.208098189192380489e-02
5.509500000000000000e+04 -2.569247075193395791e+00 6.385262812317868963e+00 4.092601382535572194e-03 3.740637666742987477e-01 1.719580412830072277e-03 6.611820886863432889e-02
5.509600000000000000e+04 5.901444068584743796e+00 6.385262812317868963e+00 3.475432043266888857e-03 3.185154551297024739e-01 1.451847290194205504e-03 5.573323799294881836e-02
5.509700000000000000e+04 4.787704452115044695e+00 6.385262812317868963e+00 2.950837803672110189e-03 2.713159001523269276e-01 1.225634575374692737e-03 4.700145520178898584e-02
5.509800000000000000e+04 2.583947575046125600e+00 6.385262812317868963e+00 2.504103852578224744e-03 2.307047506682050331e-01 1.034155386379047173e-03 3.957199839934906482e-02
5.510000000000000000e+04 -2.843481248979170761e+00 6.385262812317868963e+00 1.805829528693353534e-03 1.666775288832947621e-01 7.373742460977353481e-04 2.803659022427161529e-02
5.510100000000000000e+04 1.111889221593882127e+01 6.385262812317868963e+00 1.532912807217373446e-03 1.414552549813929139e-01 6.224268341795411233e-04 2.356605663996549915e-02
5.510200000000000000e+04 1.405479645045405901e+00 6.385262812317868963e+00 1.302207005371645073e-03 1.200750248712124518e-01 5.258043306838589264e-04 1.981436053980403095e-02
5.510600000000000000e+04 -1.673772743672891916e-01 6.385262812317868963e+00 6.755843787882248683e-04 6.219430640051677034e-02 2.668395524086519138e-04 9.887807058905687813e-03
5.510900000000000000e+04 5.188741183393131173e+00 6.385262812317868963e+00 4.127121043378106642e-04 3.843853774857929756e-02 1.603886617199637324e-04 5.947936208677647232e-03
5.511100000000000000e+04 -9.614424054268880582e+00 6.385262812317868963e+00 2.973224364675246495e-04 2.787531401793684818e-02 1.143196079927424701e-04 4.237980086345396677e-03
5.511200000000000000e+04 -8.090290748043184266e+00 6.385262812317868963e+00 2.521935278768049874e-04 2.372294891692573737e-02 9.645587389153405797e-05 3.575425609182477163e-03
5.511400000000000000e+04 1.195084224462030242e+01 6.385262812317868963e+00 1.816993497869100042e-04 1.719846691819982426e-02 6.876820444588222371e-05 2.547921024918492483e-03
5.511500000000000000e+04 -1.814710986878511179e+01 6.385262812317868963e+00 1.541558772239031946e-04 1.463255457542589691e-02 5.804061642466235168e-05 2.149475516037590347e-03
5.511700000000000000e+04 -2.823621000029299388e+00 6.385262812317868963e+00 1.110938767214012624e-04 1.060556918503913898e-02 4.139733072045060849e-05 1.532043219218365976e-03
5.511800000000000000e+04 6.003576501496828977e-01 6.385262812317868963e+00 9.425826973037459630e-05 9.023005746157185258e-03 3.494412016400036890e-05 1.292694232973808696e-03
5.511900000000000000e+04 1.704224213937455490e+00 6.385262812317868963e+00 8.005920595453287455e-05 7.683272790992666870e-03 2.952906681710418518e-05 1.091761675451888552e-03
5.512000000000000000e+04 1.339806563561238617e+00 6.385262812317868963e+00 6.856951318200382294e-05 6.539587845079291618e-03 2.516312410348764490e-05 9.217178076221691852e-04
