5.497400000000000000e+04 3.545102290306818116e+00 7.034391547457590654e+00 2.872527343123094101e-01 1.361878786922353313e-18 2.872527343123094101e-01 1.361878786922353313e-18
5.497600000000000000e+04 -4.911219438107238489e+00 7.034391547457590654e+00 1.958814406946931541e+00 1.361878729124037428e-18 1.958814406946931541e+00 1.361878729124037428e-18
5.498000000000000000e+04 1.044609344132707385e+01 7.034391547457590654e+00 9.740658635389692677e+00 1.361878539915005324e-18 9.740658635389692677e+00 1.361878539915005324e-18
5.498100000000000000e+04 7.504850868592805924e+00 7.034391547457590654e+00 1.261836908227294352e+01 1.361878470464420193e-18 1.261836908227294352e+01 1.361878470464420193e-18
5.498500000000000000e+04 2.984085094629286772e+01 7.034391547457590654e+00 2.761301931683333422e+01 1.361878049372206945e-18 2.761301931683333422e+01 1.361878049372206945e-18
5.498700000000000000e+04 3.250758153445249832e+01 7.034391547457590654e+00 3.698113532148148863e+01 1.361877713423546935e-18 3.698113532148148863e+01 1.361877713423546935e-18
5.498800000000000000e+04 4.743695922239259488e+01 7.034391547457590654e+00 4.209516568424355398e+01 1.361877500567910188e-18 4.209516568424355398e+01 1.361877500567910188e-18
5.498900000000000000e+04 5.006904579506026920e+01 7.034391547457590654e+00 4.711547825657126509e+01 1.361877250779591196e-18 4.711547825657126509e+01 1.361877250779591196e-18
5.499300000000000000e+04 6.660559588266892206e+01 7.034391547457590654e+00 6.549985504210982867e+01 -1.940482729049532867e-02 6.549985504210982867e+01 -1.940482729049532867e-02
5.499500000000000000e+04 6.513660890846551865e+01 7.034391547457590654e+00 6.925870503056015082e+01 1.172809985443463487e+00 6.925870503056015082e+01 1.172809985443463487e+00
5.499700000000000000e+04 8.768300554349788456e+01 7.034391547457590654e+00 7.504892366917474078e+01 4.188406388058739438e+00 6.841287481237441170e+01 4.188406388058739438e+00
5.499900000000000000e+04 8.811165521992799654e+01 7.034391547457590654e+00 7.766708433482776286e+01 9.046702486275524535e+00 6.504780932565140006e+01 9.046702486275524535e+00
5.500000000000000000e+04 1.022725175497845669e+02 7.034391547457590654e+00 7.853591761399258075e+01 1.217582329423711585e+01 6.320798198309262261e+01 1.217582329423711585e+01
5.500200000000000000e+04 9.584236612191797633e+01 7.034391547457590654e+00 7.921969746983425864e+01 1.983239277984976923e+01 5.914124484496770862e+01 1.983239277984976923e+01
5.500300000000000000e+04 9.251377116568033898e+01 7.034391547457590654e+00 7.812323346559890069e+01 2.434500671405781702e+01 5.628475033544589223e+01 2.434500671405781702e+01
5.500500000000000000e+04 1.120872065174911967e+02 7.034391547457590654e+00 7.425934748807226526e+01 3.451627414604166688e+01 5.000629460476246635e+01 3.451627414604166688e+01
5.500700000000000000e+04 1.220152326233928761e+02 7.034391547457590654e+00 7.048354138118553180e+01 4.622641915185185724e+01 4.455343955827151348e+01 4.622641915185185724e+01
5.500900000000000000e+04 1.232782468318371230e+02 7.034391547457590654e+00 6.611528261994149602e+01 5.889434782071408847e+01 3.937777404403901471e+01 5.889434782071408847e+01
5.501000000000000000e+04 1.287344449871055474e+02 7.034391547457590654e+00 6.368316058975845095e+01 6.489662410672829651e+01 3.686434766411487374e+01 6.489662410672829651e+01
5.501300000000000000e+04 1.366670508970750291e+02 7.034391547457590654e+00 5.615220273830733078e+01 8.187481880263729295e+01 2.997981993502793685e+01 8.187481880263729295e+01
5.501600000000000000e+04 1.358910160687231325e+02 7.034391547457590654e+00 4.600429971062996515e+01 9.468353123852183728e+01 2.279133005233092391e+01 8.648477460588402721e+01
5.501700000000000000e+04 1.362936072902991498e+02 7.034391547457590654e+00 4.283613518041931911e+01 9.767648201336757552e+01 2.072381963252022885e+01 8.551609351546802884e+01
5.501800000000000000e+04 1.395803843695062483e+02 7.034391547457590654e+00 3.987955166164677223e+01 9.949194087562976563e+01 1.885112345149930135e+01 8.363478553768472068e+01
5.501900000000000000e+04 1.298310800784107926e+02 7.034391547457590654e+00 3.698162222025406010e+01 1.005801751697884612e+02 1.708947422377729097e+01 8.130976165706424297e+01
5.502000000000000000e+04 1.316927765786507223e+02 7.034391547457590654e+00 3.417544691443887217e+01 1.014804150738551840e+02 1.544652967884242400e+01 7.900997747886577827e+01
5.502200000000000000e+04 1.199551113933382567e+02 7.034391547457590654e+00 2.902814327387763882e+01 1.019595061127243270e+02 1.256901635586821442e+01 7.392655605620964820e+01
5.502300000000000000e+04 1.241501763970674972e+02 7.034391547457590654e+00 2.667534902042129019e+01 1.003697810356839000e+02 1.131270102647213349e+01 7.035593791930737950e+01
5.502400000000000000e+04 1.203250956163922467e+02 7.034391547457590654e+00 2.450043710228132809e+01 9.773110360352406190e+01 1.018094207449878574e+01 6.630332673237724350e+01
5.502500000000000000e+04 1.143233264419583008e+02 7.034391547457590654e+00 2.251931758845931597e+01 9.509947076460701965e+01 9.172838121572022274e+00 6.250786825595308471e+01
5.502800000000000000e+04 9.660429562444947749e+01 7.034391547457590654e+00 1.746592271108397298e+01 8.722185526914665843e+01 6.716370971383953226e+00 5.242958359530334889e+01
5.502900000000000000e+04 9.753570560014028956e+01 7.034391547457590654e+00 1.608351834221329213e+01 8.421921423668844398e+01 6.071543353043900915e+00 4.922221755504877194e+01
5.503100000000000000e+04 9.230504219701292357e+01 7.034391547457590654e+00 1.374766826556793831e+01 7.777073132089368812e+01 5.006434182654020404e+00 4.306718978895430183e+01
5.503300000000000000e+04 7.383277856065083711e+01 7.034391547457590654e+00 1.191856637858315260e+01 7.122455721064261525e+01 4.192249869357422831e+00 3.747477491878492373e+01
5.503400000000000000e+04 8.877473614409072411e+01 7.034391547457590654e+00 1.120389095405789703e+01 6.717536531219512597e+01 3.874767751706000407e+00 3.448427377422747497e+01
5.503500000000000000e+04 7.302169409646948850e+01 7.034391547457590654e+00 1.057734296904548010e+01 6.263511075980132148e+01 3.597735703756966164e+00 3.138975180906150086e+01
5.503700000000000000e+04 6.757849660387302038e+01 7.034391547457590654e+00 9.552411890421453222e+00 5.414615974486722649e+01 3.145344712025503142e+00 2.590477454065029050e+01
5.503800000000000000e+04 6.799512291152146304e+01 7.034391547457590654e+00 9.142624982908879261e+00 5.037020186240613384e+01 2.963093496324381348e+00 2.356390431437412758e+01
5.503900000000000000e+04 6.393465890697400766e+01 7.034391547457590654e+00 8.781960106050380688e+00 4.667562647369172879e+01 2.802157021713587159e+00 2.136184277972161283e+01
5.504000000000000000e+04 5.336369253161438309e+01 7.034391547457590654e+00 8.444713614119246259e+00 4.310354106880978975e+01 2.653484246384680389e+00 1.930816209855303001e+01
5.504100000000000000e+04 4.666075485088093444e+01 7.034391547457590654e+00 8.121128276905263732e+00 3.973769161948965234e+01 2.513503025968822246e+00 1.743034109109994390e+01
5.504300000000000000e+04 4.633740929902477745e+01 7.034391547457590654e+00 7.510478069214364005e+00 3.357892482182590754e+01 2.256754227528354306e+00 1.414087628309016509e+01
5.504400000000000000e+04 3.876740677319899930e+01 7.034391547457590654e+00 7.191847995539021099e+00 3.082280213054507101e+01 2.129971270706062736e+00 1.272617759312348085e+01
5.504500000000000000e+04 3.101874422109802865e+01 7.034391547457590654e+00 6.860270854812774211e+00 2.831425807176243836e+01 2.002998789726357476e+00 1.146604765196502740e+01
5.504600000000000000e+04 2.676957702009863738e+01 7.034391547457590654e+00 6.538753639701166520e+00 2.597979269612433484e+01 1.882468299899572761e+00 1.032254954550394999e+01
5.504700000000000000e+04 2.411651823929980765e+01 7.034391547457590654e+00 6.227053608709400834e+00 2.384397674370710618e+01 1.768044749775525615e+00 9.298797575737893339e+00
5.504900000000000000e+04 1.158579194320726735e+01 7.034391547457590654e+00 5.613256589178528877e+00 2.018029221967966436e+01 1.551051834533994978e+00 7.589429191304875921e+00
5.505000000000000000e+04 1.684302400245952214e+01 7.034391547457590654e+00 5.276341634392520241e+00 1.862288725670983425e+01 1.438675292267899364e+00 6.881055001740258525e+00
5.505100000000000000e+04 2.352994779425664618e+01 7.034391547457590654e+00 4.924094612456942244e+00 1.723339806524080231e+01 1.325106192803267691e+00 6.258042728317525949e+00
5.505300000000000000e+04 1.085350974503785437e+01 7.034391547457590654e+00 4.227741315383275911e+00 1.492755372231444255e+01 1.108770342350714921e+00 5.240312336696778317e+00
5.505400000000000000e+04 1.050363215633611880e+01 7.034391547457590654e+00 3.884315649802353221e+00 1.402665926117572148e+01 1.005908494057323077e+00 4.843459689632500620e+00
5.505500000000000000e+04 2.830780811247268502e+01 7.034391547457590654e+00 3.557319673712786567e+00 1.323696908804781636e+01 9.098004280595362037e-01 4.497169629696206705e+00
5.505700000000000000e+04 1.446520109946301069e+01 7.034391547457590654e+00 2.952713733376959304e+00 1.194523288009485285e+01 7.368888778080757707e-01 3.931680890031879372e+00
5.505800000000000000e+04 1.409568011576410385e+01 7.034391547457590654e+00 2.666124562508484175e+00 1.142865161532313856e+01 6.574095826676078502e-01 3.703866870405477130e+00
5.505900000000000000e+04 8.867040474720315757e-01 7.034391547457590654e+00 2.392652761367392245e+00 1.097394743628583491e+01 5.830050588127172473e-01 3.502696277141983838e+00
5.506100000000000000e+04 1.786485619484921727e+01 7.034391547457590654e+00 1.892562090180064605e+00 1.014135633402770331e+01 4.505027589097987395e-01 3.141878782461027253e+00
5.506300000000000000e+04 9.735680013822264556e+00 7.034391547457590654e+00 1.467974589432598176e+00 9.372864495482136959e+00 3.415482990769190819e-01 2.820942784410442883e+00
5.506400000000000000e+04 1.598261272682882428e+01 7.034391547457590654e+00 1.288871788046810796e+00 8.972503977849290990e+00 2.965309531914898100e-01 2.662464088382578531e+00
5.506700000000000000e+04 1.726564538472342747e+01 7.034391547457590654e+00 8.534479903877064677e-01 7.762158462702002382e+00 1.899928740845295005e-01 2.210055937219407074e+00
5.506800000000000000e+04 -3.592038926334934601e+00 7.034391547457590654e+00 7.401059886302138180e-01 7.381470753270522600e+00 1.630009885761951050e-01 2.073679838540994247e+00
5.506900000000000000e+04 1.071381744714587470e+01 7.034391547457590654e+00 6.402504770452228655e-01 6.993304958955149253e+00 1.395185175518027509e-01 1.938814793167494166e+00
5.507000000000000000e+04 -6.761441122251818925e+00 7.034391547457590654e+00 5.525835092449212782e-01 6.571868735079764434e+00 1.191554736916271978e-01 1.798344115334874260e+00
5.507200000000000000e+04 1.153522427229254532e+01 7.034391547457590654e+00 4.099931660539237743e-01 5.692459332318705378e+00 8.659693020465177027e-02 1.518313062071563468e+00
5.507400000000000000e+04 1.343749197823047936e+01 7.034391547457590654e+00 3.024498295026383232e-01 4.833390313945437278e+00 6.259957145868536021e-02 1.257385617571653791e+00
5.507600000000000000e+04 6.833269008978630765e-01 7.034391547457590654e+00 2.197450107585985912e-01 4.043435601697861870e+00 4.458659039435906163e-02 1.026565350283807909e+00
5.507800000000000000e+04 1.104966835866676433e+01 7.034391547457590654e+00 1.590952623647429731e-01 3.314659115810078660e+00 3.165759871947924908e-02 8.217619783345098128e-01
5.508000000000000000e+04 5.412226136114508535e+00 7.034391547457590654e+00 1.148939467390650837e-01 2.650907121404472822e+00 2.242927217941729015e-02 6.421148923080304272e-01
5.508200000000000000e+04 8.946722679291397640e+00 7.034391547457590654e+00 8.273684387000571072e-02 2.074968825425356211e+00 1.585148843184322476e-02 4.913262041639884781e-01
5.508300000000000000e+04 -1.332942313181923311e+01 7.034391547457590654e+00 7.019216413376362651e-02 1.823270207547363242e+00 1.332425287277213925e-02 4.269353738461487691e-01
5.508400000000000000e+04 -6.237345616069250198e+00 7.034391547457590654e+00 5.947948541671314177e-02 1.600525819851066345e+00 1.118771474028273233e-02 3.706636914893623458e-01
5.508600000000000000e+04 1.930932467858906776e+01 7.034391547457590654e+00 4.282211481070875847e-02 1.219474810183204916e+00 7.910245647124551638e-03 2.763494403062012883e-01
5.508900000000000000e+04 9.522076537457515144e+00 7.034391547457590654e+00 2.645166190723123242e-02 7.943835593105766923e-01 4.758348966942117439e-03 1.743981469397534456e-01
5.509000000000000000e+04 -8.568339389371436354e+00 7.034391547457590654e+00 2.251859233979373182e-02 6.855014401479312403e-01 4.015798901434460173e-03 1.489443421145340285e-01
5.509200000000000000e+04 -4.654180484742012958e+00 7.034391547457590654e+00 1.631681231006515409e-02 5.084538756966128226e-01 2.860340487345981557e-03 1.082461627558146955e-01
5.509300000000000000e+04 9.512979874709078132e+00 7.034391547457590654e+00 1.389015452264300184e-02 4.368874266844217091e-01 2.414419350363810127e-03 9.208098189192380489e-02
5.509500000000000000e+04 -2.917005818644033965e+00 7.034391547457590654e+00 1.005954541505592326e-02 3.199724599988689744e-01 1.719580412830072277e-03 6.611820886863432889e-02
5.509600000000000000e+04 6.427583849937446914e+00 7.034391547457590654e+00 8.563721241210521876e-03 2.723571874239423263e-01 1.451847290194205504e-03 5.573323799294881836e-02
5.509700000000000000e+04 5.211479283597060252e+00 7.034391547457590654e+00 7.288848819753298777e-03 2.319145802566672243e-01 1.225634575374692737e-03 4.700145520178898584e-02
5.509800000000000000e+04 2.793048038830085122e+00 7.034391547457590654e+00 6.200278619035576311e-03 1.971318672261972993e-01 1.034155386379047173e-03 3.957199839934906482e-02
5.510000000000000000e+04 -3.171344906436760702e+00 7.034391547457590654e+00 4.492452594350452612e-03 1.423249466144924091e-01 7.373742460977353481e-04 2.803659022427161529e-02
5.510100000000000000e+04 1.221628955314224996e+01 7.034391547457590654e+00 3.822323188696562148e-03 1.207477610118552203e-01 6.224268341795411233e-04 2.356605663996549915e-02
5.510200000000000000e+04 1.520363338368976081e+00 7.034391547457590654e+00 3.254465904767745322e-03 1.024640212234346204e-01 5.258043306838589264e-04 1.981436053980403095e-02
5.510600000000000000e+04 -1.989442707988217374e-01 7.034391547457590654e+00 1.703370282800629326e-03 5.300655608138160613e-02 2.668395524086519138e-04 9.887807058905687813e-03
5.510900000000000000e+04 5.707208767869062171e+00 7.034391547457590654e+00 1.047177572369643265e-03 3.273149295635309486e-02 1.603886617199637324e-04 5.947936208677647232e-03
5.511100000000000000e+04 -1.059838662967625567e+01 7.034391547457590654e+00 7.574817225599117044e-04 2.372336492734425373e-02 1.143196079927424701e-04 4.237980086345396677e-03
5.511200000000000000e+04 -8.918338081214393753e+00 7.034391547457590654e+00 6.437947302890440230e-04 2.018399264895691728e-02 9.645587389153405797e-05 3.575425609182477163e-03
5.511400000000000000e+04 1.316171401661377693e+01 7.034391547457590654e+00 4.656638964052915242e-04 1.462506668303214727e-02 6.876820444588222371e-05 2.547921024918492483e-03
5.511500000000000000e+04 -1.999540757265367219e+01 7.034391547457590654e+00 3.958370040161972173e-04 1.243987460151594823e-02 5.804061642466235168e-05 2.149475516037590347e-03
5.511700000000000000e+04 -3.113179595063602978e+00 7.034391547457590654e+00 2.863453365933568348e-04 9.011784624086272358e-03 4.139733072045060849e-05 1.532043219218365976e-03
5.511800000000000000e+04 6.592547169384473937e-01 7.034391547457590654e+00 2.434032690023445970e-04 7.665159723841496672e-03 3.494412016400036890e-05 1.292694232973808696e-03
5.511900000000000000e+04 1.875656446776954533e+00 7.034391547457590654e+00 2.071168746551687949e-04 6.525459534175936938e-03 2.952906681710418518e-05 1.091761675451888552e-03
5.512000000000000000e+04 1.474462476684597290e+00 7.034391547457590654e+00 1.777145639808814864e-04 5.552796760238995488e-03 2.516312410348764490e-05 9.217178076221691852e-04
