5.497600000000000000e+04 -5.313748209542650258e+00 7.507167419948956422e+00 1.164140563987932975e+00 8.960306587780850352e-19 1.164140563987932975e+00 8.960306587780850352e-19
5.497900000000000000e+04 4.119577243164548541e+00 7.507167419948956422e+00 4.289077145657377521e+00 8.960306582668382648e-19 4.289077145657377521e+00 8.960306582668382648e-19
5.498300000000000000e+04 1.274088144161423841e+01 7.507167419948956422e+00 1.143383206421574805e+01 5.692856059696972670e-04 1.143383206421574805e+01 5.692856059696972670e-04
5.499200000000000000e+04 4.966772082216264295e+01 7.507167419948956422e+00 3.733751665722944324e+01 7.442956887355959950e+00 3.733751665722944324e+01 7.442956887355959950e+00
5.499500000000000000e+04 5.378808445447766928e+01 7.507167419948956422e+00 4.526446668391263017e+01 1.307602453554221000e+01 4.526446668391263017e+01 1.307602453554221000e+01
5.499600000000000000e+04 4.616178280874768802e+01 7.507167419948956422e+00 4.750204251648135312e+01 1.528761230289747708e+01 4.750204251648135312e+01 1.528761230289747708e+01
5.499800000000000000e+04 7.348387369114392698e+01 7.507167419948956422e+00 5.438415106649760844e+01 2.007959606340551773e+01 5.091672227927872996e+01 2.007959606340551773e+01
5.500200000000000000e+04 1.008874681223745711e+02 7.507167419948956422e+00 7.214270194700485206e+01 2.987001332578356028e+01 5.381775602163734362e+01 2.987001332578356028e+01
5.500700000000000000e+04 1.320805038782320935e+02 7.507167419948956422e+00 8.759055906849076223e+01 4.311104928012352389e+01 5.210622193247517231e+01 3.949706759516585208e+01
5.501100000000000000e+04 1.393347465452337417e+02 7.507167419948956422e+00 9.354960138634608313e+01 5.197247128884772849e+01 4.789065290588005297e+01 4.282857131343035206e+01
5.501600000000000000e+04 1.459323478793131130e+02 7.507167419948956422e+00 9.248114086358350505e+01 5.766220753539561628e+01 4.031611703369087962e+01 4.221245061156341194e+01
5.502200000000000000e+04 1.468930824204647934e+02 7.507167419948956422e+00 8.566226928680018204e+01 5.753286277352928124e+01 3.169741694238675578e+01 3.714193852390528150e+01
5.502800000000000000e+04 1.352895409575704662e+02 7.507167419948956422e+00 8.190490092664900601e+01 5.152817714391672155e+01 2.632666932167046880e+01 2.975067964429372225e+01
5.503000000000000000e+04 1.308986321049324886e+02 7.507167419948956422e+00 8.127098983749340277e+01 4.907098009821140749e+01 2.502725028100064719e+01 2.736808705979442635e+01
5.503300000000000000e+04 1.246019264927680013e+02 7.507167419948956422e+00 7.986534944001242309e+01 4.613268175185105235e+01 2.313864568316503068e+01 2.448006460697853726e+01
5.503800000000000000e+04 1.303752702440291102e+02 7.507167419948956422e+00 7.406380926063404502e+01 4.290194032659420742e+01 1.953108020902245556e+01 2.106133545733638002e+01
5.504200000000000000e+04 1.327755092987544856e+02 7.507167419948956422e+00 6.734397440395589740e+01 4.111413909941593658e+01 1.656882135661357935e+01 1.904313992562109448e+01
5.504400000000000000e+04 9.669666561798297266e+01 7.507167419948956422e+00 6.372693039511988644e+01 3.985163972774918051e+01 1.517055024046465839e+01 1.795118906655368463e+01
5.504600000000000000e+04 8.986742764134690731e+01 7.507167419948956422e+00 6.030477503078671475e+01 3.836205580818430860e+01 1.390504162668881349e+01 1.681808671994051352e+01
5.505000000000000000e+04 9.026391859476814261e+01 7.507167419948956422e+00 5.477811796603382533e+01 3.469273611473405339e+01 1.188425964160150627e+01 1.443726013929840057e+01
5.505600000000000000e+04 8.298846117592007943e+01 7.507167419948956422e+00 4.993224563365252777e+01 2.876675011729381737e+01 9.950825172612551839e+00 1.112403330135105328e+01
5.505900000000000000e+04 7.360848556784004870e+01 7.507167419948956422e+00 4.802153666110328345e+01 2.637193292815733514e+01 9.195652533626304859e+00 9.849461411076502415e+00
5.506300000000000000e+04 7.455477050915420989e+01 7.507167419948956422e+00 4.597599749011411063e+01 2.423052659128250852e+01 8.367487622413662507e+00 8.655305087080730431e+00
5.506500000000000000e+04 5.860090423658579084e+01 7.507167419948956422e+00 4.510363589131011963e+01 2.341616532218355573e+01 8.010164788539839265e+00 8.186039266625957822e+00
5.506700000000000000e+04 7.816400756958756801e+01 7.507167419948956422e+00 4.423378917379307040e+01 2.263635131370425668e+01 7.670155917078735897e+00 7.748194870342034690e+00
5.507000000000000000e+04 6.228496253988451770e+01 7.507167419948956422e+00 4.299608069366518492e+01 2.163472208239218375e+01 7.200455628366551508e+00 7.180458706402981228e+00
5.507400000000000000e+04 5.941697295542687840e+01 7.507167419948956422e+00 4.123157347758030511e+01 2.052914376268774888e+01 6.603708294373577203e+00 6.548371216168340503e+00
5.507900000000000000e+04 6.308875174874491876e+01 7.507167419948956422e+00 3.845473867236626120e+01 1.933982697029394160e+01 5.840457257125583723e+00 5.882837101230095733e+00
5.508300000000000000e+04 4.956897253804544334e+01 7.507167419948956422e+00 3.534679649753053354e+01 1.843019930378844506e+01 5.155149271873892936e+00 5.405543130602271873e+00
5.509100000000000000e+04 4.657325818839494502e+01 7.507167419948956422e+00 2.558743914835656952e+01 1.610415446768994485e+01 3.457107999615824934e+00 4.407870389404665801e+00
