5.497400000000000000e+04 3.464460621596696210e+00 6.860268997291461446e+00 2.872527343123094101e-01 1.361878599096895607e-18 2.872527343123094101e-01 1.361878599096895607e-18
5.497600000000000000e+04 -4.741165240134593617e+00 6.860268997291461446e+00 1.958814406946931541e+00 1.361878470464420193e-18 1.958814406946931541e+00 1.361878470464420193e-18
5.498000000000000000e+04 1.042863178788383216e+01 6.860268997291461446e+00 9.740658635389692677e+00 1.361878049372206945e-18 9.740658635389692677e+00 1.361878049372206945e-18
5.498100000000000000e+04 7.631425971169907285e+00 6.860268997291461446e+00 1.261836908227294352e+01 1.361877894807208667e-18 1.261836908227294352e+01 1.361877894807208667e-18
5.498500000000000000e+04 2.978570534883142784e+01 6.860268997291461446e+00 2.761301931683333422e+01 1.361876957650400692e-18 2.761301931683333422e+01 1.361876957650400692e-18
5.498700000000000000e+04 3.261831557426925343e+01 6.860268997291461446e+00 3.698113532148148863e+01 1.361876209984332906e-18 3.698113532148148863e+01 1.361876209984332906e-18
5.498800000000000000e+04 4.728532878510465309e+01 6.860268997291461446e+00 4.209516568424355398e+01 -1.940482729049532867e-02 4.209516568424355398e+01 -1.940482729049532867e-02
5.498900000000000000e+04 5.035500194810177987e+01 6.860268997291461446e+00 4.711547825657126509e+01 3.590659178903867210e-01 4.711547825657126509e+01 3.590659178903867210e-01
5.499300000000000000e+04 7.298449809309617820e+01 6.860268997291461446e+00 6.549985504210982867e+01 6.387348154830737812e+00 6.549985504210982867e+01 6.387348154830737812e+00
5.499500000000000000e+04 7.627068722097907028e+01 6.860268997291461446e+00 6.925870503056015082e+01 1.217582329423711585e+01 6.925870503056015082e+01 1.217582329423711585e+01
5.499700000000000000e+04 9.917735423319388133e+01 6.860268997291461446e+00 7.110834207998198053e+01 1.983239277984976923e+01 6.841287481237441170e+01 1.983239277984976923e+01
5.499900000000000000e+04 1.008187824938604535e+02 6.860268997291461446e+00 7.017357670051271157e+01 2.928193888190937244e+01 6.504780932565140006e+01 2.928193888190937244e+01
5.500000000000000000e+04 1.152248546707728991e+02 6.860268997291461446e+00 6.943396820842724537e+01 3.451627414604166688e+01 6.320798198309262261e+01 3.451627414604166688e+01
5.500200000000000000e+04 1.103929679514070159e+02 6.860268997291461446e+00 6.729682250908874153e+01 4.622641915185185724e+01 5.914124484496770862e+01 4.622641915185185724e+01
5.500300000000000000e+04 1.080661184136840660e+02 6.860268997291461446e+00 6.515522698831216530e+01 5.261895710530443893e+01 5.628475033544589223e+01 5.261895710530443893e+01
5.500500000000000000e+04 1.279837718507803714e+02 6.860268997291461446e+00 5.985753464190068485e+01 6.489662410672829651e+01 5.000629460476246635e+01 6.489662410672829651e+01
5.500700000000000000e+04 1.369995974891558888e+02 6.860268997291461446e+00 5.508587266984689990e+01 7.673977432222363859e+01 4.455343955827151348e+01 7.673977432222363859e+01
5.500900000000000000e+04 1.337598280085928764e+02 6.860268997291461446e+00 5.023816412538496934e+01 8.521019049050045169e+01 3.937777404403901471e+01 8.521019049050045169e+01
5.501000000000000000e+04 1.373562119246416273e+02 6.860268997291461446e+00 4.775776239886082664e+01 8.944761754696841649e+01 3.686434766411487374e+01 8.657338128820018142e+01
5.501300000000000000e+04 1.340258419000862204e+02 6.860268997291461446e+00 4.061066408398885130e+01 9.474148505708926393e+01 2.997981993502793685e+01 8.363478553768472068e+01
5.501600000000000000e+04 1.220977437961598753e+02 6.860268997291461446e+00 3.222010329498021974e+01 9.455571964817352182e+01 2.279133005233092391e+01 7.672486177229268378e+01
5.501700000000000000e+04 1.191523958083026713e+02 6.860268997291461446e+00 2.970552306125449604e+01 9.356144934473893215e+01 2.072381963252022885e+01 7.392655605620964820e+01
5.501800000000000000e+04 1.189745807820687276e+02 6.860268997291461446e+00 2.739256748737363978e+01 9.137829216959640632e+01 1.885112345149930135e+01 7.035593791930737950e+01
5.501900000000000000e+04 1.059460502598407743e+02 6.860268997291461446e+00 2.516937763677919193e+01 8.831603120752647840e+01 1.708947422377729097e+01 6.630332673237724350e+01
5.502000000000000000e+04 1.045247002765362652e+02 6.860268997291461446e+00 2.305394554567231680e+01 8.533574174302714255e+01 1.544652967884242400e+01 6.250786825595308471e+01
5.502200000000000000e+04 8.822340706656899556e+01 6.860268997291461446e+00 1.925447615555451364e+01 7.972838008952686550e+01 1.256901635586821442e+01 5.569179944783939362e+01
5.502300000000000000e+04 9.152834619739290645e+01 6.860268997291461446e+00 1.755278691267416136e+01 7.679885405040033675e+01 1.131270102647213349e+01 5.242958359530334889e+01
5.502400000000000000e+04 8.787294139444065877e+01 6.860268997291461446e+00 1.599731428165993918e+01 7.373488189746305466e+01 1.018094207449878574e+01 4.922221755504877194e+01
5.502500000000000000e+04 8.193845765813502169e+01 6.860268997291461446e+00 1.459398545142108716e+01 7.055836142911587672e+01 9.172838121572022274e+00 4.608043458014359572e+01
5.502800000000000000e+04 6.431315505480630179e+01 6.860268997291461446e+00 1.108268373988066280e+01 6.111386293755445109e+01 6.716370971383953226e+00 3.747477491878492373e+01
5.502900000000000000e+04 6.482155999204593400e+01 6.860268997291461446e+00 1.013826309091270517e+01 5.738183156031452370e+01 6.071543353043900915e+00 3.448427377422747497e+01
5.503100000000000000e+04 5.862181502554689416e+01 6.860268997291461446e+00 8.556997304992252751e+00 4.929764690319178300e+01 5.006434182654020404e+00 2.848916256541365399e+01
5.503300000000000000e+04 4.059030567462514227e+01 6.860268997291461446e+00 7.330568121558389549e+00 4.233962327206742771e+01 4.192249869357422831e+00 2.356390431437412758e+01
5.503400000000000000e+04 5.608208428805141921e+01 6.860268997291461446e+00 6.851751815341720508e+00 3.909217228689055901e+01 3.874767751706000407e+00 2.136184277972161283e+01
5.503500000000000000e+04 4.222168130809182429e+01 6.860268997291461446e+00 6.432751438317453108e+00 3.597496762202400333e+01 3.597735703756966164e+00 1.930816209855303001e+01
5.503700000000000000e+04 3.984815542163998714e+01 6.860268997291461446e+00 5.747802926755404940e+00 3.031646745035413204e+01 3.145344712025503142e+00 1.571127044483526802e+01
5.503800000000000000e+04 4.150117544826532168e+01 6.860268997291461446e+00 5.473129997060764751e+00 2.775571196844937560e+01 2.963093496324381348e+00 1.414087628309016509e+01
5.503900000000000000e+04 3.889975625119110703e+01 6.860268997291461446e+00 5.231066728134925015e+00 2.540145047587446570e+01 2.802157021713587159e+00 1.272617759312348085e+01
5.504000000000000000e+04 3.004320217567089202e+01 6.860268997291461446e+00 5.005798030804699650e+00 2.326690389536743808e+01 2.653484246384680389e+00 1.146604765196502740e+01
5.504100000000000000e+04 2.491205635294016929e+01 6.860268997291461446e+00 4.791239468101768040e+00 2.128922618264734723e+01 2.513503025968822246e+00 1.032254954550394999e+01
5.504300000000000000e+04 2.738110649416761078e+01 6.860268997291461446e+00 4.390741025079166526e+00 1.787226315485270334e+01 2.256754227528354306e+00 8.395463714229940422e+00
5.504400000000000000e+04 2.132850208433331574e+01 6.860268997291461446e+00 4.186032538318625207e+00 1.640834591160114542e+01 2.129971270706062736e+00 7.589429191304875921e+00
5.504500000000000000e+04 1.502832812211783597e+01 6.860268997291461446e+00 3.975952597606819960e+00 1.510529193982021390e+01 2.002998789726357476e+00 6.881055001740258525e+00
5.504600000000000000e+04 1.211254174771370984e+01 6.860268997291461446e+00 3.773784200808672828e+00 1.394542241578277242e+01 1.882468299899572761e+00 6.258042728317525949e+00
5.504700000000000000e+04 1.067907060577110201e+01 6.860268997291461446e+00 3.579229791445574627e+00 1.290696067224345533e+01 1.768044749775525615e+00 5.707004188293002933e+00
5.504900000000000000e+04 6.205631910654840766e-01 6.860268997291461446e+00 3.201060776111258832e+00 1.127557415746446168e+01 1.551051834533994978e+00 4.843459689632500620e+00
5.505000000000000000e+04 6.734654509030950642e+00 6.860268997291461446e+00 2.997479971440168089e+00 1.061871692963868696e+01 1.438675292267899364e+00 4.497169629696206705e+00
5.505100000000000000e+04 1.416865208683787003e+01 6.860268997291461446e+00 2.786963344703833112e+00 1.004320605706001146e+01 1.325106192803267691e+00 4.194456255036756787e+00
5.505300000000000000e+04 3.393836031254062746e+00 6.860268997291461446e+00 2.375651335520641894e+00 9.114475594693796978e+00 1.108770342350714921e+00 3.703866870405477130e+00
5.505400000000000000e+04 3.686811922230712746e+00 6.860268997291461446e+00 2.175075936700149981e+00 8.735724515192107020e+00 1.005908494057323077e+00 3.502696277141983838e+00
5.505500000000000000e+04 2.159606605525767264e+01 6.860268997291461446e+00 1.985184534025907555e+00 8.382356734329206915e+00 9.098004280595362037e-01 3.316855307980851375e+00
5.505700000000000000e+04 8.936709036007242091e+00 6.860268997291461446e+00 1.636924953162859353e+00 7.721817831384369946e+00 7.368888778080757707e-01 2.977258571631851591e+00
5.505800000000000000e+04 8.884254684529643953e+00 6.860268997291461446e+00 1.473320615716376070e+00 7.410052506089351176e+00 6.574095826676078502e-01 2.820942784410442883e+00
5.505900000000000000e+04 -3.770768514197609278e+00 6.860268997291461446e+00 1.318057836963791196e+00 7.082154475097659052e+00 5.830050588127172473e-01 2.662464088382578531e+00
5.506100000000000000e+04 1.313830276774458916e+01 6.860268997291461446e+00 1.036246446044319036e+00 6.415451966057744038e+00 4.505027589097987395e-01 2.353085374874466229e+00
5.506300000000000000e+04 5.512656425241722502e+00 6.860268997291461446e+00 7.990864005203597298e-01 5.791373053077288446e+00 3.415482990769190819e-01 2.073679838540994247e+00
5.506400000000000000e+04 1.175831505742783634e+01 6.860268997291461446e+00 6.996054778646820793e-01 5.479090605491337307e+00 2.965309531914898100e-01 1.938814793167494166e+00
5.506700000000000000e+04 1.333737966400793340e+01 6.860268997291461446e+00 4.594787666860262187e-01 4.441976694396566394e+00 1.899928740845295005e-01 1.518313062071563468e+00
5.506800000000000000e+04 -6.925468291559258027e+00 6.860268997291461446e+00 3.974127102476212037e-01 4.100787111184120093e+00 1.630009885761951050e-01 1.385962927938393818e+00
5.506900000000000000e+04 7.109022553613959516e+00 6.860268997291461446e+00 3.429086124388208145e-01 3.762097767774388757e+00 1.395185175518027509e-01 1.257385617571653791e+00
5.507000000000000000e+04 -9.806557337572495925e+00 6.860268997291461446e+00 2.952076860710064476e-01 3.440410318707135762e+00 1.191554736916271978e-01 1.137250535074420199e+00
5.507200000000000000e+04 8.363957058260410804e+00 6.860268997291461446e+00 2.179558136320879913e-01 2.847707068289309085e+00 8.659693020465177027e-02 9.211110972600947688e-01
5.507400000000000000e+04 1.055759649875365547e+01 6.860268997291461446e+00 1.600232845198373832e-01 2.301412469663201676e+00 6.259957145868536021e-02 7.287563235158966979e-01
5.507600000000000000e+04 -1.559756679785853972e+00 6.860268997291461446e+00 1.157334126866377960e-01 1.815751369785943536e+00 4.458659039435906163e-02 5.631284486372484244e-01
5.507800000000000000e+04 8.876766972457321714e+00 6.860268997291461446e+00 8.342093838569977771e-02 1.404958928252906691e+00 3.165759871947924908e-02 4.269353738461487691e-01
5.508000000000000000e+04 3.717634877713009267e+00 6.860268997291461446e+00 5.998708844385153977e-02 1.076729777388238274e+00 2.242927217941729015e-02 3.207225596890974639e-01
5.508200000000000000e+04 7.477062083792133329e+00 6.860268997291461446e+00 4.301935445517933443e-02 8.130745046447440671e-01 1.585148843184322476e-02 2.374910926056618965e-01
5.508300000000000000e+04 -1.410532241492533601e+01 6.860268997291461446e+00 3.642317765300992494e-02 7.043272716377390053e-01 1.332425287277213925e-02 2.037512357202438951e-01
5.508400000000000000e+04 -7.062414838546200002e+00 6.860268997291461446e+00 3.080313499442044814e-02 6.086495328197395471e-01 1.118771474028273233e-02 1.743981469397534456e-01
5.508600000000000000e+04 1.807441432542080761e+01 6.860268997291461446e+00 2.209094301872473187e-02 4.520143640628093706e-01 7.910245647124551638e-03 1.270988539148603380e-01
5.508900000000000000e+04 8.785509074190510859e+00 6.860268997291461446e+00 1.356985958392552954e-02 2.860800415661921003e-01 4.758348966942117439e-03 7.824946432335670721e-02
5.509000000000000000e+04 -8.791286696542066181e+00 6.860268997291461446e+00 1.153136654546905136e-02 2.439232961581657977e-01 4.015798901434460173e-03 6.611820886863432889e-02
5.509200000000000000e+04 -4.865911575472249062e+00 6.860268997291461446e+00 8.326165124615416899e-03 1.765186651558386943e-01 2.860340487345981557e-03 4.700145520178898584e-02
5.509300000000000000e+04 8.994891354969990260e+00 6.860268997291461446e+00 7.075697348176182046e-03 1.499303875354537352e-01 2.414419350363810127e-03 3.957199839934906482e-02
5.509500000000000000e+04 -3.053469962083507738e+00 6.860268997291461446e+00 5.107153826105314924e-03 1.080866626326119351e-01 1.719580412830072277e-03 2.803659022427161529e-02
5.509600000000000000e+04 6.090489212108400885e+00 6.860268997291461446e+00 4.340587843493616017e-03 9.163425463884185274e-02 1.451847290194205504e-03 2.356605663996549915e-02
5.509700000000000000e+04 4.930589350187876363e+00 6.860268997291461446e+00 3.688424691132600412e-03 7.770399629289549692e-02 1.225634575374692737e-03 1.981436053980403095e-02
5.509800000000000000e+04 2.594613565326007176e+00 6.860268997291461446e+00 3.132560080880771210e-03 6.586844407654907085e-02 1.034155386379047173e-03 1.665531609096517277e-02
5.510000000000000000e+04 -3.186550428496671916e+00 6.860268997291461446e+00 2.262632874150900635e-03 4.721465187595996066e-02 7.373742460977353481e-04 1.174143337211776446e-02
5.510100000000000000e+04 1.183442400003658257e+01 6.860268997291461446e+00 1.922178549313258589e-03 4.008912493962722701e-02 6.224268341795411233e-04 9.887807058905687813e-03
5.510200000000000000e+04 1.415389533811795886e+00 6.860268997291461446e+00 1.634147279332364821e-03 3.412729081569183809e-02 5.258043306838589264e-04 8.348980041024522958e-03
5.510600000000000000e+04 -2.286391768244922240e-01 6.860268997291461446e+00 8.503376016606508259e-04 1.788597115641210947e-02 2.668395524086519138e-04 4.237980086345396677e-03
5.510900000000000000e+04 5.544523083860914525e+00 6.860268997291461446e+00 5.205895182106584250e-04 1.100701882764788808e-02 1.603886617199637324e-04 2.547921024918492483e-03
5.511100000000000000e+04 -1.035158320933246046e+01 6.860268997291461446e+00 3.755627761777575579e-04 7.960478692134828616e-03 1.143196079927424701e-04 1.814809112742756881e-03
5.511200000000000000e+04 -8.710804575055437482e+00 6.860268997291461446e+00 3.187770176241309017e-04 6.771018211657489454e-03 9.645587389153405797e-05 1.532043219218365976e-03
5.511400000000000000e+04 1.282633206541849269e+01 6.860268997291461446e+00 2.299815061283639163e-04 4.897642876077172407e-03 6.876820444588222371e-05 1.091761675451888552e-03
5.511500000000000000e+04 -1.950861783379564685e+01 6.860268997291461446e+00 1.952486336525641197e-04 4.165427116206106561e-03 5.804061642466235168e-05 9.217178076221691852e-04
5.511700000000000000e+04 -3.042032118077543146e+00 6.860268997291461446e+00 1.408916753739815971e-04 3.013910423479879488e-03 4.139733072045060849e-05 6.572554133548237122e-04
5.511800000000000000e+04 6.379061957092130308e-01 6.860268997291461446e+00 1.196172177333896576e-04 2.563219616460277617e-03 3.494412016400036890e-05 5.549535845804704675e-04
5.511900000000000000e+04 1.824943247866366303e+00 6.860268997291461446e+00 1.016626712379262886e-04 2.179255456267463649e-03 2.952906681710418518e-05 4.684556010893086439e-04
5.512000000000000000e+04 1.434316096190098033e+00 6.860268997291461446e+00 8.712731720832596609e-05 1.852579342164644306e-03 2.516312410348764490e-05 3.954109412969871438e-04
