5.497600000000000000e+04 -4.237579212141111995e+00 6.260004784390343247e+00 1.164140563987932975e+00 1.400047904340757880e-18 1.164140563987932975e+00 1.400047904340757880e-18
5.497900000000000000e+04 4.147736192245415232e+00 6.260004784390343247e+00 4.289077145657377521e+00 1.400047903541934524e-18 4.289077145657377521e+00 1.400047903541934524e-18
5.498300000000000000e+04 1.252415666451157605e+01 6.260004784390343247e+00 1.143383206421574805e+01 8.895087593276518713e-04 1.143383206421574805e+01 8.895087593276518713e-04
5.499200000000000000e+04 5.304246769134419992e+01 6.260004784390343247e+00 3.733751665722944324e+01 1.162962013649368842e+01 3.733751665722944324e+01 1.162962013649368842e+01
5.499500000000000000e+04 6.189963771904777445e+01 6.260004784390343247e+00 4.526446668391263017e+01 2.043128833678469647e+01 4.526446668391263017e+01 2.043128833678469647e+01
5.499600000000000000e+04 5.752344626672363148e+01 6.260004784390343247e+00 4.750204251648135312e+01 2.388689422327730227e+01 4.750204251648135312e+01 2.388689422327730227e+01
5.499800000000000000e+04 8.189661245583911864e+01 6.260004784390343247e+00 5.133933107419673547e+01 3.137436884907111789e+01 5.091672227927872996e+01 3.137436884907111789e+01
5.500200000000000000e+04 1.017847784139094500e+02 6.260004784390343247e+00 5.605119289653529790e+01 4.667189582153680050e+01 5.381775602163734362e+01 4.667189582153680050e+01
5.500700000000000000e+04 1.212019944476087829e+02 6.260004784390343247e+00 5.643103835287060122e+01 6.362113591227574005e+01 5.210622193247517231e+01 6.171416811744663988e+01
5.501100000000000000e+04 1.200406675027888639e+02 6.260004784390343247e+00 5.345554677354331830e+01 7.174454891426354664e+01 4.789065290588005297e+01 6.691964267723490423e+01
5.501600000000000000e+04 1.172717735593883646e+02 6.260004784390343247e+00 4.667396868990392278e+01 7.410923360492600409e+01 4.031611703369087962e+01 6.595695408056781162e+01
5.502200000000000000e+04 1.101520766055589746e+02 6.260004784390343247e+00 3.827463095793200409e+01 6.879383425974580746e+01 3.169741694238675578e+01 5.803427894360199701e+01
5.502800000000000000e+04 9.262520776615782836e+01 6.260004784390343247e+00 3.310052133813628927e+01 5.797663695681739426e+01 2.632666932167046880e+01 4.648543694420893502e+01
5.503000000000000000e+04 8.656086820500354406e+01 6.260004784390343247e+00 3.188221413296672679e+01 5.421446996001150609e+01 2.502725028100064719e+01 4.276263603092878185e+01
5.503300000000000000e+04 7.856370871529352939e+01 6.260004784390343247e+00 3.005247301329474041e+01 4.967540610169221793e+01 2.313864568316503068e+01 3.825010094840395425e+01
5.503800000000000000e+04 8.179214545761666955e+01 6.260004784390343247e+00 2.617750680415279874e+01 4.443283614764933986e+01 1.953108020902245556e+01 3.290833665208808867e+01
5.504200000000000000e+04 8.443580936220612898e+01 6.260004784390343247e+00 2.275727613330874988e+01 4.140097639454560152e+01 1.656882135661357935e+01 2.975490613378295279e+01
5.504400000000000000e+04 5.495477622713604404e+01 6.260004784390343247e+00 2.108858188926991417e+01 3.960481087808405931e+01 1.517055024046465839e+01 2.804873291649012756e+01
5.504600000000000000e+04 4.986889608457529022e+01 6.260004784390343247e+00 1.956022205626315369e+01 3.764623599216683658e+01 1.390504162668881349e+01 2.627826049990705215e+01
5.505000000000000000e+04 5.101976160497012813e+01 6.260004784390343247e+00 1.711214545794200959e+01 3.324630311452808940e+01 1.188425964160150627e+01 2.255821896765374390e+01
5.505600000000000000e+04 4.509132996037551777e+01 6.260004784390343247e+00 1.482374425964091813e+01 2.669072740242917874e+01 9.950825172612551839e+00 1.738130203336101687e+01
5.505900000000000000e+04 3.738125616055675238e+01 6.260004784390343247e+00 1.392773532743040299e+01 2.410809578195521397e+01 9.195652533626304859e+00 1.538978345480703069e+01
5.506300000000000000e+04 3.831946823627776411e+01 6.260004784390343247e+00 1.295119734197186823e+01 2.174239685703075864e+01 8.367487622413662507e+00 1.352391419856364152e+01
5.506500000000000000e+04 2.508710168351114334e+01 6.260004784390343247e+00 1.253110179519172362e+01 2.082707459038600462e+01 8.010164788539839265e+00 1.279068635410305710e+01
5.506700000000000000e+04 4.150663578430904010e+01 6.260004784390343247e+00 1.212651650490148292e+01 1.996249769016715447e+01 7.670155917078735897e+00 1.210655448490942732e+01
5.507000000000000000e+04 2.845354514190576722e+01 6.260004784390343247e+00 1.156321169359384449e+01 1.884646021096207491e+01 7.200455628366551508e+00 1.121946672875465723e+01
5.507400000000000000e+04 2.647873872793433492e+01 6.260004784390343247e+00 1.082413826530773271e+01 1.760897947347767811e+01 6.603708294373577203e+00 1.023183002526303120e+01
5.507900000000000000e+04 3.052283880277585126e+01 6.260004784390343247e+00 9.815472466325255496e+00 1.629270119051616206e+01 5.840457257125583723e+00 9.191932970672024084e+00
5.508300000000000000e+04 2.064475119516688295e+01 6.260004784390343247e+00 8.834894822137480119e+00 1.531880246245834165e+01 5.155149271873892936e+00 8.446161141566047803e+00
5.509100000000000000e+04 2.328402406419134607e+01 6.260004784390343247e+00 6.154343660916092418e+00 1.305900475835966290e+01 3.457107999615824934e+00 6.887297483444787538e+00
