5.497500000000000000e+04 -3.718832124124964889e+00 1.148367269016514669e+01 9.676860811788584593e-01 1.458879094187306028e-18 9.676860811788584593e-01 1.458879094187306028e-18
5.497600000000000000e+04 -9.816981944866403964e+00 1.148367269016514669e+01 2.014654457448330049e+00 1.458879030790155216e-18 2.014654457448330049e+00 1.458879030790155216e-18
5.497900000000000000e+04 -4.631208859250709686e+00 1.148367269016514669e+01 7.421511495175619366e+00 1.458878766632481191e-18 7.421511495175619366e+00 1.458878766632481191e-18
5.498000000000000000e+04 1.623393013225390291e+01 1.148367269016514669e+01 1.010928248076253944e+01 1.458878646401056061e-18 1.010928248076253944e+01 1.458878646401056061e-18
5.498100000000000000e+04 3.620970007063544926e+01 1.148367269016514669e+01 1.326427468792255127e+01 1.458878505308197166e-18 1.326427468792255127e+01 1.458878505308197166e-18
5.498200000000000000e+04 1.377969264145482597e+01 1.148367269016514669e+01 1.681188057541250913e+01 1.458878339734227992e-18 1.681188057541250913e+01 1.458878339734227992e-18
5.498400000000000000e+04 2.643243404413055231e+01 1.148367269016514669e+01 2.504964300095078400e+01 1.458877917415035206e-18 2.504964300095078400e+01 1.458877917415035206e-18
5.498500000000000000e+04 3.499949746177165366e+01 1.148367269016514669e+01 2.982457128805857849e+01 1.458877649835416619e-18 2.982457128805857849e+01 1.458877649835416619e-18
5.498700000000000000e+04 3.530790046657870107e+01 1.148367269016514669e+01 4.097582893337165899e+01 1.458876967336947338e-18 4.097582893337165899e+01 1.458876967336947338e-18
5.499000000000000000e+04 4.896381194443573293e+01 1.148367269016514669e+01 6.053040193995693841e+01 7.741488649430867675e-01 6.053040193995693841e+01 7.741488649430867675e-01
5.499200000000000000e+04 9.184436581731243621e+01 1.148367269016514669e+01 7.440742163840896239e+01 2.753478662916496678e+00 7.440742163840896239e+01 2.753478662916496678e+00
5.499300000000000000e+04 9.357764795129885727e+01 1.148367269016514669e+01 8.115791156796579742e+01 4.184087600156392028e+00 8.115791156796579742e+01 4.184087600156392028e+00
5.499400000000000000e+04 9.481215671874517170e+01 1.148367269016514669e+01 8.659722275531558466e+01 5.937209196140496026e+00 8.659722275531558466e+01 5.937209196140496026e+00
5.499600000000000000e+04 9.643999481670716989e+01 1.148367269016514669e+01 9.298895886639343189e+01 1.061141975033804385e+01 9.298895886639343189e+01 1.061141975033804385e+01
5.499700000000000000e+04 1.056114884640173130e+02 1.148367269016514669e+01 1.018426059692171179e+02 1.344950446033000979e+01 9.534931745081652821e+01 1.344950446033000979e+01
5.499800000000000000e+04 1.274802701898446315e+02 1.148367269016514669e+01 1.105031707118522633e+02 1.657394882118942192e+01 9.725679520493949326e+01 1.657394882118942192e+01
5.500000000000000000e+04 1.474654847933672386e+02 1.148367269016514669e+01 1.265099477829001842e+02 2.385965703044686492e+01 9.942624000542298290e+01 2.385965703044686492e+01
5.500200000000000000e+04 1.772991394315913283e+02 1.148367269016514669e+01 1.399829475344928369e+02 3.278066314669732861e+01 9.937735874946248771e+01 3.278066314669732861e+01
5.500300000000000000e+04 1.848689700839421448e+02 1.148367269016514669e+01 1.451435020923561012e+02 3.790067896713478035e+01 9.828909195663038645e+01 3.790067896713478035e+01
5.500400000000000000e+04 1.941498424318717468e+02 1.148367269016514669e+01 1.491321943394705443e+02 4.317674359126633732e+01 9.653818898204983157e+01 4.317674359126633732e+01
5.500500000000000000e+04 2.048911139796509246e+02 1.148367269016514669e+01 1.522183964800190665e+02 4.842432155196556209e+01 9.437559456880096320e+01 4.842432155196556209e+01
5.500900000000000000e+04 2.216432768127544648e+02 1.148367269016514669e+01 1.556340246465361190e+02 6.927777820425247057e+01 8.255133116561614770e+01 6.927777820425247057e+01
5.501200000000000000e+04 2.278012161615205287e+02 1.148367269016514669e+01 1.492520254925862560e+02 8.042142831071669207e+01 7.142612246008147281e+01 7.627945396065322825e+01
5.501300000000000000e+04 2.102995932259493088e+02 1.148367269016514669e+01 1.459795685051935550e+02 8.343854974222169574e+01 6.765517379857884350e+01 7.780543616395159745e+01
5.501400000000000000e+04 2.345477148314447504e+02 1.148367269016514669e+01 1.416029145054851313e+02 8.602677859419539175e+01 6.361888512242121152e+01 7.888746317670370445e+01
5.501600000000000000e+04 2.225653478572004644e+02 1.148367269016514669e+01 1.309431348506687414e+02 8.989097363708901867e+01 5.543739832797152900e+01 7.978252741376498136e+01
5.501700000000000000e+04 2.157463576520693209e+02 1.148367269016514669e+01 1.266332752071787695e+02 9.101376023710773211e+01 5.211031447560955598e+01 7.950188699956999017e+01
5.501800000000000000e+04 2.001347172255451596e+02 1.148367269016514669e+01 1.229695955038530997e+02 9.144030802909240663e+01 4.922327896239417555e+01 7.863127356530432621e+01
5.501900000000000000e+04 2.010505494173811485e+02 1.148367269016514669e+01 1.194954801246304612e+02 9.120928095024069648e+01 4.656333247267679099e+01 7.723055118563988231e+01
5.502000000000000000e+04 2.093088324897790358e+02 1.148367269016514669e+01 1.156611707788380699e+02 9.053262035795940221e+01 4.390417961541074021e+01 7.550047565504078761e+01
5.502100000000000000e+04 2.149542520725532881e+02 1.148367269016514669e+01 1.112700718191038618e+02 8.951959048878570968e+01 4.117301454915962466e+01 7.354550648109243127e+01
5.502200000000000000e+04 2.048141599317670511e+02 1.148367269016514669e+01 1.066444115145370404e+02 8.814384272148478772e+01 3.849145005216814042e+01 7.135419956406119013e+01
5.502500000000000000e+04 1.709438494776306072e+02 1.148367269016514669e+01 9.332437811966158847e+01 8.132318740873384399e+01 3.137059333747742329e+01 6.306078428096606103e+01
5.502900000000000000e+04 1.419027775913194489e+02 1.148367269016514669e+01 7.683655083287507637e+01 6.931913722939015088e+01 2.366167303078713857e+01 5.089510809793696922e+01
5.503100000000000000e+04 1.453598717228856003e+02 1.148367269016514669e+01 6.932174759887634252e+01 6.201005627373584872e+01 2.048817721261307412e+01 4.434991866237722746e+01
5.503200000000000000e+04 1.108689432441899498e+02 1.148367269016514669e+01 6.582994017480780258e+01 5.904307071344465641e+01 1.907229695642826428e+01 4.168825158048764479e+01
5.503300000000000000e+04 1.230322899204034854e+02 1.148367269016514669e+01 6.306282065263337699e+01 5.648469707492657221e+01 1.791710107470335345e+01 3.937862316991534328e+01
5.503400000000000000e+04 1.076369403172829635e+02 1.148367269016514669e+01 6.068951575751473371e+01 5.410659233325043971e+01 1.691552365168480421e+01 3.725066597814144131e+01
5.503500000000000000e+04 9.755738710494846089e+01 1.148367269016514669e+01 5.838013592835147136e+01 5.165238923393845027e+01 1.596874529619285887e+01 3.512334369232860354e+01
5.503600000000000000e+04 1.141239227147586632e+02 1.148367269016514669e+01 5.632057976337910787e+01 4.903541340746716060e+01 1.512367877641758973e+01 3.293841163932770399e+01
5.503700000000000000e+04 8.310289232748314703e+01 1.148367269016514669e+01 5.440861996725928407e+01 4.639913355088557267e+01 1.434788638676704053e+01 3.079316004173451304e+01
5.503900000000000000e+04 1.119756093633463792e+02 1.148367269016514669e+01 5.036750844860882381e+01 4.145112142578577874e+01 1.282170619571031622e+01 2.686398018521436981e+01
5.504000000000000000e+04 6.725687092839942238e+01 1.148367269016514669e+01 4.839492066523916947e+01 3.917810660730881978e+01 1.210962883225882791e+01 2.509647466998194432e+01
5.504200000000000000e+04 8.391749193072790547e+01 1.148367269016514669e+01 4.469585531344996809e+01 3.489390664404565001e+01 1.081543224929825442e+01 2.184555602832633170e+01
5.504400000000000000e+04 7.663415848151947785e+01 1.148367269016514669e+01 4.116569034400478699e+01 3.092107431663264094e+01 9.643386980885679804e+00 1.892933842462971228e+01
5.504500000000000000e+04 5.012189444992505827e+01 1.148367269016514669e+01 3.938148750355953354e+01 2.909574819240035382e+01 9.080561577061848411e+00 1.761670391886676512e+01
5.504600000000000000e+04 6.600976291346162839e+01 1.148367269016514669e+01 3.753603678050766490e+01 2.736728759352004303e+01 8.521234229400151960e+00 1.639054177009046143e+01
5.504700000000000000e+04 8.442549986928618466e+01 1.148367269016514669e+01 3.560608305975165422e+01 2.575217824244770881e+01 7.960046289989414880e+00 1.525783756514261391e+01
5.504800000000000000e+04 6.639492789538439865e+01 1.148367269016514669e+01 3.364590736615071620e+01 2.445182617866916530e+01 7.409034476823465276e+00 1.433368085976268347e+01
5.505000000000000000e+04 4.046099199084531506e+01 1.148367269016514669e+01 2.941240235786517232e+01 2.225532094439806841e+01 6.288194800073795498e+00 1.277499623695428888e+01
5.505200000000000000e+04 5.078472919309052713e+01 1.148367269016514669e+01 2.487557966942617327e+01 2.041187708927026989e+01 5.167770414954748759e+00 1.147830910941363491e+01
5.505400000000000000e+04 4.607162479475326222e+01 1.148367269016514669e+01 2.057794035656124265e+01 1.861198871369309416e+01 4.157327640826142812e+00 1.025736495656825298e+01
5.505600000000000000e+04 5.720471579153903008e+01 1.148367269016514669e+01 1.686273665387547638e+01 1.694723025760776380e+01 3.315520380235053022e+00 9.157200117581325571e+00
5.505800000000000000e+04 2.029951225214546895e+01 1.148367269016514669e+01 1.373348494039680290e+01 1.542430804572855685e+01 2.629827455937498115e+00 8.174417322448755741e+00
5.506000000000000000e+04 3.565850656395925711e+01 1.148367269016514669e+01 1.103770688235169217e+01 1.397026237507811608e+01 2.059888564189253035e+00 7.264449261649479794e+00
5.506100000000000000e+04 2.171474274199951182e+01 1.148367269016514669e+01 9.854302220483216246e+00 1.323313590888926150e+01 1.815959130283463896e+00 6.816987383520122457e+00
5.506200000000000000e+04 1.518709685976172352e+01 1.148367269016514669e+01 8.773847310210515005e+00 1.247689495678101324e+01 1.596812745279095003e+00 6.368037031991533148e+00
5.506400000000000000e+04 2.716442152589170433e+01 1.148367269016514669e+01 6.880373304578839111e+00 1.095193208973061161e+01 1.221917543613490142e+00 5.488314753059690076e+00
5.506500000000000000e+04 5.100033870150507909e+00 1.148367269016514669e+01 6.058141251901791868e+00 1.012952723954287926e+01 1.063036946060080368e+00 5.030555840059037109e+00
5.506700000000000000e+04 2.652585910116319212e+01 1.148367269016514669e+01 4.662446188268678959e+00 8.474316637259397211e+00 7.990344961129509649e-01 4.134216331963799895e+00
5.506800000000000000e+04 2.983582223511450593e+01 1.148367269016514669e+01 4.072194934579261627e+00 7.692969185726750148e+00 6.898283870746817481e-01 3.720184334700300077e+00
5.506900000000000000e+04 5.502244311591812931e-01 1.148367269016514669e+01 3.541505153219504987e+00 6.937748367010668993e+00 5.930877954916861095e-01 3.325862112660915137e+00
5.507100000000000000e+04 1.117816480359392628e+01 1.148367269016514669e+01 2.654005720747765196e+00 5.628957880747865516e+00 4.345486239456022304e-01 2.652416304188042862e+00
5.507300000000000000e+04 2.038115145087326496e+01 1.148367269016514669e+01 1.972703626854850123e+00 4.540975664716397908e+00 3.159510589642119949e-01 2.103861964749998759e+00
5.507400000000000000e+04 1.632856881213259470e+01 1.148367269016514669e+01 1.697370172463700699e+00 4.058039499146190110e+00 2.689201451984696289e-01 1.864479439074748779e+00
5.507500000000000000e+04 -1.404927243737590814e+00 1.148367269016514669e+01 1.455214349353684655e+00 3.616505154375788678e+00 2.280935985444418612e-01 1.647910851351402695e+00
5.507800000000000000e+04 1.055983116366967600e+01 1.148367269016514669e+01 9.093090589858411343e-01 2.518225689657477950e+00 1.381047141620609098e-01 1.119758855288131238e+00
5.508000000000000000e+04 -1.838238277406180998e+01 1.148367269016514669e+01 6.619432722265623514e-01 1.943316580353512180e+00 9.849760017656127020e-02 8.504295568480645384e-01
5.508100000000000000e+04 7.729589503403566653e+00 1.148367269016514669e+01 5.647175301347903131e-01 1.699910349901717854e+00 8.318738014801362046e-02 7.380645840142919800e-01
5.508200000000000000e+04 6.671227724951004134e+00 1.148367269016514669e+01 4.811482820647324798e-01 1.483839020661594565e+00 7.017301316464903682e-02 6.392275968903607941e-01
5.508400000000000000e+04 1.295772876858255174e+01 1.148367269016514669e+01 3.486920738096270234e-01 1.118563582297320114e+00 4.986444254227592049e-02 4.744702363933489542e-01
5.508500000000000000e+04 5.148485419256423334e+00 1.148367269016514669e+01 2.967528789390683208e-01 9.656501818499758638e-01 4.202762805578161287e-02 4.064868588356523871e-01
5.508800000000000000e+04 -1.462416613447258928e+00 1.148367269016514669e+01 1.844245010265603002e-01 6.141835825417110151e-01 2.538464199561750803e-02 2.527608471713695959e-01
5.508900000000000000e+04 1.881419900859033767e+00 1.148367269016514669e+01 1.573475465913943550e-01 5.266532123566831647e-01 2.145658115601357940e-02 2.151361161587757309e-01
5.509000000000000000e+04 -7.384994959416809834e+00 1.148367269016514669e+01 1.342492429284222466e-01 4.500012986963585759e-01 1.813835800367798873e-02 1.824748788355535223e-01
5.509100000000000000e+04 1.039255604059476745e+01 1.148367269016514669e+01 1.145729235570073085e-01 3.835580901954571686e-01 1.533876746194622574e-02 1.543990379983322947e-01
5.509300000000000000e+04 8.418594918628691914e+00 1.148367269016514669e+01 8.330239621936307015e-02 2.784632972592467337e-01 1.095262713745783802e-02 1.104837713296487195e-01
5.509500000000000000e+04 1.549478687259089682e+01 1.148367269016514669e+01 6.061911065571305712e-02 2.014551716891173072e-01 7.830004347216196550e-03 7.879808014124903282e-02
5.509600000000000000e+04 1.390201829407896827e+00 1.148367269016514669e+01 5.167742578224718275e-02 1.713460381336725513e-01 6.616827885050855125e-03 6.654990411841091302e-02
5.509700000000000000e+04 -7.455310427900750270e+00 1.148367269016514669e+01 4.406052011977518168e-02 1.455556708266416699e-01 5.592785077591702451e-03 5.613841053171924472e-02
5.509800000000000000e+04 3.402386426136715158e+00 1.148367269016514669e+01 3.759247750542656780e-02 1.235560381544773684e-01 4.730874821351913062e-03 4.732315988911003218e-02
5.509900000000000000e+04 -3.418588724499953102e+00 1.148367269016514669e+01 3.204481748838453048e-02 1.048748955549147627e-01 3.998454947828823484e-03 3.989155403382074055e-02
5.510100000000000000e+04 -6.635427738560808919e+00 1.148367269016514669e+01 2.328690402473654678e-02 7.566207582852986502e-02 2.857113554350843541e-03 2.838889232647826000e-02
5.510400000000000000e+04 7.826709099338189368e+00 1.148367269016514669e+01 1.442785796892738850e-02 4.668093796302314608e-02 1.726894476100850886e-03 1.716526492481086630e-02
5.510700000000000000e+04 -3.719437460833237452e+01 1.148367269016514669e+01 8.880328625181187902e-03 2.876933646180251242e-02 1.037530654529236849e-03 1.037181356327150986e-02
5.510800000000000000e+04 -1.502206358283680654e+00 1.148367269016514669e+01 7.555617388410459760e-03 2.446291176405483367e-02 8.757902202812570909e-04 8.762101709966271107e-03
5.510900000000000000e+04 -1.084540819594939443e+01 1.148367269016514669e+01 6.423812107259851273e-03 2.080937902828699365e-02 7.387683124515371895e-04 7.405472963803201060e-03
5.511000000000000000e+04 -8.299230991116350875e-01 1.148367269016514669e+01 5.460464413554038179e-03 1.771522823548970366e-02 6.230988444615148105e-04 6.264003477772957240e-03
5.511100000000000000e+04 2.763870171873495352e+01 1.148367269016514669e+01 4.644124886218293537e-03 1.506625242114539853e-02 5.258591276927242816e-04 5.293462308040685488e-03
5.511400000000000000e+04 -2.343061205000856617e+01 1.148367269016514669e+01 2.855781964768307722e-03 9.278014860942002812e-03 3.160519228810185948e-04 3.198763958263059048e-03
