5.497600000000000000e+04 -2.731941630682288125e+00 4.515134844053590335e+00 1.164140563987932975e+00 8.960306593772031297e-19 1.164140563987932975e+00 8.960306593772031297e-19
5.497900000000000000e+04 4.187132580817199745e+00 4.515134844053590335e+00 4.289077145657377521e+00 8.960306592350573665e-19 4.289077145657377521e+00 8.960306592350573665e-19
5.498300000000000000e+04 1.221960563972431935e+01 4.515134844053590335e+00 1.143383206421574805e+01 8.960306589007829505e-19 1.143383206421574805e+01 8.960306589007829505e-19
5.499200000000000000e+04 4.041834577150067531e+01 4.515134844053590335e+00 3.733751665722944324e+01 1.414274411638661300e-01 3.733751665722944324e+01 1.414274411638661300e-01
5.499500000000000000e+04 4.411368465761766089e+01 4.515134844053590335e+00 4.526446668391263017e+01 1.587232095280796784e+00 4.526446668391263017e+01 1.587232095280796784e+00
5.499600000000000000e+04 3.992780894490931587e+01 4.515134844053590335e+00 4.750204251648135312e+01 2.426487086150368899e+00 4.750204251648135312e+01 2.426487086150368899e+00
5.499800000000000000e+04 5.531852103206671245e+01 4.515134844053590335e+00 5.134442274642466941e+01 4.563436508517902723e+00 5.091672227927872996e+01 4.563436508517902723e+00
5.500200000000000000e+04 6.642612580572557590e+01 4.515134844053590335e+00 5.607810177454611278e+01 1.102479628531949452e+01 5.381775602163734362e+01 1.102479628531949452e+01
5.500700000000000000e+04 7.988458949325880099e+01 4.515134844053590335e+00 5.648314457480308448e+01 2.257211756982848527e+01 5.210622193247517231e+01 2.257211756982848527e+01
5.501100000000000000e+04 8.187930028060806364e+01 4.515134844053590335e+00 5.352259368761153979e+01 3.207803185965695292e+01 4.789065290588005297e+01 3.207803185965695292e+01
5.501600000000000000e+04 8.777001922636176801e+01 4.515134844053590335e+00 4.675056931226794177e+01 4.355212756880386138e+01 4.031611703369087962e+01 4.073337782342299107e+01
5.502200000000000000e+04 9.093434704096971188e+01 4.515134844053590335e+00 3.835387450028797218e+01 5.035636541896510465e+01 3.169741694238675578e+01 4.292955278684152631e+01
5.502800000000000000e+04 8.449107720104258590e+01 4.515134844053590335e+00 3.318213401303346188e+01 5.019238619668195867e+01 2.632666932167046880e+01 3.931107941469451816e+01
5.503000000000000000e+04 8.100754291908661742e+01 4.515134844053590335e+00 3.196480405889403187e+01 4.870793818024938560e+01 2.502725028100064719e+01 3.714193852390528150e+01
5.503300000000000000e+04 7.496479933056649259e+01 4.515134844053590335e+00 3.013577213775413455e+01 4.566870487950976099e+01 2.313864568316503068e+01 3.349864657779635024e+01
5.503800000000000000e+04 7.400090195244500535e+01 4.515134844053590335e+00 2.625758423300979061e+01 3.967825261928995673e+01 1.953108020902245556e+01 2.736808705979442635e+01
5.504200000000000000e+04 7.340748537526798145e+01 4.515134844053590335e+00 2.283183582941351375e+01 3.595011704732373659e+01 1.656882135661357935e+01 2.366696316479508511e+01
5.504400000000000000e+04 5.162342258037354270e+01 4.515134844053590335e+00 2.115988347540010395e+01 3.460261381654710533e+01 1.517055024046465839e+01 2.227253721456430569e+01
5.504600000000000000e+04 4.778562845996916053e+01 4.515134844053590335e+00 1.962835676023393106e+01 3.344961297334164385e+01 1.390504162668881349e+01 2.106133545733638002e+01
5.505000000000000000e+04 4.921421541095116936e+01 4.515134844053590335e+00 1.717513203404249822e+01 3.156210011272440141e+01 1.188425964160150627e+01 1.904313992562109448e+01
5.505600000000000000e+04 4.498083473841198554e+01 4.515134844053590335e+00 1.488245412815933477e+01 2.751851077130429246e+01 9.950825172612551839e+00 1.562486416721796978e+01
5.505900000000000000e+04 3.860797529225098401e+01 4.515134844053590335e+00 1.398474837313888308e+01 2.509535022592993059e+01 9.195652533626304859e+00 1.384112857863875767e+01
5.506300000000000000e+04 3.748792843057920265e+01 4.515134844053590335e+00 1.300642276027979527e+01 2.186628239656118211e+01 8.367487622413662507e+00 1.161678924537065605e+01
5.506500000000000000e+04 2.707370191025172090e+01 4.515134844053590335e+00 1.258557091575379161e+01 2.045378419626429789e+01 8.010164788539839265e+00 1.067024059484808518e+01
5.506700000000000000e+04 3.819405117057148402e+01 4.515134844053590335e+00 1.218020759632103456e+01 1.922122394371579190e+01 7.670155917078735897e+00 9.849461411076502415e+00
5.507000000000000000e+04 2.807038764002646758e+01 4.515134844053590335e+00 1.161577501968092108e+01 1.786550229369706955e+01 7.200455628366551508e+00 8.917591241737580887e+00
5.507400000000000000e+04 2.596462194371770238e+01 4.515134844053590335e+00 1.087498681917440635e+01 1.649926420220542411e+01 6.603708294373577203e+00 7.960660138090042359e+00
5.507900000000000000e+04 2.819134514710947315e+01 4.515134844053590335e+00 9.863364215833684057e+00 1.514382866434126207e+01 5.840457257125583723e+00 7.013954269992709989e+00
5.508300000000000000e+04 2.062758226043920473e+01 4.515134844053590335e+00 8.879229105875593220e+00 1.427924015864265783e+01 5.155149271873892936e+00 6.408131830831871767e+00
5.509100000000000000e+04 2.191618339628302436e+01 4.515134844053590335e+00 6.186840476112480225e+00 1.279329892719639439e+01 3.457107999615824934e+00 5.405543130602271873e+00
