5.497600000000000000e+04 -4.425406067395577736e+00 6.477675648718766332e+00 1.164140563987932975e+00 1.400047904695842546e-18 1.164140563987932975e+00 1.400047904695842546e-18
5.497900000000000000e+04 4.142821530267695174e+00 6.477675648718766332e+00 4.289077145657377521e+00 1.400047904115777677e-18 4.289077145657377521e+00 1.400047904115777677e-18
5.498300000000000000e+04 1.256114864085842164e+01 6.477675648718766332e+00 1.143383206421574805e+01 1.400047902751678668e-18 1.143383206421574805e+01 1.400047902751678668e-18
5.499200000000000000e+04 4.868492318901552096e+01 6.477675648718766332e+00 3.733751665722944324e+01 7.130369544559223449e+00 3.733751665722944324e+01 7.130369544559223449e+00
5.499500000000000000e+04 5.562864209789773895e+01 6.477675648718766332e+00 4.526446668391263017e+01 1.429229008026968373e+01 4.526446668391263017e+01 1.429229008026968373e+01
5.499600000000000000e+04 5.038066988320015582e+01 6.477675648718766332e+00 4.750204251648135312e+01 1.722624419581170585e+01 4.750204251648135312e+01 1.722624419581170585e+01
5.499800000000000000e+04 7.432980960627473621e+01 6.477675648718766332e+00 5.128841435191746712e+01 2.388689422327730227e+01 5.091672227927872996e+01 2.388689422327730227e+01
5.500200000000000000e+04 9.398686397278920879e+01 6.477675648718766332e+00 5.578210411642709943e+01 3.917569678333893535e+01 5.381775602163734362e+01 3.917569678333893535e+01
5.500700000000000000e+04 1.150779012557478467e+02 6.477675648718766332e+00 5.590997613354585383e+01 5.797812376375659227e+01 5.210622193247517231e+01 5.658058335489079127e+01
5.501100000000000000e+04 1.206566527851752681e+02 6.477675648718766332e+00 5.278507763286099674e+01 7.321040530764285847e+01 4.789065290588005297e+01 6.516279956176489918e+01
5.501600000000000000e+04 1.259199859731661206e+02 6.477675648718766332e+00 4.590796246626380395e+01 8.364555050811152626e+01 4.031611703369087962e+01 6.707742622943986532e+01
5.502200000000000000e+04 1.263711823854344516e+02 6.477675648718766332e+00 3.748219553437233742e+01 8.569815312403403595e+01 3.169741694238675578e+01 6.142356158546017753e+01
5.502800000000000000e+04 1.116661411237964359e+02 6.477675648718766332e+00 3.228439458916449922e+01 7.777986878724814801e+01 2.632666932167046880e+01 5.039514629211360131e+01
5.503000000000000000e+04 1.055786434104629308e+02 6.477675648718766332e+00 3.105631487369370092e+01 7.404200396473598289e+01 2.502725028100064719e+01 4.648543694420893502e+01
5.503300000000000000e+04 9.653074123000067175e+01 6.477675648718766332e+00 2.921948176870079550e+01 6.851591001809457282e+01 2.313864568316503068e+01 4.110379148004953720e+01
5.503800000000000000e+04 9.925476790405660665e+01 6.477675648718766332e+00 2.537673251558288001e+01 6.230742285774364575e+01 1.953108020902245556e+01 3.480083939775672519e+01
5.504200000000000000e+04 1.020961722016179891e+02 6.477675648718766332e+00 2.201167917226113957e+01 5.910185153858304119e+01 1.656882135661357935e+01 3.128406285125081610e+01
5.504400000000000000e+04 7.212026919798692859e+01 6.477675648718766332e+00 2.037556602796808392e+01 5.768286103095164208e+01 1.517055024046465839e+01 2.975490613378295279e+01
5.504600000000000000e+04 6.704705475617039667e+01 6.477675648718766332e+00 1.887887501655540490e+01 5.576088103798237938e+01 1.390504162668881349e+01 2.804873291649012756e+01
5.505000000000000000e+04 6.811341041782863215e+01 6.477675648718766332e+00 1.648227969693713035e+01 5.094682272523508715e+01 1.188425964160150627e+01 2.441385026127807123e+01
5.505600000000000000e+04 6.032060196845357325e+01 6.477675648718766332e+00 1.423664557445677836e+01 4.238272473429813658e+01 9.950825172612551839e+00 1.896318780058082254e+01
5.505900000000000000e+04 5.117816387402255884e+01 6.477675648718766332e+00 1.335760487034556832e+01 3.849789462119329642e+01 9.195652533626304859e+00 1.667225092945013287e+01
5.506300000000000000e+04 5.076945055890859493e+01 6.477675648718766332e+00 1.239894315889256760e+01 3.461855564190467760e+01 8.367487622413662507e+00 1.437707365002894022e+01
5.506500000000000000e+04 3.666005110972155734e+01 6.477675648718766332e+00 1.198641058957101535e+01 3.323231436013043094e+01 8.010164788539839265e+00 1.352391419856364152e+01
5.506700000000000000e+04 5.339710715970629451e+01 6.477675648718766332e+00 1.158960559070597185e+01 3.206241348383013445e+01 7.670155917078735897e+00 1.279068635410305710e+01
5.507000000000000000e+04 3.944489550285048551e+01 6.477675648718766332e+00 1.103757843272308925e+01 3.043146164072296500e+01 7.200455628366551508e+00 1.179148389674634423e+01
5.507400000000000000e+04 3.697930581547411322e+01 6.477675648718766332e+00 1.031565272664096611e+01 2.868598913536861517e+01 6.603708294373577203e+00 1.070532509903292251e+01
5.507900000000000000e+04 4.077999299160995861e+01 6.477675648718766332e+00 9.336554971240957457e+00 2.687526756395425664e+01 5.840457257125583723e+00 9.587694896348420315e+00
5.508300000000000000e+04 3.034094674574082262e+01 6.477675648718766332e+00 8.391551984756324245e+00 2.558035279041584431e+01 5.155149271873892936e+00 8.815035938666337501e+00
5.509100000000000000e+04 3.266971695810613596e+01 6.477675648718766332e+00 5.829375508952204576e+00 2.262812158557593278e+01 3.457107999615824934e+00 7.300571571406979210e+00
