5.497600000000000000e+04 -4.653649880981559406e+00 6.742185364933561686e+00 1.164140563987932975e+00 1.400047905054776955e-18 1.164140563987932975e+00 1.400047905054776955e-18
5.497900000000000000e+04 4.136849321497224174e+00 6.742185364933561686e+00 4.289077145657377521e+00 1.400047904695842546e-18 4.289077145657377521e+00 1.400047904695842546e-18
5.498300000000000000e+04 1.260718153968548272e+01 6.742185364933561686e+00 1.143383206421574805e+01 1.400047903851760993e-18 1.143383206421574805e+01 1.400047903851760993e-18
5.499200000000000000e+04 4.420680248268484291e+01 6.742185364933561686e+00 3.733751665722944324e+01 2.480050148876244531e+00 3.733751665722944324e+01 2.480050148876244531e+00
5.499500000000000000e+04 4.830632074066055992e+01 6.742185364933561686e+00 4.526446668391263017e+01 7.130369544559223449e+00 4.526446668391263017e+01 7.130369544559223449e+00
5.499600000000000000e+04 4.178636998997103547e+01 6.742185364933561686e+00 4.750204251648135312e+01 9.217815572097707744e+00 4.750204251648135312e+01 9.217815572097707744e+00
5.499800000000000000e+04 6.488907219050068420e+01 6.742185364933561686e+00 5.147680622435078135e+01 1.429229008026968373e+01 5.091672227927872996e+01 1.429229008026968373e+01
5.500200000000000000e+04 8.332472495600104878e+01 6.742185364933561686e+00 5.677773260282739187e+01 2.755757656490886376e+01 5.381775602163734362e+01 2.755757656490886376e+01
5.500700000000000000e+04 1.057481879304153267e+02 6.742185364933561686e+00 5.783790634504742911e+01 4.667189582153680050e+01 5.210622193247517231e+01 4.667189582153680050e+01
5.501100000000000000e+04 1.131954570762826080e+02 6.742185364933561686e+00 5.526581345338557583e+01 6.348647982327732109e+01 4.789065290588005297e+01 5.937755314560169495e+01
5.501600000000000000e+04 1.280878670114154829e+02 6.742185364933561686e+00 4.874218549373227916e+01 8.312758013366119769e+01 4.031611703369087962e+01 6.691964267723490423e+01
5.502200000000000000e+04 1.381648356822080359e+02 6.742185364933561686e+00 4.041420660154310696e+01 9.442950069712811967e+01 3.169741694238675578e+01 6.513277741559396361e+01
5.502800000000000000e+04 1.299644126430578694e+02 6.742185364933561686e+00 3.530406356036009896e+01 9.299306018301966503e+01 2.632666932167046880e+01 5.610779545252785994e+01
5.503000000000000000e+04 1.249851477721686592e+02 6.742185364933561686e+00 3.411214213300389275e+01 9.037306747066119783e+01 2.502725028100064719e+01 5.234163527780678749e+01
5.503300000000000000e+04 1.161346518413247821e+02 6.742185364933561686e+00 3.230154937369837853e+01 8.508694378268002367e+01 2.313864568316503068e+01 4.648543694420893502e+01
5.503800000000000000e+04 1.170129370976769110e+02 6.742185364933561686e+00 2.833959738329158284e+01 7.663025224003250457e+01 1.953108020902245556e+01 3.825010094840395425e+01
5.504200000000000000e+04 1.190554737589331467e+02 6.742185364933561686e+00 2.477038792813730339e+01 7.244563815719638455e+01 1.656882135661357935e+01 3.382465130133363829e+01
5.504400000000000000e+04 8.776877349728900413e+01 6.742185364933561686e+00 2.301372471478488535e+01 7.093568566458775138e+01 1.517055024046465839e+01 3.208307809343634887e+01
5.504600000000000000e+04 8.305883268398642372e+01 6.742185364933561686e+00 2.139985906347408573e+01 6.956171564562282583e+01 1.390504162668881349e+01 3.050684836664451893e+01
5.505000000000000000e+04 8.525467433585801302e+01 6.742185364933561686e+00 1.881278301265518493e+01 6.572964026223246492e+01 1.188425964160150627e+01 2.717673044828928397e+01
5.505600000000000000e+04 7.705748469126557154e+01 6.742185364933561686e+00 1.640891070963809995e+01 5.679620605190797278e+01 9.950825172612551839e+00 2.162676340412305720e+01
5.505900000000000000e+04 6.653159628473619591e+01 6.742185364933561686e+00 1.546708756155944187e+01 5.176950269558565054e+01 9.195652533626304859e+00 1.896318780058082254e+01
5.506300000000000000e+04 6.426282617705541611e+01 6.742185364933561686e+00 1.444228363628598011e+01 4.591538340572098065e+01 8.367487622413662507e+00 1.600731536944672584e+01
5.506500000000000000e+04 4.873261031879562211e+01 6.742185364933561686e+00 1.400176805036763739e+01 4.363900140396072658e+01 8.010164788539839265e+00 1.485532455200188373e+01
5.506700000000000000e+04 6.561515380238235196e+01 6.742185364933561686e+00 1.357617597322936476e+01 4.189595835258837297e+01 7.670155917078735897e+00 1.393373631521496847e+01
5.507000000000000000e+04 5.066233188454055636e+01 6.742185364933561686e+00 1.298242149794489109e+01 3.978670897307296883e+01 7.200455628366551508e+00 1.279068635410305710e+01
5.507400000000000000e+04 4.743797685883829729e+01 6.742185364933561686e+00 1.219704921970799916e+01 3.734584385218983016e+01 6.603708294373577203e+00 1.149456566703288019e+01
5.507900000000000000e+04 5.087657939608849489e+01 6.742185364933561686e+00 1.110854970305285683e+01 3.501332234645008867e+01 5.840457257125583723e+00 1.023183002526303120e+01
5.508300000000000000e+04 3.967441040404990105e+01 6.742185364933561686e+00 1.003192048306659601e+01 3.342171466366737320e+01 5.155149271873892936e+00 9.387067369865008004e+00
5.509100000000000000e+04 4.167013661023491977e+01 6.742185364933561686e+00 7.031757671218587191e+00 3.025415708874273690e+01 3.457107999615824934e+00 7.884435809637948545e+00
