5.497600000000000000e+04 -3.885328665618679178e+00 5.851784773371047521e+00 1.164140563987932975e+00 1.400047905276879818e-18 1.164140563987932975e+00 1.400047905276879818e-18
5.497900000000000000e+04 4.156953150945380315e+00 5.851784773371047521e+00 4.289077145657377521e+00 1.400047905054776955e-18 4.289077145657377521e+00 1.400047905054776955e-18
5.498300000000000000e+04 1.245222420604383906e+01 5.851784773371047521e+00 1.143383206421574805e+01 1.400047904532473228e-18 1.143383206421574805e+01 1.400047904532473228e-18
5.499200000000000000e+04 4.136807228431195682e+01 5.851784773371047521e+00 3.733751665722944324e+01 2.209803768185407968e-01 3.733751665722944324e+01 2.209803768185407968e-01
5.499500000000000000e+04 4.419594743247225210e+01 5.851784773371047521e+00 4.526446668391263017e+01 2.480050148876244531e+00 4.526446668391263017e+01 2.480050148876244531e+00
5.499600000000000000e+04 3.833211804331036632e+01 5.851784773371047521e+00 4.750204251648135312e+01 3.791386072109951044e+00 4.750204251648135312e+01 3.791386072109951044e+00
5.499800000000000000e+04 5.771098776285725762e+01 5.851784773371047521e+00 5.134442274642466941e+01 7.130369544559223449e+00 5.091672227927872996e+01 7.130369544559223449e+00
5.500200000000000000e+04 7.242722364542161984e+01 5.851784773371047521e+00 5.607810177454611278e+01 1.722624419581170585e+01 5.381775602163734362e+01 1.722624419581170585e+01
5.500700000000000000e+04 9.282691774944872520e+01 5.851784773371047521e+00 5.648314457480308448e+01 3.526893370285700513e+01 5.210622193247517231e+01 3.526893370285700513e+01
5.501100000000000000e+04 9.882154079781723510e+01 5.851784773371047521e+00 5.352259368761153979e+01 5.012192478071398227e+01 4.789065290588005297e+01 5.012192478071398227e+01
5.501600000000000000e+04 1.115183230311224492e+02 5.851784773371047521e+00 4.675056931226794177e+01 6.805019932625602053e+01 4.031611703369087962e+01 6.364590284909841245e+01
5.502200000000000000e+04 1.199182220449711593e+02 5.851784773371047521e+00 3.835387450028797218e+01 7.868182096713296403e+01 3.169741694238675578e+01 6.707742622943986532e+01
5.502800000000000000e+04 1.130548373495864922e+02 5.851784773371047521e+00 3.318213401303346188e+01 7.842560343231554043e+01 2.632666932167046880e+01 6.142356158546017753e+01
5.503000000000000000e+04 1.085048717535169231e+02 5.851784773371047521e+00 3.196480405889403187e+01 7.610615340663964901e+01 2.502725028100064719e+01 5.803427894360199701e+01
5.503300000000000000e+04 1.004048696123229831e+02 5.851784773371047521e+00 3.013577213775413455e+01 7.135735137423399976e+01 2.313864568316503068e+01 5.234163527780678749e+01
5.503800000000000000e+04 9.870748200702652753e+01 5.851784773371047521e+00 2.625758423300979061e+01 6.199726971764054895e+01 1.953108020902245556e+01 4.276263603092878185e+01
5.504200000000000000e+04 9.795913455214353860e+01 5.851784773371047521e+00 2.283183582941351375e+01 5.617205788644334064e+01 1.656882135661357935e+01 3.697962994499231826e+01
5.504400000000000000e+04 6.986207088246183616e+01 5.851784773371047521e+00 2.115988347540010395e+01 5.406658408835484408e+01 1.517055024046465839e+01 3.480083939775672519e+01
5.504600000000000000e+04 6.503430345963197112e+01 5.851784773371047521e+00 1.962835676023393106e+01 5.226502027084629987e+01 1.390504162668881349e+01 3.290833665208808867e+01
5.505000000000000000e+04 6.710910173115864552e+01 5.851784773371047521e+00 1.717513203404249822e+01 4.931578142613187055e+01 1.188425964160150627e+01 2.975490613378295279e+01
5.505600000000000000e+04 6.122373566349823903e+01 5.851784773371047521e+00 1.488245412815933477e+01 4.299767308016294010e+01 9.950825172612551839e+00 2.441385026127807123e+01
5.505900000000000000e+04 5.258434351791665762e+01 5.851784773371047521e+00 1.398474837313888308e+01 3.921148472801551321e+01 9.195652533626304859e+00 2.162676340412305720e+01
5.506300000000000000e+04 5.056191684278878995e+01 5.851784773371047521e+00 1.300642276027979527e+01 3.416606624462684749e+01 8.367487622413662507e+00 1.815123319589164907e+01
5.506500000000000000e+04 3.681289753879960358e+01 5.851784773371047521e+00 1.258557091575379161e+01 3.195903780666296257e+01 8.010164788539839265e+00 1.667225092945013287e+01
5.506700000000000000e+04 5.101686082274613909e+01 5.851784773371047521e+00 1.218020759632103456e+01 3.003316241205592618e+01 7.670155917078735897e+00 1.538978345480703069e+01
5.507000000000000000e+04 3.770205621046988398e+01 5.851784773371047521e+00 1.161577501968092108e+01 2.791484733390166895e+01 7.200455628366551508e+00 1.393373631521496847e+01
5.507400000000000000e+04 3.482815477148831462e+01 5.851784773371047521e+00 1.087498681917440635e+01 2.578010031594596541e+01 6.603708294373577203e+00 1.243853146576569202e+01
5.507900000000000000e+04 3.765237773971013979e+01 5.851784773371047521e+00 9.863364215833684057e+00 2.366223228803321277e+01 5.840457257125583723e+00 1.095930354686360708e+01
5.508300000000000000e+04 2.791041699699716361e+01 5.851784773371047521e+00 8.879229105875593220e+00 2.231131274787915331e+01 5.155149271873892936e+00 1.001270598567479730e+01
5.509100000000000000e+04 2.998159362023616126e+01 5.851784773371047521e+00 6.186840476112480225e+00 1.998952957374436323e+01 3.457107999615824934e+00 8.446161141566047803e+00
