5.497400000000000000e+04 2.654071823138119068e+00 5.110466860620625162e+00 2.872527343123094101e-01 8.716023866393842389e-19 2.872527343123094101e-01 8.716023866393842389e-19
5.497600000000000000e+04 -3.032247017431804359e+00 5.110466860620625162e+00 1.958814406946931541e+00 8.716023356981633868e-19 1.958814406946931541e+00 8.716023356981633868e-19
5.498000000000000000e+04 1.025315515676605926e+01 5.110466860620625162e+00 9.740658635389692677e+00 8.716021689365841492e-19 9.740658635389692677e+00 8.716021689365841492e-19
5.498100000000000000e+04 8.903411619941000055e+00 5.110466860620625162e+00 1.261836908227294352e+01 8.716021077255084616e-19 1.261836908227294352e+01 8.716021077255084616e-19
5.498500000000000000e+04 2.923153310535144911e+01 5.110466860620625162e+00 2.761301931683333422e+01 8.716017365910701769e-19 2.761301931683333422e+01 8.716017365910701769e-19
5.498700000000000000e+04 3.373111032307512858e+01 5.110466860620625162e+00 3.698113532148148863e+01 8.716014404989387201e-19 3.698113532148148863e+01 8.716014404989387201e-19
5.498800000000000000e+04 4.597596456625271344e+01 5.110466860620625162e+00 4.209516568424355398e+01 8.716012528962566048e-19 4.209516568424355398e+01 8.716012528962566048e-19
5.498900000000000000e+04 4.926123726418696691e+01 5.110466860620625162e+00 4.711547825657126509e+01 8.716010327425725717e-19 4.711547825657126509e+01 8.716010327425725717e-19
5.499300000000000000e+04 6.706786878565304733e+01 5.110466860620625162e+00 6.549985504210982867e+01 7.505983906838168407e-01 6.549985504210982867e+01 7.505983906838168407e-01
5.499500000000000000e+04 6.809254983127922856e+01 5.110466860620625162e+00 6.925870503056015082e+01 2.680580088357593205e+00 6.925870503056015082e+01 2.680580088357593205e+00
5.499700000000000000e+04 8.369075618019112994e+01 5.110466860620625162e+00 7.176510567818075970e+01 5.789889591216336839e+00 6.841287481237441170e+01 5.789889591216336839e+00
5.499900000000000000e+04 8.253273760123008174e+01 5.110466860620625162e+00 7.142249463956524380e+01 1.009469526581835552e+01 6.504780932565140006e+01 1.009469526581835552e+01
5.500000000000000000e+04 9.204256481905387943e+01 5.110466860620625162e+00 7.095095977602146320e+01 1.269273137910385429e+01 6.320798198309262261e+01 1.269273137910385429e+01
5.500200000000000000e+04 8.569255312784243017e+01 5.110466860620625162e+00 6.928396833587967762e+01 1.874044088442200007e+01 5.914124484496770862e+01 1.874044088442200007e+01
5.500300000000000000e+04 8.217508143516378993e+01 5.110466860620625162e+00 6.731656140119328313e+01 2.209041545346666879e+01 5.628475033544589223e+01 2.209041545346666879e+01
5.500500000000000000e+04 9.424860270221013536e+01 5.110466860620625162e+00 6.225783678292928158e+01 2.958490825718519801e+01 5.000629460476246635e+01 2.958490825718519801e+01
5.500700000000000000e+04 9.919879954040852965e+01 5.110466860620625162e+00 5.765215078840333973e+01 3.769238260525701634e+01 4.455343955827151348e+01 3.769238260525701634e+01
5.500900000000000000e+04 9.697669127654879162e+01 5.110466860620625162e+00 5.288435054114439993e+01 4.535018634951246952e+01 3.937777404403901471e+01 4.535018634951246952e+01
5.501000000000000000e+04 9.963781128912008000e+01 5.110466860620625162e+00 5.041199543067708788e+01 4.911345556622313779e+01 3.686434766411487374e+01 4.911345556622313779e+01
5.501300000000000000e+04 1.012213221353409978e+02 5.110466860620625162e+00 4.320092052637526336e+01 5.900841668603724344e+01 2.997981993502793685e+01 5.540696402444812918e+01
5.501600000000000000e+04 9.847568709377036100e+01 5.110466860620625162e+00 3.451746936425518442e+01 6.744309105758897260e+01 2.279133005233092391e+01 5.352626274411823459e+01
5.501700000000000000e+04 9.777953675962318414e+01 5.110466860620625162e+00 3.189395841444863677e+01 6.895067788519048690e+01 2.072381963252022885e+01 5.203824746052112715e+01
5.501800000000000000e+04 9.991276684543267095e+01 5.110466860620625162e+00 2.947373151641916067e+01 7.028727596519900089e+01 1.885112345149930135e+01 5.056638558647409809e+01
5.501900000000000000e+04 9.296793066247740001e+01 5.110466860620625162e+00 2.713808506735833959e+01 7.144619128235896710e+01 1.708947422377729097e+01 4.910391153426733268e+01
5.502000000000000000e+04 9.394411176672360853e+01 5.110466860620625162e+00 2.490752910713340995e+01 7.191575373148074846e+01 1.544652967884242400e+01 4.731299587597417400e+01
5.502200000000000000e+04 8.288462402208173785e+01 5.110466860620625162e+00 2.088342067527503687e+01 7.001631302939037482e+01 1.256901635586821442e+01 4.243412910872144295e+01
5.502300000000000000e+04 8.557867394919941262e+01 5.110466860620625162e+00 1.907321393063201498e+01 6.860863619773412836e+01 1.131270102647213349e+01 4.000503568380997876e+01
5.502400000000000000e+04 8.327840833439758228e+01 5.110466860620625162e+00 1.741450141843017363e+01 6.724893423287302596e+01 1.018094207449878574e+01 3.778030013082754124e+01
5.502500000000000000e+04 7.928160656356577363e+01 5.110466860620625162e+00 1.591487414092745922e+01 6.576087678800875835e+01 9.172838121572022274e+00 3.564275164661721362e+01
5.502800000000000000e+04 6.643654373046345540e+01 5.110466860620625162e+00 1.214655690174787850e+01 6.016261538783548701e+01 6.716370971383953226e+00 2.949147813129190610e+01
5.502900000000000000e+04 6.713901926563042366e+01 5.110466860620625162e+00 1.112913896612947262e+01 5.802011808367923607e+01 6.071543353043900915e+00 2.756300146493076042e+01
5.503100000000000000e+04 6.359752095230351898e+01 5.110466860620625162e+00 9.422109131754869082e+00 5.360391804382997094e+01 5.006434182654020404e+00 2.398385594802235588e+01
5.503300000000000000e+04 4.884282178878851255e+01 5.110466860620625162e+00 8.095234497729183687e+00 4.751152833819549670e+01 4.192249869357422831e+00 2.008944115779936368e+01
5.503400000000000000e+04 5.943574260627142536e+01 5.110466860620625162e+00 7.577108338461084003e+00 4.430634562173132451e+01 3.874767751706000407e+00 1.823306404186474339e+01
5.503500000000000000e+04 4.834967431138674243e+01 5.110466860620625162e+00 7.123516693438791236e+00 4.136474398651039053e+01 3.597735703756966164e+00 1.657905570601618450e+01
5.503700000000000000e+04 4.508855552196563110e+01 5.110466860620625162e+00 6.381904420699745728e+00 3.588789586993231495e+01 3.145344712025503142e+00 1.367157937902183562e+01
5.503800000000000000e+04 4.548801002886981593e+01 5.110466860620625162e+00 6.084712494702118057e+00 3.324093186886889839e+01 2.963093496324381348e+00 1.235722374307394134e+01
5.503900000000000000e+04 4.271463033569338563e+01 5.110466860620625162e+00 5.822882291120834886e+00 3.073317741182743035e+01 2.802157021713587159e+00 1.115541829830396736e+01
5.504000000000000000e+04 3.525356232399832379e+01 5.110466860620625162e+00 5.578950628023791047e+00 2.835570089883870182e+01 2.653484246384680389e+00 1.005521308469457331e+01
5.504100000000000000e+04 3.058554381739626749e+01 5.110466860620625162e+00 5.346220936235684285e+00 2.610971396909768316e+01 2.513503025968822246e+00 9.050160821177707149e+00
5.504300000000000000e+04 3.084824552824689903e+01 5.110466860620625162e+00 4.910697199101699439e+00 2.212488554923172401e+01 2.256754227528354306e+00 7.338270497257618707e+00
5.504400000000000000e+04 2.558168715916114877e+01 5.110466860620625162e+00 4.687001781188691041e+00 2.034780966409739023e+01 2.129971270706062736e+00 6.606431709122529305e+00
5.504500000000000000e+04 2.015412546676058980e+01 5.110466860620625162e+00 4.456672307141145595e+00 1.871661976044523357e+01 2.002998789726357476e+00 5.951230448472252910e+00
5.504600000000000000e+04 1.730564208727264486e+01 5.110466860620625162e+00 4.234612440624089480e+00 1.724764065451399375e+01 1.882468299899572761e+00 5.373096777107163824e+00
5.504700000000000000e+04 1.560204003924110339e+01 5.110466860620625162e+00 4.020533760989545513e+00 1.590744358497502375e+01 1.768044749775525615e+00 4.857234682435121798e+00
5.504900000000000000e+04 6.918722326931506572e+00 5.110466860620625162e+00 3.603093411622470654e+00 1.363752671354955837e+01 1.551051834533994978e+00 4.005147346123217211e+00
5.505000000000000000e+04 1.092509095464176561e+01 5.110466860620625162e+00 3.377290248598893818e+00 1.267411490136110253e+01 1.438675292267899364e+00 3.652482680507522339e+00
5.505100000000000000e+04 1.599591953334405936e+01 5.110466860620625162e+00 3.143151889329351079e+00 1.185568263054279470e+01 1.325106192803267691e+00 3.353799895485938709e+00
5.505300000000000000e+04 7.201669016667127110e+00 5.110466860620625162e+00 2.684332998831081341e+00 1.054856108341542509e+01 1.108770342350714921e+00 2.878188563005573020e+00
5.505400000000000000e+04 7.091540267666682773e+00 5.110466860620625162e+00 2.459949222217183706e+00 1.001300597202374831e+01 1.005908494057323077e+00 2.684452003223524841e+00
5.505500000000000000e+04 2.016101497009384502e+01 5.110466860620625162e+00 2.247207057307054168e+00 9.549266545709429010e+00 9.098004280595362037e-01 2.516275769620402780e+00
5.505700000000000000e+04 1.034060765961102568e+01 5.110466860620625162e+00 1.856223083198542900e+00 8.798773048180665413e+00 7.368888778080757707e-01 2.241725617370870172e+00
5.505800000000000000e+04 1.014269969649294012e+01 5.110466860620625162e+00 1.672121273515060569e+00 8.469921714459902162e+00 6.574095826676078502e-01 2.122787397107745111e+00
5.505900000000000000e+04 5.843492504379952379e-01 5.110466860620625162e+00 1.497156991031058260e+00 8.153803816242859881e+00 5.830050588127172473e-01 2.010802420775057886e+00
5.506100000000000000e+04 1.297073974747193859e+01 5.110466860620625162e+00 1.178965720066943224e+00 7.555613153764932477e+00 4.505027589097987395e-01 1.805403382022683800e+00
5.506300000000000000e+04 7.022024444315462688e+00 5.110466860620625162e+00 9.105677653390663595e-01 6.914351822135386350e+00 3.415482990769190819e-01 1.602399031781086114e+00
5.506400000000000000e+04 1.155044897784037161e+01 5.110466860620625162e+00 7.978165295617034580e-01 6.596168922848102412e+00 2.965309531914898100e-01 1.505974639919658298e+00
5.506700000000000000e+04 1.248622043189136122e+01 5.110466860620625162e+00 5.251403039696396213e-01 5.676849714394423430e+00 1.899928740845295005e-01 1.240841467627196382e+00
5.506800000000000000e+04 -2.715019871169642940e+00 5.110466860620625162e+00 4.545282566447201300e-01 5.340362684898443568e+00 1.630009885761951050e-01 1.150940233814319757e+00
5.506900000000000000e+04 7.617967506611018180e+00 5.110466860620625162e+00 3.924655898732211656e-01 4.987699709711500340e+00 1.395185175518027509e-01 1.060084954242614286e+00
5.507000000000000000e+04 -5.114855044663157990e+00 5.110466860620625162e+00 3.381036565999922527e-01 4.635106115892068779e+00 1.191554736916271978e-01 9.717203597258007308e-01
5.507200000000000000e+04 8.140017665494866606e+00 5.110466860620625162e+00 2.499620390357272792e-01 3.943161296704707830e+00 8.659693020465177027e-02 8.047267952458585505e-01
5.507400000000000000e+04 9.519608326434866541e+00 5.110466860620625162e+00 1.837610420169708825e-01 3.304719175633635153e+00 6.259957145868536021e-02 6.570018241816371063e-01
5.507600000000000000e+04 2.461011798048886590e-01 5.110466860620625162e+00 1.330686790319645929e-01 2.713786757251885895e+00 4.458659039435906163e-02 5.259276661340864800e-01
5.507800000000000000e+04 7.773858981573313898e+00 5.110466860620625162e+00 9.603332571554029640e-02 2.173944179398068055e+00 3.165759871947924908e-02 4.109535310771395000e-01
5.508000000000000000e+04 3.696071383351996253e+00 5.110466860620625162e+00 6.913823149305380056e-02 1.704312337004043387e+00 2.242927217941729015e-02 3.144487706649526926e-01
5.508200000000000000e+04 6.298439276108314111e+00 5.110466860620625162e+00 4.963893602431706381e-02 1.316597432170214965e+00 1.585148843184322476e-02 2.372247625531919146e-01
5.508300000000000000e+04 -9.864786137119551768e+00 5.110466860620625162e+00 4.205134206646887057e-02 1.152548590498740699e+00 1.332425287277213925e-02 2.052624382010224402e-01
5.508400000000000000e+04 -4.697236551986620157e+00 5.110466860620625162e+00 3.558252673146922868e-02 1.004585485401103151e+00 1.118771474028273233e-02 1.768636417959688623e-01
5.508600000000000000e+04 1.389429268069611645e+01 5.110466860620625162e+00 2.554613831738873631e-02 7.576285949021549504e-01 7.910245647124551638e-03 1.304007908609561006e-01
5.508900000000000000e+04 6.825611952570204366e+00 5.110466860620625162e+00 1.571682663780981162e-02 4.884663153655913193e-01 4.758348966942117439e-03 8.134326650551063076e-02
5.509000000000000000e+04 -6.305373329795237680e+00 5.110466860620625162e+00 1.336257084452316564e-02 4.205146930737890809e-01 4.015798901434460173e-03 6.927754416372142177e-02
5.509200000000000000e+04 -3.442342520002912742e+00 5.110466860620625162e+00 9.657939655523707298e-03 3.104938744350794755e-01 2.860340487345981557e-03 5.007965716694829511e-02
5.509300000000000000e+04 6.856985016673930566e+00 5.110466860620625162e+00 8.211440210587318822e-03 2.651075702796762412e-01 2.414419350363810127e-03 4.231565367592597660e-02
5.509500000000000000e+04 -2.160664285885482094e+00 5.110466860620625162e+00 5.932552424263750658e-03 1.923675558498820215e-01 1.719580412830072277e-03 3.008093132914495954e-02
5.509600000000000000e+04 4.634185288932609836e+00 5.110466860620625162e+00 5.044443409779767427e-03 1.636064701822687872e-01 1.451847290194205504e-03 2.532607897558340412e-02
5.509700000000000000e+04 3.755747838381253256e+00 5.110466860620625162e+00 4.288495379236050356e-03 1.391140811611557282e-01 1.225634575374692737e-03 2.132016569519628105e-02
5.509800000000000000e+04 2.003312718597726416e+00 5.110466860620625162e+00 3.643846503906572783e-03 1.182471229298879822e-01 1.034155386379047173e-03 1.794341774353383490e-02
5.510000000000000000e+04 -2.322784270679424612e+00 5.110466860620625162e+00 2.634269494184159587e-03 8.521760180958919129e-02 7.373742460977353481e-04 1.268119074547458328e-02
5.510100000000000000e+04 8.859165138152647501e+00 5.110466860620625162e+00 2.238869322543809038e-03 7.232404459340717462e-02 6.224268341795411233e-04 1.065940229821771279e-02
5.510200000000000000e+04 1.090948621330901425e+00 5.110466860620625162e+00 1.904200383571595266e-03 6.130867677674938648e-02 5.258043306838589264e-04 8.950171792226187251e-03
5.510600000000000000e+04 -1.512091353365071500e-01 5.110466860620625162e+00 9.925097151839807567e-04 3.207745853721487295e-02 2.668395524086519138e-04 4.511597543912077707e-03
5.510900000000000000e+04 4.142153724123429193e+00 5.110466860620625162e+00 6.083541939038225469e-04 1.981340449968200385e-02 1.603886617199637324e-04 2.712307255261054220e-03
5.511100000000000000e+04 -7.702684952948663621e+00 5.110466860620625162e+00 4.392159339081165462e-04 1.436096629596394537e-02 1.143196079927424701e-04 1.931535480291048318e-03
5.511200000000000000e+04 -6.481677401234365199e+00 5.110466860620625162e+00 3.729466364016164942e-04 1.223002091960876531e-02 9.645587389153405797e-05 1.630669455947835432e-03
5.511400000000000000e+04 9.560118396001239915e+00 5.110466860620625162e+00 2.692619045078518871e-04 8.862075859345430393e-03 6.876820444588222371e-05 1.161477832155364534e-03
5.511500000000000000e+04 -1.452816215866574012e+01 5.110466860620625162e+00 2.286800287131696586e-04 7.545006446006610051e-03 5.804061642466235168e-05 9.805076602997543633e-04
5.511700000000000000e+04 -2.262839135119921075e+00 5.110466860620625162e+00 1.651339522438774791e-04 5.467542470663059456e-03 4.139733072045060849e-05 6.987274722892087252e-04
5.511800000000000000e+04 4.779958131798919263e-01 5.110466860620625162e+00 1.402482262782155011e-04 4.654306241368906180e-03 3.494412016400036890e-05 5.898993968781883653e-04
5.511900000000000000e+04 1.361848613218319404e+00 5.110466860620625162e+00 1.192383718074667176e-04 3.961124372718599802e-03 2.952906681710418518e-05 4.979414673436328770e-04
5.512000000000000000e+04 1.070505675351971497e+00 5.110466860620625162e+00 1.022251916704185686e-04 3.373560585667639226e-03 2.516312410348764490e-05 4.206434645470872170e-04
