5.497600000000000000e+04 -7.756650457321780934e+00 1.033822500765932517e+01 1.164140563987932975e+00 1.400047905447296692e-18 1.164140563987932975e+00 1.400047905447296692e-18
5.497900000000000000e+04 4.055656464763718105e+00 1.033822500765932517e+01 4.289077145657377521e+00 1.400047905330183781e-18 4.289077145657377521e+00 1.400047905330183781e-18
5.498300000000000000e+04 1.323300402900860639e+01 1.033822500765932517e+01 1.143383206421574805e+01 1.400047905054776955e-18 1.143383206421574805e+01 1.400047905054776955e-18
5.499200000000000000e+04 4.406781307893992761e+01 1.033822500765932517e+01 3.733751665722944324e+01 1.400047903178349573e-18 3.733751665722944324e+01 1.400047903178349573e-18
5.499500000000000000e+04 3.899617331316657953e+01 1.033822500765932517e+01 4.526446668391263017e+01 8.895087593276518713e-04 4.526446668391263017e+01 8.895087593276518713e-04
5.499600000000000000e+04 2.482454832516055632e+01 1.033822500765932517e+01 4.750204251648135312e+01 2.209803768185407968e-01 4.750204251648135312e+01 2.209803768185407968e-01
5.499800000000000000e+04 5.430153751355830138e+01 1.033822500765932517e+01 5.419575919406428000e+01 1.455175704984916107e+00 5.091672227927872996e+01 1.455175704984916107e+00
5.500200000000000000e+04 7.672784945283498814e+01 1.033822500765932517e+01 7.114707346060455961e+01 7.130369544559223449e+00 5.381775602163734362e+01 7.130369544559223449e+00
5.500700000000000000e+04 1.079928134684677445e+02 1.033822500765932517e+01 8.566262885698918694e+01 2.043128833678469647e+01 5.210622193247517231e+01 2.043128833678469647e+01
5.501100000000000000e+04 1.178171461182879511e+02 1.033822500765932517e+01 9.106886556582149694e+01 3.526893370285700513e+01 4.789065290588005297e+01 3.526893370285700513e+01
5.501600000000000000e+04 1.372914526193647191e+02 1.033822500765932517e+01 8.964691783611505116e+01 5.344356235841644320e+01 4.031611703369087962e+01 5.344356235841644320e+01
5.502200000000000000e+04 1.814516616607410811e+02 1.033822500765932517e+01 8.273025821962943382e+01 9.362890439964310474e+01 3.169741694238675578e+01 6.624374161570899844e+01
5.502800000000000000e+04 2.019319566162741353e+02 1.033822500765932517e+01 7.888523195545340627e+01 1.204901637143812962e+02 2.632666932167046880e+01 6.595695408056781162e+01
5.503000000000000000e+04 2.048537413994748704e+02 1.033822500765932517e+01 7.821516257818322515e+01 1.258719915804856413e+02 2.502725028100064719e+01 6.407003541712595052e+01
5.503300000000000000e+04 2.048419048910713229e+02 1.033822500765932517e+01 7.678328183501483295e+01 1.299812183181716705e+02 2.313864568316503068e+01 5.986331613235006444e+01
5.503800000000000000e+04 2.163514914451154709e+02 1.033822500765932517e+01 7.110094439292535640e+01 1.267841090416993950e+02 1.953108020902245556e+01 5.039514629211360131e+01
5.504200000000000000e+04 2.174407129351501453e+02 1.033822500765932517e+01 6.458526564807974069e+01 1.193676222167346168e+02 1.656882135661357935e+01 4.276263603092878185e+01
5.504400000000000000e+04 1.676716971203308333e+02 1.033822500765932517e+01 6.108877170830308501e+01 1.160600921345490946e+02 1.517055024046465839e+01 3.962177117798344028e+01
5.504600000000000000e+04 1.590825350964408926e+02 1.033822500765932517e+01 5.778379098386803037e+01 1.134165250412914503e+02 1.390504162668881349e+01 3.697962994499231826e+01
5.505000000000000000e+04 1.635391609520930558e+02 1.033822500765932517e+01 5.244761465031577785e+01 1.099994060932696556e+02 1.188425964160150627e+01 3.290833665208808867e+01
5.505600000000000000e+04 1.590181040239591539e+02 1.033822500765932517e+01 4.775998049847120797e+01 1.053510408343369278e+02 9.950825172612551839e+00 2.804873291649012756e+01
5.505900000000000000e+04 1.452835187943674953e+02 1.033822500765932517e+01 4.591205396988942056e+01 1.004524772739004845e+02 9.195652533626304859e+00 2.534950343803479100e+01
5.506300000000000000e+04 1.415813991787195505e+02 1.033822500765932517e+01 4.393265701272069634e+01 9.166071133569475649e+01 8.367487622413662507e+00 2.162676340412305720e+01
5.506500000000000000e+04 1.161515036133222907e+02 1.033822500765932517e+01 4.308827843051349760e+01 8.672267661619149237e+01 8.010164788539839265e+00 1.981734343735094583e+01
5.506700000000000000e+04 1.397330122655168338e+02 1.033822500765932517e+01 4.224721879126968105e+01 8.193285152293529450e+01 7.670155917078735897e+00 1.815123319589164907e+01
5.507000000000000000e+04 1.133848812387923175e+02 1.033822500765932517e+01 4.105123762844338131e+01 7.556413293301021383e+01 7.200455628366551508e+00 1.600731536944672584e+01
5.507400000000000000e+04 1.057383074037544048e+02 1.033822500765932517e+01 3.935017698451327561e+01 6.961573337807702444e+01 6.603708294373577203e+00 1.393373631521496847e+01
5.507900000000000000e+04 1.086309170389086063e+02 1.033822500765932517e+01 3.668274394055436716e+01 6.465747553755578281e+01 5.840457257125583723e+00 1.210655448490942732e+01
5.508300000000000000e+04 8.946223695562574107e+01 1.033822500765932517e+01 3.370642799922026711e+01 6.155073651025008274e+01 5.155149271873892936e+00 1.095930354686360708e+01
5.509100000000000000e+04 8.779891198314973622e+01 1.033822500765932517e+01 2.438505698609018779e+01 5.669124659661970611e+01 3.457107999615824934e+00 9.191932970672024084e+00
