5.497600000000000000e+04 -4.704047658239295160e+00 6.800590898695284103e+00 1.164140563987932975e+00 8.960306587780850352e-19 1.164140563987932975e+00 8.960306587780850352e-19
5.497900000000000000e+04 4.135530617420990929e+00 6.800590898695284103e+00 4.289077145657377521e+00 8.960306582668382648e-19 4.289077145657377521e+00 8.960306582668382648e-19
5.498300000000000000e+04 1.261791520059330551e+01 6.800590898695284103e+00 1.143383206421574805e+01 5.692856059696972670e-04 1.143383206421574805e+01 5.692856059696972670e-04
5.499200000000000000e+04 4.920773185605531097e+01 6.800590898695284103e+00 3.733751665722944324e+01 7.442956887355959950e+00 3.733751665722944324e+01 7.442956887355959950e+00
5.499500000000000000e+04 5.421655814573725252e+01 6.800590898695284103e+00 4.526446668391263017e+01 1.307602453554221000e+01 4.526446668391263017e+01 1.307602453554221000e+01
5.499600000000000000e+04 4.772680238322827506e+01 6.800590898695284103e+00 4.750204251648135312e+01 1.528761230289747708e+01 4.750204251648135312e+01 1.528761230289747708e+01
5.499800000000000000e+04 7.316876585205520200e+01 6.800590898695284103e+00 5.397681728826338343e+01 2.007959606340551773e+01 5.091672227927872996e+01 2.007959606340551773e+01
5.500200000000000000e+04 9.884066643164710797e+01 6.800590898695284103e+00 6.998999170613936371e+01 2.987001332578356028e+01 5.381775602163734362e+01 2.987001332578356028e+01
5.500700000000000000e+04 1.259100631190379431e+02 6.800590898695284103e+00 8.342206131389274049e+01 4.123888827611267516e+01 5.210622193247517231e+01 3.949706759516585208e+01
5.501100000000000000e+04 1.298165061533445339e+02 6.800590898695284103e+00 8.818584826088752493e+01 4.723563130158233037e+01 4.789065290588005297e+01 4.282857131343035206e+01
5.501600000000000000e+04 1.321971579022062997e+02 6.800590898695284103e+00 8.635309107446248333e+01 4.965872689944320229e+01 4.031611703369087962e+01 4.221245061156341194e+01
5.502200000000000000e+04 1.296423796803047139e+02 6.800590898695284103e+00 7.932278589832286286e+01 4.696969545733062290e+01 3.169741694238675578e+01 3.714193852390528150e+01
5.502800000000000000e+04 1.173043384820423682e+02 6.800590898695284103e+00 7.537588693487474245e+01 4.024671942280053827e+01 2.632666932167046880e+01 2.975067964429372225e+01
5.503000000000000000e+04 1.129962346805741191e+02 6.800590898695284103e+00 7.466379576330923840e+01 3.782816993404785677e+01 2.502725028100064719e+01 2.736808705979442635e+01
5.503300000000000000e+04 1.068526326651251992e+02 6.800590898695284103e+00 7.320141948326089221e+01 3.491591614893348350e+01 2.313864568316503068e+01 2.448006460697853726e+01
5.503800000000000000e+04 1.113928190074229860e+02 6.800590898695284103e+00 6.765761495207469522e+01 3.158779091891310387e+01 1.953108020902245556e+01 2.106133545733638002e+01
5.504200000000000000e+04 1.130884728755129629e+02 6.800590898695284103e+00 6.137919871557500784e+01 2.968063788807303283e+01 1.656882135661357935e+01 1.904313992562109448e+01
5.504400000000000000e+04 8.029511385297264781e+01 6.800590898695284103e+00 5.802280350470517334e+01 2.850648823768725393e+01 1.517055024046465839e+01 1.795118906655368463e+01
5.504600000000000000e+04 7.408437106011218987e+01 6.800590898695284103e+00 5.485399871312469600e+01 2.720157346083178851e+01 1.390504162668881349e+01 1.681808671994051352e+01
5.505000000000000000e+04 7.465734840220903834e+01 6.800590898695284103e+00 4.973919187799478436e+01 2.419973544549197797e+01 1.188425964160150627e+01 1.443726013929840057e+01
5.505600000000000000e+04 6.874844034909635582e+01 6.800590898695284103e+00 4.523545615217939542e+01 1.962724435690379821e+01 9.950825172612551839e+00 1.112403330135105328e+01
5.505900000000000000e+04 6.056214284218172139e+01 6.800590898695284103e+00 4.346049300442464869e+01 1.781275096193185448e+01 9.195652533626304859e+00 9.849461411076502415e+00
5.506300000000000000e+04 6.165900357433809376e+01 6.800590898695284103e+00 4.155796402547969137e+01 1.616205118910584559e+01 8.367487622413662507e+00 8.655305087080730431e+00
5.506500000000000000e+04 4.728723907159879047e+01 6.800590898695284103e+00 4.074610624634445344e+01 1.552646067700945487e+01 8.010164788539839265e+00 8.186039266625957822e+00
5.506700000000000000e+04 6.509318541830069194e+01 6.800590898695284103e+00 3.993850186022897475e+01 1.492379813976579150e+01 7.670155917078735897e+00 7.748194870342034690e+00
5.507000000000000000e+04 5.081290519802419681e+01 6.800590898695284103e+00 3.879101460669912171e+01 1.414693974335515314e+01 7.200455628366551508e+00 7.180458706402981228e+00
5.507400000000000000e+04 4.832718389367693845e+01 6.800590898695284103e+00 3.716368916824617941e+01 1.328664519760556395e+01 6.603708294373577203e+00 6.548371216168340503e+00
5.507900000000000000e+04 5.178795967018961477e+01 6.800590898695284103e+00 3.462339871169188399e+01 1.236866500533627722e+01 5.840457257125583723e+00 5.882837101230095733e+00
5.508300000000000000e+04 3.967109113121050967e+01 6.800590898695284103e+00 3.180005379848130431e+01 1.168300036817069021e+01 5.155149271873892936e+00 5.405543130602271873e+00
5.509100000000000000e+04 3.745499081494754279e+01 6.800590898695284103e+00 2.298769393264546679e+01 1.004509583041429188e+01 3.457107999615824934e+00 4.407870389404665801e+00
