5.497400000000000000e+04 3.045872654934416168e+00 5.956448362253651929e+00 2.872527343123094101e-01 8.716024236303062206e-19 2.872527343123094101e-01 8.716024236303062206e-19
5.497600000000000000e+04 -3.858462264237226158e+00 5.956448362253651929e+00 1.958814406946931541e+00 8.716023866393842389e-19 1.958814406946931541e+00 8.716023866393842389e-19
5.498000000000000000e+04 1.033799331119702813e+01 5.956448362253651929e+00 9.740658635389692677e+00 8.716022655456037539e-19 9.740658635389692677e+00 8.716022655456037539e-19
5.498100000000000000e+04 8.288441328928346508e+00 5.956448362253651929e+00 1.261836908227294352e+01 8.716022210972289233e-19 1.261836908227294352e+01 8.716022210972289233e-19
5.498500000000000000e+04 2.949946023658384675e+01 5.956448362253651929e+00 2.761301931683333422e+01 8.716019515982127606e-19 2.761301931683333422e+01 8.716019515982127606e-19
5.498700000000000000e+04 3.319310448065728281e+01 5.956448362253651929e+00 3.698113532148148863e+01 8.716017365910701769e-19 3.698113532148148863e+01 8.716017365910701769e-19
5.498800000000000000e+04 4.661838807770057969e+01 5.956448362253651929e+00 4.209516568424355398e+01 8.716016003634627670e-19 4.209516568424355398e+01 8.716016003634627670e-19
5.498900000000000000e+04 4.961644403431459693e+01 5.956448362253651929e+00 4.711547825657126509e+01 8.716014404989387201e-19 4.711547825657126509e+01 8.716014404989387201e-19
5.499300000000000000e+04 6.644016541408279863e+01 5.956448362253651929e+00 6.549985504210982867e+01 -1.241908946591701104e-02 6.549985504210982867e+01 -1.241908946591701104e-02
5.499500000000000000e+04 6.552578347502614520e+01 5.956448362253651929e+00 6.925870503056015082e+01 7.505983906838168407e-01 6.925870503056015082e+01 7.505983906838168407e-01
5.499700000000000000e+04 8.756275699992957584e+01 5.956448362253651929e+00 7.773070836181982202e+01 2.680580088357593205e+00 6.841287481237441170e+01 2.680580088357593205e+00
5.499900000000000000e+04 8.974038260873514616e+01 5.956448362253651929e+00 8.276683258595882364e+01 5.789889591216336839e+00 6.504780932565140006e+01 5.789889591216336839e+00
5.500000000000000000e+04 1.023120414496876265e+02 5.956448362253651929e+00 8.473029984833564754e+01 7.792526908311754319e+00 6.320798198309262261e+01 7.792526908311754319e+00
5.500200000000000000e+04 9.730873845637501063e+01 5.956448362253651929e+00 8.733387626256380543e+01 1.269273137910385429e+01 5.914124484496770862e+01 1.269273137910385429e+01
5.500300000000000000e+04 9.410043056174815490e+01 5.956448362253651929e+00 8.694868231819680204e+01 1.558080429699700353e+01 5.628475033544589223e+01 1.558080429699700353e+01
5.500500000000000000e+04 1.089551175837947881e+02 5.956448362253651929e+00 8.406058123060572029e+01 2.209041545346666879e+01 5.000629460476246635e+01 2.209041545346666879e+01
5.500700000000000000e+04 1.150397160785836945e+02 5.956448362253651929e+00 8.096251036529099565e+01 2.958490825718519801e+01 4.455343955827151348e+01 2.958490825718519801e+01
5.500900000000000000e+04 1.131468583213841157e+02 5.956448362253651929e+00 7.692054381762579851e+01 3.769238260525701634e+01 3.937777404403901471e+01 3.769238260525701634e+01
5.501000000000000000e+04 1.161860785323648173e+02 5.956448362253651929e+00 7.452127880300821516e+01 4.153383942830611630e+01 3.686434766411487374e+01 4.153383942830611630e+01
5.501300000000000000e+04 1.179773971540794975e+02 5.956448362253651929e+00 6.672908321138518772e+01 5.239988403368787573e+01 2.997981993502793685e+01 5.239988403368787573e+01
5.501600000000000000e+04 1.099061661187772643e+02 5.956448362253651929e+00 5.538521116016937640e+01 5.858271068343530175e+01 2.279133005233092391e+01 5.535025574776578594e+01
5.501700000000000000e+04 1.077244273131298371e+02 5.956448362253651929e+00 5.177224620596203408e+01 5.952467411675073805e+01 2.072381963252022885e+01 5.473029984989954499e+01
5.501800000000000000e+04 1.083326498012165757e+02 5.956448362253651929e+00 4.837763811358266253e+01 5.977813023263124848e+01 1.885112345149930135e+01 5.352626274411823459e+01
5.501900000000000000e+04 9.811027262805136218e+01 5.956448362253651929e+00 4.502051089511889614e+01 5.963583158975720266e+01 1.708947422377729097e+01 5.203824746052112715e+01
5.502000000000000000e+04 9.781407666690371627e+01 5.956448362253651929e+00 4.174424645707163961e+01 5.942561634122436232e+01 1.544652967884242400e+01 5.056638558647409809e+01
5.502200000000000000e+04 8.470305563061006637e+01 5.956448362253651929e+00 3.567966672940310247e+01 5.836531171260175199e+01 1.256901635586821442e+01 4.731299587597417400e+01
5.502300000000000000e+04 8.729353169157431580e+01 5.956448362253651929e+00 3.288375934374918330e+01 5.686110617888086693e+01 1.131270102647213349e+01 4.502780026835672089e+01
5.502400000000000000e+04 8.349787605149093395e+01 5.956448362253651929e+00 3.028728457742643698e+01 5.482489480846809471e+01 1.018094207449878574e+01 4.243412910872144295e+01
5.502500000000000000e+04 7.797713095365776326e+01 5.956448362253651929e+00 2.791294640394366411e+01 5.285465314544974547e+01 9.172838121572022274e+00 4.000503568380997876e+01
5.502800000000000000e+04 6.223748423615383274e+01 5.956448362253651929e+00 2.181007145537510894e+01 4.727219031620055745e+01 6.716370971383953226e+00 3.355493350099414585e+01
5.502900000000000000e+04 6.308677558453542389e+01 5.956448362253651929e+00 2.012959483268174665e+01 4.530019126026248699e+01 6.071543353043900915e+00 3.150221923523121603e+01
5.503100000000000000e+04 5.919158189394148195e+01 5.956448362253651929e+00 1.728020822484862151e+01 4.124527539212238736e+01 5.006434182654020404e+00 2.756300146493076042e+01
5.503300000000000000e+04 4.444741632043262314e+01 5.956448362253651929e+00 1.504095408128055844e+01 3.729009922798515930e+01 4.192249869357422831e+00 2.398385594802235588e+01
5.503400000000000000e+04 5.792702765467221582e+01 5.956448362253651929e+00 1.416576342346196782e+01 3.495877738136085355e+01 3.874767751706000407e+00 2.206993521550558768e+01
5.503500000000000000e+04 4.564472642107768507e+01 5.956448362253651929e+00 1.339796776079093910e+01 3.240828647576193333e+01 3.597735703756966164e+00 2.008944115779936368e+01
5.503700000000000000e+04 4.314057828939412076e+01 5.956448362253651929e+00 1.214165965736084907e+01 2.771354951817665579e+01 3.145344712025503142e+00 1.657905570601618450e+01
5.503800000000000000e+04 4.447199022299712823e+01 5.956448362253651929e+00 1.163992018161106579e+01 2.564959261304801785e+01 2.963093496324381348e+00 1.508089876119944250e+01
5.503900000000000000e+04 4.202842681722787432e+01 5.956448362253651929e+00 1.119854032157617851e+01 2.365183232570777250e+01 2.802157021713587159e+00 1.367157937902183562e+01
5.504000000000000000e+04 3.406115668124546403e+01 5.956448362253651929e+00 1.078508671943053621e+01 2.173882800881567334e+01 2.653484246384680389e+00 1.235722374307394134e+01
5.504100000000000000e+04 2.932317794382639420e+01 5.956448362253651929e+00 1.038730260511875514e+01 1.995035008468681426e+01 2.513503025968822246e+00 1.115541829830396736e+01
5.504300000000000000e+04 3.079127656114060585e+01 5.956448362253651929e+00 9.633632446473038513e+00 1.671383700455099230e+01 2.256754227528354306e+00 9.050160821177707149e+00
5.504400000000000000e+04 2.515443523430158024e+01 5.956448362253651929e+00 9.237472403925123032e+00 1.527955786540777794e+01 2.129971270706062736e+00 8.144753659599029305e+00
5.504500000000000000e+04 1.928512624190044633e+01 5.956448362253651929e+00 8.823209668744603107e+00 1.398087295137521657e+01 2.002998789726357476e+00 7.338270497257618707e+00
5.504600000000000000e+04 1.633194749175999760e+01 5.956448362253651929e+00 8.420468952280778296e+00 1.277948149812662137e+01 1.882468299899572761e+00 6.606431709122529305e+00
5.504700000000000000e+04 1.467283234471268472e+01 5.956448362253651929e+00 8.029044817680617285e+00 1.168583610862011390e+01 1.768044749775525615e+00 5.951230448472252910e+00
5.504900000000000000e+04 5.045644086306765530e+00 5.956448362253651929e+00 7.254889850849307820e+00 9.821328527883816051e+00 1.551051834533994978e+00 4.857234682435121798e+00
5.505000000000000000e+04 9.885543363315399290e+00 5.956448362253651929e+00 6.827233599457316338e+00 9.033228812524555451e+00 1.438675292267899364e+00 4.403875201113765847e+00
5.505100000000000000e+04 1.587298116402051207e+01 5.956448362253651929e+00 6.378531169677808421e+00 8.332308538874741544e+00 1.325106192803267691e+00 4.005147346123217211e+00
5.505300000000000000e+04 5.631670710303441574e+00 5.956448362253651929e+00 5.488191440567568691e+00 7.173107216465323788e+00 1.108770342350714921e+00 3.353799895485938709e+00
5.505400000000000000e+04 5.495696524609654077e+00 5.956448362253651929e+00 5.047548232330241191e+00 6.720397188558887791e+00 1.005908494057323077e+00 3.099814201364801125e+00
5.505500000000000000e+04 2.070039995033097568e+01 5.956448362253651929e+00 4.627244977110800406e+00 6.323955910635843836e+00 9.098004280595362037e-01 2.878188563005573020e+00
5.505700000000000000e+04 9.157460703078680098e+00 5.956448362253651929e+00 3.848181097689333363e+00 5.675711625955781159e+00 7.368888778080757707e-01 2.516275769620402780e+00
5.505800000000000000e+04 8.894720150888085541e+00 5.956448362253651929e+00 3.477893915186445639e+00 5.416060816321557780e+00 6.574095826676078502e-01 2.370474797059505256e+00
5.505900000000000000e+04 -2.256161853854798949e+00 5.956448362253651929e+00 3.123974307142064255e+00 5.187353078596194322e+00 5.830050588127172473e-01 2.241725617370870172e+00
5.506100000000000000e+04 1.218317077096594403e+01 5.956448362253651929e+00 2.475332459105779925e+00 4.770427663046747035e+00 4.505027589097987395e-01 2.010802420775057886e+00
5.506300000000000000e+04 5.375959112513582383e+00 5.956448362253651929e+00 1.923190162442315554e+00 4.388574541020739517e+00 3.415482990769190819e-01 1.805403382022683800e+00
5.506400000000000000e+04 1.072620399229412769e+01 5.956448362253651929e+00 1.689900249142981536e+00 4.191783460749531898e+00 2.965309531914898100e-01 1.703977016564850455e+00
5.506700000000000000e+04 1.204949812132473497e+01 5.956448362253651929e+00 1.121565934295794875e+00 3.603416643622503912e+00 1.899928740845295005e-01 1.414435799820420669e+00
5.506800000000000000e+04 -5.525491762657949835e+00 5.956448362253651929e+00 9.733278030850337492e-01 3.419813253089558192e+00 1.630009885761951050e-01 1.327155096666236656e+00
5.506900000000000000e+04 6.684486714583082190e+00 5.956448362253651929e+00 8.426081349023575306e-01 3.233632864636473148e+00 1.395185175518027509e-01 1.240841467627196382e+00
5.507000000000000000e+04 -7.997333077060809536e+00 5.956448362253651929e+00 7.277420555716130890e-01 3.032957704147495548e+00 1.191554736916271978e-01 1.150940233814319757e+00
5.507200000000000000e+04 7.758370428671511831e+00 5.956448362253651929e+00 5.406852531187841260e-01 2.617425960957417086e+00 8.659693020465177027e-02 9.717203597258007308e-01
5.507400000000000000e+04 9.643502086270659746e+00 5.956448362253651929e+00 3.993790059492666744e-01 2.214608140516602930e+00 6.259957145868536021e-02 8.047267952458585505e-01
5.507600000000000000e+04 -8.943118703484560506e-01 5.956448362253651929e+00 2.905306816686830107e-01 1.846437926680073005e+00 4.458659039435906163e-02 6.570018241816371063e-01
5.507800000000000000e+04 8.134365567207904490e+00 5.956448362253651929e+00 2.105958439615917832e-01 1.508781288605467230e+00 3.165759871947924908e-02 5.259276661340864800e-01
5.508000000000000000e+04 3.596093805194123583e+00 5.956448362253651929e+00 1.522611141899742615e-01 1.202943176169003037e+00 2.242927217941729015e-02 4.109535310771395000e-01
5.508200000000000000e+04 6.797259827232704055e+00 5.956448362253651929e+00 1.097668019439847764e-01 9.388182496972825586e-01 1.585148843184322476e-02 3.144487706649526926e-01
5.508300000000000000e+04 -1.197321193931148642e+01 5.956448362253651929e+00 9.317383548872100463e-02 8.237598496456766117e-01 1.332425287277213925e-02 2.732386392615352988e-01
5.508400000000000000e+04 -5.886061185196444612e+00 5.956448362253651929e+00 7.899533500966232635e-02 7.221121772119161175e-01 1.118771474028273233e-02 2.372247625531919146e-01
5.508600000000000000e+04 1.588715170790099585e+01 5.956448362253651929e+00 5.693082894692010759e-02 5.487017623078137563e-01 7.910245647124551638e-03 1.768636417959688623e-01
5.508900000000000000e+04 7.759141426205459879e+00 5.956448362253651929e+00 3.521844404392539263e-02 3.560512567922006211e-01 4.758348966942117439e-03 1.116148140414422174e-01
5.509000000000000000e+04 -7.517995052168503278e+00 5.956448362253651929e+00 2.999600989426469411e-02 3.068682407264690659e-01 4.015798901434460173e-03 9.532437895330177213e-02
5.509200000000000000e+04 -4.136514860255287473e+00 5.956448362253651929e+00 2.175489164460733121e-02 2.270640787510133374e-01 2.860340487345981557e-03 6.927754416372142177e-02
5.509300000000000000e+04 7.886922941816213672e+00 5.956448362253651929e+00 1.852777121082180289e-02 1.948757701889367588e-01 2.414419350363810127e-03 5.893182841083124957e-02
5.509500000000000000e+04 -2.593634406991824459e+00 5.956448362253651929e+00 1.342992302420286527e-02 1.424006377502261000e-01 1.719580412830072277e-03 4.231565367592597660e-02
5.509600000000000000e+04 5.337267983464577092e+00 5.956448362253651929e+00 1.143779813687896725e-02 1.210757779476899221e-01 1.451847290194205504e-03 3.566927231548724930e-02
5.509700000000000000e+04 4.323053447203547783e+00 5.956448362253651929e+00 9.739137462842384352e-03 1.029850764984606704e-01 1.225634575374692737e-03 3.008093132914495954e-02
5.509800000000000000e+04 2.288604314589214983e+00 5.956448362253651929e+00 8.288031513057595931e-03 8.744588548689437302e-02 1.034155386379047173e-03 2.532607897558340412e-02
5.510000000000000000e+04 -2.740677507150810932e+00 5.956448362253651929e+00 6.009968792819590441e-03 6.300292838109600169e-02 7.373742460977353481e-04 1.794341774353383490e-02
5.510100000000000000e+04 1.029730913607163600e+01 5.956448362253651929e+00 5.115477179387975179e-03 5.339729083400567011e-02 6.224268341795411233e-04 1.508227624957792119e-02
5.510200000000000000e+04 1.247490038276006130e+00 5.956448362253651929e+00 4.357182747077933613e-03 4.526677848504606638e-02 5.258043306838589264e-04 1.268119074547458328e-02
5.510600000000000000e+04 -1.891723094655206050e-01 5.956448362253651929e+00 2.283906413020891837e-03 2.332826364284796075e-02 2.668395524086519138e-04 6.328196517699642178e-03
5.510900000000000000e+04 4.819811252378415567e+00 5.956448362253651929e+00 1.405549998116730186e-03 1.436640720099164291e-02 1.603886617199637324e-04 3.806679173553694298e-03
5.511100000000000000e+04 -8.983617753121968974e+00 5.956448362253651929e+00 1.017398783292210694e-03 1.039464632506246350e-02 1.143196079927424701e-04 2.712307255261054220e-03
5.511200000000000000e+04 -7.559635575253127904e+00 5.956448362253651929e+00 8.649873402971099395e-04 8.836392660748194211e-03 9.645587389153405797e-05 2.288272389876785419e-03
5.511400000000000000e+04 1.113906605341986555e+01 5.956448362253651929e+00 6.260588564548670706e-04 6.392224267315514512e-03 6.876820444588222371e-05 1.630669455947835432e-03
5.511500000000000000e+04 -1.693623480208870546e+01 5.956448362253651929e+00 5.323485338470030411e-04 5.432773573078817156e-03 5.804061642466235168e-05 1.375664330264058039e-03
5.511700000000000000e+04 -2.639677517657475825e+00 5.956448362253651929e+00 3.853346338120983258e-04 3.929482499417295480e-03 4.139733072045060849e-05 9.805076602997543633e-04
5.511800000000000000e+04 5.552019045356154647e-01 5.956448362253651929e+00 3.276465538937166052e-04 3.339742770987949843e-03 3.494412016400036890e-05 8.273243091032378470e-04
5.511900000000000000e+04 1.585651739978789942e+00 5.956448362253651929e+00 2.788843186474587559e-04 2.841025902327922945e-03 2.952906681710418518e-05 6.987274722892087252e-04
5.512000000000000000e+04 1.246320055658446391e+00 5.956448362253651929e+00 2.393642180344262009e-04 2.415756010095557443e-03 2.516312410348764490e-05 5.898993968781883653e-04
