5.497500000000000000e+04 -4.507755438804751158e+00 1.341682150694980002e+01 9.676860811788584593e-01 2.279497885001649794e-18 9.676860811788584593e-01 2.279497885001649794e-18
5.497600000000000000e+04 -1.180870658983554300e+01 1.341682150694980002e+01 2.014654457448330049e+00 2.279497664544057483e-18 2.014654457448330049e+00 2.279497664544057483e-18
5.497900000000000000e+04 -6.660150533298064168e+00 1.341682150694980002e+01 7.421511495175619366e+00 2.279496745960992233e-18 7.421511495175619366e+00 2.279496745960992233e-18
5.498000000000000000e+04 1.726494657448003167e+01 1.341682150694980002e+01 1.010928248076253944e+01 2.279496327867838250e-18 1.010928248076253944e+01 2.279496327867838250e-18
5.498100000000000000e+04 4.007230771594043262e+01 1.341682150694980002e+01 1.326427468792255127e+01 2.279495837231172164e-18 1.326427468792255127e+01 2.279495837231172164e-18
5.498200000000000000e+04 1.326925746318480748e+01 1.341682150694980002e+01 1.681188057541250913e+01 2.279495261463979831e-18 1.681188057541250913e+01 2.279495261463979831e-18
5.498400000000000000e+04 2.705271583168394756e+01 1.341682150694980002e+01 2.504964300095078400e+01 3.875042658400934537e-01 2.504964300095078400e+01 3.875042658400934537e-01
5.498500000000000000e+04 3.708024643757480021e+01 1.341682150694980002e+01 2.982457128805857849e+01 1.209607601473573046e+00 2.982457128805857849e+01 1.209607601473573046e+00
5.498700000000000000e+04 3.865607803984981672e+01 1.341682150694980002e+01 4.097582893337165899e+01 4.302310410807026031e+00 4.097582893337165899e+01 4.302310410807026031e+00
5.499000000000000000e+04 5.874883978820929542e+01 1.341682150694980002e+01 6.053040193995693841e+01 1.263660310095317385e+01 6.053040193995693841e+01 1.263660310095317385e+01
5.499200000000000000e+04 1.125775362916745053e+02 1.341682150694980002e+01 7.440742163840896239e+01 2.101485071926563819e+01 7.440742163840896239e+01 2.101485071926563819e+01
5.499300000000000000e+04 1.166767354327076305e+02 1.341682150694980002e+01 8.115791156796579742e+01 2.589679503310846798e+01 8.115791156796579742e+01 2.589679503310846798e+01
5.499400000000000000e+04 1.205704309532733589e+02 1.341682150694980002e+01 8.659722275531558466e+01 3.131205375118847201e+01 8.659722275531558466e+01 3.131205375118847201e+01
5.499600000000000000e+04 1.284962995065608879e+02 1.341682150694980002e+01 9.298895886639343189e+01 4.387309556528447985e+01 9.298895886639343189e+01 4.387309556528447985e+01
5.499700000000000000e+04 1.394828311720584679e+02 1.341682150694980002e+01 9.957329221388769724e+01 5.121978616671457729e+01 9.534931745081652821e+01 5.121978616671457729e+01
5.499800000000000000e+04 1.655645747407330930e+02 1.341682150694980002e+01 1.058737472600971330e+02 5.921981088614808897e+01 9.725679520493949326e+01 5.921981088614808897e+01
5.500000000000000000e+04 1.893145757727126011e+02 1.341682150694980002e+01 1.170445697343839413e+02 7.566300242494617123e+01 9.942624000542298290e+01 7.566300242494617123e+01
5.500200000000000000e+04 2.241001724195675138e+02 1.341682150694980002e+01 1.257918607050696238e+02 9.300927704801119944e+01 9.937735874946248771e+01 9.300927704801119944e+01
5.500300000000000000e+04 2.323479008320171317e+02 1.341682150694980002e+01 1.287685393723814684e+02 1.014473894599572503e+02 9.828909195663038645e+01 1.014473894599572503e+02
5.500400000000000000e+04 2.411486519393960464e+02 1.341682150694980002e+01 1.307513231572883114e+02 1.082465284441444737e+02 9.653818898204983157e+01 1.082465284441444737e+02
5.500500000000000000e+04 2.523977567121571610e+02 1.341682150694980002e+01 1.320031441233819294e+02 1.154310463448937583e+02 9.437559456880096320e+01 1.129241306445840110e+02
5.500900000000000000e+04 2.632176022796747361e+02 1.341682150694980002e+01 1.300926427838944903e+02 1.369437056083090738e+02 8.255133116561614770e+01 1.232616612135995240e+02
5.501200000000000000e+04 2.661490220739872825e+02 1.341682150694980002e+01 1.220529580597872155e+02 1.462834720792087921e+02 7.142612246008147281e+01 1.242216984368281061e+02
5.501300000000000000e+04 2.436784343747510206e+02 1.341682150694980002e+01 1.186062851862885452e+02 1.474090656619564186e+02 6.765517379857884350e+01 1.228613649457879831e+02
5.501400000000000000e+04 2.698932616822551722e+02 1.341682150694980002e+01 1.143485841190398844e+02 1.474620836700811140e+02 6.361888512242121152e+01 1.206727362275622966e+02
5.501600000000000000e+04 2.521057784947626885e+02 1.341682150694980002e+01 1.045549332465542989e+02 1.455281709494616109e+02 5.543739832797152900e+01 1.149148538767069141e+02
5.501700000000000000e+04 2.420351254179793727e+02 1.341682150694980002e+01 1.005885400322690941e+02 1.436672211847644292e+02 5.211031447560955598e+01 1.114909368188455971e+02
5.501800000000000000e+04 2.215338095225407358e+02 1.341682150694980002e+01 9.719628663914353695e+01 1.410157783363650026e+02 4.922327896239417555e+01 1.075799346478219434e+02
5.501900000000000000e+04 2.202784764654679179e+02 1.341682150694980002e+01 9.400671192908716023e+01 1.375511555547079183e+02 4.656333247267679099e+01 1.031891639570201704e+02
5.502000000000000000e+04 2.277537380820469650e+02 1.341682150694980002e+01 9.058310338251546057e+01 1.335312107149456438e+02 4.390417961541074021e+01 9.853247543900947392e+01
5.502100000000000000e+04 2.326278782654312636e+02 1.341682150694980002e+01 8.677212816235392268e+01 1.293067088930802129e+02 4.117301454915962466e+01 9.387738412449559178e+01
5.502200000000000000e+04 2.194995590879035774e+02 1.341682150694980002e+01 8.282590222225537957e+01 1.249600012439125436e+02 3.849145005216814042e+01 8.928265307510184812e+01
5.502500000000000000e+04 1.761262824236436870e+02 1.341682150694980002e+01 7.167239459813467306e+01 1.087810833583540102e+02 3.137059333747742329e+01 7.419252718480018416e+01
5.502900000000000000e+04 1.437913095912211645e+02 1.341682150694980002e+01 5.825267283449485944e+01 9.050747749376552065e+01 2.366167303078713857e+01 5.820416559084598873e+01
5.503100000000000000e+04 1.509597826650302181e+02 1.341682150694980002e+01 5.225509598076965290e+01 8.231514933740739082e+01 2.048817721261307412e+01 5.146626818644953261e+01
5.503200000000000000e+04 1.111494684259312180e+02 1.341682150694980002e+01 4.948879614254007464e+01 7.802216925574479944e+01 1.907229695642826428e+01 4.811431256521017019e+01
5.503300000000000000e+04 1.252230617528191914e+02 1.341682150694980002e+01 4.728502144624961545e+01 7.386664539962438880e+01 1.791710107470335345e+01 4.493651624262341926e+01
5.503400000000000000e+04 1.069570803925614371e+02 1.341682150694980002e+01 4.539111616693100615e+01 6.993029841963614501e+01 1.691552365168480421e+01 4.197496903939745039e+01
5.503500000000000000e+04 9.518255207243436189e+01 1.341682150694980002e+01 4.355794654442525626e+01 6.619979459041174152e+01 1.596874529619285887e+01 3.921324167184678089e+01
5.503600000000000000e+04 1.147761801834430599e+02 1.341682150694980002e+01 4.192283756822956775e+01 6.260942946563968547e+01 1.512367877641758973e+01 3.660513883631880816e+01
5.503700000000000000e+04 7.886269061158711224e+01 1.341682150694980002e+01 4.040795243105201706e+01 5.914001621043468049e+01 1.434788638676704053e+01 3.413368129425988684e+01
5.503900000000000000e+04 1.133544487702207419e+02 1.341682150694980002e+01 3.724577432791889464e+01 5.255849121963593262e+01 1.282170619571031622e+01 2.957709128848392055e+01
5.504000000000000000e+04 6.150252050960398265e+01 1.341682150694980002e+01 3.571371735209773135e+01 4.952495889191418854e+01 1.210962883225882791e+01 2.752609987322931318e+01
5.504200000000000000e+04 8.186348369496921862e+01 1.341682150694980002e+01 3.285512008691823382e+01 4.395210833608894063e+01 1.081543224929825442e+01 2.384037119553533302e+01
5.504400000000000000e+04 7.538261796488562538e+01 1.341682150694980002e+01 3.014908505704098118e+01 3.992063581797614091e+01 9.643386980885679804e+00 2.114440456460600615e+01
5.504500000000000000e+04 4.547584899177889639e+01 1.341682150694980002e+01 2.879173659239000571e+01 3.812937158098450396e+01 9.080561577061848411e+00 1.996093162024107315e+01
5.504600000000000000e+04 6.521970931689743622e+01 1.341682150694980002e+01 2.739576804752148931e+01 3.653124608443668819e+01 8.521234229400151960e+00 1.890459847052198938e+01
5.504700000000000000e+04 8.795000439716031337e+01 1.341682150694980002e+01 2.594417887296250314e+01 3.505547341446857246e+01 7.960046289989414880e+00 1.793485798345880156e+01
5.504800000000000000e+04 6.774224518146995422e+01 1.341682150694980002e+01 2.447648629763399697e+01 3.357182397176424615e+01 7.409034476823465276e+00 1.698291378579737554e+01
5.505000000000000000e+04 3.883253152408698838e+01 1.341682150694980002e+01 2.133081440081033264e+01 3.059497724470192992e+01 6.288194800073795498e+00 1.513703604032353489e+01
5.505200000000000000e+04 5.233609855139609834e+01 1.341682150694980002e+01 1.798797526037448691e+01 2.792544606768809246e+01 5.167770414954748759e+00 1.351929031162281980e+01
5.505400000000000000e+04 4.831375124905269303e+01 1.341682150694980002e+01 1.483916528116483491e+01 2.543443316208598404e+01 4.157327640826142812e+00 1.205423372610709798e+01
5.505600000000000000e+04 6.240885247885887566e+01 1.341682150694980002e+01 1.212817355089982385e+01 2.294768377977460361e+01 3.315520380235053022e+00 1.065154278675018951e+01
5.505800000000000000e+04 1.986716884646691028e+01 1.341682150694980002e+01 9.852911546415430877e+00 2.036373125954929719e+01 2.629827455937498115e+00 9.261293096029330485e+00
5.506000000000000000e+04 3.797561987092615254e+01 1.341682150694980002e+01 7.900084621378622884e+00 1.763209821940692024e+01 2.059888564189253035e+00 7.860243500092245483e+00
5.506100000000000000e+04 2.162756410871716639e+01 1.341682150694980002e+01 7.045013445934697138e+00 1.618632408028585346e+01 1.815959130283463896e+00 7.145018133789109882e+00
5.506200000000000000e+04 1.395842055266692583e+01 1.341682150694980002e+01 6.265573849926113326e+00 1.477723950156310728e+01 1.596812745279095003e+00 6.459713018693435949e+00
5.506400000000000000e+04 2.792450631122814997e+01 1.341682150694980002e+01 4.902821951994766891e+00 1.211861007300820603e+01 1.221917543613490142e+00 5.196659551032679403e+00
5.506500000000000000e+04 2.275725337048587704e+00 1.341682150694980002e+01 4.312421979081927148e+00 1.091741818358186045e+01 1.063036946060080368e+00 4.637421707408826421e+00
5.506700000000000000e+04 2.782326903213373015e+01 1.341682150694980002e+01 3.312237696737015291e+00 8.868029334529056840e+00 7.990344961129509649e-01 3.697168904581446203e+00
5.506800000000000000e+04 3.196061569765849697e+01 1.341682150694980002e+01 2.890105010488086990e+00 7.957857881666869915e+00 6.898283870746817481e-01 3.287284319921872644e+00
5.506900000000000000e+04 -1.972328887582607493e+00 1.341682150694980002e+01 2.511074417332249897e+00 7.117067608843142601e+00 5.930877954916861095e-01 2.913249123554294773e+00
5.507100000000000000e+04 1.090718353759244685e+01 1.341682150694980002e+01 1.878336427004865472e+00 5.646270925833859700e+00 4.345486239456022304e-01 2.269948912854329759e+00
5.507300000000000000e+04 2.202529491687287333e+01 1.341682150694980002e+01 1.393691716197035246e+00 4.429696046591391045e+00 3.159510589642119949e-01 1.749623211387704602e+00
5.507400000000000000e+04 1.745215168176736853e+01 1.341682150694980002e+01 1.198146814917261604e+00 3.900971757986066990e+00 2.689201451984696289e-01 1.527396929516862567e+00
5.507500000000000000e+04 -3.117320839027485135e+00 1.341682150694980002e+01 1.026352765370425191e+00 3.423244725549973833e+00 2.280935985444418612e-01 1.328796182575100682e+00
5.507800000000000000e+04 1.125157131618198036e+01 1.341682150694980002e+01 6.397838988271632443e-01 2.278848076701211589e+00 1.381047141620609098e-01 8.622854838433522406e-01
5.508000000000000000e+04 -2.234891570987928944e+01 1.341682150694980002e+01 4.650268699535810568e-01 1.706736698536195140e+00 9.849760017656127020e-02 6.351357169307066952e-01
5.508100000000000000e+04 8.253064258196529224e+00 1.341682150694980002e+01 3.964294600953588432e-01 1.471707552147768050e+00 8.318738014801362046e-02 5.431857799320026770e-01
5.508200000000000000e+04 7.102169479731224477e+00 1.341682150694980002e+01 3.375181587193289423e-01 1.266167567825745133e+00 7.017301316464903682e-02 4.635259803140082679e-01
5.508400000000000000e+04 1.460217559405229792e+01 1.341682150694980002e+01 2.442559853490843813e-01 9.331529038386897623e-01 4.986444254227592049e-02 3.361501814980870639e-01
5.508500000000000000e+04 5.545805525495401511e+00 1.341682150694980002e+01 2.077299571913117926e-01 7.978143843088216780e-01 4.202762805578161287e-02 2.851169981805523612e-01
5.508800000000000000e+04 -2.018247834725915180e+00 1.341682150694980002e+01 1.288422889129562099e-01 4.945529814143399538e-01 2.538464199561750803e-02 1.726308927025761164e-01
5.508900000000000000e+04 1.929903554551859468e+00 1.341682150694980002e+01 1.098555498606739317e-01 4.210566428263383676e-01 2.145658115601357940e-02 1.458457370371799289e-01
5.509000000000000000e+04 -8.858922882857232395e+00 1.341682150694980002e+01 9.367010840259386295e-02 3.581865230420650525e-01 1.813835800367798873e-02 1.231220002207015773e-01
5.509100000000000000e+04 1.194475296982677825e+01 1.341682150694980002e+01 7.989197032554690159e-02 3.048193577073589067e-01 1.533876746194622574e-02 1.039842251850170152e-01
5.509300000000000000e+04 9.691162052301150354e+00 1.341682150694980002e+01 5.801716120982790270e-02 2.200379049968962386e-01 1.095262713745783802e-02 7.394243732673441705e-02
5.509500000000000000e+04 1.799780551323219413e+01 1.341682150694980002e+01 4.217005441280226308e-02 1.586648028175895175e-01 7.830004347216196550e-03 5.253453506972701609e-02
5.509600000000000000e+04 1.534542958752346697e+00 1.341682150694980002e+01 3.592937541582614386e-02 1.349536968969960171e-01 6.616827885050855125e-03 4.435764426012227257e-02
5.509700000000000000e+04 -8.786273479304057332e+00 1.341682150694980002e+01 3.061658335026025413e-02 1.149750859096312916e-01 5.592785077591702451e-03 3.751715914299787180e-02
5.509800000000000000e+04 3.910918778552792574e+00 1.341682150694980002e+01 2.610780578911267233e-02 9.794664114009016265e-02 4.730874821351913062e-03 3.173080249452188417e-02
5.509900000000000000e+04 -4.048410169648019696e+00 1.341682150694980002e+01 2.224300502927696252e-02 8.338563851755777245e-02 3.998454947828823484e-03 2.682072644501697772e-02
5.510100000000000000e+04 -7.791425716539928992e+00 1.341682150694980002e+01 1.614697725241379112e-02 6.046158664312652892e-02 2.857113554350843541e-03 1.917345932743277914e-02
5.510400000000000000e+04 9.120100742572940788e+00 1.341682150694980002e+01 9.989048407557760481e-03 3.725878584913484837e-02 1.726894476100850886e-03 1.157105150594250030e-02
5.510700000000000000e+04 -4.347050630656287495e+01 1.341682150694980002e+01 6.139380142045851481e-03 2.297655929501611280e-02 1.037530654529236849e-03 6.990981346989627414e-03
5.510800000000000000e+04 -1.767706606519895196e+00 1.341682150694980002e+01 5.221110977228741665e-03 1.956689826111151359e-02 8.757902202812570909e-04 5.913593526689891328e-03
5.510900000000000000e+04 -1.268184433167660430e+01 1.341682150694980002e+01 4.436968607752687054e-03 1.664856678902226078e-02 7.387683124515371895e-04 4.998068684786028705e-03
5.511000000000000000e+04 -9.787759184121770373e-01 1.341682150694980002e+01 3.769872628761057175e-03 1.416271203665710188e-02 6.230988444615148105e-04 4.223640712351514441e-03
5.511100000000000000e+04 3.228360165930028813e+01 1.341682150694980002e+01 3.204848453723308215e-03 1.205487636419479668e-02 5.258591276927242816e-04 3.571391942938554210e-03
5.511400000000000000e+04 -2.737967372627631946e+01 1.341682150694980002e+01 1.968181744549255853e-03 7.429963483423910643e-03 3.160519228810185948e-04 2.158618095126063445e-03
