5.497600000000000000e+04 -4.724714573879420954e+00 6.824541602572502086e+00 1.164140563987932975e+00 1.400047905276879818e-18 1.164140563987932975e+00 1.400047905276879818e-18
5.497900000000000000e+04 4.134989848613699337e+00 6.824541602572502086e+00 4.289077145657377521e+00 1.400047905054776955e-18 4.289077145657377521e+00 1.400047905054776955e-18
5.498300000000000000e+04 1.262151408069479785e+01 6.824541602572502086e+00 1.143383206421574805e+01 1.400047904532473228e-18 1.143383206421574805e+01 1.400047904532473228e-18
5.499200000000000000e+04 4.200134751307884073e+01 6.824541602572502086e+00 3.733751665722944324e+01 2.209803768185407968e-01 3.733751665722944324e+01 2.209803768185407968e-01
5.499500000000000000e+04 4.360605985940883045e+01 6.824541602572502086e+00 4.526446668391263017e+01 2.480050148876244531e+00 4.526446668391263017e+01 2.480050148876244531e+00
5.499600000000000000e+04 3.617752695074364055e+01 6.824541602572502086e+00 4.750204251648135312e+01 3.791386072109951044e+00 4.750204251648135312e+01 3.791386072109951044e+00
5.499800000000000000e+04 5.724796825739127826e+01 6.824541602572502086e+00 5.100837237938143431e+01 7.130369544559223449e+00 5.091672227927872996e+01 7.130369544559223449e+00
5.500200000000000000e+04 7.050543145730019035e+01 6.824541602572502086e+00 5.430211582583206820e+01 1.722624419581170585e+01 5.381775602163734362e+01 1.722624419581170585e+01
5.500700000000000000e+04 8.956658035749666169e+01 6.824541602572502086e+00 5.304413392725972898e+01 3.526893370285700513e+01 5.210622193247517231e+01 3.526893370285700513e+01
5.501100000000000000e+04 9.359470881980362833e+01 6.824541602572502086e+00 4.909749735910822466e+01 5.012192478071398227e+01 4.789065290588005297e+01 5.012192478071398227e+01
5.501600000000000000e+04 1.137582080372157236e+02 6.824541602572502086e+00 4.169492823624310773e+01 7.589137455726493897e+01 4.031611703369087962e+01 6.364590284909841245e+01
5.502200000000000000e+04 1.358271651357534893e+02 6.824541602572502086e+00 3.312380070479415650e+01 9.934166824580043453e+01 3.169741694238675578e+01 6.707742622943986532e+01
5.502800000000000000e+04 1.381784869946885408e+02 6.824541602572502086e+00 2.779569746981968592e+01 1.086951345816303416e+02 2.632666932167046880e+01 6.142356158546017753e+01
5.503000000000000000e+04 1.353002715467754342e+02 6.824541602572502086e+00 2.651386894769208524e+01 1.082803576529725831e+02 2.502725028100064719e+01 5.803427894360199701e+01
5.503300000000000000e+04 1.285807939261764545e+02 6.824541602572502086e+00 2.463802992343412157e+01 1.052119210719194342e+02 2.313864568316503068e+01 5.234163527780678749e+01
5.503800000000000000e+04 1.294042571595338700e+02 6.824541602572502086e+00 2.097247392844831637e+01 9.624158865120831763e+01 1.953108020902245556e+01 4.276263603092878185e+01
5.504200000000000000e+04 1.303583498053401684e+02 6.824541602572502086e+00 1.791089588649927933e+01 9.034123595561622722e+01 1.656882135661357935e+01 3.697962994499231826e+01
5.504400000000000000e+04 9.856413642151804311e+01 6.824541602572502086e+00 1.645397879080796955e+01 8.836629139878387207e+01 1.517055024046465839e+01 3.480083939775672519e+01
5.504600000000000000e+04 9.385882217239709746e+01 6.824541602572502086e+00 1.513146629816276878e+01 8.672663041291293951e+01 1.390504162668881349e+01 3.290833665208808867e+01
5.505000000000000000e+04 9.787989283104371907e+01 6.824541602572502086e+00 1.301801801141029102e+01 8.414092356511143578e+01 1.188425964160150627e+01 2.975490613378295279e+01
5.505600000000000000e+04 9.099035061752667275e+01 6.824541602572502086e+00 1.100760280594400520e+01 7.608332295424698088e+01 9.950825172612551839e+00 2.441385026127807123e+01
5.505900000000000000e+04 8.002666926805655123e+01 6.824541602572502086e+00 1.022188735637899981e+01 7.051838743182405267e+01 9.195652533626304859e+00 2.162676340412305720e+01
5.506300000000000000e+04 7.599242941139945628e+01 6.824541602572502086e+00 9.361545151956404354e+00 6.267802334873344705e+01 8.367487622413662507e+00 1.815123319589164907e+01
5.506500000000000000e+04 5.914845629732757004e+01 6.824541602572502086e+00 8.990608958657116290e+00 5.917482022389734198e+01 8.010164788539839265e+00 1.667225092945013287e+01
5.506700000000000000e+04 7.500696827366594732e+01 6.824541602572502086e+00 8.636595562630656531e+00 5.610345558449903081e+01 7.670155917078735897e+00 1.538978345480703069e+01
5.507000000000000000e+04 5.882013611556884314e+01 6.824541602572502086e+00 8.146595497933915908e+00 5.280607388740168062e+01 7.200455628366551508e+00 1.393373631521496847e+01
5.507400000000000000e+04 5.492107436391199826e+01 6.824541602572502086e+00 7.518982263973755131e+00 4.953272000297212685e+01 6.603708294373577203e+00 1.243853146576569202e+01
5.507900000000000000e+04 5.779314624514023535e+01 6.824541602572502086e+00 6.702508748277320016e+00 4.627785108734094877e+01 5.840457257125583723e+00 1.095930354686360708e+01
5.508300000000000000e+04 4.633487635505248647e+01 6.824541602572502086e+00 5.953166379159972266e+00 4.420709819735279922e+01 5.155149271873892936e+00 1.001270598567479730e+01
5.509100000000000000e+04 4.902055494506092970e+01 6.824541602572502086e+00 4.042050673150822782e+00 4.054072886340286885e+01 3.457107999615824934e+00 8.446161141566047803e+00
