5.497500000000000000e+04 -3.335877578827979750e+00 1.054529488797830972e+01 9.676860811788584593e-01 1.458879295390727262e-18 9.676860811788584593e-01 1.458879295390727262e-18
5.497600000000000000e+04 -8.850170606453188427e+00 1.054529488797830972e+01 2.014654457448330049e+00 1.458879266904542626e-18 2.014654457448330049e+00 1.458879266904542626e-18
5.497900000000000000e+04 -3.646331848062010828e+00 1.054529488797830972e+01 7.421511495175619366e+00 1.458879148210798260e-18 7.421511495175619366e+00 1.458879148210798260e-18
5.498000000000000000e+04 1.573346015566729150e+01 1.054529488797830972e+01 1.010928248076253944e+01 1.458879094187306028e-18 1.010928248076253944e+01 1.458879094187306028e-18
5.498100000000000000e+04 3.433473563880239965e+01 1.054529488797830972e+01 1.326427468792255127e+01 1.458879030790155216e-18 1.326427468792255127e+01 1.458879030790155216e-18
5.498200000000000000e+04 1.402746510293585303e+01 1.054529488797830972e+01 1.681188057541250913e+01 1.458878956392917053e-18 1.681188057541250913e+01 1.458878956392917053e-18
5.498400000000000000e+04 2.631944053978817166e+01 1.054529488797830972e+01 2.504964300095078400e+01 1.458878766632481191e-18 2.504964300095078400e+01 1.458878766632481191e-18
5.498500000000000000e+04 3.457663310640502630e+01 1.054529488797830972e+01 2.982457128805857849e+01 1.458878646401056061e-18 2.982457128805857849e+01 1.458878646401056061e-18
5.498700000000000000e+04 3.577105005304996865e+01 1.054529488797830972e+01 4.097582893337165899e+01 1.458878339734227992e-18 4.097582893337165899e+01 1.458878339734227992e-18
5.499000000000000000e+04 4.919807525926173497e+01 1.054529488797830972e+01 6.053040193995693841e+01 1.458877649835416619e-18 6.053040193995693841e+01 1.458877649835416619e-18
5.499200000000000000e+04 8.789104121040814732e+01 1.054529488797830972e+01 7.440742163840896239e+01 1.458876967336947338e-18 7.440742163840896239e+01 1.458876967336947338e-18
5.499300000000000000e+04 8.872531979228041621e+01 1.054529488797830972e+01 8.115791156796579742e+01 4.727942875087466634e-03 8.115791156796579742e+01 4.727942875087466634e-03
5.499400000000000000e+04 8.893682805832051486e+01 1.054529488797830972e+01 8.659722275531558466e+01 2.480027301376598325e-01 8.659722275531558466e+01 2.480027301376598325e-01
5.499600000000000000e+04 8.802540284022074957e+01 1.054529488797830972e+01 9.298895886639343189e+01 1.611723565958664173e+00 9.298895886639343189e+01 1.611723565958664173e+00
5.499700000000000000e+04 9.570650582926683114e+01 1.054529488797830972e+01 1.018426059692171179e+02 2.753478662916496678e+00 9.534931745081652821e+01 2.753478662916496678e+00
5.499800000000000000e+04 1.150574658819187874e+02 1.054529488797830972e+01 1.105031707118522633e+02 4.184087600156392028e+00 9.725679520493949326e+01 4.184087600156392028e+00
5.500000000000000000e+04 1.319305612566489287e+02 1.054529488797830972e+01 1.265099477829001842e+02 8.087425984610032259e+00 9.942624000542298290e+01 8.087425984610032259e+00
5.500200000000000000e+04 1.575973641650247714e+02 1.054529488797830972e+01 1.399829475344928369e+02 1.344950446033000979e+01 9.937735874946248771e+01 1.344950446033000979e+01
5.500300000000000000e+04 1.633931289732018968e+02 1.054529488797830972e+01 1.451435020923561012e+02 1.657394882118942192e+01 9.828909195663038645e+01 1.657394882118942192e+01
5.500400000000000000e+04 1.708623854151454395e+02 1.054529488797830972e+01 1.491321943394705443e+02 2.003971440076062649e+01 9.653818898204983157e+01 2.003971440076062649e+01
5.500500000000000000e+04 1.799792956720786492e+02 1.054529488797830972e+01 1.522183964800190665e+02 2.385965703044686492e+01 9.437559456880096320e+01 2.385965703044686492e+01
5.500900000000000000e+04 1.958093268130896263e+02 1.054529488797830972e+01 1.556340246465361190e+02 4.317674359126633732e+01 8.255133116561614770e+01 4.317674359126633732e+01
5.501200000000000000e+04 2.070587133466585783e+02 1.054529488797830972e+01 1.492520254925862560e+02 5.952593731072717276e+01 7.142612246008147281e+01 5.952593731072717276e+01
5.501300000000000000e+04 1.933496255099039729e+02 1.054529488797830972e+01 1.459795685051935550e+02 6.492632925437264646e+01 6.765517379857884350e+01 6.492632925437264646e+01
5.501400000000000000e+04 2.172334146281682763e+02 1.054529488797830972e+01 1.416029145054851313e+02 6.927777820425247057e+01 6.361888512242121152e+01 6.927777820425247057e+01
5.501600000000000000e+04 2.096170349216295108e+02 1.054529488797830972e+01 1.309431348506687414e+02 7.708412734188551951e+01 5.543739832797152900e+01 7.439116709311475972e+01
5.501700000000000000e+04 2.053093378716656332e+02 1.054529488797830972e+01 1.266332752071787695e+02 8.042142831071669207e+01 5.211031447560955598e+01 7.627945396065322825e+01
5.501800000000000000e+04 1.932994427208548416e+02 1.054529488797830972e+01 1.229695955038530997e+02 8.343854974222169574e+01 4.922327896239417555e+01 7.780543616395159745e+01
5.501900000000000000e+04 1.966569321298523505e+02 1.054529488797830972e+01 1.194954801246304612e+02 8.602677859419539175e+01 4.656333247267679099e+01 7.888746317670370445e+01
5.502000000000000000e+04 2.067008131150532506e+02 1.054529488797830972e+01 1.156611707788380699e+02 8.817914373600955003e+01 4.390417961541074021e+01 7.954099200433840622e+01
5.502100000000000000e+04 2.141681887339302932e+02 1.054529488797830972e+01 1.112700718191038618e+02 8.989097363708901867e+01 4.117301454915962466e+01 7.978252741376498136e+01
5.502200000000000000e+04 2.068648197407711962e+02 1.054529488797830972e+01 1.066444115145370404e+02 9.101376023710773211e+01 3.849145005216814042e+01 7.950188699956999017e+01
5.502500000000000000e+04 1.804559281937123671e+02 1.054529488797830972e+01 9.332437811966158847e+01 9.053262035795940221e+01 3.137059333747742329e+01 7.550047565504078761e+01
5.502900000000000000e+04 1.569023771097849931e+02 1.054529488797830972e+01 7.683655083287507637e+01 8.397121406166476731e+01 2.366167303078713857e+01 6.604106493249292953e+01
5.503100000000000000e+04 1.607721360660370351e+02 1.054529488797830972e+01 6.932174759887634252e+01 7.856861134054587126e+01 2.048817721261307412e+01 6.008152583967718385e+01
5.503200000000000000e+04 1.287276046255830124e+02 1.054529488797830972e+01 6.582994017480780258e+01 7.575740252606082947e+01 1.907229695642826428e+01 5.714089796806518251e+01
5.503300000000000000e+04 1.390002683298864667e+02 1.054529488797830972e+01 6.306282065263337699e+01 7.273743045432809140e+01 1.791710107470335345e+01 5.412413903886307764e+01
5.503400000000000000e+04 1.234344900548198609e+02 1.054529488797830972e+01 6.068951575751473371e+01 6.931913722939015088e+01 1.691552365168480421e+01 5.089510809793696922e+01
5.503500000000000000e+04 1.124559806894836811e+02 1.054529488797830972e+01 5.838013592835147136e+01 6.553158833135536554e+01 1.596874529619285887e+01 4.748321739827211729e+01
5.503600000000000000e+04 1.263821022441549786e+02 1.054529488797830972e+01 5.632057976337910787e+01 6.201005627373584872e+01 1.512367877641758973e+01 4.434991866237722746e+01
5.503700000000000000e+04 9.719356601592254208e+01 1.054529488797830972e+01 5.440861996725928407e+01 5.904307071344465641e+01 1.434788638676704053e+01 4.168825158048764479e+01
5.503900000000000000e+04 1.229839711427559621e+02 1.054529488797830972e+01 5.036750844860882381e+01 5.410659233325043971e+01 1.282170619571031622e+01 3.725066597814144131e+01
5.504000000000000000e+04 8.139126967410246039e+01 1.054529488797830972e+01 4.839492066523916947e+01 5.165238923393845027e+01 1.210962883225882791e+01 3.512334369232860354e+01
5.504200000000000000e+04 9.506908234423430315e+01 1.054529488797830972e+01 4.469585531344996809e+01 4.639913355088557267e+01 1.081543224929825442e+01 3.079316004173451304e+01
5.504400000000000000e+04 8.679261946709981146e+01 1.054529488797830972e+01 4.116569034400478699e+01 4.145112142578577874e+01 9.643386980885679804e+00 2.686398018521436981e+01
5.504500000000000000e+04 6.170414277301549077e+01 1.054529488797830972e+01 3.938148750355953354e+01 3.917810660730881978e+01 9.080561577061848411e+00 2.509647466998194432e+01
5.504600000000000000e+04 7.554843826768224346e+01 1.054529488797830972e+01 3.753603678050766490e+01 3.699637456020138870e+01 8.521234229400151960e+00 2.342728885524403992e+01
5.504700000000000000e+04 9.168230998619283412e+01 1.054529488797830972e+01 3.560608305975165422e+01 3.489390664404565001e+01 7.960046289989414880e+00 2.184555602832633170e+01
5.504800000000000000e+04 7.413327205872768388e+01 1.054529488797830972e+01 3.364590736615071620e+01 3.286816798345234503e+01 7.409034476823465276e+00 2.034676735387665047e+01
5.505000000000000000e+04 4.821716702977106195e+01 1.054529488797830972e+01 2.941240235786517232e+01 2.909574819240035382e+01 6.288194800073795498e+00 1.761670391886676512e+01
5.505200000000000000e+04 5.567582576127254157e+01 1.054529488797830972e+01 2.487557966942617327e+01 2.575217824244770881e+01 5.167770414954748759e+00 1.525783756514261391e+01
5.505400000000000000e+04 5.022719483456265266e+01 1.054529488797830972e+01 2.057794035656124265e+01 2.332989022040368710e+01 4.157327640826142812e+00 1.353241892134784763e+01
5.505600000000000000e+04 5.964236454960561673e+01 1.054529488797830972e+01 1.686273665387547638e+01 2.129655950580020374e+01 3.315520380235053022e+00 1.209894302113407427e+01
5.505800000000000000e+04 2.512423855595789490e+01 1.054529488797830972e+01 1.373348494039680290e+01 1.952518804787610307e+01 2.629827455937498115e+00 1.086906482291032106e+01
5.506000000000000000e+04 3.857162992034765381e+01 1.054529488797830972e+01 1.103770688235169217e+01 1.775368463839802757e+01 2.059888564189253035e+00 9.687703065807063751e+00
5.506100000000000000e+04 2.554100563778729338e+01 1.054529488797830972e+01 9.854302220483216246e+00 1.694723025760776380e+01 1.815959130283463896e+00 9.157200117581325571e+00
5.506200000000000000e+04 1.937519096700734167e+01 1.054529488797830972e+01 8.773847310210515005e+00 1.616950382999086600e+01 1.596812745279095003e+00 8.652345799438604601e+00
5.506400000000000000e+04 3.014644586758068812e+01 1.054529488797830972e+01 6.880373304578839111e+00 1.469652175886977830e+01 1.221917543613490142e+00 7.714709584708543844e+00
5.506500000000000000e+04 9.846784919592039387e+00 1.054529488797830972e+01 6.058141251901791868e+00 1.397026237507811608e+01 1.063036946060080368e+00 7.264449261649479794e+00
5.506700000000000000e+04 2.943435967435905454e+01 1.054529488797830972e+01 4.662446188268678959e+00 1.247689495678101324e+01 7.990344961129509649e-01 6.368037031991533148e+00
5.506800000000000000e+04 3.238672558226309661e+01 1.054529488797830972e+01 4.072194934579261627e+00 1.172049981957657749e+01 6.898283870746817481e-01 5.927227581458772931e+00
5.506900000000000000e+04 5.375749677260490245e+00 1.054529488797830972e+01 3.541505153219504987e+00 1.095193208973061161e+01 5.930877954916861095e-01 5.488314753059690076e+00
5.507100000000000000e+04 1.460320954591517939e+01 1.054529488797830972e+01 2.654005720747765196e+00 9.290581339148376472e+00 4.345486239456022304e-01 4.572811605625031639e+00
5.507300000000000000e+04 2.239997717810998523e+01 1.054529488797830972e+01 1.972703626854850123e+00 7.692969185726750148e+00 3.159510589642119949e-01 3.720184334700300077e+00
5.507400000000000000e+04 1.834430165907195232e+01 1.054529488797830972e+01 1.697370172463700699e+00 6.937748367010668993e+00 2.689201451984696289e-01 3.325862112660915137e+00
5.507500000000000000e+04 1.752664231712837584e+00 1.054529488797830972e+01 1.455214349353684655e+00 6.244863369317704027e+00 2.280935985444418612e-01 2.967949892741649442e+00
5.507800000000000000e+04 1.199977206579069033e+01 1.054529488797830972e+01 9.093090589858411343e-01 4.540975664716397908e+00 1.381047141620609098e-01 2.103861964749998759e+00
5.508000000000000000e+04 -1.499420819404359584e+01 1.054529488797830972e+01 6.619432722265623514e-01 3.616505154375788678e+00 9.849760017656127020e-02 1.647910851351402695e+00
5.508100000000000000e+04 8.797653030916055883e+00 1.054529488797830972e+01 5.647175301347903131e-01 3.214538214062576671e+00 8.318738014801362046e-02 1.452767304226771250e+00
5.508200000000000000e+04 7.652558473824541352e+00 1.054529488797830972e+01 4.811482820647324798e-01 2.849735897734885004e+00 7.017301316464903682e-02 1.277450196223276269e+00
5.508400000000000000e+04 1.311630135091155225e+01 1.054529488797830972e+01 3.486920738096270234e-01 2.216069657097426315e+00 4.986444254227592049e-02 9.775340348907921584e-01
5.508500000000000000e+04 5.808604155000580249e+00 1.054529488797830972e+01 2.967528789390683208e-01 1.943316580353512180e+00 4.202762805578161287e-02 8.504295568480645384e-01
5.508800000000000000e+04 -6.008150095449931172e-01 1.054529488797830972e+01 1.844245010265603002e-01 1.291027622978008660e+00 2.538464199561750803e-02 5.518627096597454873e-01
5.508900000000000000e+04 2.375484261687520249e+00 1.054529488797830972e+01 1.573475465913943550e-01 1.118563582297320114e+00 2.145658115601357940e-02 4.744702363933489542e-01
5.509000000000000000e+04 -6.218146474870930085e+00 1.054529488797830972e+01 1.342492429284222466e-01 9.656501818499758638e-01 1.813835800367798873e-02 4.064868588356523871e-01
5.509100000000000000e+04 1.003262729919866914e+01 1.054529488797830972e+01 1.145729235570073085e-01 8.321432329108704451e-01 1.533876746194622574e-02 3.476388991564817732e-01
5.509300000000000000e+04 8.095958778673971068e+00 1.054529488797830972e+01 8.330239621936307015e-02 6.141835825417110151e-01 1.095262713745783802e-02 2.527608471713695959e-01
5.509500000000000000e+04 1.449860583369584077e+01 1.054529488797830972e+01 6.061911065571305712e-02 4.500012986963585759e-01 7.830004347216196550e-03 1.824748788355535223e-01
5.509600000000000000e+04 1.507038969721423260e+00 1.054529488797830972e+01 5.167742578224718275e-02 3.835580901954571686e-01 6.616827885050855125e-03 1.543990379983322947e-01
5.509700000000000000e+04 -6.649369006661585146e+00 1.054529488797830972e+01 4.406052011977518168e-02 3.267989112636611182e-01 5.592785077591702451e-03 1.305994130454626312e-01
5.509800000000000000e+04 3.292438896285100114e+00 1.054529488797830972e+01 3.759247750542656780e-02 2.784632972592467337e-01 4.730874821351913062e-03 1.104837713296487195e-01
5.509900000000000000e+04 -2.995981684429708025e+00 1.054529488797830972e+01 3.204481748838453048e-02 2.369468182200839823e-01 3.998454947828823484e-03 9.334127170379516447e-02
5.510100000000000000e+04 -5.989450347086820337e+00 1.054529488797830972e+01 2.328690402473654678e-02 1.713460381336725513e-01 2.857113554350843541e-03 6.654990411841091302e-02
5.510400000000000000e+04 7.250344136454005550e+00 1.054529488797830972e+01 1.442785796892738850e-02 1.048748955549147627e-01 1.726894476100850886e-03 3.989155403382074055e-02
5.510700000000000000e+04 -3.411633449438026844e+01 1.054529488797830972e+01 8.880328625181187902e-03 6.442866760217996758e-02 1.037530654529236849e-03 2.401098185151864448e-02
5.510800000000000000e+04 -1.346442230228796832e+00 1.054529488797830972e+01 7.555617388410459760e-03 5.485925750956893027e-02 8.757902202812570909e-04 2.030771359649400851e-02
5.510900000000000000e+04 -9.931088698445654117e+00 1.054529488797830972e+01 6.423812107259851273e-03 4.668093796302314608e-02 7.387683124515371895e-04 1.716526492481086630e-02
5.511000000000000000e+04 -7.382036853738721538e-01 1.054529488797830972e+01 5.460464413554038179e-03 3.972445509669509517e-02 6.230988444615148105e-04 1.451068640294239306e-02
5.511100000000000000e+04 2.540059010335374978e+01 1.054529488797830972e+01 4.644124886218293537e-03 3.381523319590817173e-02 5.258591276927242816e-04 1.227101396955698233e-02
5.511400000000000000e+04 -2.150347816750955587e+01 1.054529488797830972e+01 2.855781964768307722e-03 2.080937902828699365e-02 3.160519228810185948e-04 7.405472963803201060e-03
