5.497600000000000000e+04 -5.631795935786000129e+00 7.875750088147751349e+00 1.164140563987932975e+00 8.960306592350573665e-19 1.164140563987932975e+00 8.960306592350573665e-19
5.497900000000000000e+04 4.111255232634420942e+00 7.875750088147751349e+00 4.289077145657377521e+00 8.960306590053393761e-19 4.289077145657377521e+00 8.960306590053393761e-19
5.498300000000000000e+04 1.280445697804885263e+01 7.875750088147751349e+00 1.143383206421574805e+01 8.960306584651271971e-19 1.143383206421574805e+01 8.960306584651271971e-19
5.499200000000000000e+04 4.405194733807748975e+01 7.875750088147751349e+00 3.733751665722944324e+01 1.587232095280796784e+00 3.733751665722944324e+01 1.587232095280796784e+00
5.499500000000000000e+04 4.505198492993396542e+01 7.875750088147751349e+00 4.526446668391263017e+01 4.563436508517902723e+00 4.526446668391263017e+01 4.563436508517902723e+00
5.499600000000000000e+04 3.595718659842604836e+01 7.875750088147751349e+00 4.750204251648135312e+01 5.899401966142534093e+00 4.750204251648135312e+01 5.899401966142534093e+00
5.499800000000000000e+04 6.254396738397544198e+01 7.875750088147751349e+00 5.442488444432102312e+01 9.147065651372599859e+00 5.091672227927872996e+01 9.147065651372599859e+00
5.500200000000000000e+04 8.881432807282872943e+01 7.875750088147751349e+00 7.235797297109141368e+01 1.763684900154167678e+01 5.381775602163734362e+01 1.763684900154167678e+01
5.500700000000000000e+04 1.193240179336804090e+02 7.875750088147751349e+00 8.800740884395055730e+01 2.987001332578356028e+01 5.210622193247517231e+01 2.987001332578356028e+01
5.501100000000000000e+04 1.297386808439626122e+02 7.875750088147751349e+00 9.408597669889195458e+01 4.214381212062226467e+01 4.789065290588005297e+01 3.800163401318508249e+01
5.501600000000000000e+04 1.478438672659231656e+02 7.875750088147751349e+00 9.309394584249561433e+01 5.916767126950401945e+01 4.031611703369087962e+01 4.282857131343035206e+01
5.502200000000000000e+04 1.613945120023842890e+02 7.875750088147751349e+00 8.629621762564794096e+01 7.121878413730706825e+01 3.169741694238675578e+01 4.168497754598013927e+01
5.502800000000000000e+04 1.575981600716036439e+02 7.875750088147751349e+00 8.255780232582642952e+01 7.309274729191709241e+01 2.632666932167046880e+01 3.590898908961783320e+01
5.503000000000000000e+04 1.543535496851734763e+02 7.875750088147751349e+00 8.193170924491184337e+01 7.183784758608427978e+01 2.502725028100064719e+01 3.349864657779635024e+01
5.503300000000000000e+04 1.477316611952050209e+02 7.875750088147751349e+00 8.053174243568757618e+01 6.866456861902989317e+01 2.313864568316503068e+01 2.975067964429372225e+01
5.503800000000000000e+04 1.519431291421502692e+02 7.875750088147751349e+00 7.470442869149000842e+01 6.317080671830810701e+01 1.953108020902245556e+01 2.448006460697853726e+01
5.504200000000000000e+04 1.540330730065418834e+02 7.875750088147751349e+00 6.794045197279397996e+01 6.058130346674060718e+01 1.656882135661357935e+01 2.164777683285353405e+01
5.504400000000000000e+04 1.167777464329865467e+02 7.875750088147751349e+00 6.429734308416136912e+01 5.970019171626636023e+01 1.517055024046465839e+01 2.053316997979926484e+01
5.504600000000000000e+04 1.105137225166923116e+02 7.875750088147751349e+00 6.084985266255291947e+01 5.889530118270924675e+01 1.390504162668881349e+01 1.952438295465249141e+01
5.505000000000000000e+04 1.123720186890572421e+02 7.875750088147751349e+00 5.528201057483773440e+01 5.625800616639470064e+01 1.188425964160150627e+01 1.739310748690514785e+01
5.505600000000000000e+04 1.041971711916334300e+02 7.875750088147751349e+00 5.040192458179983959e+01 4.929517943282193215e+01 9.950825172612551839e+00 1.384112857863875767e+01
5.505900000000000000e+04 9.286235601957396568e+01 7.875750088147751349e+00 4.847764102677115261e+01 4.520823971658468565e+01 9.195652533626304859e+00 1.213644019237172778e+01
5.506300000000000000e+04 9.137431549397216202e+01 7.875750088147751349e+00 4.641780083657756251e+01 4.039478048110620989e+01 8.367487622413662507e+00 1.024468183644590624e+01
5.506500000000000000e+04 7.365751552854595730e+01 7.875750088147751349e+00 4.553938885580668483e+01 3.852401605421544417e+01 8.010164788539839265e+00 9.507407713281207151e+00
5.506700000000000000e+04 9.361778205473356707e+01 7.875750088147751349e+00 4.466331790514948352e+01 3.710609715687007082e+01 7.670155917078735897e+00 8.917591241737580887e+00
5.507000000000000000e+04 7.635609913502092638e+01 7.875750088147751349e+00 4.341658730236179764e+01 3.540052680852395639e+01 7.200455628366551508e+00 8.186039266625957822e+00
5.507400000000000000e+04 7.259654709701389663e+01 7.875750088147751349e+00 4.163836190851372265e+01 3.341700130719799944e+01 6.603708294373577203e+00 7.356522026901044953e+00
5.507900000000000000e+04 7.592239714124463035e+01 7.875750088147751349e+00 3.883787266843370389e+01 3.153040740585056056e+01 5.840457257125583723e+00 6.548371216168340503e+00
5.508300000000000000e+04 6.152371479982473801e+01 7.875750088147751349e+00 3.570147076743546677e+01 3.023687044641958011e+01 5.155149271873892936e+00 6.007723116713606260e+00
5.509100000000000000e+04 5.856554229721859173e+01 7.875750088147751349e+00 2.584741366992767553e+01 2.759678684346237176e+01 3.457107999615824934e+00 5.046038918168288312e+00
