5.497600000000000000e+04 -3.708710998327207076e+00 5.647104136819258713e+00 1.164140563987932975e+00 1.400047905276879818e-18 1.164140563987932975e+00 1.400047905276879818e-18
5.497900000000000000e+04 4.161574514236880518e+00 5.647104136819258713e+00 4.289077145657377521e+00 1.400047905054776955e-18 4.289077145657377521e+00 1.400047905054776955e-18
5.498300000000000000e+04 1.241660342368060910e+01 5.647104136819258713e+00 1.143383206421574805e+01 1.400047904532473228e-18 1.143383206421574805e+01 1.400047904532473228e-18
5.499200000000000000e+04 4.123482297364621729e+01 5.647104136819258713e+00 3.733751665722944324e+01 2.209803768185407968e-01 3.733751665722944324e+01 2.209803768185407968e-01
5.499500000000000000e+04 4.432006741839691699e+01 5.647104136819258713e+00 4.526446668391263017e+01 2.480050148876244531e+00 4.526446668391263017e+01 2.480050148876244531e+00
5.499600000000000000e+04 3.878547191664929272e+01 5.647104136819258713e+00 4.750204251648135312e+01 3.791386072109951044e+00 4.750204251648135312e+01 3.791386072109951044e+00
5.499800000000000000e+04 5.773261204192839813e+01 5.647104136819258713e+00 5.133933107419673547e+01 7.130369544559223449e+00 5.091672227927872996e+01 7.130369544559223449e+00
5.500200000000000000e+04 7.243099428874567991e+01 5.647104136819258713e+00 5.605119289653529790e+01 1.722624419581170585e+01 5.381775602163734362e+01 1.722624419581170585e+01
5.500700000000000000e+04 9.273721636026441217e+01 5.647104136819258713e+00 5.643103835287060122e+01 3.526893370285700513e+01 5.210622193247517231e+01 3.526893370285700513e+01
5.501100000000000000e+04 9.892318944893227695e+01 5.647104136819258713e+00 5.345554677354331830e+01 5.012192478071398227e+01 4.789065290588005297e+01 5.012192478071398227e+01
5.501600000000000000e+04 1.097744487774617284e+02 5.647104136819258713e+00 4.667396868990392278e+01 6.626811404648125858e+01 4.031611703369087962e+01 6.364590284909841245e+01
5.502200000000000000e+04 1.150427351746421181e+02 5.647104136819258713e+00 3.827463095793200409e+01 7.398640113107218497e+01 3.169741694238675578e+01 6.707742622943986532e+01
5.502800000000000000e+04 1.060431698811092502e+02 5.647104136819258713e+00 3.310052133813628927e+01 7.154616453474402249e+01 2.632666932167046880e+01 6.142356158546017753e+01
5.503000000000000000e+04 1.010947854559493209e+02 5.647104136819258713e+00 3.188221413296672679e+01 6.879383425974580746e+01 2.502725028100064719e+01 5.803427894360199701e+01
5.503300000000000000e+04 9.266541447204981807e+01 5.647104136819258713e+00 3.005247301329474041e+01 6.366313098839639650e+01 2.313864568316503068e+01 5.234163527780678749e+01
5.503800000000000000e+04 9.047899831806728344e+01 5.647104136819258713e+00 2.617750680415279874e+01 5.421446996001150609e+01 1.953108020902245556e+01 4.276263603092878185e+01
5.504200000000000000e+04 8.945584616687331447e+01 5.647104136819258713e+00 2.275727613330874988e+01 4.840633559799493923e+01 1.656882135661357935e+01 3.697962994499231826e+01
5.504400000000000000e+04 6.218301430456781986e+01 5.647104136819258713e+00 2.108858188926991417e+01 4.627119606325734935e+01 1.517055024046465839e+01 3.480083939775672519e+01
5.504600000000000000e+04 5.737389768448696259e+01 5.647104136819258713e+00 1.956022205626315369e+01 4.443283614764933986e+01 1.390504162668881349e+01 3.290833665208808867e+01
5.505000000000000000e+04 5.910968746069220003e+01 5.647104136819258713e+00 1.711214545794200959e+01 4.140097639454560152e+01 1.188425964160150627e+01 2.975490613378295279e+01
5.505600000000000000e+04 5.352860894424841831e+01 5.647104136819258713e+00 1.482374425964091813e+01 3.547820719968930092e+01 9.950825172612551839e+00 2.441385026127807123e+01
5.505900000000000000e+04 4.543352766285870814e+01 5.647104136819258713e+00 1.392773532743040299e+01 3.209627956805902471e+01 9.195652533626304859e+00 2.162676340412305720e+01
5.506300000000000000e+04 4.390814755712593609e+01 5.647104136819258713e+00 1.295119734197186823e+01 2.768607599369352812e+01 8.367487622413662507e+00 1.815123319589164907e+01
5.506500000000000000e+04 3.084345903285504065e+01 5.647104136819258713e+00 1.253110179519172362e+01 2.577363271183696014e+01 8.010164788539839265e+00 1.667225092945013287e+01
5.506700000000000000e+04 4.473017925003389905e+01 5.647104136819258713e+00 1.212651650490148292e+01 2.410809578195521397e+01 7.670155917078735897e+00 1.538978345480703069e+01
5.507000000000000000e+04 3.205635456100491609e+01 5.647104136819258713e+00 1.156321169359384449e+01 2.225775038992438937e+01 7.200455628366551508e+00 1.393373631521496847e+01
5.507400000000000000e+04 2.944288503660310496e+01 5.647104136819258713e+00 1.082413826530773271e+01 2.038177765980366019e+01 6.603708294373577203e+00 1.243853146576569202e+01
5.507900000000000000e+04 3.232022825265990207e+01 5.647104136819258713e+00 9.815472466325255496e+00 1.852231892455418460e+01 5.840457257125583723e+00 1.095930354686360708e+01
5.508300000000000000e+04 2.300449831286667290e+01 5.647104136819258713e+00 8.834894822137480119e+00 1.733499787299877681e+01 5.155149271873892936e+00 1.001270598567479730e+01
5.509100000000000000e+04 2.514527259384820823e+01 5.647104136819258713e+00 6.154343660916092418e+00 1.531880246245834165e+01 3.457107999615824934e+00 8.446161141566047803e+00
