5.497600000000000000e+04 -3.794761302918554957e+00 5.746827065953896252e+00 1.164140563987932975e+00 1.400047905375606646e-18 1.164140563987932975e+00 1.400047905375606646e-18
5.497900000000000000e+04 4.159322929075783826e+00 5.746827065953896252e+00 4.289077145657377521e+00 1.400047905214326962e-18 4.289077145657377521e+00 1.400047905214326962e-18
5.498300000000000000e+04 1.243395830792941759e+01 5.746827065953896252e+00 1.143383206421574805e+01 1.400047904835056466e-18 1.143383206421574805e+01 1.400047904835056466e-18
5.499200000000000000e+04 4.107876330348864258e+01 5.746827065953896252e+00 3.733751665722944324e+01 1.400047902250976364e-18 3.733751665722944324e+01 1.400047902250976364e-18
5.499500000000000000e+04 4.247809116917674999e+01 5.746827065953896252e+00 4.526446668391263017e+01 6.985466867700927951e-01 4.526446668391263017e+01 6.985466867700927951e-01
5.499600000000000000e+04 3.622838195414321660e+01 5.746827065953896252e+00 4.750204251648135312e+01 1.455175704984916107e+00 4.750204251648135312e+01 1.455175704984916107e+00
5.499800000000000000e+04 5.438570390091857121e+01 5.746827065953896252e+00 5.134442274642466941e+01 3.791386072109951044e+00 5.091672227927872996e+01 3.791386072109951044e+00
5.500200000000000000e+04 6.684633166647140001e+01 5.746827065953896252e+00 5.607810177454611278e+01 1.162962013649368842e+01 5.381775602163734362e+01 1.162962013649368842e+01
5.500700000000000000e+04 8.509628227315263871e+01 5.746827065953896252e+00 5.648314457480308448e+01 2.755757656490886376e+01 5.210622193247517231e+01 2.755757656490886376e+01
5.501100000000000000e+04 9.180104928969308276e+01 5.746827065953896252e+00 5.352259368761153979e+01 4.301492826619860210e+01 4.789065290588005297e+01 4.301492826619860210e+01
5.501600000000000000e+04 1.049590141874136862e+02 5.746827065953896252e+00 4.675056931226794177e+01 6.143201648443950802e+01 4.031611703369087962e+01 5.937755314560169495e+01
5.502200000000000000e+04 1.177673668527815636e+02 5.746827065953896252e+00 3.835387450028797218e+01 7.658266681878993154e+01 3.169741694238675578e+01 6.727219502704667775e+01
5.502800000000000000e+04 1.141910767048711079e+02 5.746827065953896252e+00 3.318213401303346188e+01 7.958779799515386344e+01 2.632666932167046880e+01 6.407003541712595052e+01
5.503000000000000000e+04 1.108165390854256884e+02 5.746827065953896252e+00 3.196480405889403187e+01 7.842560343231554043e+01 2.502725028100064719e+01 6.142356158546017753e+01
5.503300000000000000e+04 1.036174649956084863e+02 5.746827065953896252e+00 3.013577213775413455e+01 7.455042781777376604e+01 2.313864568316503068e+01 5.610779545252785994e+01
5.503800000000000000e+04 1.023089241450299482e+02 5.746827065953896252e+00 2.625758423300979061e+01 6.578619036344449000e+01 1.953108020902245556e+01 4.648543694420893502e+01
5.504200000000000000e+04 1.002616522925942917e+02 5.746827065953896252e+00 2.283183582941351375e+01 5.881455713659862283e+01 1.656882135661357935e+01 3.962177117798344028e+01
5.504400000000000000e+04 7.206376058717540900e+01 5.746827065953896252e+00 2.115988347540010395e+01 5.617205788644334064e+01 1.517055024046465839e+01 3.697962994499231826e+01
5.504600000000000000e+04 6.695889173291693908e+01 5.746827065953896252e+00 1.962835676023393106e+01 5.406658408835484408e+01 1.390504162668881349e+01 3.480083939775672519e+01
5.505000000000000000e+04 6.855000966509605576e+01 5.746827065953896252e+00 1.717513203404249822e+01 5.076777719500981334e+01 1.188425964160150627e+01 3.128406285125081610e+01
5.505600000000000000e+04 6.353813614652889896e+01 5.746827065953896252e+00 1.488245412815933477e+01 4.537204457913950506e+01 9.950825172612551839e+00 2.627826049990705215e+01
5.505900000000000000e+04 5.516112322837931714e+01 5.746827065953896252e+00 1.398474837313888308e+01 4.177728957690409572e+01 9.195652533626304859e+00 2.349018250036778355e+01
5.506300000000000000e+04 5.295156323421165467e+01 5.746827065953896252e+00 1.300642276027979527e+01 3.661650546919334204e+01 8.367487622413662507e+00 1.981734343735094583e+01
5.506500000000000000e+04 3.915860207502615253e+01 5.746827065953896252e+00 1.258557091575379161e+01 3.416606624462684749e+01 8.010164788539839265e+00 1.815123319589164907e+01
5.506700000000000000e+04 5.278483666210144065e+01 5.746827065953896252e+00 1.218020759632103456e+01 3.195903780666296257e+01 7.670155917078735897e+00 1.667225092945013287e+01
5.507000000000000000e+04 3.906716904680359193e+01 5.746827065953896252e+00 1.161577501968092108e+01 2.924716297798130782e+01 7.200455628366551508e+00 1.485532455200188373e+01
5.507400000000000000e+04 3.587947616142895413e+01 5.746827065953896252e+00 1.087498681917440635e+01 2.679865381712802375e+01 6.603708294373577203e+00 1.314948666198627159e+01
5.507900000000000000e+04 3.833633219553738769e+01 5.746827065953896252e+00 9.863364215833684057e+00 2.442020475961135872e+01 5.840457257125583723e+00 1.149456566703288019e+01
5.508300000000000000e+04 2.860263361881530741e+01 5.746827065953896252e+00 8.879229105875593220e+00 2.294469699661106077e+01 5.155149271873892936e+00 1.045935952801707813e+01
5.509100000000000000e+04 3.048135880685239130e+01 5.746827065953896252e+00 6.186840476112480225e+00 2.055754531256377149e+01 3.457107999615824934e+00 8.815035938666337501e+00
