5.497500000000000000e+04 -1.737775627485837138e+00 6.629364354739798237e+00 9.676860811788584593e-01 1.458879340350270093e-18 9.676860811788584593e-01 1.458879340350270093e-18
5.497600000000000000e+04 -4.815584503552494233e+00 6.629364354739798237e+00 2.014654457448330049e+00 1.458879319665053140e-18 2.014654457448330049e+00 1.458879319665053140e-18
5.497900000000000000e+04 4.636438468134072011e-01 6.629364354739798237e+00 7.421511495175619366e+00 1.458879233475697024e-18 7.421511495175619366e+00 1.458879233475697024e-18
5.498000000000000000e+04 1.364495629536981980e+01 6.629364354739798237e+00 1.010928248076253944e+01 1.458879194246585025e-18 1.010928248076253944e+01 1.458879194246585025e-18
5.498100000000000000e+04 2.651034928797379209e+01 6.629364354739798237e+00 1.326427468792255127e+01 1.458879148210798260e-18 1.326427468792255127e+01 1.458879148210798260e-18
5.498200000000000000e+04 1.506144069885050207e+01 6.629364354739798237e+00 1.681188057541250913e+01 1.458879094187306028e-18 1.681188057541250913e+01 1.458879094187306028e-18
5.498400000000000000e+04 2.584790901732377222e+01 6.629364354739798237e+00 2.504964300095078400e+01 1.458878956392917053e-18 2.504964300095078400e+01 1.458878956392917053e-18
5.498500000000000000e+04 3.281198411669172543e+01 6.629364354739798237e+00 2.982457128805857849e+01 1.458878869086958948e-18 2.982457128805857849e+01 1.458878869086958948e-18
5.498700000000000000e+04 3.770381274510533132e+01 6.629364354739798237e+00 4.097582893337165899e+01 1.458878646401056061e-18 4.097582893337165899e+01 1.458878646401056061e-18
5.499000000000000000e+04 5.340626521819378070e+01 6.629364354739798237e+00 6.053040193995693841e+01 1.458878145431422993e-18 6.053040193995693841e+01 1.458878145431422993e-18
5.499200000000000000e+04 8.288398184019011694e+01 6.629364354739798237e+00 7.440742163840896239e+01 1.458877649835416619e-18 7.440742163840896239e+01 1.458877649835416619e-18
5.499300000000000000e+04 8.591223694403696243e+01 6.629364354739798237e+00 8.115791156796579742e+01 1.458877335827950478e-18 8.115791156796579742e+01 1.458877335827950478e-18
5.499400000000000000e+04 8.791212155028961206e+01 6.629364354739798237e+00 8.659722275531558466e+01 1.458876967336947338e-18 8.659722275531558466e+01 1.458876967336947338e-18
5.499600000000000000e+04 8.910337172412113205e+01 6.629364354739798237e+00 9.298895886639343189e+01 2.480027301376598325e-01 9.298895886639343189e+01 2.480027301376598325e-01
5.499700000000000000e+04 9.121195819404483984e+01 6.629364354739798237e+00 9.602629760471731402e+01 7.741488649430867675e-01 9.534931745081652821e+01 7.741488649430867675e-01
5.499800000000000000e+04 1.004822985238397166e+02 6.629364354739798237e+00 9.863784169684963388e+01 1.611723565958664173e+00 9.725679520493949326e+01 1.611723565958664173e+00
5.500000000000000000e+04 1.047575247687976088e+02 6.629364354739798237e+00 1.022499452215769935e+02 4.184087600156392028e+00 9.942624000542298290e+01 4.184087600156392028e+00
5.500200000000000000e+04 1.143165578154030158e+02 6.629364354739798237e+00 1.036108342321895606e+02 8.087425984610032259e+00 9.937735874946248771e+01 8.087425984610032259e+00
5.500300000000000000e+04 1.148389048741546219e+02 6.629364354739798237e+00 1.031740598268749380e+02 1.061141975033804385e+01 9.828909195663038645e+01 1.061141975033804385e+01
5.500400000000000000e+04 1.165337911138125833e+02 6.629364354739798237e+00 1.020215581162302669e+02 1.344950446033000979e+01 9.653818898204983157e+01 1.344950446033000979e+01
5.500500000000000000e+04 1.194326837123242768e+02 6.629364354739798237e+00 1.004061950617473542e+02 1.657394882118942192e+01 9.437559456880096320e+01 1.657394882118942192e+01
5.500900000000000000e+04 1.210646076054335367e+02 6.629364354739798237e+00 9.017081903220253025e+01 3.278066314669732861e+01 8.255133116561614770e+01 3.278066314669732861e+01
5.501200000000000000e+04 1.268836348004212056e+02 6.629364354739798237e+00 7.954012997154671893e+01 4.842432155196556209e+01 7.142612246008147281e+01 4.842432155196556209e+01
5.501300000000000000e+04 1.186557690019055258e+02 6.629364354739798237e+00 7.582115327606729238e+01 5.387147402998105150e+01 6.765517379857884350e+01 5.387147402998105150e+01
5.501400000000000000e+04 1.352689935766489953e+02 6.629364354739798237e+00 7.174937864106662744e+01 5.952593731072717276e+01 6.361888512242121152e+01 5.952593731072717276e+01
5.501600000000000000e+04 1.335867074784102329e+02 6.629364354739798237e+00 6.330950889054347641e+01 6.927777820425247057e+01 5.543739832797152900e+01 6.927777820425247057e+01
5.501700000000000000e+04 1.314805726678110602e+02 6.629364354739798237e+00 5.987996236392293525e+01 7.269784512984772107e+01 5.211031447560955598e+01 7.227144361253377269e+01
5.501800000000000000e+04 1.239400717019228324e+02 6.629364354739798237e+00 5.691195513632015235e+01 7.526898286481350908e+01 4.922327896239417555e+01 7.439116709311475972e+01
5.501900000000000000e+04 1.262234829887219547e+02 6.629364354739798237e+00 5.416712466546491811e+01 7.762960029575680210e+01 4.656333247267679099e+01 7.627945396065322825e+01
5.502000000000000000e+04 1.328253662810786579e+02 6.629364354739798237e+00 5.138545182187672822e+01 7.964164445742086684e+01 4.390417961541074021e+01 7.780543616395159745e+01
5.502100000000000000e+04 1.378728884269969512e+02 6.629364354739798237e+00 4.848122463163545603e+01 8.121464334041647248e+01 4.117301454915962466e+01 7.888746317670370445e+01
5.502200000000000000e+04 1.337415306187102146e+02 6.629364354739798237e+00 4.559697173179837648e+01 8.235674312129198427e+01 3.849145005216814042e+01 7.954099200433840622e+01
5.502500000000000000e+04 1.184982889887010629e+02 6.629364354739798237e+00 3.782979850566403002e+01 8.280659419162198276e+01 3.137059333747742329e+01 7.863127356530432621e+01
5.502900000000000000e+04 1.035775236917050108e+02 6.629364354739798237e+00 2.920560302190056490e+01 7.682706667062467432e+01 2.366167303078713857e+01 7.135419956406119013e+01
5.503100000000000000e+04 1.055633966835532647e+02 6.629364354739798237e+00 2.557948924994742157e+01 7.188569917901855888e+01 2.048817721261307412e+01 6.604106493249292953e+01
5.503200000000000000e+04 8.487654510587958612e+01 6.629364354739798237e+00 2.394717605849132980e+01 6.901372231708926108e+01 1.907229695642826428e+01 6.306078428096606103e+01
5.503300000000000000e+04 9.074333687622744549e+01 6.629364354739798237e+00 2.262392352702791953e+01 6.610770288139680417e+01 1.791710107470335345e+01 6.008152583967718385e+01
5.503400000000000000e+04 8.055570538796490609e+01 6.629364354739798237e+00 2.147933193290936416e+01 6.320926133227371224e+01 1.691552365168480421e+01 5.714089796806518251e+01
5.503500000000000000e+04 7.338022238697274702e+01 6.629364354739798237e+00 2.039049086870866034e+01 6.019145502511963031e+01 1.596874529619285887e+01 5.412413903886307764e+01
5.503600000000000000e+04 8.138113805061442463e+01 6.629364354739798237e+00 1.941880354892018801e+01 5.690073085349352766e+01 1.512367877641758973e+01 5.089510809793696922e+01
5.503700000000000000e+04 6.167017429055122335e+01 6.629364354739798237e+00 1.852455611395492596e+01 5.336638803391803521e+01 1.434788638676704053e+01 4.748321739827211729e+01
5.503900000000000000e+04 7.571786402684982420e+01 6.629364354739798237e+00 1.673617309726067148e+01 4.734534731995981360e+01 1.282170619571031622e+01 4.168825158048764479e+01
5.504000000000000000e+04 4.911907889834609620e+01 6.629364354739798237e+00 1.589267687945648433e+01 4.495463621077535521e+01 1.210962883225882791e+01 3.937862316991534328e+01
5.504200000000000000e+04 5.735735529441537750e+01 6.629364354739798237e+00 1.434775242191906663e+01 4.051126461473180740e+01 1.081543224929825442e+01 3.512334369232860354e+01
5.504400000000000000e+04 5.143519048319303977e+01 6.629364354739798237e+00 1.292985326397151802e+01 3.588019008062904902e+01 9.643386980885679804e+00 3.079316004173451304e+01
5.504500000000000000e+04 3.532350468309802238e+01 6.629364354739798237e+00 1.223968894972166765e+01 3.368009866991123147e+01 9.080561577061848411e+00 2.875937039527899231e+01
5.504600000000000000e+04 4.380390862250190054e+01 6.629364354739798237e+00 1.154627238083720364e+01 3.161890467799731397e+01 8.521234229400151960e+00 2.686398018521436981e+01
5.504700000000000000e+04 5.384539459407911011e+01 6.629364354739798237e+00 1.084237905159458393e+01 2.968661988712164401e+01 7.960046289989414880e+00 2.509647466998194432e+01
5.504800000000000000e+04 4.278466577199469612e+01 6.629364354739798237e+00 1.014445000566668753e+01 2.785036099111411545e+01 7.409034476823465276e+00 2.342728885524403992e+01
5.505000000000000000e+04 2.665792761879148287e+01 6.629364354739798237e+00 8.699088686422088657e+00 2.442832888506431033e+01 6.288194800073795498e+00 2.034676735387665047e+01
5.505200000000000000e+04 3.175446660001268384e+01 6.629364354739798237e+00 7.222475931940756766e+00 2.135849183123406547e+01 5.167770414954748759e+00 1.761670391886676512e+01
5.505400000000000000e+04 2.852066703720056395e+01 6.629364354739798237e+00 5.869315163318349349e+00 1.867864474724758850e+01 4.157327640826142812e+00 1.525783756514261391e+01
5.505600000000000000e+04 3.495946464805450660e+01 6.629364354739798237e+00 4.727932062215185915e+00 1.672606978678593848e+01 3.315520380235053022e+00 1.353241892134784763e+01
5.505800000000000000e+04 1.377077647156188611e+01 6.629364354739798237e+00 3.787477502041184607e+00 1.509706110177109828e+01 2.629827455937498115e+00 1.209894302113407427e+01
5.506000000000000000e+04 2.283498287635918444e+01 6.629364354739798237e+00 2.995901927756850380e+00 1.369067405093784018e+01 2.059888564189253035e+00 1.086906482291032106e+01
5.506100000000000000e+04 1.484228168660700931e+01 6.629364354739798237e+00 2.654024268909282558e+00 1.298069535253712559e+01 1.815959130283463896e+00 1.025736495656825298e+01
5.506200000000000000e+04 1.116156680724339978e+01 6.629364354739798237e+00 2.345079197716878561e+00 1.231694567786709982e+01 1.596812745279095003e+00 9.687703065807063751e+00
5.506400000000000000e+04 1.830185017349832322e+01 6.629364354739798237e+00 1.811859333670083227e+00 1.110269012983961723e+01 1.221917543613490142e+00 8.652345799438604601e+00
5.506500000000000000e+04 5.720723024611960028e+00 6.629364354739798237e+00 1.583818745934913563e+00 1.053764137036868931e+01 1.063036946060080368e+00 8.174417322448755741e+00
5.506700000000000000e+04 1.838148869115095607e+01 6.629364354739798237e+00 1.201827785603489351e+00 9.450322044479808170e+00 7.990344961129509649e-01 7.264449261649479794e+00
5.506800000000000000e+04 2.038284709990499977e+01 6.629364354739798237e+00 1.042468658547259119e+00 8.908439112784096281e+00 6.898283870746817481e-01 6.816987383520122457e+00
5.506900000000000000e+04 3.527917162372623316e+00 6.629364354739798237e+00 9.004851998950269554e-01 8.359322211895285903e+00 5.930877954916861095e-01 6.368037031991533148e+00
5.507100000000000000e+04 9.606578000175305831e+00 6.629364354739798237e+00 6.659457661966353692e-01 7.269272890427559197e+00 4.345486239456022304e-01 5.488314753059690076e+00
5.507300000000000000e+04 1.460482824968959292e+01 6.629364354739798237e+00 4.886815028999467181e-01 6.110648148596729889e+00 3.159510589642119949e-01 4.572811605625031639e+00
5.507400000000000000e+04 1.207053084215046468e+01 6.629364354739798237e+00 4.178481216093821726e-01 5.548945160761811657e+00 2.689201451984696289e-01 4.134216331963799895e+00
5.507500000000000000e+04 1.632333807811765070e+00 6.629364354739798237e+00 3.560312979680194112e-01 5.015180501609474817e+00 2.280935985444418612e-01 3.720184334700300077e+00
5.507800000000000000e+04 7.958554883123722945e+00 6.629364354739798237e+00 2.185092787472127651e-01 3.622670188260029178e+00 1.381047141620609098e-01 2.652416304188042862e+00
5.508000000000000000e+04 -9.060352061980330163e+00 6.629364354739798237e+00 1.572415689218624180e-01 2.898280242639598381e+00 9.849760017656127020e-02 2.103861964749998759e+00
5.508100000000000000e+04 5.867744523528595657e+00 6.629364354739798237e+00 1.333909640673398289e-01 2.579507303959915010e+00 8.318738014801362046e-02 1.864479439074748779e+00
5.508200000000000000e+04 5.119475061767664315e+00 6.629364354739798237e+00 1.130206550029837359e-01 2.289607336867639287e+00 7.017301316464903682e-02 1.647910851351402695e+00
5.508400000000000000e+04 8.504273105046836534e+00 6.629364354739798237e+00 8.101974624268991343e-02 1.789963214948054659e+00 4.986444254227592049e-02 1.277450196223276269e+00
5.508500000000000000e+04 3.887578810402077423e+00 6.629364354739798237e+00 6.858488622423000725e-02 1.575612685275929348e+00 4.202762805578161287e-02 1.119758855288131238e+00
5.508800000000000000e+04 -2.116977674725408765e-01 6.629364354739798237e+00 4.196589014715486343e-02 1.051594419303563344e+00 2.538464199561750803e-02 7.380645840142919800e-01
5.508900000000000000e+04 1.641420683302037720e+00 6.629364354739798237e+00 3.562436169332934555e-02 9.145429228710391101e-01 2.145658115601357940e-02 6.392275968903607941e-01
5.509000000000000000e+04 -3.777484603644087002e+00 6.629364354739798237e+00 3.024389813533267732e-02 7.928059686971903330e-01 1.813835800367798873e-02 5.518627096597454873e-01
5.509100000000000000e+04 6.422021888204241691e+00 6.629364354739798237e+00 2.568476611502895288e-02 6.844233159974058012e-01 1.533876746194622574e-02 4.744702363933489542e-01
5.509300000000000000e+04 5.175162287450397969e+00 6.629364354739798237e+00 1.849570144702505220e-02 5.055712510432714968e-01 1.095262713745783802e-02 3.476388991564817732e-01
5.509500000000000000e+04 9.177539282923451225e+00 6.629364354739798237e+00 1.333371440287446121e-02 3.705726780379449692e-01 7.830004347216196550e-03 2.527608471713695959e-01
5.509600000000000000e+04 1.001790958228053974e+00 6.629364354739798237e+00 1.131477568343696241e-02 3.166803629857178892e-01 6.616827885050855125e-03 2.151361161587757309e-01
5.509700000000000000e+04 -4.134026700649576114e+00 6.629364354739798237e+00 9.603371256732710914e-03 2.696796234310645524e-01 5.592785077591702451e-03 1.824748788355535223e-01
5.509800000000000000e+04 2.108375784314027168e+00 6.629364354739798237e+00 8.156974366974970372e-03 2.290972925819255157e-01 4.730874821351913062e-03 1.543990379983322947e-01
5.509900000000000000e+04 -1.851069046329079537e+00 6.629364354739798237e+00 6.922525051176041389e-03 1.945539456138256906e-01 3.998454947828823484e-03 1.305994130454626312e-01
5.510100000000000000e+04 -3.742522904399157468e+00 6.629364354739798237e+00 4.987091709119397670e-03 1.401519194632484255e-01 2.857113554350843541e-03 9.334127170379516447e-02
5.510400000000000000e+04 4.571309483711524457e+00 6.629364354739798237e+00 3.051077160374982954e-03 8.528547327978787396e-02 1.726894476100850886e-03 5.613841053171924472e-02
5.510700000000000000e+04 -2.144000020689465913e+01 6.629364354739798237e+00 1.855208563363728398e-03 5.167380924714461143e-02 1.037530654529236849e-03 3.362210244462529585e-02
5.510800000000000000e+04 -8.403160645361169578e-01 6.629364354739798237e+00 1.572218603448912594e-03 4.379838308129065799e-02 8.757902202812570909e-04 2.838889232647826000e-02
5.510900000000000000e+04 -6.238107201250128853e+00 6.629364354739798237e+00 1.331482129531405718e-03 3.718580759344691788e-02 7.387683124515371895e-04 2.401098185151864448e-02
5.511000000000000000e+04 -4.597842480253660491e-01 6.629364354739798237e+00 1.127435049168664999e-03 3.157037155710958748e-02 6.230988444615148105e-04 2.030771359649400851e-02
5.511100000000000000e+04 1.597180077611717230e+01 6.629364354739798237e+00 9.552231054538337608e-04 2.678639591516735613e-02 5.258591276927242816e-04 1.716526492481086630e-02
5.511400000000000000e+04 -1.351622114331455826e+01 6.629364354739798237e+00 5.808402238707360788e-04 1.636879616555509537e-02 3.160519228810185948e-04 1.037181356327150986e-02
