5.497600000000000000e+04 -4.410917636242695394e+00 6.460885135309283989e+00 1.164140563987932975e+00 1.400047905447296692e-18 1.164140563987932975e+00 1.400047905447296692e-18
5.497900000000000000e+04 4.143200633360314633e+00 6.460885135309283989e+00 4.289077145657377521e+00 1.400047905330183781e-18 4.289077145657377521e+00 1.400047905330183781e-18
5.498300000000000000e+04 1.255822657048575763e+01 6.460885135309283989e+00 1.143383206421574805e+01 1.400047905054776955e-18 1.143383206421574805e+01 1.400047905054776955e-18
5.499200000000000000e+04 4.154362283841998504e+01 6.460885135309283989e+00 3.733751665722944324e+01 1.400047903178349573e-18 3.733751665722944324e+01 1.400047903178349573e-18
5.499500000000000000e+04 4.134742342890225331e+01 6.460885135309283989e+00 4.526446668391263017e+01 8.895087593276518713e-04 4.526446668391263017e+01 8.895087593276518713e-04
5.499600000000000000e+04 3.341259592455614325e+01 6.460885135309283989e+00 4.750204251648135312e+01 2.209803768185407968e-01 4.750204251648135312e+01 2.209803768185407968e-01
5.499800000000000000e+04 5.208867454309829981e+01 6.460885135309283989e+00 5.147680622435078135e+01 1.455175704984916107e+00 5.091672227927872996e+01 1.455175704984916107e+00
5.500200000000000000e+04 6.293968194560200402e+01 6.460885135309283989e+00 5.677773260282739187e+01 7.130369544559223449e+00 5.381775602163734362e+01 7.130369544559223449e+00
5.500700000000000000e+04 7.945591200570295598e+01 6.460885135309283989e+00 5.783790634504742911e+01 2.043128833678469647e+01 5.210622193247517231e+01 2.043128833678469647e+01
5.501100000000000000e+04 8.520975556032561826e+01 6.460885135309283989e+00 5.526581345338557583e+01 3.526893370285700513e+01 4.789065290588005297e+01 3.526893370285700513e+01
5.501600000000000000e+04 9.856163916503025746e+01 6.460885135309283989e+00 4.874218549373227916e+01 5.344356235841644320e+01 4.031611703369087962e+01 5.344356235841644320e+01
5.502200000000000000e+04 1.235927118764191022e+02 6.460885135309283989e+00 4.041420660154310696e+01 7.999594237513018413e+01 3.169741694238675578e+01 6.624374161570899844e+01
5.502800000000000000e+04 1.302440705619342225e+02 6.460885135309283989e+00 3.530406356036009896e+01 9.334228141481958119e+01 2.632666932167046880e+01 6.595695408056781162e+01
5.503000000000000000e+04 1.296967822488897184e+02 6.460885135309283989e+00 3.411214213300389275e+01 9.510556057318176215e+01 2.502725028100064719e+01 6.407003541712595052e+01
5.503300000000000000e+04 1.261749400228655560e+02 6.460885135309283989e+00 3.230154937369837853e+01 9.507491868139837266e+01 2.313864568316503068e+01 5.986331613235006444e+01
5.503800000000000000e+04 1.286361498605892848e+02 6.460885135309283989e+00 2.833959738329158284e+01 8.875593164967048665e+01 1.953108020902245556e+01 5.039514629211360131e+01
5.504200000000000000e+04 1.269305445916780855e+02 6.460885135309283989e+00 2.477038792813730339e+01 8.123190340435230894e+01 1.656882135661357935e+01 4.276263603092878185e+01
5.504400000000000000e+04 9.509830200087560570e+01 6.460885135309283989e+00 2.301372471478488535e+01 7.800734309521379828e+01 1.517055024046465839e+01 3.962177117798344028e+01
5.504600000000000000e+04 8.919132431798296068e+01 6.460885135309283989e+00 2.139985906347408573e+01 7.536448582789435591e+01 1.390504162668881349e+01 3.697962994499231826e+01
5.505000000000000000e+04 9.111702113164558625e+01 6.460885135309283989e+00 1.881278301265518493e+01 7.162170388960451817e+01 1.188425964160150627e+01 3.290833665208808867e+01
5.505600000000000000e+04 8.696872783373150639e+01 6.460885135309283989e+00 1.640891070963809995e+01 6.686817927291245667e+01 9.950825172612551839e+00 2.804873291649012756e+01
5.505900000000000000e+04 7.785600229064552025e+01 6.460885135309283989e+00 1.546708756155944187e+01 6.306449465314295821e+01 9.195652533626304859e+00 2.534950343803479100e+01
5.506300000000000000e+04 7.498071616833173891e+01 6.460885135309283989e+00 1.444228363628598011e+01 5.679620605190797278e+01 8.367487622413662507e+00 2.162676340412305720e+01
5.506500000000000000e+04 5.888094629362097976e+01 6.460885135309283989e+00 1.400176805036763739e+01 5.341566750103574179e+01 8.010164788539839265e+00 1.981734343735094583e+01
5.506700000000000000e+04 7.347690351458480507e+01 6.460885135309283989e+00 1.357617597322936476e+01 5.018089929336203880e+01 7.670155917078735897e+00 1.815123319589164907e+01
5.507000000000000000e+04 5.687890703395475356e+01 6.460885135309283989e+00 1.298242149794489109e+01 4.591538340572098065e+01 7.200455628366551508e+00 1.600731536944672584e+01
5.507400000000000000e+04 5.207591353884541974e+01 6.460885135309283989e+00 1.219704921970799916e+01 4.189595835258837297e+01 6.603708294373577203e+00 1.393373631521496847e+01
5.507900000000000000e+04 5.416130114609708102e+01 6.460885135309283989e+00 1.110854970305285683e+01 3.849642195111499632e+01 5.840457257125583723e+00 1.210655448490942732e+01
5.508300000000000000e+04 4.277553513800399543e+01 6.460885135309283989e+00 1.003192048306659601e+01 3.636516102920283089e+01 5.155149271873892936e+00 1.095930354686360708e+01
5.509100000000000000e+04 4.427805824459188244e+01 6.460885135309283989e+00 7.031757671218587191e+00 3.304499902956592194e+01 3.457107999615824934e+00 9.191932970672024084e+00
