5.497400000000000000e+04 3.995172126849255712e+00 8.006188249399919243e+00 2.872527343123094101e-01 1.361878181083838162e-18 2.872527343123094101e-01 1.361878181083838162e-18
5.497600000000000000e+04 -5.860310228378756925e+00 8.006188249399919243e+00 1.958814406946931541e+00 1.361877894807208667e-18 1.958814406946931541e+00 1.361877894807208667e-18
5.498000000000000000e+04 1.054354880945952289e+01 8.006188249399919243e+00 9.740658635389692677e+00 1.361876957650400692e-18 9.740658635389692677e+00 1.361876957650400692e-18
5.498100000000000000e+04 6.798421591540064313e+00 8.006188249399919243e+00 1.261836908227294352e+01 1.361876613660269607e-18 1.261836908227294352e+01 1.361876613660269607e-18
5.498500000000000000e+04 3.132143444923040221e+01 8.006188249399919243e+00 2.761301931683333422e+01 1.172809985443463487e+00 2.761301931683333422e+01 1.172809985443463487e+00
5.498700000000000000e+04 3.607796932248496091e+01 8.006188249399919243e+00 3.698113532148148863e+01 4.188406388058739438e+00 3.698113532148148863e+01 4.188406388058739438e+00
5.498800000000000000e+04 5.456227274463400789e+01 8.006188249399919243e+00 4.209516568424355398e+01 6.387348154830737812e+00 4.209516568424355398e+01 6.387348154830737812e+00
5.498900000000000000e+04 5.952378175139546101e+01 8.006188249399919243e+00 4.711547825657126509e+01 9.046702486275524535e+00 4.711547825657126509e+01 9.046702486275524535e+00
5.499300000000000000e+04 9.112544557980430682e+01 8.006188249399919243e+00 6.549985504210982867e+01 2.434500671405781702e+01 6.549985504210982867e+01 2.434500671405781702e+01
5.499500000000000000e+04 9.774858517026179072e+01 8.006188249399919243e+00 6.925870503056015082e+01 3.451627414604166688e+01 6.925870503056015082e+01 3.451627414604166688e+01
5.499700000000000000e+04 1.292185088390774581e+02 8.006188249399919243e+00 7.337964952375278926e+01 4.622641915185185724e+01 6.841287481237441170e+01 4.622641915185185724e+01
5.499900000000000000e+04 1.349780820862560518e+02 8.006188249399919243e+00 7.449275123973598056e+01 5.889434782071408847e+01 6.504780932565140006e+01 5.889434782071408847e+01
5.500000000000000000e+04 1.527347453746228041e+02 8.006188249399919243e+00 7.468023071302394555e+01 6.489662410672829651e+01 6.320798198309262261e+01 6.489662410672829651e+01
5.500200000000000000e+04 1.472556640151784961e+02 8.006188249399919243e+00 7.416903516007400299e+01 7.673977432222363859e+01 5.914124484496770862e+01 7.673977432222363859e+01
5.500300000000000000e+04 1.431749880815828817e+02 8.006188249399919243e+00 7.262984183285938400e+01 8.187481880263729295e+01 5.628475033544589223e+01 8.187481880263729295e+01
5.500500000000000000e+04 1.620938343790479337e+02 8.006188249399919243e+00 6.815857954629125004e+01 9.016617661166051789e+01 5.000629460476246635e+01 8.657338128820018142e+01
5.500700000000000000e+04 1.661619570310649863e+02 8.006188249399919243e+00 6.396091782985457996e+01 9.616284715814379069e+01 4.455343955827151348e+01 8.551609351546802884e+01
5.500900000000000000e+04 1.556005228649607091e+02 8.006188249399919243e+00 5.938955881321963659e+01 9.818153720090508330e+01 3.937777404403901471e+01 8.130976165706424297e+01
5.501000000000000000e+04 1.557964733493705864e+02 8.006188249399919243e+00 5.693698496722542046e+01 9.868346187110336132e+01 3.686434766411487374e+01 7.900997747886577827e+01
5.501300000000000000e+04 1.446546652925484011e+02 8.006188249399919243e+00 4.956863428057519627e+01 9.663388073216866303e+01 2.997981993502793685e+01 7.035593791930737950e+01
5.501600000000000000e+04 1.231351841507835729e+02 8.006188249399919243e+00 4.016516095122278784e+01 8.842951499371818613e+01 2.279133005233092391e+01 5.903171895441801809e+01
5.501700000000000000e+04 1.182095238125110797e+02 8.006188249399919243e+00 3.727386199105087883e+01 8.573752524994873170e+01 2.072381963252022885e+01 5.569179944783939362e+01
5.501800000000000000e+04 1.177188481908387274e+02 8.006188249399919243e+00 3.458992642115606486e+01 8.289117166417459259e+01 1.885112345149930135e+01 5.242958359530334889e+01
5.501900000000000000e+04 1.030421611771970731e+02 8.006188249399919243e+00 3.197782416753206647e+01 7.986304798306663599e+01 1.708947422377729097e+01 4.922221755504877194e+01
5.502000000000000000e+04 1.016315153745643443e+02 8.006188249399919243e+00 2.946425536239192411e+01 7.667784314135894874e+01 1.544652967884242400e+01 4.608043458014359572e+01
5.502200000000000000e+04 8.268681243772684297e+01 8.006188249399919243e+00 2.488790928625465071e+01 7.035557922598644609e+01 1.256901635586821442e+01 4.027222623124582412e+01
5.502300000000000000e+04 8.653967563295844911e+01 8.006188249399919243e+00 2.281093034977840972e+01 6.702363494224682938e+01 1.131270102647213349e+01 3.747477491878492373e+01
5.502400000000000000e+04 8.183482154160603272e+01 8.006188249399919243e+00 2.089841979632365110e+01 6.310622100683629299e+01 1.018094207449878574e+01 3.448427377422747497e+01
5.502500000000000000e+04 7.415725147612265289e+01 8.006188249399919243e+00 1.916205883596395410e+01 5.874592051065860687e+01 9.172838121572022274e+00 3.138975180906150086e+01
5.502800000000000000e+04 5.259525448627959321e+01 8.006188249399919243e+00 1.476191175800478916e+01 4.703355301149075984e+01 6.716370971383953226e+00 2.356390431437412758e+01
5.502900000000000000e+04 5.394050683348226727e+01 8.006188249399919243e+00 1.356504215937068558e+01 4.352475466368279200e+01 6.071543353043900915e+00 2.136184277972161283e+01
5.503100000000000000e+04 4.940519744127661994e+01 8.006188249399919243e+00 1.154884237254629475e+01 3.696103828367743205e+01 5.006434182654020404e+00 1.743034109109994390e+01
5.503300000000000000e+04 3.053789697783852120e+01 8.006188249399919243e+00 9.975039339149049056e+00 3.115942088978918179e+01 4.192249869357422831e+00 1.414087628309016509e+01
5.503400000000000000e+04 4.976215394146072413e+01 8.006188249399919243e+00 9.360276457796185667e+00 2.857026869656221635e+01 3.874767751706000407e+00 1.272617759312348085e+01
5.503500000000000000e+04 3.482165294800952893e+01 8.006188249399919243e+00 8.821647945612079766e+00 2.621711795621803276e+01 3.597735703756966164e+00 1.146604765196502740e+01
5.503700000000000000e+04 3.439017224197048961e+01 8.006188249399919243e+00 7.940737259979585794e+00 2.203350085571094041e+01 3.145344712025503142e+00 9.298797575737893339e+00
5.503800000000000000e+04 3.748376900290294600e+01 8.006188249399919243e+00 7.588186134737108901e+00 2.024146301500838874e+01 2.963093496324381348e+00 8.395463714229940422e+00
5.503900000000000000e+04 3.553901176644782822e+01 8.006188249399919243e+00 7.277762216794528172e+00 1.861307509167520990e+01 2.802157021713587159e+00 7.589429191304875921e+00
5.504000000000000000e+04 2.621554136580748917e+01 8.006188249399919243e+00 6.987950762854056030e+00 1.716135117434020430e+01 2.653484246384680389e+00 6.881055001740258525e+00
5.504100000000000000e+04 2.121424074960267703e+01 8.006188249399919243e+00 6.710550378731560350e+00 1.586726733764908737e+01 2.513503025968822246e+00 6.258042728317525949e+00
5.504300000000000000e+04 2.588369579044537261e+01 8.006188249399919243e+00 6.188922793573758518e+00 1.372175785364051492e+01 2.256754227528354306e+00 5.240312336696778317e+00
5.504400000000000000e+04 1.965890344173196169e+01 8.006188249399919243e+00 5.918551169910934995e+00 1.288360277442245483e+01 2.129971270706062736e+00 4.843459689632500620e+00
5.504500000000000000e+04 1.305764163797196353e+01 8.006188249399919243e+00 5.638441593079695835e+00 1.214910375462430281e+01 2.002998789726357476e+00 4.497169629696206705e+00
5.504600000000000000e+04 1.032968961417645914e+01 8.006188249399919243e+00 5.367481863503651418e+00 1.150539350756582380e+01 1.882468299899572761e+00 4.194456255036756787e+00
5.504700000000000000e+04 9.276047297209668585e+00 8.006188249399919243e+00 5.105406019451808497e+00 1.094776543829376791e+01 1.768044749775525615e+00 3.931680890031879372e+00
5.504900000000000000e+04 -1.535144191957934723e+00 8.006188249399919243e+00 4.591423640587532162e+00 1.004398157470463993e+01 1.551051834533994978e+00 3.502696277141983838e+00
5.505000000000000000e+04 5.928707514451502902e+00 8.006188249399919243e+00 4.310990513280760439e+00 9.648732090916293913e+00 1.438675292267899364e+00 3.316855307980851375e+00
5.505100000000000000e+04 1.485095432400246374e+01 8.006188249399919243e+00 4.018782061533750394e+00 9.270113347651260938e+00 1.325106192803267691e+00 3.141878782461027253e+00
5.505300000000000000e+04 2.551833726172203498e+00 8.006188249399919243e+00 3.443175421135909797e+00 8.557329936509077584e+00 1.108770342350714921e+00 2.820942784410442883e+00
5.505400000000000000e+04 2.916677359769476396e+00 8.006188249399919243e+00 3.160262715779892151e+00 8.187077071776428738e+00 1.005908494057323077e+00 2.662464088382578531e+00
5.505500000000000000e+04 2.379838262006505545e+01 8.006188249399919243e+00 2.891345760373205565e+00 7.802932160227740610e+00 9.098004280595362037e-01 2.503748487157946734e+00
5.505700000000000000e+04 8.973875926806412551e+00 8.006188249399919243e+00 2.395330986202931278e+00 7.071073971133492897e+00 7.368888778080757707e-01 2.210055937219407074e+00
5.505800000000000000e+04 8.882664730362355598e+00 8.006188249399919243e+00 2.160839557270160416e+00 6.720796356711362662e+00 6.574095826676078502e-01 2.073679838540994247e+00
5.505900000000000000e+04 -5.902383866883452512e+00 8.006188249399919243e+00 1.937442411446422152e+00 6.364159558572298536e+00 5.830050588127172473e-01 1.938814793167494166e+00
5.506100000000000000e+04 1.374085148508537912e+01 8.006188249399919243e+00 1.529817268705894628e+00 5.574556114849246846e+00 4.505027589097987395e-01 1.656382741004084558e+00
5.506300000000000000e+04 4.706283186218135128e+00 8.006188249399919243e+00 1.184626120518386116e+00 4.779493156995550329e+00 3.415482990769190819e-01 1.385962927938393818e+00
5.506400000000000000e+04 1.193915003196204161e+01 8.006188249399919243e+00 1.039252031650214292e+00 4.388275805325072554e+00 2.965309531914898100e-01 1.257385617571653791e+00
5.506700000000000000e+04 1.386095059920484651e+01 8.006188249399919243e+00 6.865582497918558680e-01 3.329356061046612414e+00 1.899928740845295005e-01 9.211110972600947688e-01
5.506800000000000000e+04 -9.732545094528727958e+00 8.006188249399919243e+00 5.949373082042545002e-01 3.004361792790968266e+00 1.630009885761951050e-01 8.217619783345098128e-01
5.506900000000000000e+04 6.714667907327902974e+00 8.006188249399919243e+00 5.142931593994553019e-01 2.694576506200028199e+00 1.395185175518027509e-01 7.287563235158966979e-01
5.507000000000000000e+04 -1.295979683808033300e+01 8.006188249399919243e+00 4.435562508170823315e-01 2.400867582339726081e+00 1.191554736916271978e-01 6.421148923080304272e-01
5.507200000000000000e+04 8.389798488661657672e+00 8.006188249399919243e+00 3.286440098196738435e-01 1.877848752314764003e+00 8.659693020465177027e-02 4.913262041639884781e-01
5.507400000000000000e+04 1.113807781427146182e+01 8.006188249399919243e+00 2.421163625307574119e-01 1.447441715265959994e+00 6.259957145868536021e-02 3.706636914893623458e-01
5.507600000000000000e+04 -2.796642106571809006e+00 8.006188249399919243e+00 1.756845421308929622e-01 1.102081567941130658e+00 4.458659039435906163e-02 2.763494403062012883e-01
5.507800000000000000e+04 9.579031719400628475e+00 8.006188249399919243e+00 1.270387779013982810e-01 8.294712806171127273e-01 3.165759871947924908e-02 2.037512357202438951e-01
5.508000000000000000e+04 3.722376590422919573e+00 8.006188249399919243e+00 9.163479148900932625e-02 6.187147971437743088e-01 2.242927217941729015e-02 1.489443421145340285e-01
5.508200000000000000e+04 8.251466441865455081e+00 8.006188249399919243e+00 6.591207404844731665e-02 4.586389915963868802e-01 1.585148843184322476e-02 1.082461627558146955e-01
5.508300000000000000e+04 -1.687606169114628329e+01 8.006188249399919243e+00 5.588724624955546116e-02 3.939684810245960844e-01 1.332425287277213925e-02 9.208098189192380489e-02
5.508400000000000000e+04 -8.602995359290034116e+00 8.006188249399919243e+00 4.733186475171415053e-02 3.380376858769010284e-01 1.118771474028273233e-02 7.824946432335670721e-02
5.508600000000000000e+04 2.081964672457689858e+01 8.006188249399919243e+00 3.404016009327107822e-02 2.453934468829536697e-01 7.910245647124551638e-03 5.573323799294881836e-02
5.508900000000000000e+04 1.007513055294712068e+01 8.006188249399919243e+00 2.099478731194201475e-02 1.508235159140642878e-01 4.758348966942117439e-03 3.331275889874418111e-02
5.509000000000000000e+04 -1.041191909236283308e+01 8.006188249399919243e+00 1.786428141303119874e-02 1.280991807346970324e-01 4.015798901434460173e-03 2.803659022427161529e-02
5.509200000000000000e+04 -5.789311680719718467e+00 8.006188249399919243e+00 1.293188537733991512e-02 9.217640523116836515e-02 2.860340487345981557e-03 1.981436053980403095e-02
5.509300000000000000e+04 1.040331495639639137e+01 8.006188249399919243e+00 1.100347474734802815e-02 7.817172607294504971e-02 2.414419350363810127e-03 1.665531609096517277e-02
5.509500000000000000e+04 -3.631569412921607842e+00 8.006188249399919243e+00 7.961657311403233517e-03 5.608295650192050841e-02 1.719580412830072277e-03 1.174143337211776446e-02
5.509600000000000000e+04 7.050234712363528722e+00 8.006188249399919243e+00 6.774755010233220881e-03 4.763945440980760226e-02 1.451847290194205504e-03 9.887807058905687813e-03
5.509700000000000000e+04 5.705528127479769118e+00 8.006188249399919243e+00 5.763669154157030801e-03 4.057186850935867728e-02 1.225634575374692737e-03 8.348980041024522958e-03
5.509800000000000000e+04 2.986933217506715810e+00 8.006188249399919243e+00 4.900758960511665714e-03 3.454896806673920379e-02 1.034155386379047173e-03 7.049371162362620333e-03
5.510000000000000000e+04 -3.747998006711216856e+00 8.006188249399919243e+00 3.547876185099253787e-03 2.501842715593668651e-02 7.373742460977353481e-04 5.019748626793075000e-03
5.510100000000000000e+04 1.378649816466910494e+01 8.006188249399919243e+00 3.017400806735578891e-03 2.129796892392879157e-02 6.224268341795411233e-04 4.237980086345396677e-03
5.510200000000000000e+04 1.630761896907419572e+00 8.006188249399919243e+00 2.568080931493035412e-03 1.811668156172760794e-02 5.258043306838589264e-04 3.575425609182477163e-03
5.510600000000000000e+04 -2.778574503353450353e-01 8.006188249399919243e+00 1.342016160928833106e-03 9.496896086982845736e-03 2.668395524086519138e-04 1.814809112742756881e-03
5.510900000000000000e+04 6.463884065904036191e+00 8.006188249399919243e+00 8.241090216495175263e-04 5.849113176233492611e-03 1.603886617199637324e-04 1.091761675451888552e-03
5.511100000000000000e+04 -1.208558124906866205e+01 8.006188249399919243e+00 5.956966133285825256e-04 4.232891489192241313e-03 1.143196079927424701e-04 7.780335427244262957e-04
5.511200000000000000e+04 -1.016999673931389303e+01 8.006188249399919243e+00 5.061136158962683228e-04 3.603074176011143107e-03 9.645587389153405797e-05 6.572554133548237122e-04
5.511400000000000000e+04 1.496579368261156695e+01 8.006188249399919243e+00 3.658262171907596572e-04 2.606955420062002753e-03 6.876820444588222371e-05 4.684556010893086439e-04
5.511500000000000000e+04 -2.276984158491817922e+01 8.006188249399919243e+00 3.108655415704915360e-04 2.216871442381558935e-03 5.804061642466235168e-05 3.954109412969871438e-04
5.511700000000000000e+04 -3.552019604624042426e+00 8.006188249399919243e+00 2.247295495490381483e-04 1.601695357951609527e-03 4.139733072045060849e-05 2.815177709731275248e-04
5.511800000000000000e+04 7.428821157389938756e-01 8.006188249399919243e+00 1.909661222842456236e-04 1.361940284328262609e-03 3.494412016400036890e-05 2.376444397711154283e-04
5.511900000000000000e+04 2.128434259788769545e+00 8.006188249399919243e+00 1.624453023742535322e-04 1.157304437223113458e-03 2.952906681710418518e-05 2.004858271499546790e-04
5.512000000000000000e+04 1.672759866399516682e+00 8.006188249399919243e+00 1.393407997230628143e-04 9.841767763780304590e-04 2.516312410348764490e-05 1.692770513206106697e-04
