5.497400000000000000e+04 3.366997105576107874e+00 6.649824493487038524e+00 2.872527343123094101e-01 8.716020358936565545e-19 2.872527343123094101e-01 8.716020358936565545e-19
5.497600000000000000e+04 -4.535637746549942229e+00 6.649824493487038524e+00 1.958814406946931541e+00 8.716018526766135158e-19 1.958814406946931541e+00 8.716018526766135158e-19
5.498000000000000000e+04 1.040752763456789864e+01 6.649824493487038524e+00 9.740658635389692677e+00 8.716012528962566048e-19 9.740658635389692677e+00 8.716012528962566048e-19
5.498100000000000000e+04 7.784404632638038279e+00 6.649824493487038524e+00 1.261836908227294352e+01 8.716010327425725717e-19 1.261836908227294352e+01 8.716010327425725717e-19
5.498500000000000000e+04 3.046965477369376174e+01 6.649824493487038524e+00 2.761301931683333422e+01 7.505983906838168407e-01 2.761301931683333422e+01 7.505983906838168407e-01
5.498700000000000000e+04 3.543272881658228357e+01 6.649824493487038524e+00 3.698113532148148863e+01 2.680580088357593205e+00 3.698113532148148863e+01 2.680580088357593205e+00
5.498800000000000000e+04 5.123282856708556920e+01 6.649824493487038524e+00 4.209516568424355398e+01 4.087902819091672413e+00 4.209516568424355398e+01 4.087902819091672413e+00
5.498900000000000000e+04 5.569746516396714497e+01 6.649824493487038524e+00 4.711547825657126509e+01 5.789889591216336839e+00 4.711547825657126509e+01 5.789889591216336839e+00
5.499300000000000000e+04 8.214429379424477418e+01 6.649824493487038524e+00 6.549985504210982867e+01 1.558080429699700353e+01 6.549985504210982867e+01 1.558080429699700353e+01
5.499500000000000000e+04 8.634368453593167203e+01 6.649824493487038524e+00 6.925870503056015082e+01 2.209041545346666879e+01 6.925870503056015082e+01 2.209041545346666879e+01
5.499700000000000000e+04 1.126177860940665454e+02 6.649824493487038524e+00 7.504892366917474078e+01 2.958490825718519801e+01 6.841287481237441170e+01 2.958490825718519801e+01
5.499900000000000000e+04 1.166809144959200495e+02 6.649824493487038524e+00 7.766708433482776286e+01 3.769238260525701634e+01 6.504780932565140006e+01 3.769238260525701634e+01
5.500000000000000000e+04 1.309985111720755242e+02 6.649824493487038524e+00 7.853591761399258075e+01 4.153383942830611630e+01 6.320798198309262261e+01 4.153383942830611630e+01
5.500200000000000000e+04 1.252989030972877487e+02 6.649824493487038524e+00 7.921969746983425864e+01 4.911345556622313779e+01 5.914124484496770862e+01 4.911345556622313779e+01
5.500300000000000000e+04 1.211128548742666453e+02 6.649824493487038524e+00 7.812323346559890069e+01 5.239988403368787573e+01 5.628475033544589223e+01 5.239988403368787573e+01
5.500500000000000000e+04 1.354231436195024116e+02 6.649824493487038524e+00 7.425934748807226526e+01 5.803325411920697263e+01 5.000629460476246635e+01 5.540696402444812918e+01
5.500700000000000000e+04 1.380117250969879308e+02 6.649824493487038524e+00 7.048354138118553180e+01 6.251294848855524577e+01 4.455343955827151348e+01 5.473029984989954499e+01
5.500900000000000000e+04 1.288498650908161665e+02 6.649824493487038524e+00 6.611528261994149602e+01 6.437131210866463960e+01 3.937777404403901471e+01 5.203824746052112715e+01
5.501000000000000000e+04 1.287768313184160149e+02 6.649824493487038524e+00 6.368316058975845095e+01 6.494746564726733595e+01 3.686434766411487374e+01 5.056638558647409809e+01
5.501300000000000000e+04 1.191032409468747488e+02 6.649824493487038524e+00 5.615220273830733078e+01 6.423665986283769769e+01 2.997981993502793685e+01 4.502780026835672089e+01
5.501600000000000000e+04 1.007394594092660327e+02 6.649824493487038524e+00 4.600429971062996515e+01 5.926973484524224034e+01 2.279133005233092391e+01 3.778030013082754124e+01
5.501700000000000000e+04 9.645359188118413840e+01 6.649824493487038524e+00 4.283613518041931911e+01 5.760581521126274396e+01 2.072381963252022885e+01 3.564275164661721362e+01
5.501800000000000000e+04 9.589901084266746523e+01 6.649824493487038524e+00 3.987955166164677223e+01 5.582198737225386509e+01 1.885112345149930135e+01 3.355493350099414585e+01
5.501900000000000000e+04 8.357383689357507706e+01 6.649824493487038524e+00 3.698162222025406010e+01 5.390029711148059732e+01 1.708947422377729097e+01 3.150221923523121603e+01
5.502000000000000000e+04 8.228683676571610306e+01 6.649824493487038524e+00 3.417544691443887217e+01 5.185781514606369313e+01 1.544652967884242400e+01 2.949147813129190610e+01
5.502200000000000000e+04 6.636354259779474773e+01 6.649824493487038524e+00 2.902814327387763882e+01 4.776479337711666062e+01 1.256901635586821442e+01 2.577422478799732986e+01
5.502300000000000000e+04 6.952237780381145171e+01 6.649824493487038524e+00 2.667534902042129019e+01 4.558371661481128001e+01 1.131270102647213349e+01 2.398385594802235588e+01
5.502400000000000000e+04 6.569045031690291125e+01 6.649824493487038524e+00 2.450043710228132809e+01 4.299223379980488602e+01 1.018094207449878574e+01 2.206993521550558768e+01
5.502500000000000000e+04 5.949048799906272222e+01 6.649824493487038524e+00 2.251931758845931597e+01 4.008647088627285626e+01 9.172838121572022274e+00 2.008944115779936368e+01
5.502800000000000000e+04 4.206128992861663107e+01 6.649824493487038524e+00 1.746592271108397298e+01 3.223692919193993589e+01 6.716370971383953226e+00 1.508089876119944250e+01
5.502900000000000000e+04 4.334016443957734310e+01 6.649824493487038524e+00 1.608351834221329213e+01 2.987240094316270955e+01 6.071543353043900915e+00 1.367157937902183562e+01
5.503100000000000000e+04 3.992342811131143065e+01 6.649824493487038524e+00 1.374766826556793831e+01 2.543212263647338389e+01 5.006434182654020404e+00 1.115541829830396736e+01
5.503300000000000000e+04 2.460772565343508234e+01 6.649824493487038524e+00 1.191856637858315260e+01 2.149051188596858353e+01 4.192249869357422831e+00 9.050160821177707149e+00
5.503400000000000000e+04 4.075764793891261917e+01 6.649824493487038524e+00 1.120389095405789703e+01 1.972659336354884729e+01 3.874767751706000407e+00 8.144753659599029305e+00
5.503500000000000000e+04 2.851813724676610207e+01 6.649824493487038524e+00 1.057734296904548010e+01 1.812112516592796041e+01 3.597735703756966164e+00 7.338270497257618707e+00
5.503700000000000000e+04 2.848036820440858463e+01 6.649824493487038524e+00 9.552411890421453222e+00 1.526014511597255030e+01 3.145344712025503142e+00 5.951230448472252910e+00
5.503800000000000000e+04 3.119357724284978062e+01 6.649824493487038524e+00 9.142624982908879261e+00 1.403237954309306801e+01 2.963093496324381348e+00 5.373096777107163824e+00
5.503900000000000000e+04 2.971098168400261841e+01 6.649824493487038524e+00 8.781960106050380688e+00 1.291538702059498789e+01 2.802157021713587159e+00 4.857234682435121798e+00
5.504000000000000000e+04 2.207955012820041318e+01 6.649824493487038524e+00 8.444713614119246259e+00 1.191864784429429669e+01 2.653484246384680389e+00 4.403875201113765847e+00
5.504100000000000000e+04 1.801793567576799049e+01 6.649824493487038524e+00 8.121128276905263732e+00 1.102937476175411469e+01 2.513503025968822246e+00 4.005147346123217211e+00
5.504300000000000000e+04 2.202521268573057256e+01 6.649824493487038524e+00 7.510478069214364005e+00 9.553634382281243731e+00 2.256754227528354306e+00 3.353799895485938709e+00
5.504400000000000000e+04 1.688051369905919330e+01 6.649824493487038524e+00 7.191847995539021099e+00 8.977061927152464094e+00 2.129971270706062736e+00 3.099814201364801125e+00
5.504500000000000000e+04 1.140334126525058700e+01 6.649824493487038524e+00 6.860270854812774211e+00 8.471660216350603179e+00 2.002998789726357476e+00 2.878188563005573020e+00
5.504600000000000000e+04 9.132736968086833329e+00 6.649824493487038524e+00 6.538753639701166520e+00 8.028659051240918387e+00 1.882468299899572761e+00 2.684452003223524841e+00
5.504700000000000000e+04 8.243021064944310083e+00 6.649824493487038524e+00 6.227053608709400834e+00 7.644949043260708343e+00 1.768044749775525615e+00 2.516275769620402780e+00
5.504900000000000000e+04 -7.944421751376644636e-01 6.649824493487038524e+00 5.613256589178528877e+00 7.023326359222935800e+00 1.551051834533994978e+00 2.241725617370870172e+00
5.505000000000000000e+04 5.357209363132335866e+00 6.649824493487038524e+00 5.276341634392520241e+00 6.751313037761470959e+00 1.438675292267899364e+00 2.122787397107745111e+00
5.505100000000000000e+04 1.271198627263082059e+01 6.649824493487038524e+00 4.924094612456942244e+00 6.490468053777732393e+00 1.325106192803267691e+00 2.010802420775057886e+00
5.505300000000000000e+04 2.378444205569797631e+00 6.649824493487038524e+00 4.227741315383275911e+00 5.998633277108568862e+00 1.108770342350714921e+00 1.805403382022683800e+00
5.505400000000000000e+04 2.624331571401834928e+00 6.649824493487038524e+00 3.884315649802353221e+00 5.742402545823545701e+00 1.005908494057323077e+00 1.703977016564850455e+00
5.505500000000000000e+04 1.991743849890547935e+01 6.649824493487038524e+00 3.557319673712786567e+00 5.476038451208683711e+00 9.098004280595362037e-01 1.602399031781086114e+00
5.505700000000000000e+04 7.511407640076598113e+00 6.649824493487038524e+00 2.952713733376959304e+00 4.967781416129282590e+00 7.368888778080757707e-01 1.414435799820420669e+00
5.505800000000000000e+04 7.391120364649793828e+00 6.649824493487038524e+00 2.666124562508484175e+00 4.724141282093135885e+00 6.574095826676078502e-01 1.327155096666236656e+00
5.505900000000000000e+04 -4.929257848988338964e+00 6.649824493487038524e+00 2.392652761367392245e+00 4.475715173731297014e+00 5.830050588127172473e-01 1.240841467627196382e+00
5.506100000000000000e+04 1.132894757262991803e+01 6.649824493487038524e+00 1.892562090180064605e+00 3.924222483615309454e+00 4.505027589097987395e-01 1.060084954242614286e+00
5.506300000000000000e+04 3.790880058120688290e+00 6.649824493487038524e+00 1.467974589432598176e+00 3.367645985414979393e+00 3.415482990769190819e-01 8.870162738805721370e-01
5.506400000000000000e+04 9.790701072522288939e+00 6.649824493487038524e+00 1.288871788046810796e+00 3.093369800925080515e+00 2.965309531914898100e-01 8.047267952458585505e-01
5.506700000000000000e+04 1.138050230066905222e+01 6.649824493487038524e+00 8.534479903877064677e-01 2.349909155774841718e+00 1.899928740845295005e-01 5.895111022464607498e-01
5.506800000000000000e+04 -8.211749692169000525e+00 6.649824493487038524e+00 7.401059886302138180e-01 2.121381834118450715e+00 1.630009885761951050e-01 5.259276661340864800e-01
5.506900000000000000e+04 5.455510851481194301e+00 6.649824493487038524e+00 6.402504770452228655e-01 1.903394916011759364e+00 1.395185175518027509e-01 4.664040470501739089e-01
5.507000000000000000e+04 -1.087759369171171997e+01 6.649824493487038524e+00 5.525835092449212782e-01 1.696580557698863068e+00 1.191554736916271978e-01 4.109535310771395000e-01
5.507200000000000000e+04 6.873737774204098372e+00 6.649824493487038524e+00 4.099931660539237743e-01 1.327980048272228375e+00 8.659693020465177027e-02 3.144487706649526926e-01
5.507400000000000000e+04 9.174590579334648055e+00 6.649824493487038524e+00 3.024498295026383232e-01 1.024336524704682505e+00 6.259957145868536021e-02 2.372247625531919146e-01
5.507600000000000000e+04 -2.383935813733570885e+00 6.649824493487038524e+00 2.197450107585985912e-01 7.804638785172514082e-01 4.458659039435906163e-02 1.768636417959688623e-01
5.507800000000000000e+04 7.908632003459547199e+00 6.649824493487038524e+00 1.590952623647429731e-01 5.877946048848456950e-01 3.165759871947924908e-02 1.304007908609561006e-01
5.508000000000000000e+04 3.055361056209131121e+00 6.649824493487038524e+00 1.148939467390650837e-01 4.387209216946760804e-01 2.242927217941729015e-02 9.532437895330177213e-02
5.508200000000000000e+04 6.826011797056001029e+00 6.649824493487038524e+00 8.273684387000571072e-02 3.254104804458322064e-01 1.585148843184322476e-02 6.927754416372142177e-02
5.508300000000000000e+04 -1.404085701351224102e+01 6.649824493487038524e+00 7.019216413376362651e-02 2.796079530780299360e-01 1.332425287277213925e-02 5.893182841083124957e-02
5.508400000000000000e+04 -7.166145060051997362e+00 6.649824493487038524e+00 5.947948541671314177e-02 2.399817171440162267e-01 1.118771474028273233e-02 5.007965716694829511e-02
5.508600000000000000e+04 1.727753549616376461e+01 6.649824493487038524e+00 4.282211481070875847e-02 1.743085999513231121e-01 7.910245647124551638e-03 3.566927231548724930e-02
5.508900000000000000e+04 8.359219102731344719e+00 6.649824493487038524e+00 2.645166190723123242e-02 1.072191132811420866e-01 4.758348966942117439e-03 2.132016569519628105e-02
5.509000000000000000e+04 -8.655618424215532514e+00 6.649824493487038524e+00 2.251859233979373182e-02 9.108796583327515017e-02 4.015798901434460173e-03 1.794341774353383490e-02
5.509200000000000000e+04 -4.813926432070896766e+00 6.649824493487038524e+00 1.631681231006515409e-02 6.557697358299816037e-02 2.860340487345981557e-03 1.268119074547458328e-02
5.509300000000000000e+04 8.636293040245474728e+00 6.649824493487038524e+00 1.389015452264300184e-02 5.562715683347894957e-02 2.414419350363810127e-03 1.065940229821771279e-02
5.509500000000000000e+04 -3.019536529952623560e+00 6.649824493487038524e+00 1.005954541505592326e-02 3.992763653082274239e-02 1.719580412830072277e-03 7.514517358155370884e-03
5.509600000000000000e+04 5.853115532090920503e+00 6.649824493487038524e+00 8.563721241210521876e-03 3.392419589208423708e-02 1.451847290194205504e-03 6.328196517699642178e-03
5.509700000000000000e+04 4.736630486653974792e+00 6.649824493487038524e+00 7.288848819753298777e-03 2.889789046903605205e-02 1.225634575374692737e-03 5.343347226255695630e-03
5.509800000000000000e+04 2.478951028316685345e+00 6.649824493487038524e+00 6.200278619035576311e-03 2.461347156056672980e-02 1.034155386379047173e-03 4.511597543912077707e-03
5.510000000000000000e+04 -3.114435964972203763e+00 6.649824493487038524e+00 4.492452594350452612e-03 1.783143217801746311e-02 7.373742460977353481e-04 3.212639121147568746e-03
5.510100000000000000e+04 1.144967582592481037e+01 6.649824493487038524e+00 3.822323188696562148e-03 1.518295355350032794e-02 6.224268341795411233e-04 2.712307255261054220e-03
5.510200000000000000e+04 1.353479068267236407e+00 6.649824493487038524e+00 3.254465904767745322e-03 1.291775529533242817e-02 5.258043306838589264e-04 2.288272389876785419e-03
5.510600000000000000e+04 -2.313066740009454281e-01 6.649824493487038524e+00 1.703370282800629326e-03 6.776990855060120895e-03 2.668395524086519138e-04 1.161477832155364534e-03
5.510900000000000000e+04 5.368489671579755651e+00 6.649824493487038524e+00 1.047177572369643265e-03 4.176294101872600299e-03 1.603886617199637324e-04 6.987274722892087252e-04
5.511100000000000000e+04 -1.003833915830099599e+01 6.649824493487038524e+00 7.574817225599117044e-04 3.023401001417070234e-03 1.143196079927424701e-04 4.979414673436328770e-04
5.511200000000000000e+04 -8.447247854332546879e+00 6.649824493487038524e+00 6.437947302890440230e-04 2.574001488256535703e-03 9.645587389153405797e-05 4.206434645470872170e-04
5.511400000000000000e+04 1.243023193735436038e+01 6.649824493487038524e+00 4.656638964052915242e-04 1.863029187308136653e-03 6.876820444588222371e-05 2.998115846971575321e-04
5.511500000000000000e+04 -1.891242116651083904e+01 6.649824493487038524e+00 3.958370040161972173e-04 1.584528683415651739e-03 5.804061642466235168e-05 2.530630024300718631e-04
5.511700000000000000e+04 -2.950341707400640612e+00 6.649824493487038524e+00 2.863453365933568348e-04 1.145205283750011602e-03 4.139733072045060849e-05 1.801713734228016527e-04
5.511800000000000000e+04 6.169546921359697622e-01 6.649824493487038524e+00 2.434032690023445970e-04 9.739391580917216261e-04 3.494412016400036890e-05 1.520924414535138741e-04
5.511900000000000000e+04 1.767785485157940650e+00 6.649824493487038524e+00 2.071168746551687949e-04 8.277338054043889993e-04 2.952906681710418518e-05 1.283109293759710076e-04
5.512000000000000000e+04 1.389318776496853536e+00 6.649824493487038524e+00 1.777145639808814864e-04 7.040191937931881581e-04 2.516312410348764490e-05 1.083373128451908503e-04
