5.497500000000000000e+04 -2.931749001714598624e+00 9.555033013168976908e+00 9.676860811788584593e-01 2.279498969297296478e-18 9.676860811788584593e-01 2.279498969297296478e-18
5.497600000000000000e+04 -7.829903069931294368e+00 9.555033013168976908e+00 2.014654457448330049e+00 2.279498936976645219e-18 2.014654457448330049e+00 2.279498936976645219e-18
5.497900000000000000e+04 -2.606999765308684935e+00 9.555033013168976908e+00 7.421511495175619366e+00 2.279498802305776228e-18 7.421511495175619366e+00 2.279498802305776228e-18
5.498000000000000000e+04 1.520531857330517767e+01 9.555033013168976908e+00 1.010928248076253944e+01 2.279498741010288571e-18 1.010928248076253944e+01 2.279498741010288571e-18
5.498100000000000000e+04 3.235610209787584779e+01 9.555033013168976908e+00 1.326427468792255127e+01 2.279498669079372028e-18 1.326427468792255127e+01 2.279498669079372028e-18
5.498200000000000000e+04 1.428893721114272530e+01 9.555033013168976908e+00 1.681188057541250913e+01 2.279498584667664851e-18 1.681188057541250913e+01 2.279498584667664851e-18
5.498400000000000000e+04 2.620019948443647451e+01 9.555033013168976908e+00 2.504964300095078400e+01 2.279498369363932715e-18 2.504964300095078400e+01 2.279498369363932715e-18
5.498500000000000000e+04 3.413038805632015738e+01 9.555033013168976908e+00 2.982457128805857849e+01 2.279498232948373031e-18 2.982457128805857849e+01 2.279498232948373031e-18
5.498700000000000000e+04 3.625980775463601447e+01 9.555033013168976908e+00 4.097582893337165899e+01 2.279497885001649794e-18 4.097582893337165899e+01 2.279497885001649794e-18
5.499000000000000000e+04 5.026224379925866970e+01 9.555033013168976908e+00 6.053040193995693841e+01 2.279497102236597885e-18 6.053040193995693841e+01 2.279497102236597885e-18
5.499200000000000000e+04 8.662485429591934860e+01 9.555033013168976908e+00 7.440742163840896239e+01 2.279496327867838250e-18 7.440742163840896239e+01 2.279496327867838250e-18
5.499300000000000000e+04 8.801041408447440517e+01 9.555033013168976908e+00 8.115791156796579742e+01 2.279495837231172164e-18 8.115791156796579742e+01 2.279495837231172164e-18
5.499400000000000000e+04 8.849241220677032516e+01 9.555033013168976908e+00 8.659722275531558466e+01 2.279495261463979831e-18 8.659722275531558466e+01 2.279495261463979831e-18
5.499600000000000000e+04 8.741863888539768368e+01 9.555033013168976908e+00 9.298895886639343189e+01 3.875042658400934537e-01 9.298895886639343189e+01 3.875042658400934537e-01
5.499700000000000000e+04 8.944808541250260703e+01 9.555033013168976908e+00 9.629327569357960215e+01 1.209607601473573046e+00 9.534931745081652821e+01 1.209607601473573046e+00
5.499800000000000000e+04 1.020362408406889472e+02 9.555033013168976908e+00 9.918247974999729877e+01 2.518318071810412118e+00 9.725679520493949326e+01 2.518318071810412118e+00
5.500000000000000000e+04 1.074847720096685890e+02 9.555033013168976908e+00 1.033635191096377355e+02 6.537636875244362322e+00 9.942624000542298290e+01 6.537636875244362322e+00
5.500200000000000000e+04 1.216907806997139403e+02 9.555033013168976908e+00 1.052803738591805711e+02 1.263660310095317385e+01 9.937735874946248771e+01 1.263660310095317385e+01
5.500300000000000000e+04 1.231991919537926350e+02 9.555033013168976908e+00 1.051005260292248522e+02 1.658034335990318908e+01 9.828909195663038645e+01 1.658034335990318908e+01
5.500400000000000000e+04 1.267305957762888795e+02 9.555033013168976908e+00 1.041840135494281583e+02 2.101485071926563819e+01 9.653818898204983157e+01 2.101485071926563819e+01
5.500500000000000000e+04 1.322161488901172390e+02 9.555033013168976908e+00 1.027844600448811150e+02 2.589679503310846798e+01 9.437559456880096320e+01 2.589679503310846798e+01
5.500900000000000000e+04 1.416758842815093828e+02 9.555033013168976908e+00 9.317568748663094880e+01 5.121978616671457729e+01 8.255133116561614770e+01 5.121978616671457729e+01
5.501200000000000000e+04 1.568452203176955209e+02 9.555033013168976908e+00 8.274002025775837410e+01 7.566300242494617123e+01 7.142612246008147281e+01 7.566300242494617123e+01
5.501300000000000000e+04 1.473080771363975430e+02 9.555033013168976908e+00 7.904153954887965483e+01 8.417417817184538364e+01 6.765517379857884350e+01 8.417417817184538364e+01
5.501400000000000000e+04 1.737212134764825180e+02 9.555033013168976908e+00 7.495577045123665982e+01 9.300927704801119944e+01 6.361888512242121152e+01 9.300927704801119944e+01
5.501600000000000000e+04 1.761010158637447205e+02 9.555033013168976908e+00 6.641400319690988852e+01 1.082465284441444737e+02 5.543739832797152900e+01 1.082465284441444737e+02
5.501700000000000000e+04 1.770759394275483771e+02 9.555033013168976908e+00 6.294404885508876646e+01 1.157133566715052382e+02 5.211031447560955598e+01 1.129241306445840110e+02
5.501800000000000000e+04 1.700446535055488084e+02 9.555033013168976908e+00 5.994410912040362405e+01 1.219782667929915760e+02 4.922327896239417555e+01 1.162361985829917899e+02
5.501900000000000000e+04 1.771513575326017644e+02 9.555033013168976908e+00 5.716580327670529016e+01 1.280183773424025162e+02 4.656333247267679099e+01 1.191866468135206389e+02
5.502000000000000000e+04 1.905099027689172999e+02 9.555033013168976908e+00 5.433581269203234143e+01 1.335822082139843872e+02 4.390417961541074021e+01 1.215709940061743595e+02
5.502100000000000000e+04 2.016335121624379383e+02 9.555033013168976908e+00 5.136333565007664248e+01 1.384844763734790547e+02 4.117301454915962466e+01 1.232616612135995240e+02
5.502200000000000000e+04 1.994427527711020787e+02 9.555033013168976908e+00 4.839914929559621726e+01 1.427015109677833493e+02 3.849145005216814042e+01 1.242828000067787144e+02
5.502500000000000000e+04 1.874688462006949408e+02 9.555033013168976908e+00 4.037709068466720197e+01 1.501734463732366578e+02 3.137059333747742329e+01 1.228613649457879831e+02
5.502900000000000000e+04 1.751439681031359044e+02 9.555033013168976908e+00 3.139194160994529881e+01 1.472906766313768969e+02 2.366167303078713857e+01 1.114909368188455971e+02
5.503100000000000000e+04 1.806801863868954854e+02 9.555033013168976908e+00 2.758733061678350396e+01 1.414207492030961646e+02 2.048817721261307412e+01 1.031891639570201704e+02
5.503200000000000000e+04 1.516900362189510076e+02 9.555033013168976908e+00 2.586966359169930030e+01 1.374725097325060119e+02 1.907229695642826428e+01 9.853247543900947392e+01
5.503300000000000000e+04 1.606761507142554137e+02 9.555033013168976908e+00 2.448013519836719354e+01 1.332964977183712847e+02 1.791710107470335345e+01 9.387738412449559178e+01
5.503400000000000000e+04 1.463000518343586123e+02 9.555033013168976908e+00 2.327914364944863124e+01 1.289777206322920904e+02 1.691552365168480421e+01 8.928265307510184812e+01
5.503500000000000000e+04 1.360114759353862723e+02 9.555033013168976908e+00 2.213427785505292533e+01 1.242571835778148568e+02 1.596874529619285887e+01 8.456896724822354372e+01
5.503600000000000000e+04 1.472163122615899624e+02 9.555033013168976908e+00 2.111265557187895325e+01 1.188082679661216048e+02 1.512367877641758973e+01 7.952360640302650552e+01
5.503700000000000000e+04 1.181164882248212535e+02 9.555033013168976908e+00 2.017169347115578049e+01 1.126761910355560303e+02 1.434788638676704053e+01 7.419252718480018416e+01
5.503900000000000000e+04 1.371943272108482006e+02 9.555033013168976908e+00 1.827990652322419507e+01 1.021427301615041614e+02 1.282170619571031622e+01 6.513789309451193787e+01
5.504000000000000000e+04 9.848399733910453335e+01 9.555033013168976908e+00 1.738458315159077117e+01 9.800354841412678297e+01 1.210962883225882791e+01 6.152909870299270523e+01
5.504200000000000000e+04 1.094659887873703639e+02 9.555033013168976908e+00 1.574078009562868097e+01 9.012430470553439932e+01 1.081543224929825442e+01 5.488022451926343592e+01
5.504400000000000000e+04 9.939977172557036056e+01 9.555033013168976908e+00 1.422592447420255546e+01 8.139017113530951519e+01 9.643386980885679804e+00 4.811431256521017019e+01
5.504500000000000000e+04 7.533745416908631398e+01 9.555033013168976908e+00 1.348554199809455234e+01 7.712454282721458299e+01 9.080561577061848411e+00 4.493651624262341926e+01
5.504600000000000000e+04 8.673828261485951430e+01 9.555033013168976908e+00 1.273924517295322723e+01 7.307842109759096161e+01 8.521234229400151960e+00 4.197496903939745039e+01
5.504700000000000000e+04 1.004110770095246323e+02 9.555033013168976908e+00 1.197907366180507260e+01 6.923882081997986404e+01 7.960046289989414880e+00 3.921324167184678089e+01
5.504800000000000000e+04 8.366475773515611536e+01 9.555033013168976908e+00 1.122320542549218558e+01 6.553784057254519269e+01 7.409034476823465276e+00 3.660513883631880816e+01
5.505000000000000000e+04 5.881585861944956406e+01 9.555033013168976908e+00 9.649863740193248773e+00 5.849059777759727297e+01 6.288194800073795498e+00 3.179182399043226326e+01
5.505200000000000000e+04 6.460911639922755967e+01 9.555033013168976908e+00 8.032782333005661357e+00 5.200230788050483000e+01 5.167770414954748759e+00 2.752609987322931318e+01
5.505400000000000000e+04 5.848734955824343729e+01 9.555033013168976908e+00 6.544465172188513868e+00 4.621694359966479482e+01 4.157327640826142812e+00 2.384037119553533302e+01
5.505600000000000000e+04 6.678570447483734540e+01 9.555033013168976908e+00 5.284939486094674344e+00 4.203507627443674011e+01 3.315520380235053022e+00 2.114440456460600615e+01
5.505800000000000000e+04 3.538967870144261241e+01 9.555033013168976908e+00 4.244015548391934622e+00 3.851622892384150276e+01 2.629827455937498115e+00 1.890459847052198938e+01
5.506000000000000000e+04 4.766679803326741904e+01 9.555033013168976908e+00 3.365033958459563657e+00 3.543994448820196652e+01 2.059888564189253035e+00 1.698291378579737554e+01
5.506100000000000000e+04 3.568366326578781411e+01 9.555033013168976908e+00 2.984528830620873041e+00 3.384129079030290654e+01 1.815959130283463896e+00 1.602713274463789261e+01
5.506200000000000000e+04 2.993062763640223878e+01 9.555033013168976908e+00 2.640170193044455882e+00 3.233573638933913230e+01 1.596812745279095003e+00 1.513703604032353489e+01
5.506400000000000000e+04 3.935709563291776192e+01 9.555033013168976908e+00 2.044512433974091881e+00 2.954776090508283204e+01 1.221917543613490142e+00 1.351929031162281980e+01
5.506500000000000000e+04 2.079480600881151275e+01 9.555033013168976908e+00 1.789197483913721687e+00 2.823111657470075286e+01 1.063036946060080368e+00 1.277252706632618029e+01
5.506700000000000000e+04 3.815030495536255728e+01 9.555033013168976908e+00 1.360675843430744214e+00 2.564918124460832516e+01 7.990344961129509649e-01 1.135070197132731273e+01
5.506800000000000000e+04 4.054968139058760102e+01 9.555033013168976908e+00 1.181538061381515181e+00 2.433238434205213352e+01 6.898283870746817481e-01 1.065154278675018951e+01
5.506900000000000000e+04 1.573590499244829388e+01 9.555033013168976908e+00 1.021712345293527946e+00 2.297567861026819713e+01 5.930877954916861095e-01 9.950057862486769267e+00
5.507100000000000000e+04 2.339146143071196704e+01 9.555033013168976908e+00 7.572009772252119575e-01 2.022529741420512295e+01 4.345486239456022304e-01 8.575491801655763524e+00
5.507300000000000000e+04 2.929977203444837386e+01 9.555033013168976908e+00 5.568005512126309453e-01 1.720448916435080022e+01 3.159510589642119949e-01 7.145018133789109882e+00
5.507400000000000000e+04 2.498791496341635110e+01 9.555033013168976908e+00 4.765802813207279942e-01 1.571389788927365139e+01 2.689201451984696289e-01 6.459713018693435949e+00
5.507500000000000000e+04 9.301331347779051129e+00 9.555033013168976908e+00 4.064856019660498809e-01 1.428376400884225816e+01 2.280935985444418612e-01 5.812788022969217927e+00
5.507800000000000000e+04 1.667580751688408114e+01 9.555033013168976908e+00 2.502181211188219123e-01 1.049113536315876694e+01 1.381047141620609098e-01 4.144400475293815944e+00
5.508000000000000000e+04 -8.798615333816389494e+00 9.555033013168976908e+00 1.804082044833896503e-01 8.483823372854370604e+00 9.849760017656127020e-02 3.287284319921872644e+00
5.508100000000000000e+04 1.229080200595344863e+01 9.555033013168976908e+00 1.531895605425670770e-01 7.590470591420715785e+00 8.318738014801362046e-02 2.913249123554294773e+00
5.508200000000000000e+04 1.081816197107736421e+01 9.555033013168976908e+00 1.299183165730312117e-01 6.772398626913216368e+00 7.017301316464903682e-02 2.574860705236566183e+00
5.508400000000000000e+04 1.500252196530325222e+01 9.555033013168976908e+00 9.330634488510669566e-02 5.348524290312328233e+00 4.986444254227592049e-02 1.996015931598868809e+00
5.508500000000000000e+04 8.043993650488236113e+00 9.555033013168976908e+00 7.905817113573078425e-02 4.731506050555769782e+00 4.202762805578161287e-02 1.749623211387704602e+00
5.508800000000000000e+04 1.371333754046219155e+00 9.555033013168976908e+00 4.850497392522593737e-02 3.204122875352044542e+00 2.538464199561750803e-02 1.153225912522330976e+00
5.508900000000000000e+04 3.837245746971303273e+00 9.555033013168976908e+00 4.121165542635528423e-02 2.799716995067765168e+00 2.145658115601357940e-02 9.987931201411885951e-01
5.509000000000000000e+04 -4.157451859390793203e+00 9.555033013168976908e+00 3.501791396190072347e-02 2.438370891212231495e+00 1.813835800367798873e-02 8.622854838433522406e-01
5.509100000000000000e+04 1.037718707216696856e+01 9.555033013168976908e+00 2.976487825990664984e-02 2.114728670800043453e+00 1.533876746194622574e-02 7.413597443646077201e-01
5.509300000000000000e+04 8.301456281078282373e+00 9.555033013168976908e+00 2.147043497755860009e-02 1.576270814784678898e+00 1.095262713745783802e-02 5.431857799320026770e-01
5.509500000000000000e+04 1.385552289152058414e+01 9.555033013168976908e+00 1.550419160792279247e-02 1.165582950401348183e+00 7.830004347216196550e-03 3.949388237052650075e-01
5.509600000000000000e+04 1.984705572453880462e+00 9.555033013168976908e+00 1.316748749125120146e-02 1.000382940138307086e+00 6.616827885050855125e-03 3.361501814980870639e-01
5.509700000000000000e+04 -5.494254332649779471e+00 9.555033013168976908e+00 1.118501087667564571e-02 8.555505764403834590e-01 5.592785077591702451e-03 2.851169981805523612e-01
5.509800000000000000e+04 3.436265497417299919e+00 9.555033013168976908e+00 9.508112215953075722e-03 7.298732024377413419e-01 4.730874821351913062e-03 2.412484968723941914e-01
5.509900000000000000e+04 -2.327890242308319202e+00 9.555033013168976908e+00 8.075679458129874852e-03 6.224082339530710994e-01 3.998454947828823484e-03 2.040615828835353474e-01
5.510100000000000000e+04 -5.145487508767045526e+00 9.555033013168976908e+00 5.827083094098546058e-03 4.520488619467391556e-01 2.857113554350843541e-03 1.458457370371799289e-01
5.510400000000000000e+04 6.743346545924583602e+00 9.555033013168976908e+00 3.573290049947880700e-03 2.783763432241627145e-01 1.726894476100850886e-03 8.771626645581130644e-02
5.510700000000000000e+04 -3.080625161798697320e+01 9.555033013168976908e+00 2.177673090791414946e-03 1.706164095459524188e-01 1.037530654529236849e-03 5.253453506972701609e-02
5.510800000000000000e+04 -1.129554761137209651e+00 9.555033013168976908e+00 1.846866416529114761e-03 1.451559550768241336e-01 8.757902202812570909e-04 4.435764426012227257e-02
5.510900000000000000e+04 -8.921359067581608571e+00 9.555033013168976908e+00 1.565228423591071829e-03 1.236978254103782843e-01 7.387683124515371895e-04 3.751715914299787180e-02
5.511000000000000000e+04 -6.030943473818203282e-01 9.555033013168976908e+00 1.326328200320780245e-03 1.054033797263028011e-01 6.230988444615148105e-04 3.173080249452188417e-02
5.511100000000000000e+04 2.307136563819543085e+01 9.555033013168976908e+00 1.124549744570890698e-03 8.975556104824929105e-02 5.258591276927242816e-04 2.682072644501697772e-02
5.511400000000000000e+04 -1.944950540478536638e+01 9.555033013168976908e+00 6.852637791906245404e-04 5.543410230394769239e-02 3.160519228810185948e-04 1.620595869261173133e-02
