5.497600000000000000e+04 -5.545810638553978933e+00 7.776102495460999187e+00 1.164140563987932975e+00 8.960306594403884616e-19 1.164140563987932975e+00 8.960306594403884616e-19
5.497900000000000000e+04 4.113505116818322982e+00 7.776102495460999187e+00 4.289077145657377521e+00 8.960306593371694018e-19 4.289077145657377521e+00 8.960306593371694018e-19
5.498300000000000000e+04 1.278711520467980023e+01 7.776102495460999187e+00 1.143383206421574805e+01 8.960306590944363620e-19 1.143383206421574805e+01 8.960306590944363620e-19
5.499200000000000000e+04 4.239984358097903794e+01 7.776102495460999187e+00 3.733751665722944324e+01 8.960306574406249113e-19 3.733751665722944324e+01 8.960306574406249113e-19
5.499500000000000000e+04 4.099604540343440107e+01 7.776102495460999187e+00 4.526446668391263017e+01 4.470698795328594821e-01 4.526446668391263017e+01 4.470698795328594821e-01
5.499600000000000000e+04 3.120980981367883800e+01 7.776102495460999187e+00 4.750204251648135312e+01 9.313124511903465574e-01 4.750204251648135312e+01 9.313124511903465574e-01
5.499800000000000000e+04 5.583639532624771817e+01 7.776102495460999187e+00 5.442488444432102312e+01 2.426487086150368899e+00 5.091672227927872996e+01 2.426487086150368899e+00
5.500200000000000000e+04 7.863537210745174377e+01 7.776102495460999187e+00 7.235797297109141368e+01 7.442956887355959950e+00 5.381775602163734362e+01 7.442956887355959950e+00
5.500700000000000000e+04 1.070725506181228326e+02 7.776102495460999187e+00 8.800740884395055730e+01 1.763684900154167678e+01 5.210622193247517231e+01 1.763684900154167678e+01
5.501100000000000000e+04 1.152065512810145549e+02 7.776102495460999187e+00 9.408597669889195458e+01 2.752955409036710677e+01 4.789065290588005297e+01 2.752955409036710677e+01
5.501600000000000000e+04 1.308759035088868359e+02 7.776102495460999187e+00 9.309394584249561433e+01 4.214381212062226467e+01 4.031611703369087962e+01 3.800163401318508249e+01
5.502200000000000000e+04 1.519524806445967613e+02 7.776102495460999187e+00 8.629621762564794096e+01 6.182583811765699267e+01 3.169741694238675578e+01 4.305420481730988058e+01
5.502800000000000000e+04 1.567722730831885656e+02 7.776102495460999187e+00 8.255780232582642952e+01 7.229150236185157041e+01 2.632666932167046880e+01 4.100482266696061373e+01
5.503000000000000000e+04 1.560986538186728865e+02 7.776102495460999187e+00 8.193170924491184337e+01 7.359034066430814391e+01 2.502725028100064719e+01 3.931107941469451816e+01
5.503300000000000000e+04 1.521783712880834685e+02 7.776102495460999187e+00 8.053174243568757618e+01 7.309274729191709241e+01 2.313864568316503068e+01 3.590898908961783320e+01
5.503800000000000000e+04 1.572588976163523853e+02 7.776102495460999187e+00 7.470442869149000842e+01 6.866456861902989317e+01 1.953108020902245556e+01 2.975067964429372225e+01
5.504200000000000000e+04 1.571831288375830979e+02 7.776102495460999187e+00 6.794045197279397996e+01 6.405414015717515497e+01 1.656882135661357935e+01 2.535793355390940462e+01
5.504400000000000000e+04 1.195313507208977626e+02 7.776102495460999187e+00 6.429734308416136912e+01 6.236244793923504659e+01 1.517055024046465839e+01 2.366696316479508511e+01
5.504600000000000000e+04 1.128510637426117000e+02 7.776102495460999187e+00 6.084985266255291947e+01 6.111584211676444767e+01 1.390504162668881349e+01 2.227253721456430569e+01
5.505000000000000000e+04 1.154080579192986278e+02 7.776102495460999187e+00 5.528201057483773440e+01 5.930457226585914299e+01 1.188425964160150627e+01 2.002180022480052202e+01
5.505600000000000000e+04 1.101597420723253578e+02 7.776102495460999187e+00 5.040192458179983959e+01 5.531468722188434839e+01 9.950825172612551839e+00 1.681808671994051352e+01
5.505900000000000000e+04 9.956844316730871469e+01 7.776102495460999187e+00 4.847764102677115261e+01 5.190390725281266526e+01 9.195652533626304859e+00 1.503371680023538381e+01
5.506300000000000000e+04 9.747513568096239567e+01 7.776102495460999187e+00 4.641780083657756251e+01 4.655331781554986748e+01 8.367487622413662507e+00 1.268309979990460690e+01
5.506500000000000000e+04 7.917081449958591577e+01 7.776102495460999187e+00 4.553938885580668483e+01 4.390565495287840037e+01 8.010164788539839265e+00 1.161678924537065605e+01
5.506700000000000000e+04 9.785300449198936690e+01 7.776102495460999187e+00 4.466331790514948352e+01 4.149123055306678509e+01 7.670155917078735897e+00 1.067024059484808518e+01
5.507000000000000000e+04 7.951072626791888354e+01 7.776102495460999187e+00 4.341658730236179764e+01 3.852401605421544417e+01 7.200455628366551508e+00 9.507407713281207151e+00
5.507400000000000000e+04 7.514557300595176059e+01 7.776102495460999187e+00 4.163836190851372265e+01 3.593491714987608532e+01 6.603708294373577203e+00 8.415671463671214880e+00
5.507900000000000000e+04 7.773871781286429439e+01 7.776102495460999187e+00 3.883787266843370389e+01 3.341700130719799944e+01 5.840457257125583723e+00 7.356522026901044953e+00
5.508300000000000000e+04 6.320944008735980901e+01 7.776102495460999187e+00 3.570147076743546677e+01 3.186673986120019819e+01 5.155149271873892936e+00 6.693990097930931249e+00
5.509100000000000000e+04 6.022065181825218616e+01 7.776102495460999187e+00 2.584741366992767553e+01 2.931669392337896696e+01 3.457107999615824934e+00 5.641623000746457173e+00
