5.497600000000000000e+04 -4.948829841435301802e+00 7.084266783681418822e+00 1.164140563987932975e+00 8.960306593772031297e-19 1.164140563987932975e+00 8.960306593772031297e-19
5.497900000000000000e+04 4.129125667037581771e+00 7.084266783681418822e+00 4.289077145657377521e+00 8.960306592350573665e-19 4.289077145657377521e+00 8.960306592350573665e-19
5.498300000000000000e+04 1.266671432194082492e+01 7.084266783681418822e+00 1.143383206421574805e+01 8.960306589007829505e-19 1.143383206421574805e+01 8.960306589007829505e-19
5.499200000000000000e+04 4.209087848261586373e+01 7.084266783681418822e+00 3.733751665722944324e+01 1.414274411638661300e-01 3.733751665722944324e+01 1.414274411638661300e-01
5.499500000000000000e+04 4.255574236489599116e+01 7.084266783681418822e+00 4.526446668391263017e+01 1.587232095280796784e+00 4.526446668391263017e+01 1.587232095280796784e+00
5.499600000000000000e+04 3.423735411942648454e+01 7.084266783681418822e+00 4.750204251648135312e+01 2.426487086150368899e+00 4.750204251648135312e+01 2.426487086150368899e+00
5.499800000000000000e+04 5.802291326497319091e+01 7.084266783681418822e+00 5.438415106649760844e+01 4.563436508517902723e+00 5.091672227927872996e+01 4.563436508517902723e+00
5.500200000000000000e+04 8.210563953580373209e+01 7.084266783681418822e+00 7.214270194700485206e+01 1.102479628531949452e+01 5.381775602163734362e+01 1.102479628531949452e+01
5.500700000000000000e+04 1.114638949610490926e+02 7.084266783681418822e+00 8.759055906849076223e+01 2.257211756982848527e+01 5.210622193247517231e+01 2.257211756982848527e+01
5.501100000000000000e+04 1.197888572429792049e+02 7.084266783681418822e+00 9.354960138634608313e+01 3.207803185965695292e+01 4.789065290588005297e+01 3.207803185965695292e+01
5.501600000000000000e+04 1.342102082029295502e+02 7.084266783681418822e+00 9.248114086358350505e+01 4.570284991788058448e+01 4.031611703369087962e+01 4.073337782342299107e+01
5.502200000000000000e+04 1.451749697044873244e+02 7.084266783681418822e+00 8.566226928680018204e+01 5.602306638682818374e+01 3.169741694238675578e+01 4.292955278684152631e+01
5.502800000000000000e+04 1.421516700137104863e+02 7.084266783681418822e+00 8.190490092664900601e+01 5.849488616906544536e+01 2.632666932167046880e+01 3.931107941469451816e+01
5.503000000000000000e+04 1.393291563766896388e+02 7.084266783681418822e+00 8.127098983749340277e+01 5.753286277352928124e+01 2.502725028100064719e+01 3.714193852390528150e+01
5.503300000000000000e+04 1.335024211013889612e+02 7.084266783681418822e+00 7.986534944001242309e+01 5.495452971087490823e+01 2.313864568316503068e+01 3.349864657779635024e+01
5.503800000000000000e+04 1.357889126066669405e+02 7.084266783681418822e+00 7.406380926063404502e+01 4.907098009821140749e+01 1.953108020902245556e+01 2.736808705979442635e+01
5.504200000000000000e+04 1.356137348303354315e+02 7.084266783681418822e+00 6.734397440395589740e+01 4.532223446058259242e+01 1.656882135661357935e+01 2.366696316479508511e+01
5.504400000000000000e+04 1.012432371788249981e+02 7.084266783681418822e+00 6.372693039511988644e+01 4.401053353597907147e+01 1.517055024046465839e+01 2.227253721456430569e+01
5.504600000000000000e+04 9.490300820633241585e+01 7.084266783681418822e+00 6.030477503078671475e+01 4.290194032659420742e+01 1.390504162668881349e+01 2.106133545733638002e+01
5.505000000000000000e+04 9.664064594231416550e+01 7.084266783681418822e+00 5.477811796603382533e+01 4.111413909941593658e+01 1.188425964160150627e+01 1.904313992562109448e+01
5.505600000000000000e+04 9.057350484015150016e+01 7.084266783681418822e+00 4.993224563365252777e+01 3.659343187962448241e+01 9.950825172612551839e+00 1.562486416721796978e+01
5.505900000000000000e+04 8.096315947522131751e+01 7.084266783681418822e+00 4.802153666110328345e+01 3.368238639611741547e+01 9.195652533626304859e+00 1.384112857863875767e+01
5.506300000000000000e+04 7.976599943098892709e+01 7.084266783681418822e+00 4.597599749011411063e+01 2.968670491654470922e+01 8.367487622413662507e+00 1.161678924537065605e+01
5.506500000000000000e+04 6.366218382711497270e+01 7.084266783681418822e+00 4.510363589131011963e+01 2.791868451642001858e+01 8.010164788539839265e+00 1.067024059484808518e+01
5.506700000000000000e+04 8.126337271146736896e+01 7.084266783681418822e+00 4.423378917379307040e+01 2.637193292815733514e+01 7.670155917078735897e+00 9.849461411076502415e+00
5.507000000000000000e+04 6.547519862827533643e+01 7.084266783681418822e+00 4.299608069366518492e+01 2.469281014837136112e+01 7.200455628366551508e+00 8.917591241737580887e+00
5.507400000000000000e+04 6.203412760331750775e+01 7.084266783681418822e+00 4.123157347758030511e+01 2.301426845921831443e+01 6.603708294373577203e+00 7.960660138090042359e+00
5.507900000000000000e+04 6.479765765472620842e+01 7.084266783681418822e+00 3.845473867236626120e+01 2.134696982072281202e+01 5.840457257125583723e+00 7.013954269992709989e+00
5.508300000000000000e+04 5.166076476835067410e+01 7.084266783681418822e+00 3.534679649753053354e+01 2.028494131049829008e+01 5.155149271873892936e+00 6.408131830831871767e+00
5.509100000000000000e+04 4.862430462120688901e+01 7.084266783681418822e+00 2.558743914835656952e+01 1.843019930378844506e+01 3.457107999615824934e+00 5.405543130602271873e+00
