5.497400000000000000e+04 3.074059317608686559e+00 6.017309374482437967e+00 2.872527343123094101e-01 8.716023034220134351e-19 2.872527343123094101e-01 8.716023034220134351e-19
5.497600000000000000e+04 -3.917901266322222575e+00 6.017309374482437967e+00 1.958814406946931541e+00 8.716022210972289233e-19 1.958814406946931541e+00 8.716022210972289233e-19
5.498000000000000000e+04 1.034409667863984161e+01 6.017309374482437967e+00 9.740658635389692677e+00 8.716019515982127606e-19 9.740658635389692677e+00 8.716019515982127606e-19
5.498100000000000000e+04 8.244199564386907042e+00 6.017309374482437967e+00 1.261836908227294352e+01 8.716018526766135158e-19 1.261836908227294352e+01 8.716018526766135158e-19
5.498500000000000000e+04 2.951873526373146461e+01 6.017309374482437967e+00 2.761301931683333422e+01 8.716012528962566048e-19 2.761301931683333422e+01 8.716012528962566048e-19
5.498700000000000000e+04 3.315439963889497221e+01 6.017309374482437967e+00 3.698113532148148863e+01 8.716007743899730289e-19 3.698113532148148863e+01 8.716007743899730289e-19
5.498800000000000000e+04 4.665218577324806404e+01 6.017309374482437967e+00 4.209516568424355398e+01 -1.241908946591701104e-02 4.209516568424355398e+01 -1.241908946591701104e-02
5.498900000000000000e+04 4.987180025993047394e+01 6.017309374482437967e+00 4.711547825657126509e+01 2.298021874498475392e-01 4.711547825657126509e+01 2.298021874498475392e-01
5.499300000000000000e+04 7.055022199603581612e+01 6.017309374482437967e+00 6.549985504210982867e+01 4.087902819091672413e+00 6.549985504210982867e+01 4.087902819091672413e+00
5.499500000000000000e+04 7.252190087406805219e+01 6.017309374482437967e+00 6.925870503056015082e+01 7.792526908311754319e+00 6.925870503056015082e+01 7.792526908311754319e+00
5.499700000000000000e+04 9.448730480618316108e+01 6.017309374482437967e+00 7.457003354548812979e+01 1.269273137910385429e+01 6.841287481237441170e+01 1.269273137910385429e+01
5.499900000000000000e+04 9.669261056964536749e+01 6.017309374482437967e+00 7.675641500426864638e+01 1.874044088442200007e+01 6.504780932565140006e+01 1.874044088442200007e+01
5.500000000000000000e+04 1.094094310221737487e+02 6.017309374482437967e+00 7.742977792928846270e+01 2.209041545346666879e+01 6.320798198309262261e+01 2.209041545346666879e+01
5.500200000000000000e+04 1.046100057578379108e+02 6.017309374482437967e+00 7.777073697113253559e+01 2.958490825718519801e+01 5.914124484496770862e+01 2.958490825718519801e+01
5.500300000000000000e+04 1.017082116532762086e+02 6.017309374482437967e+00 7.654726045620641628e+01 3.367613254739485029e+01 5.628475033544589223e+01 3.367613254739485029e+01
5.500500000000000000e+04 1.168757390815095789e+02 6.017309374482437967e+00 7.250912717690557940e+01 4.153383942830611630e+01 5.000629460476246635e+01 4.153383942830611630e+01
5.500700000000000000e+04 1.222639507463373150e+02 6.017309374482437967e+00 6.861229691973812805e+01 4.911345556622313779e+01 4.455343955827151348e+01 4.911345556622313779e+01
5.500900000000000000e+04 1.172392457069792044e+02 6.017309374482437967e+00 6.418577169178358588e+01 5.453452191392029391e+01 3.937777404403901471e+01 5.453452191392029391e+01
5.501000000000000000e+04 1.204784858995854222e+02 6.017309374482437967e+00 6.174778233739241529e+01 5.859840515225634761e+01 3.686434766411487374e+01 5.540696402444812918e+01
5.501300000000000000e+04 1.189588513108234338e+02 6.017309374482437967e+00 5.426347408240056325e+01 6.585871368036306706e+01 2.997981993502793685e+01 5.352626274411823459e+01
5.501600000000000000e+04 1.091284882200711763e+02 6.017309374482437967e+00 4.432913695178363866e+01 6.890260866488391400e+01 2.279133005233092391e+01 4.910391153426733268e+01
5.501700000000000000e+04 1.067462298870087665e+02 6.017309374482437967e+00 4.124040106871525779e+01 6.911482437562307268e+01 2.072381963252022885e+01 4.731299587597417400e+01
5.501800000000000000e+04 1.069109369222711763e+02 6.017309374482437967e+00 3.836203622380108413e+01 6.837021192747285170e+01 1.885112345149930135e+01 4.502780026835672089e+01
5.501900000000000000e+04 9.580933843503105152e+01 6.017309374482437967e+00 3.554610638545676693e+01 6.687618747534499164e+01 1.708947422377729097e+01 4.243412910872144295e+01
5.502000000000000000e+04 9.478602742042258456e+01 6.017309374482437967e+00 3.282387556754014923e+01 6.535222629307199327e+01 1.544652967884242400e+01 4.000503568380997876e+01
5.502200000000000000e+04 8.073503983005520013e+01 6.017309374482437967e+00 2.784037122824809174e+01 6.233204407960418081e+01 1.256901635586821442e+01 3.564275164661721362e+01
5.502300000000000000e+04 8.370395544955790967e+01 6.017309374482437967e+00 2.556670431982701430e+01 6.061363187619583215e+01 1.131270102647213349e+01 3.355493350099414585e+01
5.502400000000000000e+04 8.055641038615532068e+01 6.017309374482437967e+00 2.346707148171969592e+01 5.872013665447098418e+01 1.018094207449878574e+01 3.150221923523121603e+01
5.502500000000000000e+04 7.540801328518413982e+01 6.017309374482437967e+00 2.155616958569424924e+01 5.667082437709052556e+01 9.172838121572022274e+00 2.949147813129190610e+01
5.502800000000000000e+04 6.000725456115010559e+01 6.017309374482437967e+00 1.669018186388912639e+01 5.023178789753802675e+01 6.716370971383953226e+00 2.398385594802235588e+01
5.502900000000000000e+04 6.048855465490588301e+01 6.017309374482437967e+00 1.536100468320107204e+01 4.749450058376802986e+01 6.071543353043900915e+00 2.206993521550558768e+01
5.503100000000000000e+04 5.512776460233440190e+01 6.017309374482437967e+00 1.311685755855353364e+01 4.133800279571573810e+01 5.006434182654020404e+00 1.823306404186474339e+01
5.503300000000000000e+04 3.932554097988776931e+01 6.017309374482437967e+00 1.136099714595861343e+01 3.592873320868155673e+01 4.192249869357422831e+00 1.508089876119944250e+01
5.503400000000000000e+04 5.292606657941606585e+01 6.017309374482437967e+00 1.067498515595003106e+01 3.335865368481327664e+01 3.874767751706000407e+00 1.367157937902183562e+01
5.503500000000000000e+04 4.077388373814354594e+01 6.017309374482437967e+00 1.007365997051950224e+01 3.086340202070147853e+01 3.597735703756966164e+00 1.235722374307394134e+01
5.503700000000000000e+04 3.868124489038603997e+01 6.017309374482437967e+00 9.090046217753702251e+00 2.627226074768998032e+01 3.145344712025503142e+00 1.005521308469457331e+01
5.503800000000000000e+04 4.012009446719061145e+01 6.017309374482437967e+00 8.696679411712059604e+00 2.416754945687294764e+01 2.963093496324381348e+00 9.050160821177707149e+00
5.503900000000000000e+04 3.782071305291808017e+01 6.017309374482437967e+00 8.350427924706488980e+00 2.221888798338614990e+01 2.802157021713587159e+00 8.144753659599029305e+00
5.504000000000000000e+04 3.002122512348944738e+01 6.017309374482437967e+00 8.026789845313659910e+00 2.044148629716081800e+01 2.653484246384680389e+00 7.338270497257618707e+00
5.504100000000000000e+04 2.547502061290465036e+01 6.017309374482437967e+00 7.716454289724283377e+00 1.878340663537717248e+01 2.513503025968822246e+00 6.606431709122529305e+00
5.504300000000000000e+04 2.751632532050872371e+01 6.017309374482437967e+00 7.131343358989600034e+00 1.589576950539383304e+01 2.256754227528354306e+00 5.373096777107163824e+00
5.504400000000000000e+04 2.211989548216278223e+01 6.017309374482437967e+00 6.826557922612931151e+00 1.464941980222432605e+01 2.129971270706062736e+00 4.857234682435121798e+00
5.504500000000000000e+04 1.649058497831667580e+01 6.017309374482437967e+00 6.509746066610660797e+00 1.353575081814327064e+01 2.002998789726357476e+00 4.403875201113765847e+00
5.504600000000000000e+04 1.382590782131794782e+01 6.017309374482437967e+00 6.202733048169092100e+00 1.254091737018101682e+01 1.882468299899572761e+00 4.005147346123217211e+00
5.504700000000000000e+04 1.245873967547596273e+01 6.017309374482437967e+00 5.905269464250255673e+00 1.164703677160238726e+01 1.768044749775525615e+00 3.652482680507522339e+00
5.504900000000000000e+04 3.408395206548945566e+00 6.017309374482437967e+00 5.320107792451603146e+00 1.024178612130929977e+01 1.551051834533994978e+00 3.099814201364801125e+00
5.505000000000000000e+04 8.638746525792472042e+00 6.017309374482437967e+00 4.999396640630950017e+00 9.675318673399534219e+00 1.438675292267899364e+00 2.878188563005573020e+00
5.505100000000000000e+04 1.501706791919719919e+01 6.017309374482437967e+00 4.664373798667502236e+00 9.178678289421876357e+00 1.325106192803267691e+00 2.684452003223524841e+00
5.505300000000000000e+04 5.279412706883594986e+00 6.017309374482437967e+00 4.002660935886081184e+00 8.378206122727116067e+00 1.108770342350714921e+00 2.370474797059505256e+00
5.505400000000000000e+04 5.392537309835095272e+00 6.017309374482437967e+00 3.676595545779516083e+00 8.052278417596165028e+00 1.005908494057323077e+00 2.241725617370870172e+00
5.505500000000000000e+04 2.096239961083790604e+01 6.017309374482437967e+00 3.366261583820283843e+00 7.747324884484425134e+00 9.098004280595362037e-01 2.122787397107745111e+00
5.505700000000000000e+04 9.596253910677534193e+00 6.017309374482437967e+00 2.792808846892607555e+00 7.173621165106942144e+00 7.368888778080757707e-01 1.905445485844385223e+00
5.505800000000000000e+04 9.422912877155024347e+00 6.017309374482437967e+00 2.521165749530275946e+00 6.900973887443506705e+00 6.574095826676078502e-01 1.805403382022683800e+00
5.505900000000000000e+04 -1.801973884488813127e+00 6.017309374482437967e+00 2.262059628193343386e+00 6.611430824271619322e+00 5.830050588127172473e-01 1.703977016564850455e+00
5.506100000000000000e+04 1.279302530621657397e+01 6.017309374482437967e+00 1.788495952871900885e+00 6.016669881407019638e+00 4.505027589097987395e-01 1.505974639919658298e+00
5.506300000000000000e+04 5.896457061735361549e+00 6.017309374482437967e+00 1.386686094252291612e+00 5.455138309336899027e+00 3.415482990769190819e-01 1.327155096666236656e+00
5.506400000000000000e+04 1.128310678251637178e+01 6.017309374482437967e+00 1.217259562851066068e+00 5.171827237070153238e+00 2.965309531914898100e-01 1.240841467627196382e+00
5.506700000000000000e+04 1.242296853560291936e+01 6.017309374482437967e+00 8.055697861184052400e-01 4.218043737497755963e+00 1.899928740845295005e-01 9.717203597258007308e-01
5.506800000000000000e+04 -5.420066501576932261e+00 6.017309374482437967e+00 6.984592360489960683e-01 3.901452379036308038e+00 1.630009885761951050e-01 8.870162738805721370e-01
5.506900000000000000e+04 6.824873684614813030e+00 6.017309374482437967e+00 6.041151809993059452e-01 3.585862599615545321e+00 1.395185175518027509e-01 8.047267952458585505e-01
5.507000000000000000e+04 -8.071687146364507015e+00 6.017309374482437967e+00 5.213051974008690026e-01 3.285180169671618966e+00 1.191554736916271978e-01 7.278403424476290740e-01
5.507200000000000000e+04 7.762647419718293307e+00 6.017309374482437967e+00 3.866552933637701361e-01 2.728728990078417738e+00 8.659693020465177027e-02 5.895111022464607498e-01
5.507400000000000000e+04 9.599102037338031579e+00 6.017309374482437967e+00 2.851410479943118359e-01 2.212620799206025168e+00 6.259957145868536021e-02 4.664040470501739089e-01
5.507600000000000000e+04 -1.103881979191695395e+00 6.017309374482437967e+00 2.071047123817978119e-01 1.751266404875595262e+00 4.458659039435906163e-02 3.604022071278390471e-01
5.507800000000000000e+04 7.989631674204407119e+00 6.017309374482437967e+00 1.498987299367342263e-01 1.359198287142580952e+00 3.165759871947924908e-02 2.732386392615352988e-01
5.508000000000000000e+04 3.416711123808065409e+00 6.017309374482437967e+00 1.082212382656883992e-01 1.044703705467923793e+00 2.242927217941729015e-02 2.052624382010224402e-01
5.508200000000000000e+04 6.676422820749079001e+00 6.017309374482437967e+00 7.791006564250946287e-02 7.910999288281275188e-01 1.585148843184322476e-02 1.519942992676236448e-01
5.508300000000000000e+04 -1.226954343770705336e+01 6.017309374482437967e+00 6.608829424894981097e-02 6.862211218266953683e-01 1.332425287277213925e-02 1.304007908609561006e-01
5.508400000000000000e+04 -6.105710644506356921e+00 6.017309374482437967e+00 5.599451227511507284e-02 5.937908107004726821e-01 1.118771474028273233e-02 1.116148140414422174e-01
5.508600000000000000e+04 1.592008023023548091e+01 6.017309374482437967e+00 4.030270157209958626e-02 4.421169221107514313e-01 7.910245647124551638e-03 8.134326650551063076e-02
5.508900000000000000e+04 7.748887075514995004e+00 6.017309374482437967e+00 2.488616509710727537e-02 2.808467173922460369e-01 4.758348966942117439e-03 5.007965716694829511e-02
5.509000000000000000e+04 -7.674190741193394949e+00 6.017309374482437967e+00 2.118333920506677501e-02 2.397435674663262184e-01 4.015798901434460173e-03 4.231565367592597660e-02
5.509200000000000000e+04 -4.240904141557072293e+00 6.017309374482437967e+00 1.534572671461119017e-02 1.738918478275211787e-01 2.860340487345981557e-03 3.008093132914495954e-02
5.509300000000000000e+04 7.912850662738618368e+00 6.017309374482437967e+00 1.306200868546821339e-02 1.478637794910461212e-01 2.414419350363810127e-03 2.532607897558340412e-02
5.509500000000000000e+04 -2.661272464022597983e+00 6.017309374482437967e+00 9.457692270565396658e-03 1.068279318779030290e-01 1.719580412830072277e-03 1.794341774353383490e-02
5.509600000000000000e+04 5.356647932504877474e+00 6.017309374482437967e+00 8.050493224126868685e-03 9.066257899146278054e-02 1.451847290194205504e-03 1.508227624957792119e-02
5.509700000000000000e+04 4.337159887476352615e+00 6.017309374482437967e+00 6.851297276344533310e-03 7.695961039613613552e-02 1.225634575374692737e-03 1.268119074547458328e-02
5.509800000000000000e+04 2.286407647269687260e+00 6.017309374482437967e+00 5.827465602245930631e-03 6.530376223980099981e-02 1.034155386379047173e-03 1.065940229821771279e-02
5.510000000000000000e+04 -2.787274809147962440e+00 6.017309374482437967e+00 4.221467558909533686e-03 4.690261154266256449e-02 7.373742460977353481e-04 7.514517358155370884e-03
5.510100000000000000e+04 1.038686696909886109e+01 6.017309374482437967e+00 3.591402833215952013e-03 3.986257550429358337e-02 6.224268341795411233e-04 6.328196517699642178e-03
5.510200000000000000e+04 1.247129616839640853e+00 6.017309374482437967e+00 3.057552182926639821e-03 3.396658964786220675e-02 5.258043306838589264e-04 5.343347226255695630e-03
5.510600000000000000e+04 -1.975128625707190944e-01 6.017309374482437967e+00 1.599703116689868117e-03 1.786651035185561620e-02 2.668395524086519138e-04 2.712307255261054220e-03
5.510900000000000000e+04 4.865131882100898864e+00 6.017309374482437967e+00 9.831824963433776193e-04 1.102332552220736638e-02 1.603886617199637324e-04 1.630669455947835432e-03
5.511100000000000000e+04 -9.078241566615695035e+00 6.017309374482437967e+00 7.110679617148581546e-04 7.985392391634560730e-03 1.143196079927424701e-04 1.161477832155364534e-03
5.511200000000000000e+04 -7.639275968199401134e+00 6.017309374482437967e+00 6.042960499304608508e-04 6.797663507326135758e-03 9.645587389153405797e-05 9.805076602997543633e-04
5.511400000000000000e+04 1.125115299249235967e+01 6.017309374482437967e+00 4.370219392535814890e-04 4.924631224694343487e-03 6.876820444588222371e-05 6.987274722892087252e-04
5.511500000000000000e+04 -1.711074665026060870e+01 6.017309374482437967e+00 3.714599451178390074e-04 4.191589154457654905e-03 5.804061642466235168e-05 5.898993968781883653e-04
5.511700000000000000e+04 -2.667701719836354624e+00 6.017309374482437967e+00 2.686686763757244276e-04 3.037382328801606964e-03 4.139733072045060849e-05 4.206434645470872170e-04
5.511800000000000000e+04 5.599833431091970626e-01 6.017309374482437967e+00 2.283598252717424100e-04 2.585071468806717822e-03 3.494412016400036890e-05 3.551702941315011404e-04
5.511900000000000000e+04 1.601095333746079374e+00 6.017309374482437967e+00 1.943012596565455818e-04 2.199417785338347690e-03 2.952906681710418518e-05 2.998115846971575321e-04
5.512000000000000000e+04 1.258410043240117737e+00 6.017309374482437967e+00 1.667056971856056445e-04 1.871046614766979201e-03 2.516312410348764490e-05 2.530630024300718631e-04
