5.497500000000000000e+04 -2.547720331616581291e+00 8.614023214881179058e+00 9.676860811788584593e-01 1.458879340350270093e-18 9.676860811788584593e-01 1.458879340350270093e-18
5.497600000000000000e+04 -6.860379984003229126e+00 8.614023214881179058e+00 2.014654457448330049e+00 1.458879319665053140e-18 2.014654457448330049e+00 1.458879319665053140e-18
5.497900000000000000e+04 -1.619360335350772395e+00 8.614023214881179058e+00 7.421511495175619366e+00 1.458879233475697024e-18 7.421511495175619366e+00 1.458879233475697024e-18
5.498000000000000000e+04 1.470344486037276610e+01 8.614023214881179058e+00 1.010928248076253944e+01 1.458879194246585025e-18 1.010928248076253944e+01 1.458879194246585025e-18
5.498100000000000000e+04 3.047587869778660163e+01 8.614023214881179058e+00 1.326427468792255127e+01 1.458879148210798260e-18 1.326427468792255127e+01 1.458879148210798260e-18
5.498200000000000000e+04 1.453740463381211789e+01 8.614023214881179058e+00 1.681188057541250913e+01 1.458879094187306028e-18 1.681188057541250913e+01 1.458879094187306028e-18
5.498400000000000000e+04 2.608688905181406170e+01 8.614023214881179058e+00 2.504964300095078400e+01 1.458878956392917053e-18 2.504964300095078400e+01 1.458878956392917053e-18
5.498500000000000000e+04 3.370633763566941354e+01 8.614023214881179058e+00 2.982457128805857849e+01 1.458878869086958948e-18 2.982457128805857849e+01 1.458878869086958948e-18
5.498700000000000000e+04 3.672425639986902013e+01 8.614023214881179058e+00 4.097582893337165899e+01 1.458878646401056061e-18 4.097582893337165899e+01 1.458878646401056061e-18
5.499000000000000000e+04 5.127348441009159075e+01 8.614023214881179058e+00 6.053040193995693841e+01 1.458878145431422993e-18 6.053040193995693841e+01 1.458878145431422993e-18
5.499200000000000000e+04 8.542164298050123250e+01 8.614023214881179058e+00 7.440742163840896239e+01 1.458877649835416619e-18 7.440742163840896239e+01 1.458877649835416619e-18
5.499300000000000000e+04 8.733555801627043991e+01 8.614023214881179058e+00 8.115791156796579742e+01 1.458877335827950478e-18 8.115791156796579742e+01 1.458877335827950478e-18
5.499400000000000000e+04 8.830576797006567347e+01 8.614023214881179058e+00 8.659722275531558466e+01 1.458876967336947338e-18 8.659722275531558466e+01 1.458876967336947338e-18
5.499600000000000000e+04 8.786588267909623085e+01 8.614023214881179058e+00 9.298895886639343189e+01 2.480027301376598325e-01 9.298895886639343189e+01 2.480027301376598325e-01
5.499700000000000000e+04 9.295241606107128973e+01 8.614023214881179058e+00 9.943980316945653897e+01 7.741488649430867675e-01 9.534931745081652821e+01 7.741488649430867675e-01
5.499800000000000000e+04 1.075155593315052016e+02 8.614023214881179058e+00 1.056014282335233219e+02 1.611723565958664173e+00 9.725679520493949326e+01 1.611723565958664173e+00
5.500000000000000000e+04 1.184934595331252893e+02 8.614023214881179058e+00 1.164877827903535632e+02 4.184087600156392028e+00 9.942624000542298290e+01 4.184087600156392028e+00
5.500200000000000000e+04 1.364466645167361776e+02 8.614023214881179058e+00 1.249570908915741256e+02 8.087425984610032259e+00 9.937735874946248771e+01 8.087425984610032259e+00
5.500300000000000000e+04 1.397855193895709363e+02 8.614023214881179058e+00 1.278053062712065042e+02 1.061141975033804385e+01 9.828909195663038645e+01 1.061141975033804385e+01
5.500400000000000000e+04 1.445004816569697539e+02 8.614023214881179058e+00 1.296700954406893516e+02 1.344950446033000979e+01 9.653818898204983157e+01 1.344950446033000979e+01
5.500500000000000000e+04 1.505747267695457765e+02 8.614023214881179058e+00 1.308140116318149921e+02 1.657394882118942192e+01 9.437559456880096320e+01 1.657394882118942192e+01
5.500900000000000000e+04 1.589191160734751804e+02 8.614023214881179058e+00 1.285902085566802668e+02 3.278066314669732861e+01 8.255133116561614770e+01 3.278066314669732861e+01
5.501200000000000000e+04 1.674729493955770749e+02 8.614023214881179058e+00 1.204530129166813879e+02 4.842432155196556209e+01 7.142612246008147281e+01 4.842432155196556209e+01
5.501300000000000000e+04 1.565265601305876260e+02 8.614023214881179058e+00 1.169960920498823924e+02 5.387147402998105150e+01 6.765517379857884350e+01 5.387147402998105150e+01
5.501400000000000000e+04 1.774606061151594645e+02 8.614023214881179058e+00 1.127453882139548682e+02 5.952593731072717276e+01 6.361888512242121152e+01 5.952593731072717276e+01
5.501600000000000000e+04 1.735790850891816319e+02 8.614023214881179058e+00 1.030026860933710964e+02 6.927777820425247057e+01 5.543739832797152900e+01 6.927777820425247057e+01
5.501700000000000000e+04 1.706177093630670925e+02 8.614023214881179058e+00 9.905649678668619629e+01 7.298693090429786423e+01 5.211031447560955598e+01 7.227144361253377269e+01
5.501800000000000000e+04 1.608363550190228750e+02 8.614023214881179058e+00 9.568020964710179044e+01 7.586411220155844148e+01 4.922327896239417555e+01 7.439116709311475972e+01
5.501900000000000000e+04 1.638106010422204690e+02 8.614023214881179058e+00 9.250737262346697776e+01 7.854495374328462276e+01 4.656333247267679099e+01 7.627945396065322825e+01
5.502000000000000000e+04 1.723310795428594133e+02 8.614023214881179058e+00 8.910792294743765751e+01 8.088653143604408058e+01 4.390417961541074021e+01 7.780543616395159745e+01
5.502100000000000000e+04 1.787484724611447291e+02 8.614023214881179058e+00 8.533107265313331879e+01 8.279239260395054600e+01 4.117301454915962466e+01 7.888746317670370445e+01
5.502200000000000000e+04 1.732110772871207018e+02 8.614023214881179058e+00 8.142481344035648760e+01 8.426572692939610931e+01 3.849145005216814042e+01 7.954099200433840622e+01
5.502500000000000000e+04 1.532578723300792092e+02 8.614023214881179058e+00 7.039874850863309064e+01 8.563732003997291997e+01 3.137059333747742329e+01 7.863127356530432621e+01
5.502900000000000000e+04 1.345068358806702804e+02 8.614023214881179058e+00 5.715950354047249959e+01 8.053748504795586882e+01 2.366167303078713857e+01 7.135419956406119013e+01
5.503100000000000000e+04 1.376219390578714865e+02 8.614023214881179058e+00 5.125117529735160815e+01 7.584816307496812726e+01 2.048817721261307412e+01 6.604106493249292953e+01
5.503200000000000000e+04 1.110725670076169251e+02 8.614023214881179058e+00 4.852755237593608229e+01 7.304961251107110343e+01 1.907229695642826428e+01 6.306078428096606103e+01
5.503300000000000000e+04 1.191641263856036232e+02 8.614023214881179058e+00 4.635691561057997490e+01 7.019324663849485546e+01 1.791710107470335345e+01 6.008152583967718385e+01
5.503400000000000000e+04 1.064444495314521077e+02 8.614023214881179058e+00 4.449121030866137971e+01 6.732340598597440362e+01 1.691552365168480421e+01 5.714089796806518251e+01
5.503500000000000000e+04 9.763321086760106482e+01 8.614023214881179058e+00 4.268605305125313265e+01 6.430488959207320931e+01 1.596874529619285887e+01 5.412413903886307764e+01
5.503600000000000000e+04 1.086251668824374548e+02 8.614023214881179058e+00 4.107591155675017802e+01 6.097233950132849145e+01 1.512367877641758973e+01 5.089510809793696922e+01
5.503700000000000000e+04 8.365876015090505291e+01 8.614023214881179058e+00 3.958438375245158625e+01 5.735497829537288794e+01 1.434788638676704053e+01 4.748321739827211729e+01
5.503900000000000000e+04 1.027745356069323037e+02 8.614023214881179058e+00 3.647390761493713285e+01 5.118066646536468767e+01 1.282170619571031622e+01 4.168825158048764479e+01
5.504000000000000000e+04 6.846338649749276328e+01 8.614023214881179058e+00 3.496776421603059504e+01 4.873498403508722276e+01 1.210962883225882791e+01 3.937862316991534328e+01
5.504200000000000000e+04 7.956897420920587649e+01 8.614023214881179058e+00 3.215860625006342843e+01 4.416409235873398131e+01 1.081543224929825442e+01 3.512334369232860354e+01
5.504400000000000000e+04 7.224112121147490484e+01 8.614023214881179058e+00 2.950104945192546424e+01 3.932902400530332443e+01 9.643386980885679804e+00 3.079316004173451304e+01
5.504500000000000000e+04 5.141646190155205431e+01 8.614023214881179058e+00 2.816881006820356248e+01 3.701618563576359122e+01 9.080561577061848411e+00 2.875937039527899231e+01
5.504600000000000000e+04 6.247181509377065822e+01 8.614023214881179058e+00 2.679928165146347752e+01 3.484258230022304303e+01 8.521234229400151960e+00 2.686398018521436981e+01
5.504700000000000000e+04 7.547739166992127480e+01 8.614023214881179058e+00 2.537583156785726146e+01 3.279858274619940062e+01 7.960046289989414880e+00 2.509647466998194432e+01
5.504800000000000000e+04 6.100997497560511817e+01 8.614023214881179058e+00 2.393710858772125150e+01 3.084905396458535165e+01 7.409034476823465276e+00 2.342728885524403992e+01
5.505000000000000000e+04 3.964462953432321513e+01 8.614023214881179058e+00 2.085542687392474903e+01 2.719548924519153132e+01 6.288194800073795498e+00 2.034676735387665047e+01
5.505200000000000000e+04 4.560168091079882657e+01 8.614023214881179058e+00 1.758282205984203728e+01 2.389529719555087794e+01 5.167770414954748759e+00 1.761670391886676512e+01
5.505400000000000000e+04 4.066145840566996839e+01 8.614023214881179058e+00 1.450159027672975398e+01 2.099783605714926793e+01 4.157327640826142812e+00 1.525783756514261391e+01
5.505600000000000000e+04 4.828957292655331912e+01 8.614023214881179058e+00 1.184966983896007875e+01 1.889125681420159353e+01 3.315520380235053022e+00 1.353241892134784763e+01
5.505800000000000000e+04 2.010963685380150778e+01 8.614023214881179058e+00 9.624642523240055425e+00 1.712968352932162119e+01 2.629827455937498115e+00 1.209894302113407427e+01
5.506000000000000000e+04 3.130822769952584039e+01 8.614023214881179058e+00 7.715518606027266024e+00 1.560362945977005822e+01 2.059888564189253035e+00 1.086906482291032106e+01
5.506100000000000000e+04 2.067710901614157493e+01 8.614023214881179058e+00 6.879761165078902785e+00 1.482702104471941063e+01 1.815959130283463896e+00 1.025736495656825298e+01
5.506200000000000000e+04 1.566910743725140520e+01 8.614023214881179058e+00 6.118028352262324887e+00 1.409948304197559921e+01 1.596812745279095003e+00 9.687703065807063751e+00
5.506400000000000000e+04 2.455055402069135084e+01 8.614023214881179058e+00 4.786495401842763009e+00 1.276394052333183105e+01 1.221917543613490142e+00 8.652345799438604601e+00
5.506500000000000000e+04 8.032608866067226572e+00 8.614023214881179058e+00 4.209732610092524752e+00 1.213982716556864716e+01 1.063036946060080368e+00 8.174417322448755741e+00
5.506700000000000000e+04 2.420838477372484476e+01 8.614023214881179058e+00 3.232813667823387416e+00 1.093226969385630376e+01 7.990344961129509649e-01 7.264449261649479794e+00
5.506800000000000000e+04 2.670193280029883454e+01 8.614023214881179058e+00 2.820570309070959070e+00 1.032637248855628265e+01 6.898283870746817481e-01 6.816987383520122457e+00
5.506900000000000000e+04 4.711938147716117520e+00 8.614023214881179058e+00 2.450460844632999624e+00 9.709346062677491673e+00 5.930877954916861095e-01 6.368037031991533148e+00
5.507100000000000000e+04 1.248113171622845918e+01 8.614023214881179058e+00 1.832708821490577122e+00 8.476702136100692897e+00 4.345486239456022304e-01 5.488314753059690076e+00
5.507300000000000000e+04 1.891501756169551030e+01 8.614023214881179058e+00 1.359632192040693299e+00 7.153249194679237810e+00 3.159510589642119949e-01 4.572811605625031639e+00
5.507400000000000000e+04 1.560790154545003716e+01 8.614023214881179058e+00 1.168780735061588638e+00 6.508083349777413318e+00 2.689201451984696289e-01 4.134216331963799895e+00
5.507500000000000000e+04 2.036069028097399425e+00 8.614023214881179058e+00 1.001125613371409928e+00 5.893144004598745767e+00 2.280935985444418612e-01 3.720184334700300077e+00
5.507800000000000000e+04 1.025440918497835696e+01 8.614023214881179058e+00 6.239294776413586430e-01 4.280469431698662675e+00 1.381047141620609098e-01 2.652416304188042862e+00
5.508000000000000000e+04 -1.185273819240589255e+01 8.614023214881179058e+00 4.534435521728174545e-01 3.436868905615598102e+00 9.849760017656127020e-02 2.103861964749998759e+00
5.508100000000000000e+04 7.550127097467513870e+00 8.614023214881179058e+00 3.865301618577452469e-01 3.064271958119349382e+00 8.318738014801362046e-02 1.864479439074748779e+00
5.508200000000000000e+04 6.583925383922857755e+00 8.614023214881179058e+00 3.290693279343052113e-01 2.724655801624409346e+00 7.017301316464903682e-02 1.647910851351402695e+00
5.508400000000000000e+04 1.099466663726214755e+01 8.614023214881179058e+00 2.381126860278759694e-01 2.137429668320785847e+00 4.986444254227592049e-02 1.277450196223276269e+00
5.508500000000000000e+04 5.002150540904235498e+00 8.614023214881179058e+00 2.024933147355613972e-01 1.884666129335453633e+00 4.202762805578161287e-02 1.119758855288131238e+00
5.508800000000000000e+04 -3.062885505250521057e-01 8.614023214881179058e+00 1.255727470239206833e-01 1.264157019499679402e+00 2.538464199561750803e-02 7.380645840142919800e-01
5.508900000000000000e+04 2.106455929486315437e+00 8.614023214881179058e+00 1.070619029941609485e-01 1.101197381163024680e+00 2.145658115601357940e-02 6.392275968903607941e-01
5.509000000000000000e+04 -4.930374123661425578e+00 8.614023214881179058e+00 9.128310048930984855e-02 9.561573307564752433e-01 1.813835800367798873e-02 5.518627096597454873e-01
5.509100000000000000e+04 8.326528191091535192e+00 8.614023214881179058e+00 7.785191425310805657e-02 8.267643869154106540e-01 1.533876746194622574e-02 4.744702363933489542e-01
5.509300000000000000e+04 6.712685850522289499e+00 8.614023214881179058e+00 5.652979444456113223e-02 6.126440319834678405e-01 1.095262713745783802e-02 3.476388991564817732e-01
5.509500000000000000e+04 1.191774724925369355e+01 8.614023214881179058e+00 4.108481581027809831e-02 4.504451057440977957e-01 7.830004347216196550e-03 2.527608471713695959e-01
5.509600000000000000e+04 1.296039661732136583e+00 8.614023214881179058e+00 3.500301951191903127e-02 3.855239201565261453e-01 6.616827885050855125e-03 2.151361161587757309e-01
5.509700000000000000e+04 -5.375912315331025759e+00 8.614023214881179058e+00 2.982576354028879106e-02 3.288014841737839644e-01 5.592785077591702451e-03 1.824748788355535223e-01
5.509800000000000000e+04 2.736458933397061699e+00 8.614023214881179058e+00 2.543223686462361965e-02 2.797401770453785130e-01 4.730874821351913062e-03 1.543990379983322947e-01
5.509900000000000000e+04 -2.407444756306729605e+00 8.614023214881179058e+00 2.166642782580004145e-02 2.379129507449193326e-01 3.998454947828823484e-03 1.305994130454626312e-01
5.510100000000000000e+04 -4.863911608263531861e+00 8.614023214881179058e+00 1.572698155992421909e-02 1.718879518425387998e-01 2.857113554350843541e-03 9.334127170379516447e-02
5.510400000000000000e+04 5.939832294044174787e+00 8.614023214881179058e+00 9.727941962771312692e-03 1.050461937869530404e-01 1.726894476100850886e-03 5.613841053171924472e-02
5.510700000000000000e+04 -2.785824113540906666e+01 8.614023214881179058e+00 5.978147878332009182e-03 6.391225453698821946e-02 1.037530654529236849e-03 3.362210244462529585e-02
5.510800000000000000e+04 -1.091508881689300603e+00 8.614023214881179058e+00 5.083787070688641774e-03 5.424549545743465040e-02 8.757902202812570909e-04 2.838889232647826000e-02
5.510900000000000000e+04 -8.105244243535450366e+00 8.614023214881179058e+00 4.320095460722854323e-03 4.611789284221185642e-02 7.387683124515371895e-04 2.401098185151864448e-02
5.511000000000000000e+04 -5.970418448482930351e-01 8.614023214881179058e+00 3.670426053184999444e-03 3.920607186939133876e-02 6.230988444615148105e-04 2.030771359649400851e-02
5.511100000000000000e+04 2.075372418849552503e+01 8.614023214881179058e+00 3.120185134164779259e-03 3.330919658659548671e-02 5.258591276927242816e-04 1.716526492481086630e-02
5.511400000000000000e+04 -1.756229878405215317e+01 8.614023214881179058e+00 1.915969966889310809e-03 2.043454708235753134e-02 3.160519228810185948e-04 1.037181356327150986e-02
