5.497400000000000000e+04 2.398828623758847201e+00 4.559342392348029627e+00 2.872527343123094101e-01 8.716024236303062206e-19 2.872527343123094101e-01 8.716024236303062206e-19
5.497600000000000000e+04 -2.493999505287181506e+00 4.559342392348029627e+00 1.958814406946931541e+00 8.716023866393842389e-19 1.958814406946931541e+00 8.716023866393842389e-19
5.498000000000000000e+04 1.019788635637297602e+01 4.559342392348029627e+00 9.740658635389692677e+00 8.716022655456037539e-19 9.740658635389692677e+00 8.716022655456037539e-19
5.498100000000000000e+04 9.304041153782526052e+00 4.559342392348029627e+00 1.261836908227294352e+01 8.716022210972289233e-19 1.261836908227294352e+01 8.716022210972289233e-19
5.498500000000000000e+04 2.905698886596652031e+01 4.559342392348029627e+00 2.761301931683333422e+01 8.716019515982127606e-19 2.761301931683333422e+01 8.716019515982127606e-19
5.498700000000000000e+04 3.408160047357809930e+01 4.559342392348029627e+00 3.698113532148148863e+01 8.716017365910701769e-19 3.698113532148148863e+01 8.716017365910701769e-19
5.498800000000000000e+04 4.555745031331801442e+01 4.559342392348029627e+00 4.209516568424355398e+01 8.716016003634627670e-19 4.209516568424355398e+01 8.716016003634627670e-19
5.498900000000000000e+04 4.902983369101719546e+01 4.559342392348029627e+00 4.711547825657126509e+01 8.716014404989387201e-19 4.711547825657126509e+01 8.716014404989387201e-19
5.499300000000000000e+04 6.621669935892209935e+01 4.559342392348029627e+00 6.549985504210982867e+01 -1.241908946591701104e-02 6.549985504210982867e+01 -1.241908946591701104e-02
5.499500000000000000e+04 6.657740889039060050e+01 4.559342392348029627e+00 6.925870503056015082e+01 7.505983906838168407e-01 6.925870503056015082e+01 7.505983906838168407e-01
5.499700000000000000e+04 7.845571662595814644e+01 4.559342392348029627e+00 7.030107015719596575e+01 2.680580088357593205e+00 6.841287481237441170e+01 2.680580088357593205e+00
5.499900000000000000e+04 7.533436669457942969e+01 4.559342392348029627e+00 6.863844840042735029e+01 5.789889591216336839e+00 6.504780932565140006e+01 5.789889591216336839e+00
5.500000000000000000e+04 8.285497951151272389e+01 4.559342392348029627e+00 6.756933273992601130e+01 7.792526908311754319e+00 6.320798198309262261e+01 7.792526908311754319e+00
5.500200000000000000e+04 7.546663709329166636e+01 4.559342392348029627e+00 6.485428909699159306e+01 1.269273137910385429e+01 5.914124484496770862e+01 1.269273137910385429e+01
5.500300000000000000e+04 7.162739984002274696e+01 4.559342392348029627e+00 6.249858677247912198e+01 1.558080429699700353e+01 5.628475033544589223e+01 1.558080429699700353e+01
5.500500000000000000e+04 8.114398316711742609e+01 4.559342392348029627e+00 5.690716326021968285e+01 2.209041545346666879e+01 5.000629460476246635e+01 2.209041545346666879e+01
5.500700000000000000e+04 8.495501065114936523e+01 4.559342392348029627e+00 5.193148914912127623e+01 2.958490825718519801e+01 4.455343955827151348e+01 2.958490825718519801e+01
5.500900000000000000e+04 8.355574593667797956e+01 4.559342392348029627e+00 4.698555998934735101e+01 3.769238260525701634e+01 3.937777404403901471e+01 3.769238260525701634e+01
5.501000000000000000e+04 8.612935015947564921e+01 4.559342392348029627e+00 4.449526763058666035e+01 4.153383942830611630e+01 3.686434766411487374e+01 4.153383942830611630e+01
5.501300000000000000e+04 8.894522597565493527e+01 4.559342392348029627e+00 3.742680720688887419e+01 5.239988403368787573e+01 2.997981993502793685e+01 5.239988403368787573e+01
5.501600000000000000e+04 8.800273606523406045e+01 4.559342392348029627e+00 2.939625750149642514e+01 6.171553515875884699e+01 2.279133005233092391e+01 5.535025574776578594e+01
5.501700000000000000e+04 8.845229567184600228e+01 4.559342392348029627e+00 2.701557127295336969e+01 6.417127657400722285e+01 2.072381963252022885e+01 5.473029984989954499e+01
5.501800000000000000e+04 9.080716649619658654e+01 4.559342392348029627e+00 2.483447003500518235e+01 6.583730317526543274e+01 1.885112345149930135e+01 5.352626274411823459e+01
5.501900000000000000e+04 8.473808560615727004e+01 4.559342392348029627e+00 2.274950808669233027e+01 6.699924360542095769e+01 1.708947422377729097e+01 5.203824746052112715e+01
5.502000000000000000e+04 8.621869637238947348e+01 4.559342392348029627e+00 2.077558241804306149e+01 6.801178861380765284e+01 1.544652967884242400e+01 5.056638558647409809e+01
5.502200000000000000e+04 7.917846395905831969e+01 4.559342392348029627e+00 1.725223185006471027e+01 6.907697397892229674e+01 1.256901635586821442e+01 4.731299587597417400e+01
5.502300000000000000e+04 8.213725077444196643e+01 4.559342392348029627e+00 1.568392870310096399e+01 6.832968690723131999e+01 1.131270102647213349e+01 4.502780026835672089e+01
5.502400000000000000e+04 7.985344564477554741e+01 4.559342392348029627e+00 1.425535509271319690e+01 6.683375334623627850e+01 1.018094207449878574e+01 4.243412910872144295e+01
5.502500000000000000e+04 7.614265951223080720e+01 4.559342392348029627e+00 1.297039310390283973e+01 6.530822075381979630e+01 9.172838121572022274e+00 4.000503568380997876e+01
5.502800000000000000e+04 6.510235045595746328e+01 4.559342392348029627e+00 9.775006311752205690e+00 6.056665496929444004e+01 6.716370971383953226e+00 3.355493350099414585e+01
5.502900000000000000e+04 6.579974568931734780e+01 4.559342392348029627e+00 8.920311494292100463e+00 5.867288332561813746e+01 6.071543353043900915e+00 3.150221923523121603e+01
5.503100000000000000e+04 6.250932865848290731e+01 4.559342392348029627e+00 7.493630684596537250e+00 5.450583539690057222e+01 5.006434182654020404e+00 2.756300146493076042e+01
5.503300000000000000e+04 5.054238214211629554e+01 4.559342392348029627e+00 6.390665700848454200e+00 5.018621857123678609e+01 4.192249869357422831e+00 2.398385594802235588e+01
5.503400000000000000e+04 6.014836098459766589e+01 4.559342392348029627e+00 5.960167755674170564e+00 4.745036071333702665e+01 3.874767751706000407e+00 2.206993521550558768e+01
5.503500000000000000e+04 4.980748627137574402e+01 4.559342392348029627e+00 5.583685812230811507e+00 4.434744135584210056e+01 3.597735703756966164e+00 2.008944115779936368e+01
5.503700000000000000e+04 4.598801758606555268e+01 4.559342392348029627e+00 4.968386507115485351e+00 3.850485687722259343e+01 3.145344712025503142e+00 1.657905570601618450e+01
5.503800000000000000e+04 4.611173424585743419e+01 4.559342392348029627e+00 4.721393177043268885e+00 3.589253905165467273e+01 2.963093496324381348e+00 1.508089876119944250e+01
5.503900000000000000e+04 4.332251775128496263e+01 4.559342392348029627e+00 4.503626765298077039e+00 3.332447473636572255e+01 2.802157021713587159e+00 1.367157937902183562e+01
5.504000000000000000e+04 3.630924763390853371e+01 4.559342392348029627e+00 4.301297963389567158e+00 3.083127323896948369e+01 2.653484246384680389e+00 1.235722374307394134e+01
5.504100000000000000e+04 3.180675383670155654e+01 4.559342392348029627e+00 4.109074746853830007e+00 2.847420520642087993e+01 2.513503025968822246e+00 1.115541829830396736e+01
5.504300000000000000e+04 3.129442869884915979e+01 4.559342392348029627e+00 3.751628227843136099e+00 2.414130399049153297e+01 2.256754227528354306e+00 9.050160821177707149e+00
5.504400000000000000e+04 2.625261094887125779e+01 4.559342392348029627e+00 3.570257843957503230e+00 2.219445372240735281e+01 2.129971270706062736e+00 8.144753659599029305e+00
5.504500000000000000e+04 2.111023286381248454e+01 4.559342392348029627e+00 3.385067954637544396e+00 2.041873765861932455e+01 2.002998789726357476e+00 7.338270497257618707e+00
5.504600000000000000e+04 1.824341984651116633e+01 4.559342392348029627e+00 3.207349489368891859e+00 1.876226605390798241e+01 1.882468299899572761e+00 6.606431709122529305e+00
5.504700000000000000e+04 1.642106558162189245e+01 4.559342392348029627e+00 3.036793662214442691e+00 1.724369022444835053e+01 1.768044749775525615e+00 5.951230448472252910e+00
5.504900000000000000e+04 8.130554478416982533e+00 4.559342392348029627e+00 2.706895661628728078e+00 1.463241948083580546e+01 1.551051834533994978e+00 4.857234682435121798e+00
5.505000000000000000e+04 1.147704599239613543e+01 4.559342392348029627e+00 2.530629839099234779e+00 1.351989686741926455e+01 1.438675292267899364e+00 4.403875201113765847e+00
5.505100000000000000e+04 1.576480366217882789e+01 4.559342392348029627e+00 2.349148258601632566e+00 1.252609832500036013e+01 1.325106192803267691e+00 4.005147346123217211e+00
5.505300000000000000e+04 7.490122364966648405e+00 4.559342392348029627e+00 1.996230124368227221e+00 1.087469616111315673e+01 1.108770342350714921e+00 3.353799895485938709e+00
5.505400000000000000e+04 7.253235257034712724e+00 4.559342392348029627e+00 1.824919189918795759e+00 1.022938686450384260e+01 1.005908494057323077e+00 3.099814201364801125e+00
5.505500000000000000e+04 1.878912332284922115e+01 4.559342392348029627e+00 1.663115182492832078e+00 9.663518100291211610e+00 9.098004280595362037e-01 2.878188563005573020e+00
5.505700000000000000e+04 9.824654513816597046e+00 4.559342392348029627e+00 1.367371001660665275e+00 8.737767610006850205e+00 7.368888778080757707e-01 2.516275769620402780e+00
5.505800000000000000e+04 9.597323395023968473e+00 4.559342392348029627e+00 1.228961473838826368e+00 8.367776033620053511e+00 6.574095826676078502e-01 2.370474797059505256e+00
5.505900000000000000e+04 1.051258408872305594e+00 4.559342392348029627e+00 1.097915126756109139e+00 8.042190652317996680e+00 5.830050588127172473e-01 2.241725617370870172e+00
5.506100000000000000e+04 1.208514020306846959e+01 4.559342392348029627e+00 8.608206717248434447e-01 7.444995962919652044e+00 4.505027589097987395e-01 2.010802420775057886e+00
5.506300000000000000e+04 6.837875544505009451e+00 4.559342392348029627e+00 6.620572229307000178e-01 6.892127410871596638e+00 3.415482990769190819e-01 1.805403382022683800e+00
5.506400000000000000e+04 1.089001963105868498e+01 4.559342392348029627e+00 5.788877268204265514e-01 6.602910939188794792e+00 2.965309531914898100e-01 1.703977016564850455e+00
5.506700000000000000e+04 1.171022328496245635e+01 4.559342392348029627e+00 3.787697937749180399e-01 5.724928899773153113e+00 1.899928740845295005e-01 1.414435799820420669e+00
5.506800000000000000e+04 -1.817002654962503350e+00 4.559342392348029627e+00 3.272081844678540463e-01 5.447971671814901384e+00 1.630009885761951050e-01 1.327155096666236656e+00
5.506900000000000000e+04 7.443469920783885030e+00 4.559342392348029627e+00 2.819948276757037187e-01 5.165002608998204181e+00 1.395185175518027509e-01 1.240841467627196382e+00
5.507000000000000000e+04 -3.900695592332960260e+00 4.559342392348029627e+00 2.424813889624613805e-01 4.856967786696429812e+00 1.191554736916271978e-01 1.150940233814319757e+00
5.507200000000000000e+04 7.912274779781332867e+00 4.559342392348029627e+00 1.786148282401146814e-01 4.212407759411346930e+00 8.659693020465177027e-02 9.717203597258007308e-01
5.507400000000000000e+04 9.092597282869807174e+00 4.559342392348029627e+00 1.308456242629441602e-01 3.581034238844071016e+00 6.259957145868536021e-02 8.047267952458585505e-01
5.507600000000000000e+04 7.733558564901246157e-01 4.559342392348029627e+00 9.442548113717361136e-02 2.999213327389173678e+00 4.458659039435906163e-02 6.570018241816371063e-01
5.507800000000000000e+04 7.439589963429018127e+00 4.559342392348029627e+00 6.791821229277078542e-02 2.461341477507524189e+00 3.165759871947924908e-02 5.259276661340864800e-01
5.508000000000000000e+04 3.734541966171629035e+00 4.559342392348029627e+00 4.873880844587377692e-02 1.970522181514884119e+00 2.242927217941729015e-02 4.109535310771395000e-01
5.508200000000000000e+04 5.979129082598226397e+00 4.559342392348029627e+00 3.488278544311419760e-02 1.543943463964917884e+00 1.585148843184322476e-02 3.144487706649526926e-01
5.508300000000000000e+04 -8.479898342608267470e+00 4.559342392348029627e+00 2.950522556146662617e-02 1.357312940531676615e+00 1.332425287277213925e-02 2.732386392615352988e-01
5.508400000000000000e+04 -3.901686798062373729e+00 4.559342392348029627e+00 2.492846598429798721e-02 1.192054431829789429e+00 1.118771474028273233e-02 2.372247625531919146e-01
5.508600000000000000e+04 1.262410796563842119e+01 4.559342392348029627e+00 1.784393213078356091e-02 9.090791188312800086e-01 7.910245647124551638e-03 1.768636417959688623e-01
5.508900000000000000e+04 6.243596006836147794e+00 4.559342392348029627e+00 1.093087924685943318e-02 5.929536995951617540e-01 4.758348966942117439e-03 1.116148140414422174e-01
5.509000000000000000e+04 -5.491301925436168574e+00 4.559342392348029627e+00 9.280511261215037416e-03 5.118919149792305889e-01 4.015798901434460173e-03 9.532437895330177213e-02
5.509200000000000000e+04 -2.970061792962828129e+00 4.559342392348029627e+00 6.689192263707312985e-03 3.799873297380120252e-01 2.860340487345981557e-03 6.927754416372142177e-02
5.509300000000000000e+04 6.205977701981577610e+00 4.559342392348029627e+00 5.679680079795828250e-03 3.266296589670322215e-01 2.414419350363810127e-03 5.893182841083124957e-02
5.509500000000000000e+04 -1.861074851015606768e+00 4.559342392348029627e+00 4.092601382535572194e-03 2.394008106715512230e-01 1.719580412830072277e-03 4.231565367592597660e-02
5.509600000000000000e+04 4.191286228906839106e+00 4.559342392348029627e+00 3.475432043266888857e-03 2.038498912830096488e-01 1.451847290194205504e-03 3.566927231548724930e-02
5.509700000000000000e+04 3.399374676965980058e+00 4.559342392348029627e+00 2.950837803672110189e-03 1.736421760974892758e-01 1.225634575374692737e-03 3.008093132914495954e-02
5.509800000000000000e+04 1.828680056543717125e+00 4.559342392348029627e+00 2.504103852578224744e-03 1.476510404276512312e-01 1.034155386379047173e-03 2.532607897558340412e-02
5.510000000000000000e+04 -2.042188163073009211e+00 4.559342392348029627e+00 1.805829528693353534e-03 1.066736184853086522e-01 7.373742460977353481e-04 1.794341774353383490e-02
5.510100000000000000e+04 7.929314846878214418e+00 4.559342392348029627e+00 1.532912807217373446e-03 9.053136318809147653e-02 6.224268341795411233e-04 1.508227624957792119e-02
5.510200000000000000e+04 9.950525870954498586e-01 4.559342392348029627e+00 1.302207005371645073e-03 7.684801591757597916e-02 5.258043306838589264e-04 1.268119074547458328e-02
5.510600000000000000e+04 -1.239260818965354505e-01 4.559342392348029627e+00 6.755843787882248683e-04 3.980435609633074107e-02 2.668395524086519138e-04 6.328196517699642178e-03
5.510900000000000000e+04 3.702248312407415476e+00 4.559342392348029627e+00 4.127121043378106642e-04 2.460066415909075571e-02 1.603886617199637324e-04 3.806679173553694298e-03
5.511100000000000000e+04 -6.867076312977663299e+00 4.559342392348029627e+00 2.973224364675246495e-04 1.784020097147958478e-02 1.143196079927424701e-04 2.712307255261054220e-03
5.511200000000000000e+04 -5.778487396869621762e+00 4.559342392348029627e+00 2.521935278768049874e-04 1.518268730683247289e-02 9.645587389153405797e-05 2.288272389876785419e-03
5.511400000000000000e+04 8.532175424683693166e+00 4.559342392348029627e+00 1.816993497869100042e-04 1.100701882764788808e-02 6.876820444588222371e-05 1.630669455947835432e-03
5.511500000000000000e+04 -1.295882819130531693e+01 4.559342392348029627e+00 1.541558772239031946e-04 9.364834928272574091e-03 5.804061642466235168e-05 1.375664330264058039e-03
5.511700000000000000e+04 -2.016935949972554543e+00 4.559342392348029627e+00 1.110938767214012624e-04 6.787564278425051514e-03 4.139733072045060849e-05 9.805076602997543633e-04
5.511800000000000000e+04 4.280391315247942252e-01 4.559342392348029627e+00 9.425826973037459630e-05 5.774723677540599849e-03 3.494412016400036890e-05 8.273243091032378470e-04
5.511900000000000000e+04 1.216340761783214930e+00 4.559342392348029627e+00 8.005920595453287455e-05 4.917294586235306832e-03 2.952906681710418518e-05 6.987274722892087252e-04
5.512000000000000000e+04 9.562128445401155696e-01 4.559342392348029627e+00 6.856951318200382294e-05 4.185336220850746983e-03 2.516312410348764490e-05 5.898993968781883653e-04
