5.497500000000000000e+04 -3.477795401990203761e+00 1.089304512785816570e+01 9.676860811788584593e-01 1.458879094187306028e-18 9.676860811788584593e-01 1.458879094187306028e-18
5.497600000000000000e+04 -9.208457933868910317e+00 1.089304512785816570e+01 2.014654457448330049e+00 1.458879030790155216e-18 2.014654457448330049e+00 1.458879030790155216e-18
5.497900000000000000e+04 -4.011314071740861742e+00 1.089304512785816570e+01 7.421511495175619366e+00 1.458878766632481191e-18 7.421511495175619366e+00 1.458878766632481191e-18
5.498000000000000000e+04 1.591892762304031805e+01 1.089304512785816570e+01 1.010928248076253944e+01 1.458878646401056061e-18 1.010928248076253944e+01 1.458878646401056061e-18
5.498100000000000000e+04 3.502957233401902215e+01 1.089304512785816570e+01 1.326427468792255127e+01 1.458878505308197166e-18 1.326427468792255127e+01 1.458878505308197166e-18
5.498200000000000000e+04 1.393564394868982248e+01 1.089304512785816570e+01 1.681188057541250913e+01 1.458878339734227992e-18 1.681188057541250913e+01 1.458878339734227992e-18
5.498400000000000000e+04 2.636131441846300305e+01 1.089304512785816570e+01 2.504964300095078400e+01 1.458877917415035206e-18 2.504964300095078400e+01 1.458877917415035206e-18
5.498500000000000000e+04 3.473334097041533397e+01 1.089304512785816570e+01 2.982457128805857849e+01 1.458877649835416619e-18 2.982457128805857849e+01 1.458877649835416619e-18
5.498700000000000000e+04 3.559941302218638981e+01 1.089304512785816570e+01 4.097582893337165899e+01 1.458876967336947338e-18 4.097582893337165899e+01 1.458876967336947338e-18
5.499000000000000000e+04 4.959852008240498122e+01 1.089304512785816570e+01 6.053040193995693841e+01 7.741488649430867675e-01 6.053040193995693841e+01 7.741488649430867675e-01
5.499200000000000000e+04 9.108916670306449248e+01 1.089304512785816570e+01 7.440742163840896239e+01 2.753478662916496678e+00 7.440742163840896239e+01 2.753478662916496678e+00
5.499300000000000000e+04 9.315407255899515349e+01 1.089304512785816570e+01 8.115791156796579742e+01 4.184087600156392028e+00 8.115791156796579742e+01 4.184087600156392028e+00
5.499400000000000000e+04 9.469500891566799794e+01 1.089304512785816570e+01 8.659722275531558466e+01 5.937209196140496026e+00 8.659722275531558466e+01 5.937209196140496026e+00
5.499600000000000000e+04 9.680826724514486159e+01 1.089304512785816570e+01 9.298895886639343189e+01 1.061141975033804385e+01 9.298895886639343189e+01 1.061141975033804385e+01
5.499700000000000000e+04 1.033537863556976077e+02 1.089304512785816570e+01 9.908701069488850521e+01 1.344950446033000979e+01 9.534931745081652821e+01 1.344950446033000979e+01
5.499800000000000000e+04 1.218380926066943175e+02 1.089304512785816570e+01 1.048817279490067449e+02 1.657394882118942192e+01 9.725679520493949326e+01 1.657394882118942192e+01
5.500000000000000000e+04 1.361211759747353085e+02 1.089304512785816570e+01 1.150162744382733138e+02 2.385965703044686492e+01 9.942624000542298290e+01 2.385965703044686492e+01
5.500200000000000000e+04 1.598338343828525012e+02 1.089304512785816570e+01 1.227509135273360812e+02 3.278066314669732861e+01 9.937735874946248771e+01 3.278066314669732861e+01
5.500300000000000000e+04 1.648912343418906232e+02 1.089304512785816570e+01 1.252596187895297817e+02 3.790067896713478035e+01 9.828909195663038645e+01 3.790067896713478035e+01
5.500400000000000000e+04 1.717355318497702399e+02 1.089304512785816570e+01 1.268125650468206800e+02 4.317674359126633732e+01 9.653818898204983157e+01 4.317674359126633732e+01
5.500500000000000000e+04 1.801255185877441249e+02 1.089304512785816570e+01 1.276713043326739410e+02 4.842432155196556209e+01 9.437559456880096320e+01 4.842432155196556209e+01
5.500900000000000000e+04 1.907968483282051579e+02 1.089304512785816570e+01 1.246194895276141210e+02 6.927777820425247057e+01 8.255133116561614770e+01 6.927777820425247057e+01
5.501200000000000000e+04 2.061060335180377194e+02 1.089304512785816570e+01 1.162245864670445599e+02 9.165739187912092234e+01 7.142612246008147281e+01 7.627945396065322825e+01
5.501300000000000000e+04 1.933248968289826166e+02 1.089304512785816570e+01 1.127405816179517757e+02 9.871953740482179285e+01 6.765517379857884350e+01 7.780543616395159745e+01
5.501400000000000000e+04 2.204642357235051122e+02 1.089304512785816570e+01 1.085083704648016010e+02 1.053936508040761311e+02 6.361888512242121152e+01 7.888746317670370445e+01
5.501600000000000000e+04 2.178547452967419531e+02 1.089304512785816570e+01 9.890031861710120609e+01 1.173122283092000373e+02 5.543739832797152900e+01 7.978252741376498136e+01
5.501700000000000000e+04 2.154467045560122926e+02 1.089304512785816570e+01 9.500752535193132076e+01 1.222421014505388257e+02 5.211031447560955598e+01 7.950188699956999017e+01
5.501800000000000000e+04 2.043199167723395533e+02 1.089304512785816570e+01 9.167343473956290723e+01 1.261874678176003926e+02 4.922327896239417555e+01 7.863127356530432621e+01
5.501900000000000000e+04 2.085166377875781620e+02 1.089304512785816570e+01 8.854483303004218442e+01 1.291294815823898716e+02 4.656333247267679099e+01 7.723055118563988231e+01
5.502000000000000000e+04 2.194744877905244778e+02 1.089304512785816570e+01 8.520923179758916888e+01 1.313104272592468931e+02 4.390417961541074021e+01 7.550047565504078761e+01
5.502100000000000000e+04 2.278112491515949785e+02 1.089304512785816570e+01 8.152256880733605726e+01 1.328526029074453447e+02 4.117301454915962466e+01 7.354550648109243127e+01
5.502200000000000000e+04 2.209214181662781584e+02 1.089304512785816570e+01 7.772193594533788996e+01 1.336892283032250361e+02 3.849145005216814042e+01 7.135419956406119013e+01
5.502500000000000000e+04 1.943831966335200150e+02 1.089304512785816570e+01 6.703268384352176668e+01 1.308637395398607737e+02 3.137059333747742329e+01 6.306078428096606103e+01
5.502900000000000000e+04 1.695343716092829709e+02 1.089304512785816570e+01 5.427041326341336713e+01 1.192981333815642557e+02 2.366167303078713857e+01 5.089510809793696922e+01
5.503100000000000000e+04 1.718213718704573694e+02 1.089304512785816570e+01 4.859795634831821332e+01 1.099168384128357161e+02 2.048817721261307412e+01 4.434991866237722746e+01
5.503200000000000000e+04 1.388249243643759883e+02 1.089304512785816570e+01 4.598712242133983352e+01 1.061216132232893301e+02 1.907229695642826428e+01 4.168825158048764479e+01
5.503300000000000000e+04 1.500980746910659320e+02 1.089304512785816570e+01 4.390406447345309005e+01 1.028884666183548120e+02 1.791710107470335345e+01 3.937862316991534328e+01
5.503400000000000000e+04 1.351537146170051358e+02 1.089304512785816570e+01 4.211288768323449716e+01 9.983178482141903487e+01 1.691552365168480421e+01 3.725066597814144131e+01
5.503500000000000000e+04 1.250390953886062988e+02 1.089304512785816570e+01 4.038176310501249588e+01 9.649084979156512532e+01 1.596874529619285887e+01 3.512334369232860354e+01
5.503600000000000000e+04 1.398564507351382531e+02 1.089304512785816570e+01 3.883760709784037601e+01 9.270186571772390494e+01 1.512367877641758973e+01 3.293841163932770399e+01
5.503700000000000000e+04 1.093471135278328177e+02 1.089304512785816570e+01 3.740780938757902163e+01 8.873356997626216014e+01 1.434788638676704053e+01 3.079316004173451304e+01
5.503900000000000000e+04 1.345760053314421327e+02 1.089304512785816570e+01 3.443397415919961446e+01 8.102176423860655063e+01 1.282170619571031622e+01 2.686398018521436981e+01
5.504000000000000000e+04 9.110251033022598222e+01 1.089304512785816570e+01 3.299631664213885074e+01 7.737745070248831780e+01 1.210962883225882791e+01 2.509647466998194432e+01
5.504200000000000000e+04 1.047132271838205213e+02 1.089304512785816570e+01 3.031781968123286575e+01 7.029026107674279444e+01 1.081543224929825442e+01 2.184555602832633170e+01
5.504400000000000000e+04 9.555303885918841900e+01 1.089304512785816570e+01 2.778838392412017555e+01 6.345114239935878686e+01 9.643386980885679804e+00 1.892933842462971228e+01
5.504500000000000000e+04 6.934624785332908914e+01 1.089304512785816570e+01 2.652250425428224645e+01 6.023503403938925516e+01 9.080561577061848411e+00 1.761670391886676512e+01
5.504600000000000000e+04 8.341637040536618031e+01 1.089304512785816570e+01 2.522285331902444483e+01 5.714398482724337924e+01 8.521234229400151960e+00 1.639054177009046143e+01
5.504700000000000000e+04 9.997486814653375120e+01 1.089304512785816570e+01 2.387377083293625546e+01 5.422025157149079178e+01 7.960046289989414880e+00 1.525783756514261391e+01
5.504800000000000000e+04 8.228145556175402930e+01 1.089304512785816570e+01 2.251161035438041580e+01 5.189939165702871549e+01 7.409034476823465276e+00 1.433368085976268347e+01
5.505000000000000000e+04 5.694136404045420363e+01 1.089304512785816570e+01 1.959904555287000605e+01 4.797266586901074703e+01 6.288194800073795498e+00 1.277499623695428888e+01
5.505200000000000000e+04 6.637262819140730130e+01 1.089304512785816570e+01 1.651206002986341304e+01 4.464603111197526886e+01 5.167770414954748759e+00 1.147830910941363491e+01
5.505400000000000000e+04 6.141282111461946869e+01 1.089304512785816570e+01 1.360942776500846385e+01 4.127563658523065016e+01 4.157327640826142812e+00 1.025736495656825298e+01
5.505600000000000000e+04 7.138443684787829113e+01 1.089304512785816570e+01 1.111362431454789501e+01 3.807930096895018579e+01 3.315520380235053022e+00 9.157200117581325571e+00
5.505800000000000000e+04 3.570981661398152340e+01 1.089304512785816570e+01 9.021360104847993000e+00 3.509113868180801177e+01 2.629827455937498115e+00 8.174417322448755741e+00
5.506000000000000000e+04 4.949166627830789622e+01 1.089304512785816570e+01 7.227736994027250894e+00 3.216116977117457765e+01 2.059888564189253035e+00 7.264449261649479794e+00
5.506100000000000000e+04 3.577919608987160416e+01 1.089304512785816570e+01 6.443022994245730217e+00 3.063826809649284044e+01 1.815959130283463896e+00 6.816987383520122457e+00
5.506200000000000000e+04 2.902474404322794399e+01 1.089304512785816570e+01 5.728086679865169728e+00 2.904843772513257960e+01 1.596812745279095003e+00 6.368037031991533148e+00
5.506400000000000000e+04 3.910433432487744199e+01 1.089304512785816570e+01 4.479060947869609066e+00 2.577312608036829999e+01 1.221917543613490142e+00 5.488314753059690076e+00
5.506500000000000000e+04 1.738250679003481380e+01 1.089304512785816570e+01 3.938339277763386104e+00 2.396154357736920559e+01 1.063036946060080368e+00 5.030555840059037109e+00
5.506700000000000000e+04 3.597111429533644866e+01 1.089304512785816570e+01 3.022907305694515490e+00 2.024773790742590407e+01 7.990344961129509649e-01 4.134216331963799895e+00
5.506800000000000000e+04 3.824802032645332872e+01 1.089304512785816570e+01 2.636800026754263726e+00 1.846997118492005185e+01 6.898283870746817481e-01 3.720184334700300077e+00
5.506900000000000000e+04 9.607646119138374630e+00 1.089304512785816570e+01 2.290267831070694982e+00 1.673573815090972516e+01 5.930877954916861095e-01 3.325862112660915137e+00
5.507100000000000000e+04 1.816186056051036246e+01 1.089304512785816570e+01 1.712121578345672690e+00 1.370344359395710221e+01 4.345486239456022304e-01 2.652416304188042862e+00
5.507300000000000000e+04 2.557601040432833628e+01 1.089304512785816570e+01 1.269617735341789233e+00 1.115215150274679345e+01 3.159510589642119949e-01 2.103861964749998759e+00
5.507400000000000000e+04 2.112905706638458270e+01 1.089304512785816570e+01 1.091170381157310354e+00 1.000852562895325093e+01 2.689201451984696289e-01 1.864479439074748779e+00
5.507500000000000000e+04 3.747638671836998725e+00 1.089304512785816570e+01 9.344538545168696864e-01 8.956725059265144395e+00 2.280935985444418612e-01 1.647910851351402695e+00
5.507800000000000000e+04 1.365935379813531192e+01 1.089304512785816570e+01 5.820285073645893315e-01 6.311856715488138647e+00 1.381047141620609098e-01 1.119758855288131238e+00
5.508000000000000000e+04 -1.457737789832760278e+01 1.089304512785816570e+01 4.228304980379422040e-01 4.907999058481548715e+00 9.849760017656127020e-02 8.504295568480645384e-01
5.508100000000000000e+04 9.853372044338964741e+00 1.089304512785816570e+01 3.603677308011949965e-01 4.309116267309041959e+00 8.318738014801362046e-02 7.380645840142919800e-01
5.508200000000000000e+04 8.545952119557851390e+00 1.089304512785816570e+01 3.067402751453138787e-01 3.775022496195714616e+00 7.017301316464903682e-02 6.392275968903607941e-01
5.508400000000000000e+04 1.398717284260978033e+01 1.089304512785816570e+01 2.218768235361109620e-01 2.865800227815828105e+00 4.986444254227592049e-02 4.744702363933489542e-01
5.508500000000000000e+04 6.357363765706457670e+00 1.089304512785816570e+01 1.886536168167924632e-01 2.482496544281096007e+00 4.202762805578161287e-02 4.064868588356523871e-01
5.508800000000000000e+04 -4.331863634237160809e-01 1.089304512785816570e+01 1.169318148886124703e-01 1.594617632634736548e+00 2.538464199561750803e-02 2.527608471713695959e-01
5.508900000000000000e+04 2.607220122753958425e+00 1.089304512785816570e+01 9.967869341837667929e-02 1.371707876628354139e+00 2.145658115601357940e-02 2.151361161587757309e-01
5.509000000000000000e+04 -6.298675027414210703e+00 1.089304512785816570e+01 8.497457957563064879e-02 1.175722139313238657e+00 1.813835800367798873e-02 1.824748788355535223e-01
5.509100000000000000e+04 1.046319538913278535e+01 1.089304512785816570e+01 7.246033749023396420e-02 1.005199496984342522e+00 1.533876746194622574e-02 1.543990379983322947e-01
5.509300000000000000e+04 8.429192329883289148e+00 1.089304512785816570e+01 5.259889656492752058e-02 7.341425637312498642e-01 1.095262713745783802e-02 1.104837713296487195e-01
5.509500000000000000e+04 1.502166926365939403e+01 1.089304512785816570e+01 3.821668521789280126e-02 5.341879448935553665e-01 7.830004347216196550e-03 7.879808014124903282e-02
5.509600000000000000e+04 1.595330174830808634e+00 1.089304512785816570e+01 3.255479319445020447e-02 4.556272635562883533e-01 6.616827885050855125e-03 6.654990411841091302e-02
5.509700000000000000e+04 -6.835878958519812088e+00 1.089304512785816570e+01 2.773573975679277312e-02 3.881185150520941041e-01 5.592785077591702451e-03 5.613841053171924472e-02
5.509800000000000000e+04 3.428535076698450368e+00 1.089304512785816570e+01 2.364680470704540530e-02 3.303535145538992746e-01 4.730874821351913062e-03 4.732315988911003218e-02
5.509900000000000000e+04 -3.071343452204230662e+00 1.089304512785816570e+01 2.014261664518247896e-02 2.811556728303685748e-01 3.998454947828823484e-03 3.989155403382074055e-02
5.510100000000000000e+04 -6.169497287355827808e+00 1.089304512785816570e+01 1.461699294405891317e-02 2.039003802456974268e-01 2.857113554350843541e-03 2.838889232647826000e-02
5.510400000000000000e+04 7.501986607344864666e+00 1.089304512785816570e+01 9.037874930121413478e-03 1.267483162048034240e-01 1.726894476100850886e-03 1.716526492481086630e-02
5.510700000000000000e+04 -3.523288057992487410e+01 1.089304512785816570e+01 5.552034038516851129e-03 7.867642896555236687e-02 1.037530654529236849e-03 1.037181356327150986e-02
5.510800000000000000e+04 -1.383541253840014473e+00 1.089304512785816570e+01 4.720859603404087973e-03 6.705461196602986729e-02 8.757902202812570909e-04 8.762101709966271107e-03
5.510900000000000000e+04 -1.025225888225465809e+01 1.089304512785816570e+01 4.011216429286866211e-03 5.717025128056070493e-02 7.387683124515371895e-04 7.405472963803201060e-03
5.511000000000000000e+04 -7.570356152297976760e-01 1.089304512785816570e+01 3.407602960591131405e-03 4.877904788211356174e-02 6.230988444615148105e-04 6.264003477772957240e-03
5.511100000000000000e+04 2.624296644427066028e+01 1.089304512785816570e+01 2.896432075331525739e-03 4.157697035227475579e-02 5.258591276927242816e-04 5.293462308040685488e-03
5.511400000000000000e+04 -2.220949272990836931e+01 1.089304512785816570e+01 1.777981697359458466e-03 2.576924244776720302e-02 3.160519228810185948e-04 3.198763958263059048e-03
