5.497400000000000000e+04 3.238680924198435118e+00 6.372762509447817081e+00 2.872527343123094101e-01 1.361878786922353313e-18 2.872527343123094101e-01 1.361878786922353313e-18
5.497600000000000000e+04 -4.265049282048665624e+00 6.372762509447817081e+00 1.958814406946931541e+00 1.361878729124037428e-18 1.958814406946931541e+00 1.361878729124037428e-18
5.498000000000000000e+04 1.037974283390322938e+01 6.372762509447817081e+00 9.740658635389692677e+00 1.361878539915005324e-18 9.740658635389692677e+00 1.361878539915005324e-18
5.498100000000000000e+04 7.985809614454121963e+00 6.372762509447817081e+00 1.261836908227294352e+01 1.361878470464420193e-18 1.261836908227294352e+01 1.361878470464420193e-18
5.498500000000000000e+04 2.963130928403214170e+01 6.372762509447817081e+00 2.761301931683333422e+01 1.361878049372206945e-18 2.761301931683333422e+01 1.361878049372206945e-18
5.498700000000000000e+04 3.292834757635227305e+01 6.372762509447817081e+00 3.698113532148148863e+01 1.361877713423546935e-18 3.698113532148148863e+01 1.361877713423546935e-18
5.498800000000000000e+04 4.693452973776008719e+01 6.372762509447817081e+00 4.209516568424355398e+01 1.361877500567910188e-18 4.209516568424355398e+01 1.361877500567910188e-18
5.498900000000000000e+04 4.979124407816640741e+01 6.372762509447817081e+00 4.711547825657126509e+01 1.361877250779591196e-18 4.711547825657126509e+01 1.361877250779591196e-18
5.499300000000000000e+04 6.649976881279117435e+01 6.372762509447817081e+00 6.549985504210982867e+01 -1.940482729049532867e-02 6.549985504210982867e+01 -1.940482729049532867e-02
5.499500000000000000e+04 6.563462833354979864e+01 6.372762509447817081e+00 6.925870503056015082e+01 1.172809985443463487e+00 6.925870503056015082e+01 1.172809985443463487e+00
5.499700000000000000e+04 8.026627003873279875e+01 6.372762509447817081e+00 6.842655738733689930e+01 4.188406388058739438e+00 6.841287481237441170e+01 4.188406388058739438e+00
5.499900000000000000e+04 7.538692096599203296e+01 6.372762509447817081e+00 6.507382844938165078e+01 9.046702486275524535e+00 6.504780932565140006e+01 9.046702486275524535e+00
5.500000000000000000e+04 8.588882171122526188e+01 6.372762509447817081e+00 6.323958597408416438e+01 1.217582329423711585e+01 6.320798198309262261e+01 1.217582329423711585e+01
5.500200000000000000e+04 7.610720723349318462e+01 6.372762509447817081e+00 5.918264371635918053e+01 1.983239277984976923e+01 5.914124484496770862e+01 1.983239277984976923e+01
5.500300000000000000e+04 7.165659663750847130e+01 6.372762509447817081e+00 5.632977813571424264e+01 2.434500671405781702e+01 5.628475033544589223e+01 2.434500671405781702e+01
5.500500000000000000e+04 8.757268441510530010e+01 6.372762509447817081e+00 5.005630089936722982e+01 3.451627414604166688e+01 5.000629460476246635e+01 3.451627414604166688e+01
5.500700000000000000e+04 9.563960051658555983e+01 6.372762509447817081e+00 4.460690368574144316e+01 4.622641915185185724e+01 4.455343955827151348e+01 4.622641915185185724e+01
5.500900000000000000e+04 9.675871472403908058e+01 6.372762509447817081e+00 3.943290292770066685e+01 5.889434782071408847e+01 3.937777404403901471e+01 5.889434782071408847e+01
5.501000000000000000e+04 1.019563818039495970e+02 6.372762509447817081e+00 3.691964418561105532e+01 6.489662410672829651e+01 3.686434766411487374e+01 6.489662410672829651e+01
5.501300000000000000e+04 1.106765456145015634e+02 6.372762509447817081e+00 3.003378361091098725e+01 8.187481880263729295e+01 2.997981993502793685e+01 8.187481880263729295e+01
5.501600000000000000e+04 1.169478151696504540e+02 6.372762509447817081e+00 2.283919184544081560e+01 9.845426741133837822e+01 2.279133005233092391e+01 8.648477460588402721e+01
5.501700000000000000e+04 1.202164612404260708e+02 6.372762509447817081e+00 2.076941203571177041e+01 1.032692345292792027e+02 2.072381963252022885e+01 8.551609351546802884e+01
5.501800000000000000e+04 1.258686194435141061e+02 6.372762509447817081e+00 1.889448103543774948e+01 1.067848941745158413e+02 1.885112345149930135e+01 8.363478553768472068e+01
5.501900000000000000e+04 1.195698337231056883e+02 6.372762509447817081e+00 1.713048896191435588e+01 1.094429391904084810e+02 1.708947422377729097e+01 8.130976165706424297e+01
5.502000000000000000e+04 1.237097339822975925e+02 6.372762509447817081e+00 1.548514600303952982e+01 1.118149201280908471e+02 1.544652967884242400e+01 7.900997747886577827e+01
5.502200000000000000e+04 1.174603922068270236e+02 6.372762509447817081e+00 1.260295270002905710e+01 1.148522974889272916e+02 1.256901635586821442e+01 7.392655605620964820e+01
5.502300000000000000e+04 1.228953276963888896e+02 6.372762509447817081e+00 1.134437658934625404e+01 1.141736160554520012e+02 1.131270102647213349e+01 7.035593791930737950e+01
5.502400000000000000e+04 1.206685637727494083e+02 6.372762509447817081e+00 1.021046680651483030e+01 1.121852288311822718e+02 1.018094207449878574e+01 6.630332673237724350e+01
5.502500000000000000e+04 1.163037113433275778e+02 6.372762509447817081e+00 9.200356635936737248e+00 1.100888575723845975e+02 9.172838121572022274e+00 6.250786825595308471e+01
5.502800000000000000e+04 1.026387194893226535e+02 6.372762509447817081e+00 6.738534995589519738e+00 1.032233641824332153e+02 6.716370971383953226e+00 5.242958359530334889e+01
5.502900000000000000e+04 1.039002953957124760e+02 6.372762509447817081e+00 6.092186600444250644e+00 1.003148793771894134e+02 6.071543353043900915e+00 4.922221755504877194e+01
5.503100000000000000e+04 9.946854309761984325e+01 6.372762509447817081e+00 5.024457345711574874e+00 9.373143185668014610e+01 5.006434182654020404e+00 4.306718978895430183e+01
5.503300000000000000e+04 8.252014123721889405e+01 6.372762509447817081e+00 4.208180418860981042e+00 8.674660898200335168e+01 4.192249869357422831e+00 3.747477491878492373e+01
5.503400000000000000e+04 9.551810723739923503e+01 6.372762509447817081e+00 3.889879345937654165e+00 8.221050867775829829e+01 3.874767751706000407e+00 3.448427377422747497e+01
5.503500000000000000e+04 8.044464830271851952e+01 6.372762509447817081e+00 3.612126646571993227e+00 7.700533913798966523e+01 3.597735703756966164e+00 3.138975180906150086e+01
5.503700000000000000e+04 7.380836233285216963e+01 6.372762509447817081e+00 3.158555159816010427e+00 6.713481369954926947e+01 3.145344712025503142e+00 2.590477454065029050e+01
5.503800000000000000e+04 7.335915384404931672e+01 6.372762509447817081e+00 2.975834798358576450e+00 6.269883659968667899e+01 2.963093496324381348e+00 2.356390431437412758e+01
5.503900000000000000e+04 6.881206733398454389e+01 6.372762509447817081e+00 2.814486512609126745e+00 5.831783078864001624e+01 2.802157021713587159e+00 2.136184277972161283e+01
5.504000000000000000e+04 5.835751670285873871e+01 6.372762509447817081e+00 2.665424925493411479e+00 5.404740734626964382e+01 2.653484246384680389e+00 1.930816209855303001e+01
5.504100000000000000e+04 5.143687607885944857e+01 6.372762509447817081e+00 2.525065139888278409e+00 4.999719038571107887e+01 2.513503025968822246e+00 1.743034109109994390e+01
5.504300000000000000e+04 4.954077165223615964e+01 6.372762509447817081e+00 2.267586647820490242e+00 4.251878680799551091e+01 2.256754227528354306e+00 1.414087628309016509e+01
5.504400000000000000e+04 4.196808552746048804e+01 6.372762509447817081e+00 2.140408129932521941e+00 3.914572227644782743e+01 2.129971270706062736e+00 1.272617759312348085e+01
5.504500000000000000e+04 3.431112000212502267e+01 6.372762509447817081e+00 2.013013783674988844e+00 3.606301307496040209e+01 2.002998789726357476e+00 1.146604765196502740e+01
5.504600000000000000e+04 2.986462977465400215e+01 6.372762509447817081e+00 1.892068888229060608e+00 3.318080325906789341e+01 1.882468299899572761e+00 1.032254954550394999e+01
5.504700000000000000e+04 2.691631773288461460e+01 6.372762509447817081e+00 1.777238582474358619e+00 3.053353171969294166e+01 1.768044749775525615e+00 9.298797575737893339e+00
5.504900000000000000e+04 1.465902678000509418e+01 6.372762509447817081e+00 1.559427514440478779e+00 2.597102669264528529e+01 1.551051834533994978e+00 7.589429191304875921e+00
5.505000000000000000e+04 1.907720306058916293e+01 6.372762509447817081e+00 1.446588006375372881e+00 2.402313922207559216e+01 1.438675292267899364e+00 6.881055001740258525e+00
5.505100000000000000e+04 2.485702914546368447e+01 6.372762509447817081e+00 1.332526787482965824e+00 2.228113532990171919e+01 1.325106192803267691e+00 6.258042728317525949e+00
5.505300000000000000e+04 1.297711862834558261e+01 6.372762509447817081e+00 1.115201210336349114e+00 1.938286727097404238e+01 1.108770342350714921e+00 5.240312336696778317e+00
5.505400000000000000e+04 1.255136416911136266e+01 6.372762509447817081e+00 1.011843354172261344e+00 1.825015611053526143e+01 1.005908494057323077e+00 4.843459689632500620e+00
5.505500000000000000e+04 2.860239853300284452e+01 6.372762509447817081e+00 9.152592306278932721e-01 1.725653930307028361e+01 9.098004280595362037e-01 4.497169629696206705e+00
5.505700000000000000e+04 1.598020507521806266e+01 6.372762509447817081e+00 7.414575888504858492e-01 1.563079054641073640e+01 7.368888778080757707e-01 3.931680890031879372e+00
5.505800000000000000e+04 1.564377089730438364e+01 6.372762509447817081e+00 6.615512630384138282e-01 1.498140071741607215e+01 6.574095826676078502e-01 3.703866870405477130e+00
5.505900000000000000e+04 3.690745829709474179e+00 6.372762509447817081e+00 5.867362911891186306e-01 1.441009248416212252e+01 5.830050588127172473e-01 3.502696277141983838e+00
5.506100000000000000e+04 1.909650258733997674e+01 6.372762509447817081e+00 4.534760771186034378e-01 1.336052533453727165e+01 4.505027589097987395e-01 3.141878782461027253e+00
5.506300000000000000e+04 1.172885453818696533e+01 6.372762509447817081e+00 3.438708275106420742e-01 1.238619557778937441e+01 3.415482990769190819e-01 2.820942784410442883e+00
5.506400000000000000e+04 1.735628527225975404e+01 6.372762509447817081e+00 2.985770167685111165e-01 1.187458983418630076e+01 2.965309531914898100e-01 2.662464088382578531e+00
5.506700000000000000e+04 1.834346594881998271e+01 6.372762509447817081e+00 1.913608227779381443e-01 1.031565709256530639e+01 1.899928740845295005e-01 2.210055937219407074e+00
5.506800000000000000e+04 -6.250784369806119400e-01 6.372762509447817081e+00 1.641908957928013557e-01 9.822606659200980417e+00 1.630009885761951050e-01 2.073679838540994247e+00
5.506900000000000000e+04 1.224903872793219506e+01 6.372762509447817081e+00 1.405509545816860939e-01 9.317943895962976342e+00 1.395185175518027509e-01 1.938814793167494166e+00
5.507000000000000000e+04 -3.692500855991402986e+00 6.372762509447817081e+00 1.200491397443144148e-01 8.767287231080576504e+00 1.191554736916271978e-01 1.798344115334874260e+00
5.507200000000000000e+04 1.262126330508061756e+01 6.372762509447817081e+00 8.726372656722758414e-02 7.612214368001990472e+00 8.659693020465177027e-02 1.518313062071563468e+00
5.507400000000000000e+04 1.406197375744759981e+01 6.372762509447817081e+00 6.309410807320897652e-02 6.478050701729160643e+00 6.259957145868536021e-02 1.257385617571653791e+00
5.507600000000000000e+04 2.232743253910759229e+00 6.372762509447817081e+00 4.494774177655336961e-02 5.430941329141456997e+00 4.458659039435906163e-02 1.026565350283807909e+00
5.507800000000000000e+04 1.135645311572324800e+01 6.372762509447817081e+00 3.192035678885092598e-02 4.461181427982387149e+00 3.165759871947924908e-02 8.217619783345098128e-01
5.508000000000000000e+04 5.994913993448349743e+00 6.372762509447817081e+00 2.261992099294233768e-02 3.574782028457267113e+00 2.242927217941729015e-02 6.421148923080304272e-01
5.508200000000000000e+04 8.969767186800883252e+00 6.372762509447817081e+00 1.598939638120025833e-02 2.803310790478052095e+00 1.585148843184322476e-02 4.913262041639884781e-01
5.508300000000000000e+04 -1.131216888971655088e+01 6.372762509447817081e+00 1.344150629805253294e-02 2.465466396886740075e+00 1.332425287277213925e-02 4.269353738461487691e-01
5.508400000000000000e+04 -4.977109195022434207e+00 6.372762509447817081e+00 1.128728540147124794e-02 2.166158613063833283e+00 1.118771474028273233e-02 3.706636914893623458e-01
5.508600000000000000e+04 1.801080571403719688e+01 6.372762509447817081e+00 7.982228882513384485e-03 1.653232891687818729e+00 7.910245647124551638e-03 2.763494403062012883e-01
5.508900000000000000e+04 8.967162116810937889e+00 6.372762509447817081e+00 4.803077447231373677e-03 1.079524529557073675e+00 4.758348966942117439e-03 1.743981469397534456e-01
5.509000000000000000e+04 -7.467532743144740692e+00 6.372762509447817081e+00 4.053948990998088205e-03 9.322724261632913123e-01 4.015798901434460173e-03 1.489443421145340285e-01
5.509200000000000000e+04 -3.996434306396662528e+00 6.372762509447817081e+00 2.888085790073237607e-03 6.925156508466001615e-01 2.860340487345981557e-03 1.082461627558146955e-01
5.509300000000000000e+04 8.807752197388827753e+00 6.372762509447817081e+00 2.438080659997375350e-03 5.954692936986928364e-01 2.414419350363810127e-03 9.208098189192380489e-02
5.509500000000000000e+04 -2.503172600317775220e+00 6.372762509447817081e+00 1.736776216958373347e-03 4.367239932191034346e-01 1.719580412830072277e-03 6.611820886863432889e-02
5.509600000000000000e+04 5.941982830745749844e+00 6.372762509447817081e+00 1.466510947825166956e-03 3.719859236601375518e-01 1.451847290194205504e-03 5.573323799294881836e-02
5.509700000000000000e+04 4.822798995653532650e+00 6.372762509447817081e+00 1.238136048043514620e-03 3.169590132987841757e-01 1.225634575374692737e-03 4.700145520178898584e-02
5.509800000000000000e+04 2.616777643651762908e+00 6.372762509447817081e+00 1.044807186858751156e-03 2.695961106950853226e-01 1.034155386379047173e-03 3.957199839934906482e-02
5.510000000000000000e+04 -2.810435081136461566e+00 6.372762509447817081e+00 7.451166756817615040e-04 1.948879459669568270e-01 7.373742460977353481e-04 2.803659022427161529e-02
5.510100000000000000e+04 1.112048890621239039e+01 6.372762509447817081e+00 6.290245586218440408e-04 1.654431440352137628e-01 6.224268341795411233e-04 2.356605663996549915e-02
5.510200000000000000e+04 1.422595872161368957e+00 6.372762509447817081e+00 5.314304370221762048e-04 1.404758904829946642e-01 5.258043306838589264e-04 1.981436053980403095e-02
5.510600000000000000e+04 -1.566890714296392262e-01 6.372762509447817081e+00 2.698014714403879901e-04 7.283754191872285344e-02 2.668395524086519138e-04 9.887807058905687813e-03
5.510900000000000000e+04 5.185019981687768897e+00 6.372762509447817081e+00 1.622170924635713408e-04 4.504966884452449999e-02 1.603886617199637324e-04 5.947936208677647232e-03
5.511100000000000000e+04 -9.590918926333076300e+00 6.372762509447817081e+00 1.156457154454582970e-04 3.268499761793023511e-02 1.143196079927424701e-04 4.237980086345396677e-03
5.511200000000000000e+04 -8.070460636119348052e+00 6.372762509447817081e+00 9.758440761606501234e-05 2.782253192041436729e-02 9.645587389153405797e-05 3.575425609182477163e-03
5.511400000000000000e+04 1.193034929644443842e+01 6.372762509447817081e+00 6.958654607878823439e-05 2.017953451735445686e-02 6.876820444588222371e-05 2.547921024918492483e-03
5.511500000000000000e+04 -1.810911006618707830e+01 6.372762509447817081e+00 5.873710382175830266e-05 1.717258979272751757e-02 5.804061642466235168e-05 2.149475516037590347e-03
5.511700000000000000e+04 -2.816295199392252702e+00 6.372762509447817081e+00 4.190237815524010603e-05 1.245183446851919236e-02 4.139733072045060849e-05 1.532043219218365976e-03
5.511800000000000000e+04 6.007142565311964777e-01 6.372762509447817081e+00 3.537393284201757483e-05 1.059595608883971696e-02 3.494412016400036890e-05 1.292694232973808696e-03
5.511900000000000000e+04 1.702194151221186891e+00 6.372762509447817081e+00 2.989522724563628027e-05 9.024502009285310586e-03 2.952906681710418518e-05 1.091761675451888552e-03
5.512000000000000000e+04 1.338296609953057992e+00 6.372762509447817081e+00 2.547766315478123457e-05 7.682702270092304879e-03 2.516312410348764490e-05 9.217178076221691852e-04
