5.497400000000000000e+04 3.620044810494216225e+00 7.196208421285110290e+00 2.872527343123094101e-01 1.361878388963412926e-18 2.872527343123094101e-01 1.361878388963412926e-18
5.497600000000000000e+04 -5.069255480371293032e+00 7.196208421285110290e+00 1.958814406946931541e+00 1.361878181083838162e-18 1.958814406946931541e+00 1.361878181083838162e-18
5.498000000000000000e+04 1.046232103602602947e+01 7.196208421285110290e+00 9.740658635389692677e+00 1.361877500567910188e-18 9.740658635389692677e+00 1.361877500567910188e-18
5.498100000000000000e+04 7.387221145252076404e+00 7.196208421285110290e+00 1.261836908227294352e+01 1.361877250779591196e-18 1.261836908227294352e+01 1.361877250779591196e-18
5.498500000000000000e+04 2.987269443909674038e+01 7.196208421285110290e+00 2.761301931683333422e+01 -1.940482729049532867e-02 2.761301931683333422e+01 -1.940482729049532867e-02
5.498700000000000000e+04 3.357748333177016065e+01 7.196208421285110290e+00 3.698113532148148863e+01 1.172809985443463487e+00 3.698113532148148863e+01 1.172809985443463487e+00
5.498800000000000000e+04 5.000835812633830102e+01 7.196208421285110290e+00 4.209516568424355398e+01 2.448518008683664426e+00 4.209516568424355398e+01 2.448518008683664426e+00
5.498900000000000000e+04 5.432539509793862464e+01 7.196208421285110290e+00 4.711547825657126509e+01 4.188406388058739438e+00 4.711547825657126509e+01 4.188406388058739438e+00
5.499300000000000000e+04 8.242384455076614813e+01 7.196208421285110290e+00 6.549985504210982867e+01 1.577296135284117895e+01 6.549985504210982867e+01 1.577296135284117895e+01
5.499500000000000000e+04 8.818700332514548279e+01 7.196208421285110290e+00 6.925870503056015082e+01 2.434500671405781702e+01 6.925870503056015082e+01 2.434500671405781702e+01
5.499700000000000000e+04 1.115827886139114753e+02 7.196208421285110290e+00 6.842655738733689930e+01 3.451627414604166688e+01 6.841287481237441170e+01 3.451627414604166688e+01
5.499900000000000000e+04 1.127302721137453858e+02 7.196208421285110290e+00 6.507382844938165078e+01 4.622641915185185724e+01 6.504780932565140006e+01 4.622641915185185724e+01
5.500000000000000000e+04 1.276852600972409277e+02 7.196208421285110290e+00 6.323958597408416438e+01 5.261895710530443893e+01 6.320798198309262261e+01 5.261895710530443893e+01
5.500200000000000000e+04 1.207957082369594843e+02 7.196208421285110290e+00 5.918264371635918053e+01 6.489662410672829651e+01 5.914124484496770862e+01 6.489662410672829651e+01
5.500300000000000000e+04 1.170059858990154851e+02 7.196208421285110290e+00 5.632977813571424264e+01 7.085966617111323274e+01 5.628475033544589223e+01 7.085966617111323274e+01
5.500500000000000000e+04 1.353188832157050285e+02 7.196208421285110290e+00 5.005630089936722982e+01 8.187481880263729295e+01 5.000629460476246635e+01 8.187481880263729295e+01
5.500700000000000000e+04 1.425984758170995690e+02 7.196208421285110290e+00 4.460690368574144316e+01 9.256425927334363735e+01 4.455343955827151348e+01 8.657338128820018142e+01
5.500900000000000000e+04 1.409309256581772161e+02 7.196208421285110290e+00 3.943290292770066685e+01 1.032692345292792027e+02 3.937777404403901471e+01 8.551609351546802884e+01
5.501000000000000000e+04 1.438627564061768851e+02 7.196208421285110290e+00 3.691964418561105532e+01 1.067848941745158413e+02 3.686434766411487374e+01 8.363478553768472068e+01
5.501300000000000000e+04 1.425329134558744499e+02 7.196208421285110290e+00 3.003378361091098725e+01 1.138903848147912470e+02 2.997981993502793685e+01 7.672486177229268378e+01
5.501600000000000000e+04 1.301172614141617032e+02 7.196208421285110290e+00 2.283919184544081560e+01 1.121852288311822718e+02 2.279133005233092391e+01 6.630332673237724350e+01
5.501700000000000000e+04 1.265422069618626750e+02 7.196208421285110290e+00 2.076941203571177041e+01 1.100888575723845975e+02 2.072381963252022885e+01 6.250786825595308471e+01
5.501800000000000000e+04 1.271598365221532418e+02 7.196208421285110290e+00 1.889448103543774948e+01 1.080516583741667347e+02 1.885112345149930135e+01 5.903171895441801809e+01
5.501900000000000000e+04 1.150140789543299320e+02 7.196208421285110290e+00 1.713048896191435588e+01 1.057921422311157045e+02 1.708947422377729097e+01 5.569179944783939362e+01
5.502000000000000000e+04 1.146542592375773211e+02 7.196208421285110290e+00 1.548514600303952982e+01 1.032233641824332153e+02 1.544652967884242400e+01 5.242958359530334889e+01
5.502200000000000000e+04 9.841731750919930732e+01 7.196208421285110290e+00 1.260295270002905710e+01 9.710069174727857444e+01 1.256901635586821442e+01 4.608043458014359572e+01
5.502300000000000000e+04 1.021142602069428591e+02 7.196208421285110290e+00 1.134437658934625404e+01 9.373143185668014610e+01 1.131270102647213349e+01 4.306718978895430183e+01
5.502400000000000000e+04 9.869547769417927441e+01 7.196208421285110290e+00 1.021046680651483030e+01 9.043531122488560925e+01 1.018094207449878574e+01 4.027222623124582412e+01
5.502500000000000000e+04 9.257569596416155377e+01 7.196208421285110290e+00 9.200356635936737248e+00 8.674660898200335168e+01 9.172838121572022274e+00 3.747477491878492373e+01
5.502800000000000000e+04 7.033016647446756053e+01 7.196208421285110290e+00 6.738534995589519738e+00 7.186106365499941262e+01 6.716370971383953226e+00 2.848916256541365399e+01
5.502900000000000000e+04 7.039632152526951359e+01 7.196208421285110290e+00 6.092186600444250644e+00 6.713481369954926947e+01 6.071543353043900915e+00 2.590477454065029050e+01
5.503100000000000000e+04 6.414702641774113090e+01 7.196208421285110290e+00 5.024457345711574874e+00 5.831783078864001624e+01 5.006434182654020404e+00 2.136184277972161283e+01
5.503300000000000000e+04 4.468085360252406701e+01 7.196208421285110290e+00 4.208180418860981042e+00 4.999719038571107887e+01 4.192249869357422831e+00 1.743034109109994390e+01
5.503400000000000000e+04 6.067792154799896309e+01 7.196208421285110290e+00 3.889879345937654165e+00 4.615342805874807652e+01 3.874767751706000407e+00 1.571127044483526802e+01
5.503500000000000000e+04 4.593576564914700100e+01 7.196208421285110290e+00 3.612126646571993227e+00 4.251878680799551091e+01 3.597735703756966164e+00 1.414087628309016509e+01
5.503700000000000000e+04 4.319074574565469504e+01 7.196208421285110290e+00 3.158555159816010427e+00 3.606301307496040209e+01 3.145344712025503142e+00 1.146604765196502740e+01
5.503800000000000000e+04 4.483405812590844164e+01 7.196208421285110290e+00 2.975834798358576450e+00 3.318080325906789341e+01 2.963093496324381348e+00 1.032254954550394999e+01
5.503900000000000000e+04 4.202009439660332646e+01 7.196208421285110290e+00 2.814486512609126745e+00 3.053353171969294166e+01 2.802157021713587159e+00 9.298797575737893339e+00
5.504000000000000000e+04 3.267093526185065144e+01 7.196208421285110290e+00 2.665424925493411479e+00 2.814831074107014430e+01 2.653484246384680389e+00 8.395463714229940422e+00
5.504100000000000000e+04 2.727046688521440743e+01 7.196208421285110290e+00 2.525065139888278409e+00 2.597102669264528529e+01 2.513503025968822246e+00 7.589429191304875921e+00
5.504300000000000000e+04 2.991745183208265146e+01 7.196208421285110290e+00 2.267586647820490242e+00 2.228113532990171919e+01 2.256754227528354306e+00 6.258042728317525949e+00
5.504400000000000000e+04 2.362462334994285840e+01 7.196208421285110290e+00 2.140408129932521941e+00 2.071414240182828337e+01 2.129971270706062736e+00 5.707004188293002933e+00
5.504500000000000000e+04 1.714449801848415689e+01 7.196208421285110290e+00 2.013013783674988844e+00 1.938286727097404238e+01 2.002998789726357476e+00 5.240312336696778317e+00
5.504600000000000000e+04 1.426100824754497509e+01 7.196208421285110290e+00 1.892068888229060608e+00 1.825015611053526143e+01 1.882468299899572761e+00 4.843459689632500620e+00
5.504700000000000000e+04 1.294229009673344422e+01 7.196208421285110290e+00 1.777238582474358619e+00 1.725653930307028361e+01 1.768044749775525615e+00 4.497169629696206705e+00
5.504900000000000000e+04 2.655630539756879571e+00 7.196208421285110290e+00 1.559427514440478779e+00 1.563079054641073640e+01 1.551051834533994978e+00 3.931680890031879372e+00
5.505000000000000000e+04 9.209465174257566389e+00 7.196208421285110290e+00 1.446588006375372881e+00 1.498140071741607215e+01 1.438675292267899364e+00 3.703866870405477130e+00
5.505100000000000000e+04 1.714664590294436763e+01 7.196208421285110290e+00 1.332526787482965824e+00 1.441009248416212252e+01 1.325106192803267691e+00 3.502696277141983838e+00
5.505300000000000000e+04 5.982969661539216943e+00 7.196208421285110290e+00 1.115201210336349114e+00 1.336052533453727165e+01 1.108770342350714921e+00 3.141878782461027253e+00
5.505400000000000000e+04 6.300625119612865532e+00 7.196208421285110290e+00 1.011843354172261344e+00 1.286652064316420940e+01 1.005908494057323077e+00 2.977258571631851591e+00
5.505500000000000000e+04 2.507982744395371100e+01 7.196208421285110290e+00 9.152592306278932721e-01 1.238619557778937441e+01 9.098004280595362037e-01 2.820942784410442883e+00
5.505700000000000000e+04 1.163873498467908085e+01 7.196208421285110290e+00 7.414575888504858492e-01 1.133997764803577013e+01 7.368888778080757707e-01 2.503748487157946734e+00
5.505800000000000000e+04 1.148290378269022405e+01 7.196208421285110290e+00 6.615512630384138282e-01 1.082042778782274439e+01 6.574095826676078502e-01 2.353085374874466229e+00
5.505900000000000000e+04 -1.864586271388091632e+00 7.196208421285110290e+00 5.867362911891186306e-01 1.031565709256530639e+01 5.830050588127172473e-01 2.210055937219407074e+00
5.506100000000000000e+04 1.573649075510892459e+01 7.196208421285110290e+00 4.534760771186034378e-01 9.317943895962976342e+00 4.505027589097987395e-01 1.938814793167494166e+00
5.506300000000000000e+04 7.403107858297245158e+00 7.196208421285110290e+00 3.438708275106420742e-01 8.189818824620596516e+00 3.415482990769190819e-01 1.656382741004084558e+00
5.506400000000000000e+04 1.376363783505262006e+01 7.196208421285110290e+00 2.985770167685111165e-01 7.612214368001990472e+00 2.965309531914898100e-01 1.518313062071563468e+00
5.506700000000000000e+04 1.497819495317932947e+01 7.196208421285110290e+00 1.913608227779381443e-01 5.937812493730562302e+00 1.899928740845295005e-01 1.137250535074420199e+00
5.506800000000000000e+04 -6.387939679262008674e+00 7.196208421285110290e+00 1.641908957928013557e-01 5.430941329141456997e+00 1.630009885761951050e-01 1.026565350283807909e+00
5.506900000000000000e+04 8.228457356198720873e+00 7.196208421285110290e+00 1.405509545816860939e-01 4.936787036875203150e+00 1.395185175518027509e-01 9.211110972600947688e-01
5.507000000000000000e+04 -9.624089410195285410e+00 7.196208421285110290e+00 1.200491397443144148e-01 4.461181427982387149e+00 1.191554736916271978e-01 8.217619783345098128e-01
5.507200000000000000e+04 9.219791258192085337e+00 7.196208421285110290e+00 8.726372656722758414e-02 3.574782028457267113e+00 8.659693020465177027e-02 6.421148923080304272e-01
5.507400000000000000e+04 1.135902525398624263e+01 7.196208421285110290e+00 6.309410807320897652e-02 2.803310790478052095e+00 6.259957145868536021e-02 4.913262041639884781e-01
5.507600000000000000e+04 -1.451097156620041240e+00 7.196208421285110290e+00 4.494774177655336961e-02 2.166158613063833283e+00 4.458659039435906163e-02 3.706636914893623458e-01
5.507800000000000000e+04 9.435341110147785315e+00 7.196208421285110290e+00 3.192035678885092598e-02 1.653232891687818729e+00 3.165759871947924908e-02 2.763494403062012883e-01
5.508000000000000000e+04 3.977043061073909591e+00 7.196208421285110290e+00 2.261992099294233768e-02 1.247120563596468612e+00 2.242927217941729015e-02 2.037512357202438951e-01
5.508200000000000000e+04 7.893451189667343826e+00 7.196208421285110290e+00 1.598939638120025833e-02 9.322724261632913123e-01 1.585148843184322476e-02 1.489443421145340285e-01
5.508300000000000000e+04 -1.475529395723037851e+01 7.196208421285110290e+00 1.344150629805253294e-02 8.043323871148021498e-01 1.332425287277213925e-02 1.270988539148603380e-01
5.508400000000000000e+04 -7.375216097958154471e+00 7.196208421285110290e+00 1.128728540147124794e-02 6.925156508466001615e-01 1.118771474028273233e-02 1.082461627558146955e-01
5.508600000000000000e+04 1.898159648567664703e+01 7.196208421285110290e+00 7.982228882513384485e-03 5.114384988174593971e-01 7.910245647124551638e-03 7.824946432335670721e-02
5.508900000000000000e+04 9.223163955160162075e+00 7.196208421285110290e+00 4.803077447231373677e-03 3.169590132987841757e-01 4.758348966942117439e-03 4.700145520178898584e-02
5.509000000000000000e+04 -9.216099741713186688e+00 7.196208421285110290e+00 4.053948990998088205e-03 2.695961106950853226e-01 4.015798901434460173e-03 3.957199839934906482e-02
5.509200000000000000e+04 -5.100310063013799855e+00 7.196208421285110290e+00 2.888085790073237607e-03 1.948879459669568270e-01 2.860340487345981557e-03 2.803659022427161529e-02
5.509300000000000000e+04 9.438547496244774848e+00 7.196208421285110290e+00 2.438080659997375350e-03 1.654431440352137628e-01 2.414419350363810127e-03 2.356605663996549915e-02
5.509500000000000000e+04 -3.200762781602848328e+00 7.196208421285110290e+00 1.736776216958373347e-03 1.192320768320014740e-01 1.719580412830072277e-03 1.665531609096517277e-02
5.509600000000000000e+04 6.390606306255132374e+00 7.196208421285110290e+00 1.466510947825166956e-03 1.010810026784544902e-01 1.451847290194205504e-03 1.398464342535341541e-02
5.509700000000000000e+04 5.173574207847822848e+00 7.196208421285110290e+00 1.238136048043514620e-03 8.567958760301774834e-02 1.225634575374692737e-03 1.174143337211776446e-02
5.509800000000000000e+04 2.723171231037247786e+00 7.196208421285110290e+00 1.044807186858751156e-03 7.283754191872285344e-02 1.034155386379047173e-03 9.887807058905687813e-03
5.510000000000000000e+04 -3.340843003493797703e+00 7.196208421285110290e+00 7.451166756817615040e-04 5.290412069929898570e-02 7.373742460977353481e-04 7.049371162362620333e-03
5.510100000000000000e+04 1.241555217615868756e+01 7.196208421285110290e+00 6.290245586218440408e-04 4.504966884452449999e-02 6.224268341795411233e-04 5.947936208677647232e-03
5.510200000000000000e+04 1.486085258168478918e+00 7.196208421285110290e+00 5.314304370221762048e-04 3.836694270430483084e-02 5.258043306838589264e-04 5.019748626793075000e-03
5.510600000000000000e+04 -2.390398404956234901e-01 7.196208421285110290e+00 2.698014714403879901e-04 2.017953451735445686e-02 2.668395524086519138e-04 2.547921024918492483e-03
5.510900000000000000e+04 5.816553904583372514e+00 7.196208421285110290e+00 1.622170924635713408e-04 1.245183446851919236e-02 1.603886617199637324e-04 1.532043219218365976e-03
5.511100000000000000e+04 -1.085809234503620679e+01 7.196208421285110290e+00 1.156457154454582970e-04 9.024502009285310586e-03 1.143196079927424701e-04 1.091761675451888552e-03
5.511200000000000000e+04 -9.137019269737061578e+00 7.196208421285110290e+00 9.758440761606501234e-05 7.682702270092304879e-03 9.645587389153405797e-05 9.217178076221691852e-04
5.511400000000000000e+04 1.345468287295597243e+01 7.196208421285110290e+00 6.958654607878823439e-05 5.569319470603433485e-03 6.876820444588222371e-05 6.572554133548237122e-04
5.511500000000000000e+04 -2.046370686342392631e+01 7.196208421285110290e+00 5.873710382175830266e-05 4.740857482354043223e-03 5.804061642466235168e-05 5.549535845804704675e-04
5.511700000000000000e+04 -3.190831651441934813e+00 7.196208421285110290e+00 4.190237815524010603e-05 3.432641463587405607e-03 4.139733072045060849e-05 3.954109412969871438e-04
5.511800000000000000e+04 6.692835757005014541e-01 7.196208421285110290e+00 3.537393284201757483e-05 2.918691024245833807e-03 3.494412016400036890e-05 3.335494405108148787e-04
5.511900000000000000e+04 1.914428761517924515e+00 7.196208421285110290e+00 2.989522724563628027e-05 2.482874132874595373e-03 2.952906681710418518e-05 2.815177709731275248e-04
5.512000000000000000e+04 1.504656053230579493e+00 7.196208421285110290e+00 2.547766315478123457e-05 2.112373896237490761e-03 2.516312410348764490e-05 2.376444397711154283e-04
