5.497600000000000000e+04 -2.589819501240772315e+00 4.350430778099766194e+00 1.164140563987932975e+00 8.960306594862700832e-19 1.164140563987932975e+00 8.960306594862700832e-19
5.497900000000000000e+04 4.190851336715084585e+00 4.350430778099766194e+00 4.289077145657377521e+00 8.960306594113178972e-19 4.289077145657377521e+00 8.960306594113178972e-19
5.498300000000000000e+04 1.219094202118903247e+01 4.350430778099766194e+00 1.143383206421574805e+01 8.960306592350573665e-19 1.143383206421574805e+01 8.960306592350573665e-19
5.499200000000000000e+04 4.016969419999441726e+01 4.350430778099766194e+00 3.733751665722944324e+01 8.960306580341437497e-19 3.733751665722944324e+01 8.960306580341437497e-19
5.499500000000000000e+04 4.262689971959852642e+01 4.350430778099766194e+00 4.526446668391263017e+01 5.692856059696972670e-04 4.526446668391263017e+01 5.692856059696972670e-04
5.499600000000000000e+04 3.800755775231369427e+01 4.350430778099766194e+00 4.750204251648135312e+01 1.414274411638661300e-01 4.750204251648135312e+01 1.414274411638661300e-01
5.499800000000000000e+04 5.165188658746367167e+01 4.350430778099766194e+00 5.128841435191746712e+01 9.313124511903465574e-01 5.091672227927872996e+01 9.313124511903465574e-01
5.500200000000000000e+04 5.969345581555058544e+01 4.350430778099766194e+00 5.578210411642709943e+01 4.563436508517902723e+00 5.381775602163734362e+01 4.563436508517902723e+00
5.500700000000000000e+04 6.978507563521878865e+01 4.350430778099766194e+00 5.590997613354585383e+01 1.307602453554221000e+01 5.210622193247517231e+01 1.307602453554221000e+01
5.501100000000000000e+04 7.177161724443179480e+01 4.350430778099766194e+00 5.278507763286099674e+01 2.257211756982848527e+01 4.789065290588005297e+01 2.257211756982848527e+01
5.501600000000000000e+04 7.767155228452116944e+01 4.350430778099766194e+00 4.590796246626380395e+01 3.420387990938652933e+01 4.031611703369087962e+01 3.420387990938652933e+01
5.502200000000000000e+04 8.830425223400840196e+01 4.350430778099766194e+00 3.748219553437233742e+01 4.867908103882054149e+01 3.169741694238675578e+01 4.239599463405377122e+01
5.502800000000000000e+04 8.808444254576069454e+01 4.350430778099766194e+00 3.228439458916449922e+01 5.472422097283080689e+01 2.632666932167046880e+01 4.221245061156341194e+01
5.503000000000000000e+04 8.656319296717589395e+01 4.350430778099766194e+00 3.105631487369370092e+01 5.518429034519559906e+01 2.502725028100064719e+01 4.100482266696061373e+01
5.503300000000000000e+04 8.281038447521918044e+01 4.350430778099766194e+00 2.921948176870079550e+01 5.439995044884727804e+01 2.313864568316503068e+01 3.831252232470404806e+01
5.503800000000000000e+04 8.292671444949722570e+01 4.350430778099766194e+00 2.537673251558288001e+01 4.977911602383881018e+01 1.953108020902245556e+01 3.225289362695270512e+01
5.504200000000000000e+04 8.104757090081895399e+01 4.350430778099766194e+00 2.201167917226113957e+01 4.494387256959440435e+01 1.656882135661357935e+01 2.736808705979442635e+01
5.504400000000000000e+04 5.928295777924626719e+01 4.350430778099766194e+00 2.037556602796808392e+01 4.289548039979315064e+01 1.517055024046465839e+01 2.535793355390940462e+01
5.504600000000000000e+04 5.498377178314217417e+01 4.350430778099766194e+00 1.887887501655540490e+01 4.120418286990825152e+01 1.390504162668881349e+01 2.366696316479508511e+01
5.505000000000000000e+04 5.569050843679485041e+01 4.350430778099766194e+00 1.648227969693713035e+01 3.874864497440747613e+01 1.188425964160150627e+01 2.106133545733638002e+01
5.505600000000000000e+04 5.240937022742357954e+01 4.350430778099766194e+00 1.423664557445677836e+01 3.568696386430872280e+01 9.950825172612551839e+00 1.795118906655368463e+01
5.505900000000000000e+04 4.635755884501101320e+01 4.350430778099766194e+00 1.335760487034556832e+01 3.345485506532579478e+01 9.195652533626304859e+00 1.622368220034227093e+01
5.506300000000000000e+04 4.482806249767596540e+01 4.350430778099766194e+00 1.239894315889256760e+01 2.990929474558048895e+01 8.367487622413662507e+00 1.384112857863875767e+01
5.506500000000000000e+04 3.427182926404441332e+01 4.350430778099766194e+00 1.198641058957101535e+01 2.803345548772915663e+01 8.010164788539839265e+00 1.268309979990460690e+01
5.506700000000000000e+04 4.438490123014311450e+01 4.350430778099766194e+00 1.158960559070597185e+01 2.625045865776407439e+01 7.670155917078735897e+00 1.161678924537065605e+01
5.507000000000000000e+04 3.358719396810170821e+01 4.350430778099766194e+00 1.103757843272308925e+01 2.390903846989745318e+01 7.200455628366551508e+00 1.024468183644590624e+01
5.507400000000000000e+04 3.065037685818000313e+01 4.350430778099766194e+00 1.031565272664096611e+01 2.169293245465083686e+01 6.603708294373577203e+00 8.917591241737580887e+00
5.507900000000000000e+04 3.220971595078669480e+01 4.350430778099766194e+00 9.336554971240957457e+00 1.980516090808127316e+01 5.840457257125583723e+00 7.748194870342034690e+00
5.508300000000000000e+04 2.457433441592055345e+01 4.350430778099766194e+00 8.391551984756324245e+00 1.862134719140364680e+01 5.155149271873892936e+00 7.013954269992709989e+00
5.509100000000000000e+04 2.543911068502534789e+01 4.350430778099766194e+00 5.829375508952204576e+00 1.678079283125885013e+01 3.457107999615824934e+00 5.882837101230095733e+00
