5.497500000000000000e+04 -3.907673412462997486e+00 1.194640247177760806e+01 9.676860811788584593e-01 1.458878646401056061e-18 9.676860811788584593e-01 1.458878646401056061e-18
5.497600000000000000e+04 -1.029373277853044044e+01 1.194640247177760806e+01 2.014654457448330049e+00 1.458878505308197166e-18 2.014654457448330049e+00 1.458878505308197166e-18
5.497900000000000000e+04 -5.116868178173665349e+00 1.194640247177760806e+01 7.421511495175619366e+00 1.458877917415035206e-18 7.421511495175619366e+00 1.458877917415035206e-18
5.498000000000000000e+04 1.648072024432797988e+01 1.194640247177760806e+01 1.010928248076253944e+01 1.458877649835416619e-18 1.010928248076253944e+01 1.458877649835416619e-18
5.498100000000000000e+04 3.713427637673661508e+01 1.194640247177760806e+01 1.326427468792255127e+01 1.458877335827950478e-18 1.326427468792255127e+01 1.458877335827950478e-18
5.498200000000000000e+04 1.365751189855627601e+01 1.194640247177760806e+01 1.681188057541250913e+01 1.458876967336947338e-18 1.681188057541250913e+01 1.458876967336947338e-18
5.498400000000000000e+04 2.673615576023114571e+01 1.194640247177760806e+01 2.504964300095078400e+01 2.480027301376598325e-01 2.504964300095078400e+01 2.480027301376598325e-01
5.498500000000000000e+04 3.598216780959135264e+01 1.194640247177760806e+01 2.982457128805857849e+01 7.741488649430867675e-01 2.982457128805857849e+01 7.741488649430867675e-01
5.498700000000000000e+04 3.783299232569153503e+01 1.194640247177760806e+01 4.097582893337165899e+01 2.753478662916496678e+00 4.097582893337165899e+01 2.753478662916496678e+00
5.499000000000000000e+04 5.577982416010296163e+01 1.194640247177760806e+01 6.053040193995693841e+01 8.087425984610032259e+00 6.053040193995693841e+01 8.087425984610032259e+00
5.499200000000000000e+04 1.031320557081605926e+02 1.194640247177760806e+01 7.440742163840896239e+01 1.344950446033000979e+01 7.440742163840896239e+01 1.344950446033000979e+01
5.499300000000000000e+04 1.062993611909060547e+02 1.194640247177760806e+01 8.115791156796579742e+01 1.657394882118942192e+01 8.115791156796579742e+01 1.657394882118942192e+01
5.499400000000000000e+04 1.090064418889370756e+02 1.194640247177760806e+01 8.659722275531558466e+01 2.003971440076062649e+01 8.659722275531558466e+01 2.003971440076062649e+01
5.499600000000000000e+04 1.136188315617451110e+02 1.194640247177760806e+01 9.298895886639343189e+01 2.807878116178207151e+01 9.298895886639343189e+01 2.807878116178207151e+01
5.499700000000000000e+04 1.217969752682632105e+02 1.194640247177760806e+01 9.908701069488850521e+01 3.278066314669732861e+01 9.534931745081652821e+01 3.278066314669732861e+01
5.499800000000000000e+04 1.432018023598182026e+02 1.194640247177760806e+01 1.048817279490067449e+02 3.790067896713478035e+01 9.725679520493949326e+01 3.790067896713478035e+01
5.500000000000000000e+04 1.604194556703185697e+02 1.194640247177760806e+01 1.150162744382733138e+02 4.842432155196556209e+01 9.942624000542298290e+01 4.842432155196556209e+01
5.500200000000000000e+04 1.869951368199525348e+02 1.194640247177760806e+01 1.227509135273360812e+02 5.952593731072717276e+01 9.937735874946248771e+01 5.952593731072717276e+01
5.500300000000000000e+04 1.920842661778603144e+02 1.194640247177760806e+01 1.252596187895297817e+02 6.492632925437264646e+01 9.828909195663038645e+01 6.492632925437264646e+01
5.500400000000000000e+04 1.980054262280983153e+02 1.194640247177760806e+01 1.268125650468206800e+02 6.927777820425247057e+01 9.653818898204983157e+01 6.927777820425247057e+01
5.500500000000000000e+04 2.092189722390912721e+02 1.194640247177760806e+01 1.276713043326739410e+02 7.712808462329603287e+01 9.437559456880096320e+01 7.227144361253377269e+01
5.500900000000000000e+04 2.266129104058337873e+02 1.194640247177760806e+01 1.246194895276141210e+02 1.053936508040761311e+02 8.255133116561614770e+01 7.888746317670370445e+01
5.501200000000000000e+04 2.365190092441307854e+02 1.194640247177760806e+01 1.162245864670445599e+02 1.222421014505388257e+02 7.142612246008147281e+01 7.950188699956999017e+01
5.501300000000000000e+04 2.190391514553103889e+02 1.194640247177760806e+01 1.127405816179517757e+02 1.261874678176003926e+02 6.765517379857884350e+01 7.863127356530432621e+01
5.501400000000000000e+04 2.448346325673240926e+02 1.194640247177760806e+01 1.085083704648016010e+02 1.291294815823898716e+02 6.361888512242121152e+01 7.723055118563988231e+01
5.501600000000000000e+04 2.335539204593265197e+02 1.194640247177760806e+01 9.890031861710120609e+01 1.328526029074453447e+02 5.543739832797152900e+01 7.354550648109243127e+01
5.501700000000000000e+04 2.267194888473181607e+02 1.194640247177760806e+01 9.500752535193132076e+01 1.336892283032250361e+02 5.211031447560955598e+01 7.135419956406119013e+01
5.501800000000000000e+04 2.104493635637233240e+02 1.194640247177760806e+01 9.167343473956290723e+01 1.336263277852754356e+02 4.922327896239417555e+01 6.885115817460605570e+01
5.501900000000000000e+04 2.111120673415068154e+02 1.194640247177760806e+01 8.854483303004218442e+01 1.326104583844457920e+02 4.656333247267679099e+01 6.604106493249292953e+01
5.502000000000000000e+04 2.193135319771500349e+02 1.194640247177760806e+01 8.520923179758916888e+01 1.308637395398607737e+02 4.390417961541074021e+01 6.306078428096606103e+01
5.502100000000000000e+04 2.249765757432678868e+02 1.194640247177760806e+01 8.152256880733605726e+01 1.287186609589244028e+02 4.117301454915962466e+01 6.008152583967718385e+01
5.502200000000000000e+04 2.144103594624147036e+02 1.194640247177760806e+01 7.772193594533788996e+01 1.262585281502368417e+02 3.849145005216814042e+01 5.714089796806518251e+01
5.502500000000000000e+04 1.776712618963457828e+02 1.194640247177760806e+01 6.703268384352176668e+01 1.144915337907137456e+02 3.137059333747742329e+01 4.748321739827211729e+01
5.502900000000000000e+04 1.496779183676067646e+02 1.194640247177760806e+01 5.427041326341336713e+01 9.983178482141903487e+01 2.366167303078713857e+01 3.725066597814144131e+01
5.503100000000000000e+04 1.558931450352951060e+02 1.194640247177760806e+01 4.859795634831821332e+01 9.270186571772390494e+01 2.048817721261307412e+01 3.293841163932770399e+01
5.503200000000000000e+04 1.201523367128177426e+02 1.194640247177760806e+01 4.598712242133983352e+01 8.873356997626216014e+01 1.907229695642826428e+01 3.079316004173451304e+01
5.503300000000000000e+04 1.323348855239604234e+02 1.194640247177760806e+01 4.390406447345309005e+01 8.480563142159869017e+01 1.791710107470335345e+01 2.875937039527899231e+01
5.503400000000000000e+04 1.156870084812329651e+02 1.194640247177760806e+01 4.211288768323449716e+01 8.102176423860655063e+01 1.691552365168480421e+01 2.686398018521436981e+01
5.503500000000000000e+04 1.047813952868087313e+02 1.194640247177760806e+01 4.038176310501249588e+01 7.737745070248831780e+01 1.596874529619285887e+01 2.509647466998194432e+01
5.503600000000000000e+04 1.217641675002188890e+02 1.194640247177760806e+01 3.883760709784037601e+01 7.380533080956081449e+01 1.512367877641758973e+01 2.342728885524403992e+01
5.503700000000000000e+04 8.927979930689484434e+01 1.194640247177760806e+01 3.740780938757902163e+01 7.029026107674279444e+01 1.434788638676704053e+01 2.184555602832633170e+01
5.503900000000000000e+04 1.188543130941417445e+02 1.194640247177760806e+01 3.443397415919961446e+01 6.345114239935878686e+01 1.282170619571031622e+01 1.892933842462971228e+01
5.504000000000000000e+04 7.209656332603213968e+01 1.194640247177760806e+01 3.299631664213885074e+01 6.023503403938925516e+01 1.210962883225882791e+01 1.761670391886676512e+01
5.504200000000000000e+04 8.904018529274551952e+01 1.194640247177760806e+01 3.031781968123286575e+01 5.422025157149079178e+01 1.081543224929825442e+01 1.525783756514261391e+01
5.504400000000000000e+04 8.242657405646704660e+01 1.194640247177760806e+01 2.778838392412017555e+01 4.990756098193084966e+01 9.643386980885679804e+00 1.353241892134784763e+01
5.504500000000000000e+04 5.540020808908697347e+01 1.194640247177760806e+01 2.652250425428224645e+01 4.797266586901074703e+01 9.080561577061848411e+00 1.277499623695428888e+01
5.504600000000000000e+04 7.262087514000397448e+01 1.194640247177760806e+01 2.522285331902444483e+01 4.624699980398288801e+01 8.521234229400151960e+00 1.209894302113407427e+01
5.504700000000000000e+04 9.251652522934769252e+01 1.194640247177760806e+01 2.387377083293625546e+01 4.464603111197526886e+01 7.960046289989414880e+00 1.147830910941363491e+01
5.504800000000000000e+04 7.414985236767284960e+01 1.194640247177760806e+01 2.251161035438041580e+01 4.300671569129155358e+01 7.409034476823465276e+00 1.086906482291032106e+01
5.505000000000000000e+04 4.757507447954121460e+01 1.194640247177760806e+01 1.959904555287000605e+01 3.963433078282984923e+01 6.288194800073795498e+00 9.687703065807063751e+00
5.505200000000000000e+04 5.879219516481528274e+01 1.194640247177760806e+01 1.651206002986341304e+01 3.656135241010776582e+01 5.167770414954748759e+00 8.652345799438604601e+00
5.505400000000000000e+04 5.440455232595584079e+01 1.194640247177760806e+01 1.360942776500846385e+01 3.363613378932925002e+01 4.157327640826142812e+00 7.714709584708543844e+00
5.505600000000000000e+04 6.608932289934348603e+01 1.194640247177760806e+01 1.111362431454789501e+01 3.063826809649284044e+01 3.315520380235053022e+00 6.816987383520122457e+00
5.505800000000000000e+04 2.724208968765505290e+01 1.194640247177760806e+01 9.021360104847993000e+00 2.743595102905637262e+01 2.629827455937498115e+00 5.927227581458772931e+00
5.506000000000000000e+04 4.226897681817735020e+01 1.194640247177760806e+01 7.227736994027250894e+00 2.396154357736920559e+01 2.059888564189253035e+00 5.030555840059037109e+00
5.506100000000000000e+04 2.710352460094358662e+01 1.194640247177760806e+01 6.443022994245730217e+00 2.208850917981115103e+01 1.815959130283463896e+00 4.572811605625031639e+00
5.506200000000000000e+04 1.966784712787157474e+01 1.194640247177760806e+01 5.728086679865169728e+00 2.024773790742590407e+01 1.596812745279095003e+00 4.134216331963799895e+00
5.506400000000000000e+04 3.092294894153200602e+01 1.194640247177760806e+01 4.479060947869609066e+00 1.673573815090972516e+01 1.221917543613490142e+00 3.325862112660915137e+00
5.506500000000000000e+04 7.538103156046785713e+00 1.194640247177760806e+01 3.938339277763386104e+00 1.513417009306821903e+01 1.063036946060080368e+00 2.967949892741649442e+00
5.506700000000000000e+04 2.933519364288583375e+01 1.194640247177760806e+01 3.022907305694515490e+00 1.238368203457117467e+01 7.990344961129509649e-01 2.366188098932125783e+00
5.506800000000000000e+04 3.258775924493514964e+01 1.194640247177760806e+01 2.636800026754263726e+00 1.115215150274679345e+01 6.898283870746817481e-01 2.103861964749998759e+00
5.506900000000000000e+04 1.969678302151603333e+00 1.194640247177760806e+01 2.290267831070694982e+00 1.000852562895325093e+01 5.930877954916861095e-01 1.864479439074748779e+00
5.507100000000000000e+04 1.271769051513057569e+01 1.194640247177760806e+01 1.712121578345672690e+00 7.993706814777385539e+00 4.345486239456022304e-01 1.452767304226771250e+00
5.507300000000000000e+04 2.200773059300236412e+01 1.194640247177760806e+01 1.269617735341789233e+00 6.311856715488138647e+00 3.159510589642119949e-01 1.119758855288131238e+00
5.507400000000000000e+04 1.766622467615577818e+01 1.194640247177760806e+01 1.091170381157310354e+00 5.575854135017078050e+00 2.689201451984696289e-01 9.775340348907921584e-01
5.507500000000000000e+04 -8.951676026955235344e-01 1.194640247177760806e+01 9.344538545168696864e-01 4.907999058481548715e+00 2.280935985444418612e-01 8.504295568480645384e-01
5.507800000000000000e+04 1.129788341163745535e+01 1.194640247177760806e+01 5.820285073645893315e-01 3.296165592255727361e+00 1.381047141620609098e-01 5.518627096597454873e-01
5.508000000000000000e+04 -1.892800385420044762e+01 1.194640247177760806e+01 4.228304980379422040e-01 2.482496544281096007e+00 9.849760017656127020e-02 4.064868588356523871e-01
5.508100000000000000e+04 8.191999312971695701e+00 1.194640247177760806e+01 3.603677308011949965e-01 2.146461618951780892e+00 8.318738014801362046e-02 3.476388991564817732e-01
5.508200000000000000e+04 7.054228689764919125e+00 1.194640247177760806e+01 3.067402751453138787e-01 1.851612005585865361e+00 7.017301316464903682e-02 2.966566274009653781e-01
5.508400000000000000e+04 1.354706161442146772e+01 1.194640247177760806e+01 2.218768235361109620e-01 1.371707876628354139e+00 4.986444254227592049e-02 2.151361161587757309e-01
5.508500000000000000e+04 5.407046175714970815e+00 1.194640247177760806e+01 1.886536168167924632e-01 1.175722139313238657e+00 4.202762805578161287e-02 1.824748788355535223e-01
5.508800000000000000e+04 -1.501057361629876574e+00 1.194640247177760806e+01 1.169318148886124703e-01 7.341425637312498642e-01 2.538464199561750803e-02 1.104837713296487195e-01
5.508900000000000000e+04 1.971853953841486318e+00 1.194640247177760806e+01 9.967869341837667929e-02 6.265066156758731797e-01 2.145658115601357940e-02 9.334127170379516447e-02
5.509000000000000000e+04 -7.671200386464381182e+00 1.194640247177760806e+01 8.497457957563064879e-02 5.341879448935553665e-01 1.813835800367798873e-02 7.879808014124903282e-02
5.509100000000000000e+04 1.082120434049507907e+01 1.194640247177760806e+01 7.246033749023396420e-02 4.556272635562883533e-01 1.533876746194622574e-02 6.654990411841091302e-02
5.509300000000000000e+04 8.764428195643198194e+00 1.194640247177760806e+01 5.259889656492752058e-02 3.303535145538992746e-01 1.095262713745783802e-02 4.732315988911003218e-02
5.509500000000000000e+04 1.612395303304158034e+01 1.194640247177760806e+01 3.821668521789280126e-02 2.392279833139978884e-01 7.830004347216196550e-03 3.362210244462529585e-02
5.509600000000000000e+04 1.450664502347638773e+00 1.194640247177760806e+01 3.255479319445020447e-02 2.039003802456974268e-01 6.616827885050855125e-03 2.838889232647826000e-02
5.509700000000000000e+04 -7.751169981420440891e+00 1.194640247177760806e+01 2.773573975679277312e-02 1.740700140307695487e-01 5.592785077591702451e-03 2.401098185151864448e-02
5.509800000000000000e+04 3.544076518177566637e+00 1.194640247177760806e+01 2.364680470704540530e-02 1.485874788428273585e-01 4.730874821351913062e-03 2.030771359649400851e-02
5.509900000000000000e+04 -3.551885228113724757e+00 1.194640247177760806e+01 2.014261664518247896e-02 1.267483162048034240e-01 3.998454947828823484e-03 1.716526492481086630e-02
5.510100000000000000e+04 -6.898860223508478384e+00 1.194640247177760806e+01 1.461699294405891317e-02 9.225839142871719578e-02 2.857113554350843541e-03 1.227101396955698233e-02
5.510400000000000000e+04 8.144720041558132451e+00 1.194640247177760806e+01 9.037874930121413478e-03 5.717025128056070493e-02 1.726894476100850886e-03 7.405472963803201060e-03
5.510700000000000000e+04 -3.869127801944480893e+01 1.194640247177760806e+01 5.552034038516851129e-03 3.544304501652034700e-02 1.037530654529236849e-03 4.474228062073362308e-03
5.510800000000000000e+04 -1.561089766910242371e+00 1.194640247177760806e+01 4.720859603404087973e-03 3.023521021825293156e-02 8.757902202812570909e-04 3.784699857081531057e-03
5.510900000000000000e+04 -1.128096945936666451e+01 1.194640247177760806e+01 4.011216429286866211e-03 2.576924244776720302e-02 7.387683124515371895e-04 3.198763958263059048e-03
5.511000000000000000e+04 -8.621083812605653263e-01 1.194640247177760806e+01 3.407602960591131405e-03 2.195806607012725301e-02 6.230988444615148105e-04 2.703130055904970092e-03
5.511100000000000000e+04 2.875350418487474613e+01 1.194640247177760806e+01 2.896432075331525739e-03 1.872072228444412317e-02 5.258591276927242816e-04 2.285690843480675440e-03
5.511400000000000000e+04 -2.437398981230402129e+01 1.194640247177760806e+01 1.777981697359458466e-03 1.159367875475067304e-02 3.160519228810185948e-04 1.381515580880680839e-03
