5.497600000000000000e+04 -4.027760442486584935e+00 6.016847686960626440e+00 1.164140563987932975e+00 8.960306590053393761e-19 1.164140563987932975e+00 8.960306590053393761e-19
5.497900000000000000e+04 4.153226292838517075e+00 6.016847686960626440e+00 4.289077145657377521e+00 8.960306586340978904e-19 4.289077145657377521e+00 8.960306586340978904e-19
5.498300000000000000e+04 1.248095027520342626e+01 6.016847686960626440e+00 1.143383206421574805e+01 8.960306577610746169e-19 1.143383206421574805e+01 8.960306577610746169e-19
5.499200000000000000e+04 4.581798616005016811e+01 6.016847686960626440e+00 3.733751665722944324e+01 4.563436508517902723e+00 3.733751665722944324e+01 4.563436508517902723e+00
5.499500000000000000e+04 5.076286745521744592e+01 6.016847686960626440e+00 4.526446668391263017e+01 9.147065651372599859e+00 4.526446668391263017e+01 9.147065651372599859e+00
5.499600000000000000e+04 4.519992498069898801e+01 6.016847686960626440e+00 4.750204251648135312e+01 1.102479628531949452e+01 4.750204251648135312e+01 1.102479628531949452e+01
5.499800000000000000e+04 6.607071925338527763e+01 6.016847686960626440e+00 5.156845632445348571e+01 1.528761230289747708e+01 5.091672227927872996e+01 1.528761230289747708e+01
5.500200000000000000e+04 8.143267479110905072e+01 6.016847686960626440e+00 5.726209240702214487e+01 2.507244594133692317e+01 5.381775602163734362e+01 2.507244594133692317e+01
5.500700000000000000e+04 9.834853047290424399e+01 6.016847686960626440e+00 5.877581833983199289e+01 3.846755436665630867e+01 5.210622193247517231e+01 3.621157334713011267e+01
5.501100000000000000e+04 1.062086846095285182e+02 6.016847686960626440e+00 5.647265790661376172e+01 5.469504744016300180e+01 4.789065290588005297e+01 4.170419171952954684e+01
5.501600000000000000e+04 1.164206264096978742e+02 6.016847686960626440e+00 5.012099669628450727e+01 6.967466417304379434e+01 4.031611703369087962e+01 4.292955278684152631e+01
5.502200000000000000e+04 1.233007885421703094e+02 6.016847686960626440e+00 4.184059036395051123e+01 7.849636337526200691e+01 3.169741694238675578e+01 3.931107941469451816e+01
5.502800000000000000e+04 1.147197199925333280e+02 6.016847686960626440e+00 3.677309170850931963e+01 7.645870963205409510e+01 2.632666932167046880e+01 3.225289362695270512e+01
5.503000000000000000e+04 1.102788104766017483e+02 6.016847686960626440e+00 3.559876079969532725e+01 7.423389584844170486e+01 2.502725028100064719e+01 2.975067964429372225e+01
5.503300000000000000e+04 1.032384496775233487e+02 6.016847686960626440e+00 3.380093361396748008e+01 7.055646664233016452e+01 2.313864568316503068e+01 2.630642654723170537e+01
5.503800000000000000e+04 1.072035267387607149e+02 6.016847686960626440e+00 2.978099110271744365e+01 6.667506740551971234e+01 1.953108020902245556e+01 2.227253721456430569e+01
5.504200000000000000e+04 1.105290727906824486e+02 6.016847686960626440e+00 2.611246245802299981e+01 6.492669376898314226e+01 1.656882135661357935e+01 2.002180022480052202e+01
5.504400000000000000e+04 8.290731094666362821e+01 6.016847686960626440e+00 2.429715326512819829e+01 6.412586938553646121e+01 1.517055024046465839e+01 1.904313992562109448e+01
5.504600000000000000e+04 7.825928659624803174e+01 6.016847686960626440e+00 2.262628373494803569e+01 6.268555222040546937e+01 1.390504162668881349e+01 1.795118906655368463e+01
5.505000000000000000e+04 7.903790888359361588e+01 6.016847686960626440e+00 1.994654138246396968e+01 5.845574182239587202e+01 1.188425964160150627e+01 1.562486416721796978e+01
5.505600000000000000e+04 7.084506227936859091e+01 6.016847686960626440e+00 1.746568834296954975e+01 4.994145139160966096e+01 9.950825172612551839e+00 1.213644019237172778e+01
5.505900000000000000e+04 6.176648107713139524e+01 6.016847686960626440e+00 1.649332238431214392e+01 4.590230801497698110e+01 9.195652533626304859e+00 1.067024059484808518e+01
5.506300000000000000e+04 6.079753546207455628e+01 6.016847686960626440e+00 1.543634116582872373e+01 4.187615992873389814e+01 8.367487622413662507e+00 9.201327136018521813e+00
5.506500000000000000e+04 4.750202051409502957e+01 6.016847686960626440e+00 1.498221222048491263e+01 4.046960999566336881e+01 8.010164788539839265e+00 8.655305087080730431e+00
5.506700000000000000e+04 6.288987322801497015e+01 6.016847686960626440e+00 1.454261561878128362e+01 3.929544429158458740e+01 7.670155917078735897e+00 8.186039266625957822e+00
5.507000000000000000e+04 4.968456898633699126e+01 6.016847686960626440e+00 1.392856136751225726e+01 3.763615263350615692e+01 7.200455628366551508e+00 7.546549693917661727e+00
5.507400000000000000e+04 4.711057122166627664e+01 6.016847686960626440e+00 1.311232318930817797e+01 3.587671318308863277e+01 6.603708294373577203e+00 6.851408063381070335e+00
5.507900000000000000e+04 5.025639410105208782e+01 6.016847686960626440e+00 1.197060119420459401e+01 3.404260640988890430e+01 5.840457257125583723e+00 6.136124733662989605e+00
5.508300000000000000e+04 4.016234204104955552e+01 6.016847686960626440e+00 1.082993759035267622e+01 3.270505269762728773e+01 5.155149271873892936e+00 5.641623000746457173e+00
5.509100000000000000e+04 4.094413783991946332e+01 6.016847686960626440e+00 7.616700344753585483e+00 2.941487892978729235e+01 3.457107999615824934e+00 4.672365805700467334e+00
