5.497400000000000000e+04 3.773136988652339152e+00 7.526767062962052002e+00 2.872527343123094101e-01 1.361878729124037428e-18 2.872527343123094101e-01 1.361878729124037428e-18
5.497600000000000000e+04 -5.392090659615260684e+00 7.526767062962052002e+00 1.958814406946931541e+00 1.361878649528380196e-18 1.958814406946931541e+00 1.361878649528380196e-18
5.498000000000000000e+04 1.049547067941296596e+01 7.526767062962052002e+00 9.740658635389692677e+00 1.361878388963412926e-18 9.740658635389692677e+00 1.361878388963412926e-18
5.498100000000000000e+04 7.146927777517189995e+00 7.526767062962052002e+00 1.261836908227294352e+01 1.361878293321106731e-18 1.261836908227294352e+01 1.361878293321106731e-18
5.498500000000000000e+04 2.999678905971914489e+01 7.526767062962052002e+00 2.761301931683333422e+01 1.361877713423546935e-18 2.761301931683333422e+01 1.361877713423546935e-18
5.498700000000000000e+04 3.219445305174507155e+01 7.526767062962052002e+00 3.698113532148148863e+01 1.361877250779591196e-18 3.698113532148148863e+01 1.361877250779591196e-18
5.498800000000000000e+04 4.781086055121685519e+01 7.526767062962052002e+00 4.209516568424355398e+01 1.361876957650400692e-18 4.209516568424355398e+01 1.361876957650400692e-18
5.498900000000000000e+04 5.027578213174690092e+01 7.526767062962052002e+00 4.711547825657126509e+01 1.361876613660269607e-18 4.711547825657126509e+01 1.361876613660269607e-18
5.499300000000000000e+04 6.787656579092003994e+01 7.526767062962052002e+00 6.549985504210982867e+01 1.172809985443463487e+00 6.549985504210982867e+01 1.172809985443463487e+00
5.499500000000000000e+04 6.778158588981911237e+01 7.526767062962052002e+00 6.925870503056015082e+01 4.188406388058739438e+00 6.925870503056015082e+01 4.188406388058739438e+00
5.499700000000000000e+04 9.407655830680842257e+01 7.526767062962052002e+00 7.599302134158550359e+01 9.046702486275524535e+00 6.841287481237441170e+01 9.046702486275524535e+00
5.499900000000000000e+04 9.673107807408536019e+01 7.526767062962052002e+00 7.946240387221574508e+01 1.577296135284117895e+01 6.504780932565140006e+01 1.577296135284117895e+01
5.500000000000000000e+04 1.129189643639917904e+02 7.526767062962052002e+00 8.071659299240927510e+01 1.983239277984976923e+01 6.320798198309262261e+01 1.983239277984976923e+01
5.500200000000000000e+04 1.079237682134268965e+02 7.526767062962052002e+00 8.207621959584616889e+01 2.928193888190937244e+01 5.914124484496770862e+01 2.928193888190937244e+01
5.500300000000000000e+04 1.050951891171889372e+02 7.526767062962052002e+00 8.123015168411551201e+01 3.451627414604166688e+01 5.628475033544589223e+01 3.451627414604166688e+01
5.500500000000000000e+04 1.274795817786648371e+02 7.526767062962052002e+00 7.770978181580086641e+01 4.622641915185185724e+01 5.000629460476246635e+01 4.622641915185185724e+01
5.500700000000000000e+04 1.387435310807411781e+02 7.526767062962052002e+00 7.417256617661041673e+01 5.889434782071408847e+01 4.455343955827151348e+01 5.889434782071408847e+01
5.500900000000000000e+04 1.389262691520922886e+02 7.526767062962052002e+00 6.991917559259566417e+01 7.085966617111323274e+01 3.937777404403901471e+01 7.085966617111323274e+01
5.501000000000000000e+04 1.444038807049747959e+02 7.526767062962052002e+00 6.749862057299434071e+01 7.673977432222363859e+01 3.686434766411487374e+01 7.673977432222363859e+01
5.501300000000000000e+04 1.490801788361921751e+02 7.526767062962052002e+00 5.987569637423779767e+01 9.065964488500323171e+01 2.997981993502793685e+01 8.657338128820018142e+01
5.501600000000000000e+04 1.435992263083528542e+02 7.526767062962052002e+00 4.930676343521272997e+01 9.942503304719960511e+01 2.279133005233092391e+01 8.363478553768472068e+01
5.501700000000000000e+04 1.419665549403583498e+02 7.526767062962052002e+00 4.598201100063588598e+01 1.004988654081314081e+02 2.072381963252022885e+01 8.130976165706424297e+01
5.501800000000000000e+04 1.444803413676835646e+02 7.526767062962052002e+00 4.287122495339971096e+01 1.013856031008805587e+02 1.885112345149930135e+01 7.900997747886577827e+01
5.501900000000000000e+04 1.336145627799721183e+02 7.526767062962052002e+00 3.981163915171157441e+01 1.020747561018581848e+02 1.708947422377729097e+01 7.672486177229268378e+01
5.502000000000000000e+04 1.344407134867570335e+02 7.526767062962052002e+00 3.683997328403917493e+01 1.018412236230343950e+02 1.544652967884242400e+01 7.392655605620964820e+01
5.502200000000000000e+04 1.171634823380235986e+02 7.526767062962052002e+00 3.136975102097589385e+01 9.759849695005928538e+01 1.256901635586821442e+01 6.630332673237724350e+01
5.502300000000000000e+04 1.207253290232708736e+02 7.526767062962052002e+00 2.886096285873570366e+01 9.496195345444394320e+01 1.131270102647213349e+01 6.250786825595308471e+01
5.502400000000000000e+04 1.169650405794370727e+02 7.526767062962052002e+00 2.653764361138853545e+01 9.246728457020037695e+01 1.018094207449878574e+01 5.903171895441801809e+01
5.502500000000000000e+04 1.107562533648753202e+02 7.526767062962052002e+00 2.441809507962472026e+01 8.986428758903365122e+01 9.172838121572022274e+00 5.569179944783939362e+01
5.502800000000000000e+04 9.122632968487950222e+01 7.526767062962052002e+00 1.899524038126809700e+01 8.088037877506803852e+01 6.716370971383953226e+00 4.608043458014359572e+01
5.502900000000000000e+04 9.217149896643613260e+01 7.526767062962052002e+00 1.750790241283739235e+01 7.762430287561124942e+01 6.071543353043900915e+00 4.306718978895430183e+01
5.503100000000000000e+04 8.691512360926726899e+01 7.526767062962052002e+00 1.499126651653919851e+01 7.108215306595123195e+01 5.006434182654020404e+00 3.747477491878492373e+01
5.503300000000000000e+04 6.555902112758707290e+01 7.526767062962052002e+00 1.301777429432866739e+01 6.250327380220326745e+01 4.192249869357422831e+00 3.138975180906150086e+01
5.503400000000000000e+04 8.144201626720759180e+01 7.526767062962052002e+00 1.224659095604198278e+01 5.807230897333919728e+01 3.874767751706000407e+00 2.848916256541365399e+01
5.503500000000000000e+04 6.539320386349288583e+01 7.526767062962052002e+00 1.157031802328240211e+01 5.402699778198023495e+01 3.597735703756966164e+00 2.590477454065029050e+01
5.503700000000000000e+04 6.118425217317926723e+01 7.526767062962052002e+00 1.046393278796644388e+01 4.656881725979311426e+01 3.145344712025503142e+00 2.136184277972161283e+01
5.503800000000000000e+04 6.210093178261911362e+01 7.526767062962052002e+00 1.002177482326832170e+01 4.300313862589730718e+01 2.963093496324381348e+00 1.930816209855303001e+01
5.503900000000000000e+04 5.834669171187466219e+01 7.526767062962052002e+00 9.632694977842625406e+00 3.964356777759771688e+01 2.802157021713587159e+00 1.743034109109994390e+01
5.504000000000000000e+04 4.768641620453679053e+01 7.526767062962052002e+00 9.268620472621689643e+00 3.647528546472955924e+01 2.653484246384680389e+00 1.571127044483526802e+01
5.504100000000000000e+04 4.113389770986903216e+01 7.526767062962052002e+00 8.918914137347767834e+00 3.349690773938398536e+01 2.513503025968822246e+00 1.414087628309016509e+01
5.504300000000000000e+04 4.211642670860525328e+01 7.526767062962052002e+00 8.257915069371753347e+00 2.824316857632025446e+01 2.256754227528354306e+00 1.146604765196502740e+01
5.504400000000000000e+04 3.463116586073135039e+01 7.526767062962052002e+00 7.911991282164740014e+00 2.591372837903311321e+01 2.129971270706062736e+00 1.032254954550394999e+01
5.504500000000000000e+04 2.688723932378491099e+01 7.526767062962052002e+00 7.551305437268367449e+00 2.378260467970723369e+01 2.002998789726357476e+00 9.298797575737893339e+00
5.504600000000000000e+04 2.291832701435091479e+01 7.526767062962052002e+00 7.201194234435823738e+00 2.186850388282615398e+01 1.882468299899572761e+00 8.395463714229940422e+00
5.504700000000000000e+04 2.061729331604970739e+01 7.526767062962052002e+00 6.861428064928858817e+00 2.012716621534053374e+01 1.768044749775525615e+00 7.589429191304875921e+00
5.504900000000000000e+04 8.176031621250869463e+00 7.526767062962052002e+00 6.191178502725894539e+00 1.718708854905125349e+01 1.551051834533994978e+00 6.258042728317525949e+00
5.505000000000000000e+04 1.421529856909149814e+01 7.526767062962052002e+00 5.822318907808187838e+00 1.594308690041533083e+01 1.438675292267899364e+00 5.707004188293002933e+00
5.505100000000000000e+04 2.179131568366814165e+01 7.526767062962052002e+00 5.436115645356124126e+00 1.488667928608820645e+01 1.325106192803267691e+00 5.240312336696778317e+00
5.505300000000000000e+04 8.988690879310439641e+00 7.526767062962052002e+00 4.671471206392032727e+00 1.320009229708430709e+01 1.108770342350714921e+00 4.497169629696206705e+00
5.505400000000000000e+04 8.877544169007116182e+00 7.526767062962052002e+00 4.293820997733088340e+00 1.250954633502162494e+01 1.005908494057323077e+00 4.194456255036756787e+00
5.505500000000000000e+04 2.816481098015805884e+01 7.526767062962052002e+00 3.933977050929433616e+00 1.191142042444058013e+01 9.098004280595362037e-01 3.931680890031879372e+00
5.505700000000000000e+04 1.374734222710504028e+01 7.526767062962052002e+00 3.267954795303254834e+00 1.094242316979155838e+01 7.368888778080757707e-01 3.502696277141983838e+00
5.505800000000000000e+04 1.347127927025240979e+01 7.526767062962052002e+00 2.951900508094092768e+00 1.051841155266887284e+01 6.574095826676078502e-01 3.316855307980851375e+00
5.505900000000000000e+04 -5.915018300089318615e-01 7.526767062962052002e+00 2.650107795339088135e+00 1.011182267347257024e+01 5.830050588127172473e-01 3.141878782461027253e+00
5.506100000000000000e+04 1.768201728082016899e+01 7.526767062962052002e+00 2.097721046587586624e+00 9.345219256194912560e+00 4.505027589097987395e-01 2.820942784410442883e+00
5.506300000000000000e+04 8.976485701351355928e+00 7.526767062962052002e+00 1.628229051359488366e+00 8.530771845444554913e+00 3.415482990769190819e-01 2.503748487157946734e+00
5.506400000000000000e+04 1.568024590284307074e+01 7.526767062962052002e+00 1.430050174861278833e+00 8.128498118966355435e+00 2.965309531914898100e-01 2.353085374874466229e+00
5.506700000000000000e+04 1.717531688540427126e+01 7.526767062962052002e+00 9.478364502329007513e-01 6.971977996230307895e+00 1.899928740845295005e-01 1.938814793167494166e+00
5.506800000000000000e+04 -5.159578789769208917e+00 7.526767062962052002e+00 8.222095865760433719e-01 6.551727280988012936e+00 1.630009885761951050e-01 1.798344115334874260e+00
5.506900000000000000e+04 1.012006988601405233e+01 7.526767062962052002e+00 7.114886321071732800e-01 6.112714867401473740e+00 1.395185175518027509e-01 1.656382741004084558e+00
5.507000000000000000e+04 -8.568749578115776089e+00 7.526767062962052002e+00 6.142464668803382377e-01 5.674846900798676153e+00 1.191554736916271978e-01 1.518313062071563468e+00
5.507200000000000000e+04 1.108734496837345240e+01 7.526767062962052002e+00 4.560021150716552230e-01 4.818301686534577577e+00 8.659693020465177027e-02 1.257385617571653791e+00
5.507400000000000000e+04 1.325000887210120482e+01 7.526767062962052002e+00 3.365728559047677093e-01 4.030706191354343382e+00 6.259957145868536021e-02 1.026565350283807909e+00
5.507600000000000000e+04 -2.816222222603426140e-01 7.526767062962052002e+00 2.446644561300058696e-01 3.304140562487396515e+00 4.458659039435906163e-02 8.217619783345098128e-01
5.507800000000000000e+04 1.092585038510922679e+01 7.526767062962052002e+00 1.772255691513887343e-01 2.642431204826007018e+00 3.165759871947924908e-02 6.421148923080304272e-01
5.508000000000000000e+04 5.027998328177688769e+00 7.526767062962052002e+00 1.280487148722933011e-01 2.068286789048725982e+00 2.242927217941729015e-02 4.913262041639884781e-01
5.508200000000000000e+04 8.951806440913347984e+00 7.526767062962052002e+00 9.225249237564120408e-02 1.595336528170215429e+00 1.585148843184322476e-02 3.706636914893623458e-01
5.508300000000000000e+04 -1.481460781839533425e+01 7.526767062962052002e+00 7.828265047811086563e-02 1.395528001719200883e+00 1.332425287277213925e-02 3.207225596890974639e-01
5.508400000000000000e+04 -7.168284441210359681e+00 7.526767062962052002e+00 6.634986103872077268e-02 1.215495378242795965e+00 1.118771474028273233e-02 2.763494403062012883e-01
5.508600000000000000e+04 2.027344038387668945e+01 7.526767062962052002e+00 4.778895805253825790e-02 9.154135518439115993e-01 7.910245647124551638e-03 2.037512357202438951e-01
5.508900000000000000e+04 9.928853613956183821e+00 7.526767062962052002e+00 2.953792704718989290e-02 5.890269285830286305e-01 4.758348966942117439e-03 1.270988539148603380e-01
5.509000000000000000e+04 -9.393746339767039544e+00 7.526767062962052002e+00 2.515094851968402434e-02 5.067652355576219847e-01 4.015798901434460173e-03 1.082461627558146955e-01
5.509200000000000000e+04 -5.149503594489831748e+00 7.526767062962052002e+00 1.823123819824581937e-02 3.737194416083516324e-01 2.860340487345981557e-03 7.824946432335670721e-02
5.509300000000000000e+04 1.003093949735926671e+01 7.526767062962052002e+00 1.552278488735900699e-02 3.189013450151971241e-01 2.414419350363810127e-03 6.611820886863432889e-02
5.509500000000000000e+04 -3.231935338186376683e+00 7.526767062962052002e+00 1.124605589990867321e-02 2.311343561003175728e-01 1.719580412830072277e-03 4.700145520178898584e-02
5.509600000000000000e+04 6.782944050435571803e+00 7.526767062962052002e+00 9.575513617746863118e-03 1.964670576530882506e-01 1.451847290194205504e-03 3.957199839934906482e-02
5.509700000000000000e+04 5.495427618859993757e+00 7.526767062962052002e+00 8.151450433902005660e-03 1.669635476005058294e-01 1.225634575374692737e-03 3.331275889874418111e-02
5.509800000000000000e+04 2.919762234246715327e+00 7.526767062962052002e+00 6.935252852135165638e-03 1.418427172626349209e-01 1.034155386379047173e-03 2.803659022427161529e-02
5.510000000000000000e+04 -3.443276654304661122e+00 7.526767062962052002e+00 5.026680235648261705e-03 1.021152884779340658e-01 7.373742460977353481e-04 1.981436053980403095e-02
5.510100000000000000e+04 1.302898354392704938e+01 7.526767062962052002e+00 4.277566175215478418e-03 8.662096792589167593e-02 6.224268341795411233e-04 1.665531609096517277e-02
5.510200000000000000e+04 1.590697652990209487e+00 7.526767062962052002e+00 3.642667242111638070e-03 7.339140869625472574e-02 5.258043306838589264e-04 1.398464342535341541e-02
5.510600000000000000e+04 -2.311750771049201347e-01 7.526767062962052002e+00 1.907742695990415722e-03 3.832602113553309348e-02 2.668395524086519138e-04 7.049371162362620333e-03
5.510900000000000000e+04 6.095358969127683046e+00 7.526767062962052002e+00 1.173339293678566731e-03 2.364114811366915814e-02 1.603886617199637324e-04 4.237980086345396677e-03
5.511100000000000000e+04 -1.134845040651947023e+01 7.526767062962052002e+00 8.489831367973027466e-04 1.712064761342977845e-02 1.143196079927424701e-04 3.018024187954762658e-03
5.511200000000000000e+04 -9.549571178812607641e+00 7.526767062962052002e+00 7.216635572816795623e-04 1.457410826253377652e-02 9.645587389153405797e-05 2.547921024918492483e-03
5.511400000000000000e+04 1.407790146692238409e+01 7.526767062962052002e+00 5.221294690758054077e-04 1.055202610513148419e-02 6.876820444588222371e-05 1.814809112742756881e-03
5.511500000000000000e+04 -2.139930548078187655e+01 7.526767062962052002e+00 4.438946344158176387e-04 8.980224533770375314e-03 5.804061642466235168e-05 1.532043219218365976e-03
5.511700000000000000e+04 -3.334213282807752421e+00 7.526767062962052002e+00 3.211936095938321719e-04 6.502532538991447064e-03 4.139733072045060849e-05 1.091761675451888552e-03
5.511800000000000000e+04 7.027437483079598257e-01 7.526767062962052002e+00 2.730603437855316632e-04 5.533256342717405955e-03 3.494412016400036890e-05 9.217178076221691852e-04
5.511900000000000000e+04 2.004679863980081578e+00 7.526767062962052002e+00 2.323819442238831193e-04 4.707414146899869048e-03 2.952906681710418518e-05 7.780335427244262957e-04
5.512000000000000000e+04 1.575743642304399561e+00 7.526767062962052002e+00 1.994177585201395940e-04 4.007680608472372757e-03 2.516312410348764490e-05 6.572554133548237122e-04
