5.497600000000000000e+04 -3.628805822722176888e+00 5.554502742760366374e+00 1.164140563987932975e+00 1.400047905375606646e-18 1.164140563987932975e+00 1.400047905375606646e-18
5.497900000000000000e+04 4.163665306460585747e+00 5.554502742760366374e+00 4.289077145657377521e+00 1.400047905214326962e-18 4.289077145657377521e+00 1.400047905214326962e-18
5.498300000000000000e+04 1.240048790752884678e+01 5.554502742760366374e+00 1.143383206421574805e+01 1.400047904835056466e-18 1.143383206421574805e+01 1.400047904835056466e-18
5.499200000000000000e+04 4.095355808661260255e+01 5.554502742760366374e+00 3.733751665722944324e+01 1.400047902250976364e-18 3.733751665722944324e+01 1.400047902250976364e-18
5.499500000000000000e+04 4.259471818719812575e+01 5.554502742760366374e+00 4.526446668391263017e+01 6.985466867700927951e-01 4.526446668391263017e+01 6.985466867700927951e-01
5.499600000000000000e+04 3.665436742265632120e+01 5.554502742760366374e+00 4.750204251648135312e+01 1.455175704984916107e+00 4.750204251648135312e+01 1.455175704984916107e+00
5.499800000000000000e+04 5.440571537151171100e+01 5.554502742760366374e+00 5.133933107419673547e+01 3.791386072109951044e+00 5.091672227927872996e+01 3.791386072109951044e+00
5.500200000000000000e+04 6.684825022556472618e+01 5.554502742760366374e+00 5.605119289653529790e+01 1.162962013649368842e+01 5.381775602163734362e+01 1.162962013649368842e+01
5.500700000000000000e+04 8.500885045707082099e+01 5.554502742760366374e+00 5.643103835287060122e+01 2.755757656490886376e+01 5.210622193247517231e+01 2.755757656490886376e+01
5.501100000000000000e+04 9.189251400108295798e+01 5.554502742760366374e+00 5.345554677354331830e+01 4.301492826619860210e+01 4.789065290588005297e+01 4.301492826619860210e+01
5.501600000000000000e+04 1.041590084342449671e+02 5.554502742760366374e+00 4.667396868990392278e+01 6.060073074040109020e+01 4.031611703369087962e+01 5.937755314560169495e+01
5.502200000000000000e+04 1.138261434847723592e+02 5.554502742760366374e+00 3.827463095793200409e+01 7.281542389727533759e+01 3.169741694238675578e+01 6.727219502704667775e+01
5.502800000000000000e+04 1.077830402812565609e+02 5.554502742760366374e+00 3.310052133813628927e+01 7.330893452427551438e+01 2.632666932167046880e+01 6.407003541712595052e+01
5.503000000000000000e+04 1.038402492672060617e+02 5.554502742760366374e+00 3.188221413296672679e+01 7.154616453474402249e+01 2.502725028100064719e+01 6.142356158546017753e+01
5.503300000000000000e+04 9.610759554770129398e+01 5.554502742760366374e+00 3.005247301329474041e+01 6.708809102258756241e+01 2.313864568316503068e+01 5.610779545252785994e+01
5.503800000000000000e+04 9.407575801315486785e+01 5.554502742760366374e+00 2.617750680415279874e+01 5.797663695681739426e+01 1.953108020902245556e+01 4.648543694420893502e+01
5.504200000000000000e+04 9.179824390988621019e+01 5.554502742760366374e+00 2.275727613330874988e+01 5.104868998571386385e+01 1.656882135661357935e+01 3.962177117798344028e+01
5.504400000000000000e+04 6.440304257500073959e+01 5.554502742760366374e+00 2.108858188926991417e+01 4.840633559799493923e+01 1.517055024046465839e+01 3.697962994499231826e+01
5.504600000000000000e+04 5.932079880577276043e+01 5.554502742760366374e+00 1.956022205626315369e+01 4.627119606325734935e+01 1.390504162668881349e+01 3.480083939775672519e+01
5.505000000000000000e+04 6.058312192073777425e+01 5.554502742760366374e+00 1.711214545794200959e+01 4.288419335649462028e+01 1.188425964160150627e+01 3.128406285125081610e+01
5.505600000000000000e+04 5.564372690419750711e+01 5.554502742760366374e+00 1.482374425964091813e+01 3.764623599216683658e+01 9.950825172612551839e+00 2.627826049990705215e+01
5.505900000000000000e+04 4.772481301259451669e+01 5.554502742760366374e+00 1.392773532743040299e+01 3.437788208928824929e+01 9.195652533626304859e+00 2.349018250036778355e+01
5.506300000000000000e+04 4.598759233362738286e+01 5.554502742760366374e+00 1.295119734197186823e+01 2.981915667018196814e+01 8.367487622413662507e+00 1.981734343735094583e+01
5.506500000000000000e+04 3.287825254832268485e+01 5.554502742760366374e+00 1.253110179519172362e+01 2.768607599369352812e+01 8.010164788539839265e+00 1.815123319589164907e+01
5.506700000000000000e+04 4.625640560142258551e+01 5.554502742760366374e+00 1.212651650490148292e+01 2.577363271183696014e+01 7.670155917078735897e+00 1.667225092945013287e+01
5.507000000000000000e+04 3.325141601520996915e+01 5.554502742760366374e+00 1.156321169359384449e+01 2.342387575359657248e+01 7.200455628366551508e+00 1.485532455200188373e+01
5.507400000000000000e+04 3.036588703273131529e+01 5.554502742760366374e+00 1.082413826530773271e+01 2.127586941909378737e+01 6.603708294373577203e+00 1.314948666198627159e+01
5.507900000000000000e+04 3.292278258231993959e+01 5.554502742760366374e+00 9.815472466325255496e+00 1.919017738111139337e+01 5.840457257125583723e+00 1.149456566703288019e+01
5.508300000000000000e+04 2.361423302266059565e+01 5.554502742760366374e+00 8.834894822137480119e+00 1.789282634457881827e+01 5.155149271873892936e+00 1.045935952801707813e+01
5.509100000000000000e+04 2.557249542582627555e+01 5.554502742760366374e+00 6.154343660916092418e+00 1.580624094162260995e+01 3.457107999615824934e+00 8.815035938666337501e+00
