5.497400000000000000e+04 4.006658249759444068e+00 8.030989236837726253e+00 2.872527343123094101e-01 1.361878181083838162e-18 2.872527343123094101e-01 1.361878181083838162e-18
5.497600000000000000e+04 -5.884531743763421474e+00 8.030989236837726253e+00 1.958814406946931541e+00 1.361877894807208667e-18 1.958814406946931541e+00 1.361877894807208667e-18
5.498000000000000000e+04 1.054603594422337665e+01 8.030989236837726253e+00 9.740658635389692677e+00 1.361876957650400692e-18 9.740658635389692677e+00 1.361876957650400692e-18
5.498100000000000000e+04 6.780392981656055973e+00 8.030989236837726253e+00 1.261836908227294352e+01 1.361876613660269607e-18 1.261836908227294352e+01 1.361876613660269607e-18
5.498500000000000000e+04 3.132928906236687894e+01 8.030989236837726253e+00 2.761301931683333422e+01 1.172809985443463487e+00 2.761301931683333422e+01 1.172809985443463487e+00
5.498700000000000000e+04 3.606219702000137772e+01 8.030989236837726253e+00 3.698113532148148863e+01 4.188406388058739438e+00 3.698113532148148863e+01 4.188406388058739438e+00
5.498800000000000000e+04 5.458110617941528631e+01 8.030989236837726253e+00 4.209516568424355398e+01 6.387348154830737812e+00 4.209516568424355398e+01 6.387348154830737812e+00
5.498900000000000000e+04 5.953419507441346781e+01 8.030989236837726253e+00 4.711547825657126509e+01 9.046702486275524535e+00 4.711547825657126509e+01 9.046702486275524535e+00
5.499300000000000000e+04 9.112941247919933119e+01 8.030989236837726253e+00 6.549985504210982867e+01 2.434500671405781702e+01 6.549985504210982867e+01 2.434500671405781702e+01
5.499500000000000000e+04 9.772991704538254965e+01 8.030989236837726253e+00 6.925870503056015082e+01 3.451627414604166688e+01 6.925870503056015082e+01 3.451627414604166688e+01
5.499700000000000000e+04 1.276337417112535775e+02 8.030989236837726253e+00 7.176510567818075970e+01 4.622641915185185724e+01 6.841287481237441170e+01 4.622641915185185724e+01
5.499900000000000000e+04 1.319127539175445065e+02 8.030989236837726253e+00 7.142249463956524380e+01 5.889434782071408847e+01 6.504780932565140006e+01 5.889434782071408847e+01
5.500000000000000000e+04 1.490462339936279932e+02 8.030989236837726253e+00 7.095095977602146320e+01 6.489662410672829651e+01 6.320798198309262261e+01 6.489662410672829651e+01
5.500200000000000000e+04 1.423592807427548621e+02 8.030989236837726253e+00 6.928396833587967762e+01 7.673977432222363859e+01 5.914124484496770862e+01 7.673977432222363859e+01
5.500300000000000000e+04 1.378266114146134100e+02 8.030989236837726253e+00 6.731656140119328313e+01 8.187481880263729295e+01 5.628475033544589223e+01 8.187481880263729295e+01
5.500500000000000000e+04 1.582392416522381211e+02 8.030989236837726253e+00 6.225783678292928158e+01 9.220065107193320841e+01 5.000629460476246635e+01 8.657338128820018142e+01
5.500700000000000000e+04 1.659007792544332460e+02 8.030989236837726253e+00 5.765215078840333973e+01 1.021917317509842889e+02 4.455343955827151348e+01 8.551609351546802884e+01
5.500900000000000000e+04 1.586431072894657177e+02 8.030989236837726253e+00 5.288435054114439993e+01 1.077354341956101251e+02 3.937777404403901471e+01 8.130976165706424297e+01
5.501000000000000000e+04 1.604124359194607337e+02 8.030989236837726253e+00 5.041199543067708788e+01 1.098238686956234318e+02 3.686434766411487374e+01 7.900997747886577827e+01
5.501300000000000000e+04 1.531624375920385432e+02 8.030989236837726253e+00 4.320092052637526336e+01 1.115141616021021775e+02 2.997981993502793685e+01 7.035593791930737950e+01
5.501600000000000000e+04 1.341175252925083328e+02 8.030989236837726253e+00 3.451746936425518442e+01 1.050764597388640738e+02 2.279133005233092391e+01 5.903171895441801809e+01
5.501700000000000000e+04 1.298285901040731574e+02 8.030989236837726253e+00 3.189395841444863677e+01 1.027513699812636787e+02 2.072381963252022885e+01 5.569179944783939362e+01
5.501800000000000000e+04 1.298527227739350280e+02 8.030989236837726253e+00 2.947373151641916067e+01 1.001405046670294041e+02 1.885112345149930135e+01 5.242958359530334889e+01
5.501900000000000000e+04 1.155259977585088649e+02 8.030989236837726253e+00 2.713808506735833959e+01 9.721387967122130647e+01 1.708947422377729097e+01 4.922221755504877194e+01
5.502000000000000000e+04 1.143870599652071292e+02 8.030989236837726253e+00 2.490752910713340995e+01 9.400408654349294579e+01 1.544652967884242400e+01 4.608043458014359572e+01
5.502200000000000000e+04 9.567857836503010560e+01 8.030989236837726253e+00 2.088342067527503687e+01 8.739073092180343849e+01 1.256901635586821442e+01 4.027222623124582412e+01
5.502300000000000000e+04 9.952423954559611730e+01 8.030989236837726253e+00 1.907321393063201498e+01 8.375612194348431672e+01 1.131270102647213349e+01 3.747477491878492373e+01
5.502400000000000000e+04 9.455179032936460715e+01 8.030989236837726253e+00 1.741450141843017363e+01 7.931382968072320239e+01 1.018094207449878574e+01 3.448427377422747497e+01
5.502500000000000000e+04 8.638929056695948816e+01 8.030989236837726253e+00 1.591487414092745922e+01 7.423676302843045960e+01 9.172838121572022274e+00 3.138975180906150086e+01
5.502800000000000000e+04 6.324144192131122111e+01 8.030989236837726253e+00 1.214655690174787850e+01 6.032359504479776291e+01 6.716370971383953226e+00 2.356390431437412758e+01
5.502900000000000000e+04 6.404493063193658031e+01 8.030989236837726253e+00 1.112913896612947262e+01 5.607483729676923190e+01 6.071543353043900915e+00 2.136184277972161283e+01
5.503100000000000000e+04 5.834078906998261260e+01 8.030989236837726253e+00 9.422109131754869082e+00 4.802058970598034193e+01 5.006434182654020404e+00 1.743034109109994390e+01
5.503300000000000000e+04 3.826227406069926928e+01 8.030989236837726253e+00 8.095234497729183687e+00 4.079642807671512372e+01 4.192249869357422831e+00 1.414087628309016509e+01
5.503400000000000000e+04 5.698759212212391390e+01 8.030989236837726253e+00 7.577108338461084003e+00 3.754222389971427276e+01 3.874767751706000407e+00 1.272617759312348085e+01
5.503500000000000000e+04 4.147586485358130659e+01 8.030989236837726253e+00 7.123516693438791236e+00 3.457013367067456500e+01 3.597735703756966164e+00 1.146604765196502740e+01
5.503700000000000000e+04 4.005623628211340304e+01 8.030989236837726253e+00 6.381904420699745728e+00 2.924471837569567256e+01 3.145344712025503142e+00 9.298797575737893339e+00
5.503800000000000000e+04 4.271817670059596850e+01 8.030989236837726253e+00 6.084712494702118057e+00 2.694943852267811479e+01 2.963093496324381348e+00 8.395463714229940422e+00
5.503900000000000000e+04 4.035632476346808062e+01 8.030989236837726253e+00 5.822882291120834886e+00 2.485538060152346773e+01 2.802157021713587159e+00 7.589429191304875921e+00
5.504000000000000000e+04 3.063431440861419830e+01 8.030989236837726253e+00 5.578950628023791047e+00 2.298272370581246093e+01 2.653484246384680389e+00 6.881055001740258525e+00
5.504100000000000000e+04 2.528705546986351749e+01 8.030989236837726253e+00 5.346220936235684285e+00 2.130863548992117629e+01 2.513503025968822246e+00 6.258042728317525949e+00
5.504300000000000000e+04 2.942671922427679831e+01 8.030989236837726253e+00 4.910697199101699439e+00 1.852450411022311272e+01 2.256754227528354306e+00 5.240312336696778317e+00
5.504400000000000000e+04 2.298286013752118606e+01 8.030989236837726253e+00 4.687001781188691041e+00 1.743645488267700117e+01 2.129971270706062736e+00 4.843459689632500620e+00
5.504500000000000000e+04 1.619424333867613441e+01 8.030989236837726253e+00 4.456672307141145595e+00 1.648212669283659793e+01 2.002998789726357476e+00 4.497169629696206705e+00
5.504600000000000000e+04 1.331647951025525245e+01 8.030989236837726253e+00 4.234612440624089480e+00 1.564532183128710408e+01 1.882468299899572761e+00 4.194456255036756787e+00
5.504700000000000000e+04 1.214314489599598446e+01 8.030989236837726253e+00 4.020533760989545513e+00 1.492072897767098105e+01 1.768044749775525615e+00 3.931680890031879372e+00
5.504900000000000000e+04 1.130534940751722672e+00 8.030989236837726253e+00 3.603093411622470654e+00 1.374808288778229048e+01 1.551051834533994978e+00 3.502696277141983838e+00
5.505000000000000000e+04 8.555649943479478381e+00 8.030989236837726253e+00 3.377290248598893818e+00 1.323425267884359613e+01 1.438675292267899364e+00 3.316855307980851375e+00
5.505100000000000000e+04 1.745036809947895051e+01 8.030989236837726253e+00 3.143151889329351079e+00 1.274031846287946479e+01 1.325106192803267691e+00 3.141878782461027253e+00
5.505300000000000000e+04 5.012037512610664436e+00 8.030989236837726253e+00 2.684332998831081341e+00 1.180564555275770466e+01 1.108770342350714921e+00 2.820942784410442883e+00
5.505400000000000000e+04 5.318643277392943958e+00 8.030989236837726253e+00 2.459949222217183706e+00 1.131547237562595676e+01 1.005908494057323077e+00 2.662464088382578531e+00
5.505500000000000000e+04 2.619557942095589809e+01 8.030989236837726253e+00 2.247207057307054168e+00 1.080367472208653901e+01 9.098004280595362037e-01 2.503748487157946734e+00
5.505700000000000000e+04 1.118586697301387645e+01 8.030989236837726253e+00 1.856223083198542900e+00 9.823698640940266458e+00 7.368888778080757707e-01 2.210055937219407074e+00
5.505800000000000000e+04 1.102544934870830495e+01 8.030989236837726253e+00 1.672121273515060569e+00 9.352296071819882428e+00 6.574095826676078502e-01 2.073679838540994247e+00
5.505900000000000000e+04 -3.880751240989471995e+00 8.030989236837726253e+00 1.497156991031058260e+00 8.870077678741285609e+00 5.830050588127172473e-01 1.938814793167494166e+00
5.506100000000000000e+04 1.562928261702169408e+01 8.030989236837726253e+00 1.178965720066943224e+00 7.793280796424218337e+00 4.505027589097987395e-01 1.656382741004084558e+00
5.506300000000000000e+04 6.349965997500511605e+00 8.030989236837726253e+00 9.105677653390663595e-01 6.701130756582133863e+00 3.415482990769190819e-01 1.385962927938393818e+00
5.506400000000000000e+04 1.349079948010693997e+01 8.030989236837726253e+00 7.978165295617034580e-01 6.161189526101104263e+00 2.965309531914898100e-01 1.257385617571653791e+00
5.506700000000000000e+04 1.509373486997661828e+01 8.030989236837726253e+00 5.251403039696396213e-01 4.693061040540182027e+00 1.899928740845295005e-01 9.211110972600947688e-01
5.506800000000000000e+04 -8.678322547612177473e+00 8.030989236837726253e+00 4.545282566447201300e-01 4.240291808206070989e+00 1.630009885761951050e-01 8.217619783345098128e-01
5.506900000000000000e+04 7.716875628687519750e+00 8.030989236837726253e+00 3.924655898732211656e-01 3.807751790370560663e+00 1.395185175518027509e-01 7.287563235158966979e-01
5.507000000000000000e+04 -1.211828639922584117e+01 8.030989236837726253e+00 3.381036565999922527e-01 3.396787780309480809e+00 1.191554736916271978e-01 6.421148923080304272e-01
5.507200000000000000e+04 9.115409986721081381e+00 8.030989236837726253e+00 2.499620390357272792e-01 2.662988026568817723e+00 8.659693020465177027e-02 4.913262041639884781e-01
5.507400000000000000e+04 1.171873320323373768e+01 8.030989236837726253e+00 1.837610420169708825e-01 2.057183487765960717e+00 6.259957145868536021e-02 3.706636914893623458e-01
5.507600000000000000e+04 -2.384296121996839712e+00 8.030989236837726253e+00 1.330686790319645929e-01 1.569664820939223215e+00 4.458659039435906163e-02 2.763494403062012883e-01
5.507800000000000000e+04 9.929059886368451160e+00 8.030989236837726253e+00 9.603332571554029640e-02 1.183794679534617034e+00 3.165759871947924908e-02 2.037512357202438951e-01
5.508000000000000000e+04 3.975225063537996206e+00 8.030989236837726253e+00 6.913823149305380056e-02 8.847293921603320843e-01 2.242927217941729015e-02 1.489443421145340285e-01
5.508200000000000000e+04 8.457544396423584132e+00 8.030989236837726253e+00 4.963893602431706381e-02 6.570542079277953418e-01 1.585148843184322476e-02 1.082461627558146955e-01
5.508300000000000000e+04 -1.677262021881168153e+01 8.030989236837726253e+00 4.205134206646887057e-02 5.649168239069525255e-01 1.332425287277213925e-02 9.208098189192380489e-02
5.508400000000000000e+04 -8.495479207217069728e+00 8.030989236837726253e+00 3.558252673146922868e-02 4.851466788048116041e-01 1.118771474028273233e-02 7.824946432335670721e-02
5.508600000000000000e+04 2.098217863012650497e+01 8.030989236837726253e+00 2.554613831738873631e-02 3.527913964953660608e-01 7.910245647124551638e-03 5.573323799294881836e-02
5.508900000000000000e+04 1.016707258830664173e+01 8.030989236837726253e+00 1.571682663780981162e-02 2.173657518143057854e-01 4.758348966942117439e-03 3.331275889874418111e-02
5.509000000000000000e+04 -1.039246429448588138e+01 8.030989236837726253e+00 1.336257084452316564e-02 1.847611295779499063e-01 4.015798901434460173e-03 2.803659022427161529e-02
5.509200000000000000e+04 -5.769868834161083981e+00 8.030989236837726253e+00 9.657939655523707298e-03 1.331525028274831157e-01 2.860340487345981557e-03 1.981436053980403095e-02
5.509300000000000000e+04 1.046730790715358772e+01 8.030989236837726253e+00 8.211440210587318822e-03 1.130063196771987216e-01 2.414419350363810127e-03 1.665531609096517277e-02
5.509500000000000000e+04 -3.619937466785804414e+00 8.030989236837726253e+00 5.932552424263750658e-03 8.119201176819433596e-02 1.719580412830072277e-03 1.174143337211776446e-02
5.509600000000000000e+04 7.091552983370475793e+00 8.030989236837726253e+00 5.044443409779767427e-03 6.901689327116171391e-02 1.451847290194205504e-03 9.887807058905687813e-03
5.509700000000000000e+04 5.739830284632801316e+00 8.030989236837726253e+00 4.288495379236050356e-03 5.881856438901776618e-02 1.225634575374692737e-03 8.348980041024522958e-03
5.509800000000000000e+04 3.010378865849018482e+00 8.030989236837726253e+00 3.643846503906572783e-03 5.012102896439823291e-02 1.034155386379047173e-03 7.049371162362620333e-03
5.510000000000000000e+04 -3.749285826641227004e+00 8.030989236837726253e+00 2.634269494184159587e-03 3.634298005798186626e-02 7.373742460977353481e-04 5.019748626793075000e-03
5.510100000000000000e+04 1.383801159733307351e+01 8.030989236837726253e+00 2.238869322543809038e-03 3.095844453075312364e-02 6.224268341795411233e-04 4.237980086345396677e-03
5.510200000000000000e+04 1.643319801337046027e+00 8.030989236837726253e+00 1.904200383571595266e-03 2.635088673967485653e-02 5.258043306838589264e-04 3.575425609182477163e-03
5.510600000000000000e+04 -2.747511619246357228e-01 8.030989236837726253e+00 9.925097151839807567e-04 1.384699353022723553e-02 2.668395524086519138e-04 1.814809112742756881e-03
5.510900000000000000e+04 6.486364910942757689e+00 8.030989236837726253e+00 6.083541939038225469e-04 8.543035110411028449e-03 1.603886617199637324e-04 1.091761675451888552e-03
5.511100000000000000e+04 -1.212123415631397272e+01 8.030989236837726253e+00 4.392159339081165462e-04 6.189256832372811053e-03 1.143196079927424701e-04 7.780335427244262957e-04
5.511200000000000000e+04 -1.019997839713886378e+01 8.030989236837726253e+00 3.729466364016164942e-04 5.271188415105685504e-03 9.645587389153405797e-05 6.572554133548237122e-04
5.511400000000000000e+04 1.501325881393684547e+01 8.030989236837726253e+00 2.692619045078518871e-04 3.817913148877864933e-03 6.876820444588222371e-05 4.684556010893086439e-04
5.511500000000000000e+04 -2.283943492978426804e+01 8.030989236837726253e+00 2.286800287131696586e-04 3.248300882754749479e-03 5.804061642466235168e-05 3.954109412969871438e-04
5.511700000000000000e+04 -3.562340475437001608e+00 8.030989236837726253e+00 1.651339522438774791e-04 2.349265798770749317e-03 4.139733072045060849e-05 2.815177709731275248e-04
5.511800000000000000e+04 7.457644829835313738e-01 8.030989236837726253e+00 1.402482262782155011e-04 1.998589738475080833e-03 3.494412016400036890e-05 2.376444397711154283e-04
5.511900000000000000e+04 2.135522086368863981e+00 8.030989236837726253e+00 1.192383718074667176e-04 1.699117385095866208e-03 2.952906681710418518e-05 2.004858271499546790e-04
5.512000000000000000e+04 1.678362473488382856e+00 8.030989236837726253e+00 1.022251916704185686e-04 1.445626018278015155e-03 2.516312410348764490e-05 1.692770513206106697e-04
