5.497600000000000000e+04 -3.377856483430068391e+00 5.263679795677769668e+00 1.164140563987932975e+00 8.960306590053393761e-19 1.164140563987932975e+00 8.960306590053393761e-19
5.497900000000000000e+04 4.170231626140919801e+00 5.263679795677769668e+00 4.289077145657377521e+00 8.960306586340978904e-19 4.289077145657377521e+00 8.960306586340978904e-19
5.498300000000000000e+04 1.234987568998455920e+01 5.263679795677769668e+00 1.143383206421574805e+01 8.960306577610746169e-19 1.143383206421574805e+01 8.960306577610746169e-19
5.499200000000000000e+04 4.532766570756507463e+01 5.263679795677769668e+00 3.733751665722944324e+01 4.563436508517902723e+00 3.733751665722944324e+01 4.563436508517902723e+00
5.499500000000000000e+04 5.121959452837801052e+01 5.263679795677769668e+00 4.526446668391263017e+01 9.147065651372599859e+00 4.526446668391263017e+01 9.147065651372599859e+00
5.499600000000000000e+04 4.686814131293225216e+01 5.263679795677769668e+00 4.750204251648135312e+01 1.102479628531949452e+01 4.750204251648135312e+01 1.102479628531949452e+01
5.499800000000000000e+04 6.560894258858422745e+01 5.263679795677769668e+00 5.100837237938143431e+01 1.528761230289747708e+01 5.091672227927872996e+01 1.528761230289747708e+01
5.500200000000000000e+04 7.858559032701727176e+01 5.263679795677769668e+00 5.430211582583206820e+01 2.507244594133692317e+01 5.381775602163734362e+01 2.507244594133692317e+01
5.500700000000000000e+04 9.196430194559054883e+01 5.263679795677769668e+00 5.304413392725972898e+01 3.795335002512706524e+01 5.210622193247517231e+01 3.621157334713011267e+01
5.501100000000000000e+04 9.649327927364426216e+01 5.263679795677769668e+00 4.909749735910822466e+01 5.173404982807638675e+01 4.789065290588005297e+01 4.170419171952954684e+01
5.501600000000000000e+04 1.023210364307264797e+02 5.263679795677769668e+00 4.169492823624310773e+01 6.357866767731229629e+01 4.031611703369087962e+01 4.292955278684152631e+01
5.502200000000000000e+04 1.052815191940647424e+02 5.263679795677769668e+00 3.312380070479415650e+01 6.956488613224342998e+01 3.169741694238675578e+01 3.931107941469451816e+01
5.502800000000000000e+04 9.548026934632935081e+01 5.263679795677769668e+00 2.779569746981968592e+01 6.638290566299406237e+01 2.632666932167046880e+01 3.225289362695270512e+01
5.503000000000000000e+04 9.099903903031800212e+01 5.263679795677769668e+00 2.651386894769208524e+01 6.409486422566638453e+01 2.502725028100064719e+01 2.975067964429372225e+01
5.503300000000000000e+04 8.412972835787067538e+01 5.263679795677769668e+00 2.463802992343412157e+01 6.047058270412153291e+01 2.313864568316503068e+01 2.630642654723170537e+01
5.503800000000000000e+04 8.692903827440760267e+01 5.263679795677769668e+00 2.097247392844831637e+01 5.655442649522168352e+01 1.953108020902245556e+01 2.227253721456430569e+01
5.504200000000000000e+04 8.965268254345498633e+01 5.263679795677769668e+00 1.791089588649927933e+01 5.469154949406510724e+01 1.656882135661357935e+01 2.002180022480052202e+01
5.504400000000000000e+04 6.547889561498858768e+01 5.263679795677769668e+00 1.645397879080796955e+01 5.385019108167131918e+01 1.517055024046465839e+01 1.904313992562109448e+01
5.504600000000000000e+04 6.145100716386949102e+01 5.263679795677769668e+00 1.513146629816276878e+01 5.248927683060296800e+01 1.390504162668881349e+01 1.795118906655368463e+01
5.505000000000000000e+04 6.226740498765224174e+01 5.263679795677769668e+00 1.301801801141029102e+01 4.869332669071808084e+01 1.188425964160150627e+01 1.562486416721796978e+01
5.505600000000000000e+04 5.533975711901728545e+01 5.263679795677769668e+00 1.100760280594400520e+01 4.132457885502572736e+01 9.950825172612551839e+00 1.213644019237172778e+01
5.505900000000000000e+04 4.754337768312305457e+01 5.263679795677769668e+00 1.022188735637899981e+01 3.787188494329431165e+01 9.195652533626304859e+00 1.067024059484808518e+01
5.506300000000000000e+04 4.683894088482827556e+01 5.263679795677769668e+00 9.361545151956404354e+00 3.442860574484050318e+01 8.367487622413662507e+00 9.201327136018521813e+00
5.506500000000000000e+04 3.525413094598452091e+01 5.263679795677769668e+00 8.990608958657116290e+00 3.321819539370714125e+01 8.010164788539839265e+00 8.655305087080730431e+00
5.506700000000000000e+04 4.876003171435277750e+01 5.263679795677769668e+00 8.636595562630656531e+00 3.220469707883318478e+01 7.670155917078735897e+00 8.186039266625957822e+00
5.507000000000000000e+04 3.727964871385616874e+01 5.263679795677769668e+00 8.146595497933915908e+00 3.077784827167378623e+01 7.200455628366551508e+00 7.546549693917661727e+00
5.507400000000000000e+04 3.513665034978319568e+01 5.263679795677769668e+00 7.518982263973755131e+00 2.926099355708787186e+01 6.603708294373577203e+00 6.851408063381070335e+00
5.507900000000000000e+04 3.809644755214142720e+01 5.263679795677769668e+00 6.702508748277320016e+00 2.768189951097384949e+01 5.840457257125583723e+00 6.136124733662989605e+00
5.508300000000000000e+04 2.953919651990526418e+01 5.263679795677769668e+00 5.953166379159972266e+00 2.653650210861110992e+01 5.155149271873892936e+00 5.641623000746457173e+00
5.509100000000000000e+04 3.124018228167123823e+01 5.263679795677769668e+00 4.042050673150822782e+00 2.377533340230682413e+01 3.457107999615824934e+00 4.672365805700467334e+00
