5.497600000000000000e+04 -5.612401796231946349e+00 7.853274393104475060e+00 1.164140563987932975e+00 1.400047905447296692e-18 1.164140563987932975e+00 1.400047905447296692e-18
5.497900000000000000e+04 4.111762698087791712e+00 7.853274393104475060e+00 4.289077145657377521e+00 1.400047905330183781e-18 4.289077145657377521e+00 1.400047905330183781e-18
5.498300000000000000e+04 1.280054550965063775e+01 7.853274393104475060e+00 1.143383206421574805e+01 1.400047905054776955e-18 1.143383206421574805e+01 1.400047905054776955e-18
5.499200000000000000e+04 4.245008332195794765e+01 7.853274393104475060e+00 3.733751665722944324e+01 1.400047903178349573e-18 3.733751665722944324e+01 1.400047903178349573e-18
5.499500000000000000e+04 4.050306737260539336e+01 7.853274393104475060e+00 4.526446668391263017e+01 8.895087593276518713e-04 4.526446668391263017e+01 8.895087593276518713e-04
5.499600000000000000e+04 3.032854716522348326e+01 7.853274393104475060e+00 4.750204251648135312e+01 2.209803768185407968e-01 4.750204251648135312e+01 2.209803768185407968e-01
5.499800000000000000e+04 5.199858295904705585e+01 7.853274393104475060e+00 5.156845632445348571e+01 1.455175704984916107e+00 5.091672227927872996e+01 1.455175704984916107e+00
5.500200000000000000e+04 6.321533692719782493e+01 7.853274393104475060e+00 5.726209240702214487e+01 7.130369544559223449e+00 5.381775602163734362e+01 7.130369544559223449e+00
5.500700000000000000e+04 8.064957416771565590e+01 7.853274393104475060e+00 5.877581833983199289e+01 2.043128833678469647e+01 5.210622193247517231e+01 2.043128833678469647e+01
5.501100000000000000e+04 8.526900785849694842e+01 7.853274393104475060e+00 5.647265790661376172e+01 3.526893370285700513e+01 4.789065290588005297e+01 3.526893370285700513e+01
5.501600000000000000e+04 9.915941651551035818e+01 7.853274393104475060e+00 5.012099669628450727e+01 5.344356235841644320e+01 4.031611703369087962e+01 5.344356235841644320e+01
5.502200000000000000e+04 1.367146815481052613e+02 7.853274393104475060e+00 4.184059036395051123e+01 9.100565223166103124e+01 3.169741694238675578e+01 6.624374161570899844e+01
5.502800000000000000e+04 1.539815170526696306e+02 7.853274393104475060e+00 3.677309170850931963e+01 1.152663729512003243e+02 2.632666932167046880e+01 6.595695408056781162e+01
5.503000000000000000e+04 1.561330073719481106e+02 7.853274393104475060e+00 3.559876079969532725e+01 1.199519203079431975e+02 2.502725028100064719e+01 6.407003541712595052e+01
5.503300000000000000e+04 1.556050177979259672e+02 7.853274393104475060e+00 3.380093361396748008e+01 1.232645542481220247e+02 2.313864568316503068e+01 5.986331613235006444e+01
5.503800000000000000e+04 1.632754718953654276e+02 7.853274393104475060e+00 2.978099110271744365e+01 1.194667338000844978e+02 1.953108020902245556e+01 5.039514629211360131e+01
5.504200000000000000e+04 1.635805300913000906e+02 7.853274393104475060e+00 2.611246245802299981e+01 1.120295538738272398e+02 1.656882135661357935e+01 4.276263603092878185e+01
5.504400000000000000e+04 1.258359574400706578e+02 7.853274393104475060e+00 2.429715326512819829e+01 1.087379888208577512e+02 1.517055024046465839e+01 3.962177117798344028e+01
5.504600000000000000e+04 1.195157552359761866e+02 7.853274393104475060e+00 2.262628373494803569e+01 1.060945583121829401e+02 1.390504162668881349e+01 3.697962994499231826e+01
5.505000000000000000e+04 1.233909443244070445e+02 7.853274393104475060e+00 1.994654138246396968e+01 1.026147753485410590e+02 1.188425964160150627e+01 3.290833665208808867e+01
5.505600000000000000e+04 1.198990886415399046e+02 7.853274393104475060e+00 1.746568834296954975e+01 9.794617534438353346e+01 9.950825172612551839e+00 2.804873291649012756e+01
5.505900000000000000e+04 1.089304360209670932e+02 7.853274393104475060e+00 1.649332238431214392e+01 9.325828819818620730e+01 9.195652533626304859e+00 2.534950343803479100e+01
5.506300000000000000e+04 1.049371464626894692e+02 7.853274393104475060e+00 1.543634116582872373e+01 8.495208932773577715e+01 8.367487622413662507e+00 2.162676340412305720e+01
5.506500000000000000e+04 8.491976675538930408e+01 7.853274393104475060e+00 1.498221222048491263e+01 8.031374774855217424e+01 8.010164788539839265e+00 1.981734343735094583e+01
5.506700000000000000e+04 1.021803163523389060e+02 7.853274393104475060e+00 1.454261561878128362e+01 7.582314642919818937e+01 7.670155917078735897e+00 1.815123319589164907e+01
5.507000000000000000e+04 8.133369533385288719e+01 7.853274393104475060e+00 1.392856136751225726e+01 6.985912573533940417e+01 7.200455628366551508e+00 1.600731536944672584e+01
5.507400000000000000e+04 7.494242311902424092e+01 7.853274393104475060e+00 1.311232318930817797e+01 6.428189911661274891e+01 6.603708294373577203e+00 1.393373631521496847e+01
5.507900000000000000e+04 7.713243818962952503e+01 7.853274393104475060e+00 1.197060119420459401e+01 5.962357018273044673e+01 5.840457257125583723e+00 1.210655448490942732e+01
5.508300000000000000e+04 6.313244205143271870e+01 7.853274393104475060e+00 1.082993759035267622e+01 5.670453248182700179e+01 5.155149271873892936e+00 1.095930354686360708e+01
5.509100000000000000e+04 6.486466669793158246e+01 7.853274393104475060e+00 7.616700344753585483e+00 5.214123977613705563e+01 3.457107999615824934e+00 9.191932970672024084e+00
