5.497400000000000000e+04 2.952153792754615313e+00 5.754089364201734114e+00 2.872527343123094101e-01 8.716023034220134351e-19 2.872527343123094101e-01 8.716023034220134351e-19
5.497600000000000000e+04 -3.660831359547198183e+00 5.754089364201734114e+00 1.958814406946931541e+00 8.716022210972289233e-19 1.958814406946931541e+00 8.716022210972289233e-19
5.498000000000000000e+04 1.031770000230778450e+01 5.754089364201734114e+00 9.740658635389692677e+00 8.716019515982127606e-19 9.740658635389692677e+00 8.716019515982127606e-19
5.498100000000000000e+04 8.435542384543389005e+00 5.754089364201734114e+00 1.261836908227294352e+01 8.716018526766135158e-19 1.261836908227294352e+01 8.716018526766135158e-19
5.498500000000000000e+04 2.943537199621162159e+01 5.754089364201734114e+00 2.761301931683333422e+01 8.716012528962566048e-19 2.761301931683333422e+01 8.716012528962566048e-19
5.498700000000000000e+04 3.332179561989330097e+01 5.754089364201734114e+00 3.698113532148148863e+01 8.716007743899730289e-19 3.698113532148148863e+01 8.716007743899730289e-19
5.498800000000000000e+04 4.645230111505937742e+01 5.754089364201734114e+00 4.209516568424355398e+01 -1.241908946591701104e-02 4.209516568424355398e+01 -1.241908946591701104e-02
5.498900000000000000e+04 4.976128066877595302e+01 5.754089364201734114e+00 4.711547825657126509e+01 2.298021874498475392e-01 4.711547825657126509e+01 2.298021874498475392e-01
5.499300000000000000e+04 7.050812015222166451e+01 5.754089364201734114e+00 6.549985504210982867e+01 4.087902819091672413e+00 6.549985504210982867e+01 4.087902819091672413e+00
5.499500000000000000e+04 7.272003105073774520e+01 5.754089364201734114e+00 6.925870503056015082e+01 7.792526908311754319e+00 6.925870503056015082e+01 7.792526908311754319e+00
5.499700000000000000e+04 9.326822599200887964e+01 5.754089364201734114e+00 7.366698359796477291e+01 1.269273137910385429e+01 6.841287481237441170e+01 1.269273137910385429e+01
5.499900000000000000e+04 9.492304154338397382e+01 5.754089364201734114e+00 7.503915283807144476e+01 1.874044088442200007e+01 6.504780932565140006e+01 1.874044088442200007e+01
5.500000000000000000e+04 1.068909747299250199e+02 5.754089364201734114e+00 7.534391452384639365e+01 2.209041545346666879e+01 6.320798198309262261e+01 2.209041545346666879e+01
5.500200000000000000e+04 1.019977849646827650e+02 5.754089364201734114e+00 7.503841145929503398e+01 2.958490825718519801e+01 5.914124484496770862e+01 2.958490825718519801e+01
5.500300000000000000e+04 9.910886327145902897e+01 5.754089364201734114e+00 7.357542563849486328e+01 3.367613254739485029e+01 5.628475033544589223e+01 3.367613254739485029e+01
5.500500000000000000e+04 1.134514073896629043e+02 5.754089364201734114e+00 6.920871173299124735e+01 4.153383942830611630e+01 5.000629460476246635e+01 4.153383942830611630e+01
5.500700000000000000e+04 1.185368002717750215e+02 5.754089364201734114e+00 6.508366450672302506e+01 4.911345556622313779e+01 4.455343955827151348e+01 4.911345556622313779e+01
5.500900000000000000e+04 1.136655260563729399e+02 5.754089364201734114e+00 6.054726537011438836e+01 5.453452191392029391e+01 3.937777404403901471e+01 5.453452191392029391e+01
5.501000000000000000e+04 1.148561810220717661e+02 5.754089364201734114e+00 5.809821191864504186e+01 5.663145792938843925e+01 3.686434766411487374e+01 5.540696402444812918e+01
5.501300000000000000e+04 1.078474081562402489e+02 5.754089364201734114e+00 5.070187147411923689e+01 5.825798437069828140e+01 2.997981993502793685e+01 5.352626274411823459e+01
5.501600000000000000e+04 9.394677995159622697e+01 5.754089364201734114e+00 4.117025860653058089e+01 5.670028664861848000e+01 2.279133005233092391e+01 4.910391153426733268e+01
5.501700000000000000e+04 9.045811164692251793e+01 5.754089364201734114e+00 3.823130245807331562e+01 5.567793354684641827e+01 2.072381963252022885e+01 4.731299587597417400e+01
5.501800000000000000e+04 8.965513766976877719e+01 5.754089364201734114e+00 3.550043568386348625e+01 5.398382974173287607e+01 1.885112345149930135e+01 4.502780026835672089e+01
5.501900000000000000e+04 7.832752571962134880e+01 5.754089364201734114e+00 3.283913366841044734e+01 5.181207164174887936e+01 1.708947422377729097e+01 4.243412910872144295e+01
5.502000000000000000e+04 7.676367834547306757e+01 5.754089364201734114e+00 3.027519817053115148e+01 4.973025985854420128e+01 1.544652967884242400e+01 4.000503568380997876e+01
5.502200000000000000e+04 6.245893794686882927e+01 5.754089364201734114e+00 2.560057251363238251e+01 4.588291419469034338e+01 1.256901635586821442e+01 3.564275164661721362e+01
5.502300000000000000e+04 6.504489266732980468e+01 5.754089364201734114e+00 2.347611717013496602e+01 4.393682992620174588e+01 1.131270102647213349e+01 3.355493350099414585e+01
5.502400000000000000e+04 6.190418362975228206e+01 5.754089364201734114e+00 2.151843916866063111e+01 4.194520491171036980e+01 1.018094207449878574e+01 3.150221923523121603e+01
5.502500000000000000e+04 5.696394470071318494e+01 5.754089364201734114e+00 1.973994763762299343e+01 3.991966479851672744e+01 9.172838121572022274e+00 2.949147813129190610e+01
5.502800000000000000e+04 4.266979408272648300e+01 5.754089364201734114e+00 1.522735626632169925e+01 3.405467706059694422e+01 6.716370971383953226e+00 2.398385594802235588e+01
5.502900000000000000e+04 4.355998575042824683e+01 5.754089364201734114e+00 1.399855035477801835e+01 3.182484658075906125e+01 6.071543353043900915e+00 2.206993521550558768e+01
5.503100000000000000e+04 3.966877743136240042e+01 5.754089364201734114e+00 1.192732879675493862e+01 2.709797977901937216e+01 5.006434182654020404e+00 1.823306404186474339e+01
5.503300000000000000e+04 2.577358291825152747e+01 5.754089364201734114e+00 1.030958087872377327e+01 2.307980746413963047e+01 4.192249869357422831e+00 1.508089876119944250e+01
5.503400000000000000e+04 3.940618603275362375e+01 5.754089364201734114e+00 9.677619936660905253e+00 2.122512698593140001e+01 3.874767751706000407e+00 1.367157937902183562e+01
5.503500000000000000e+04 2.842550203524181640e+01 5.754089364201734114e+00 9.123857744727663643e+00 1.945768450584422737e+01 3.597735703756966164e+00 1.235722374307394134e+01
5.503700000000000000e+04 2.766929055531839765e+01 5.754089364201734114e+00 8.218156663580234778e+00 1.627737894150357789e+01 3.145344712025503142e+00 1.005521308469457331e+01
5.503800000000000000e+04 2.964462879481141755e+01 5.754089364201734114e+00 7.855753477455198919e+00 1.485040889147050081e+01 2.963093496324381348e+00 9.050160821177707149e+00
5.503900000000000000e+04 2.801560030079217611e+01 5.754089364201734114e+00 7.536681525600863907e+00 1.354472533591318495e+01 2.802157021713587159e+00 8.144753659599029305e+00
5.504000000000000000e+04 2.108944172206683731e+01 5.754089364201734114e+00 7.238705024137408905e+00 1.236571961492881400e+01 2.653484246384680389e+00 7.338270497257618707e+00
5.504100000000000000e+04 1.725184508783532422e+01 5.754089364201734114e+00 6.953354771040149096e+00 1.127850021381398093e+01 2.513503025968822246e+00 6.606431709122529305e+00
5.504300000000000000e+04 2.011968253520046801e+01 5.754089364201734114e+00 6.416403619708617612e+00 9.410441695425486586e+00 2.256754227528354306e+00 5.373096777107163824e+00
5.504400000000000000e+04 1.536778126722377458e+01 5.754089364201734114e+00 6.137725213666590740e+00 8.614305709298688996e+00 2.129971270706062736e+00 4.857234682435121798e+00
5.504500000000000000e+04 1.035694824531622871e+01 5.754089364201734114e+00 5.848756466000962995e+00 7.907598311119879320e+00 2.002998789726357476e+00 4.403875201113765847e+00
5.504600000000000000e+04 8.146628727587684082e+00 5.754089364201734114e+00 5.569094218422895537e+00 7.280156331048170948e+00 1.882468299899572761e+00 4.005147346123217211e+00
5.504700000000000000e+04 7.147559565733502929e+00 5.754089364201734114e+00 5.298476506127295593e+00 6.719837635597738945e+00 1.768044749775525615e+00 3.652482680507522339e+00
5.504900000000000000e+04 -1.014495550896615583e+00 5.754089364201734114e+00 4.767312918623687779e+00 5.840049955371285684e+00 1.551051834533994978e+00 3.099814201364801125e+00
5.505000000000000000e+04 4.191340185289431197e+00 5.754089364201734114e+00 4.477157509537701863e+00 5.486115219944922572e+00 1.438675292267899364e+00 2.878188563005573020e+00
5.505100000000000000e+04 1.047343481348384664e+01 5.754089364201734114e+00 4.174614549807413866e+00 5.176160352615601035e+00 1.325106192803267691e+00 2.684452003223524841e+00
5.505300000000000000e+04 1.462938424010495453e+00 5.754089364201734114e+00 3.578223648834227166e+00 4.675524489720167765e+00 1.108770342350714921e+00 2.370474797059505256e+00
5.505400000000000000e+04 1.696855345990825548e+00 5.754089364201734114e+00 3.284894778193594433e+00 4.471121743846200758e+00 1.005908494057323077e+00 2.241725617370870172e+00
5.505500000000000000e+04 1.670478225636768954e+01 5.754089364201734114e+00 3.005980614308707111e+00 4.280813065007478713e+00 9.098004280595362037e-01 2.122787397107745111e+00
5.505700000000000000e+04 6.064032785337859721e+00 5.754089364201734114e+00 2.491273918093542150e+00 3.926742057228109761e+00 7.368888778080757707e-01 1.905445485844385223e+00
5.505800000000000000e+04 6.009028965185361670e+00 5.754089364201734114e+00 2.247814845057084732e+00 3.760474704415047942e+00 6.574095826676078502e-01 1.805403382022683800e+00
5.505900000000000000e+04 -4.605808991273691255e+00 5.754089364201734114e+00 2.015798291350851201e+00 3.586871619869009820e+00 5.830050588127172473e-01 1.703977016564850455e+00
5.506100000000000000e+04 9.598569165064205322e+00 5.754089364201734114e+00 1.592256951090792683e+00 3.236640696115330229e+00 4.505027589097987395e-01 1.505974639919658298e+00
5.506300000000000000e+04 3.240367829829593482e+00 5.754089364201734114e+00 1.233399217626569788e+00 2.910981989027722872e+00 3.415482990769190819e-01 1.327155096666236656e+00
5.506400000000000000e+04 8.511240563171490692e+00 5.754089364201734114e+00 1.082219366767661395e+00 2.749084271528053236e+00 2.965309531914898100e-01 1.240841467627196382e+00
5.506700000000000000e+04 1.000823575546740507e+01 5.754089364201734114e+00 7.152851723534366934e-01 2.217271516822332256e+00 1.899928740845295005e-01 9.717203597258007308e-01
5.506800000000000000e+04 -6.918143990715315716e+00 5.754089364201734114e+00 6.199253597529851278e-01 2.043596793393450017e+00 1.630009885761951050e-01 8.870162738805721370e-01
5.506900000000000000e+04 4.927404393107373437e+00 5.754089364201734114e+00 5.359743370270053653e-01 1.871794525741867110e+00 1.395185175518027509e-01 8.047267952458585505e-01
5.507000000000000000e+04 -9.187210900532555513e+00 5.754089364201734114e+00 4.623232379235135969e-01 1.709041908101277540e+00 1.191554736916271978e-01 7.278403424476290740e-01
5.507200000000000000e+04 6.196908305360043556e+00 5.754089364201734114e+00 3.426467334337660597e-01 1.410287409904207978e+00 8.659693020465177027e-02 5.895111022464607498e-01
5.507400000000000000e+04 8.179595638887956710e+00 5.754089364201734114e+00 2.525016314357532710e-01 1.136393460637748820e+00 6.259957145868536021e-02 4.664040470501739089e-01
5.507600000000000000e+04 -1.850980016547845608e+00 5.754089364201734114e+00 1.832687211569734853e-01 8.940497552220303401e-01 4.458659039435906163e-02 3.604022071278390471e-01
5.507800000000000000e+04 7.019508347855936137e+00 5.754089364201734114e+00 1.325566973582035235e-01 6.899002402714504711e-01 3.165759871947924908e-02 2.732386392615352988e-01
5.508000000000000000e+04 2.787737704511977554e+00 5.754089364201734114e+00 9.563841657303531751e-02 5.273397299822467632e-01 2.242927217941729015e-02 2.052624382010224402e-01
5.508200000000000000e+04 6.019389333016546217e+00 5.754089364201734114e+00 6.880814098494507369e-02 3.972067022760809030e-01 1.585148843184322476e-02 1.519942992676236448e-01
5.508300000000000000e+04 -1.205021964424512504e+01 5.754089364201734114e+00 5.834956818044373383e-02 3.436582442349637723e-01 1.332425287277213925e-02 1.304007908609561006e-01
5.508400000000000000e+04 -6.113945649579840769e+00 5.754089364201734114e+00 4.942284863667299744e-02 2.966163683151326613e-01 1.118771474028273233e-02 1.116148140414422174e-01
5.508600000000000000e+04 1.501767549637520105e+01 5.754089364201734114e+00 3.555180803643658016e-02 2.197651031179380932e-01 7.910245647124551638e-03 8.134326650551063076e-02
5.508900000000000000e+04 7.278116880914809350e+00 5.754089364201734114e+00 2.193408539801638274e-02 1.386204910381129141e-01 4.758348966942117439e-03 5.007965716694829511e-02
5.509000000000000000e+04 -7.451275067072671732e+00 5.754089364201734114e+00 1.866543329386737005e-02 1.180649053212010635e-01 4.015798901434460173e-03 4.231565367592597660e-02
5.509200000000000000e+04 -4.137577538595730964e+00 5.754089364201734114e+00 1.351453673461229348e-02 8.525838366619555020e-02 2.860340487345981557e-03 3.008093132914495954e-02
5.509300000000000000e+04 7.496667955645745174e+00 5.754089364201734114e+00 1.150036224965290087e-02 7.234141198585643251e-02 2.414419350363810127e-03 2.532607897558340412e-02
5.509500000000000000e+04 -2.595687680982964096e+00 5.754089364201734114e+00 8.322769198097549476e-03 5.204667750689423444e-02 1.719580412830072277e-03 1.794341774353383490e-02
5.509600000000000000e+04 5.079096441594727729e+00 5.754089364201734114e+00 7.082691820483410713e-03 4.408096879464138557e-02 1.451847290194205504e-03 1.508227624957792119e-02
5.509700000000000000e+04 4.110661080340488382e+00 5.754089364201734114e+00 6.026200080202289908e-03 3.734357050727354910e-02 1.225634575374692737e-03 1.268119074547458328e-02
5.509800000000000000e+04 2.155121626288557746e+00 5.754089364201734114e+00 5.124446770585453469e-03 3.162538067858213647e-02 1.034155386379047173e-03 1.065940229821771279e-02
5.510000000000000000e+04 -2.687899089224191851e+00 5.754089364201734114e+00 3.710467206363804362e-03 2.262696321714163447e-02 7.373742460977353481e-04 7.514517358155370884e-03
5.510100000000000000e+04 9.913303384467727852e+00 5.754089364201734114e+00 3.155953020023944278e-03 1.919468567748655249e-02 6.224268341795411233e-04 6.328196517699642178e-03
5.510200000000000000e+04 1.176182614547248484e+00 5.754089364201734114e+00 2.686229164597698366e-03 1.632552878037903110e-02 5.258043306838589264e-04 5.343347226255695630e-03
5.510600000000000000e+04 -1.975566887831904372e-01 5.754089364201734114e+00 1.404216460595289571e-03 8.526680318364175323e-03 2.668395524086519138e-04 2.712307255261054220e-03
5.510900000000000000e+04 4.646928157180331809e+00 5.754089364201734114e+00 8.625060672652767619e-04 5.234448953592551329e-03 1.603886617199637324e-04 1.630669455947835432e-03
5.511100000000000000e+04 -8.685037552246877013e+00 5.754089364201734114e+00 6.235448698356145254e-04 3.779681161399987138e-03 1.143196079927424701e-04 1.161477832155364534e-03
5.511200000000000000e+04 -7.308440886492745037e+00 5.754089364201734114e+00 5.298128241114183779e-04 3.212437247440085627e-03 9.645587389153405797e-05 9.805076602997543633e-04
5.511400000000000000e+04 1.075656076742784073e+01 5.754089364201734114e+00 3.830113914817855699e-04 2.320124571736317809e-03 6.876820444588222371e-05 6.987274722892087252e-04
5.511500000000000000e+04 -1.636432363309008053e+01 5.754089364201734114e+00 3.254917769095064185e-04 1.971797724005032535e-03 5.804061642466235168e-05 5.898993968781883653e-04
5.511700000000000000e+04 -2.552507755873084871e+00 5.754089364201734114e+00 2.353355456796176034e-04 1.424635285728074715e-03 4.139733072045060849e-05 4.206434645470872170e-04
5.511800000000000000e+04 5.342079118247463621e-01 5.754089364201734114e+00 1.999921885226068870e-04 1.210740015664874426e-03 3.494412016400036890e-05 3.551702941315011404e-04
5.511900000000000000e+04 1.529967110600909841e+00 5.754089364201734114e+00 1.701346713734274547e-04 1.028653547095947354e-03 2.952906681710418518e-05 2.998115846971575321e-04
5.512000000000000000e+04 1.202433583903241843e+00 5.754089364201734114e+00 1.459461198002283194e-04 8.738518536912811109e-04 2.516312410348764490e-05 2.530630024300718631e-04
