5.497400000000000000e+04 3.681657452308941814e+00 7.329243246665723355e+00 2.872527343123094101e-01 1.361878599096895607e-18 2.872527343123094101e-01 1.361878599096895607e-18
5.497600000000000000e+04 -5.199181963247556659e+00 7.329243246665723355e+00 1.958814406946931541e+00 1.361878470464420193e-18 1.958814406946931541e+00 1.361878470464420193e-18
5.498000000000000000e+04 1.047566226043643489e+01 7.329243246665723355e+00 9.740658635389692677e+00 1.361878049372206945e-18 9.740658635389692677e+00 1.361878049372206945e-18
5.498100000000000000e+04 7.290513988983047255e+00 7.329243246665723355e+00 1.261836908227294352e+01 1.361877894807208667e-18 1.261836908227294352e+01 1.361877894807208667e-18
5.498500000000000000e+04 2.993423214878410477e+01 7.329243246665723355e+00 2.761301931683333422e+01 1.361876957650400692e-18 2.761301931683333422e+01 1.361876957650400692e-18
5.498700000000000000e+04 3.232006923481640115e+01 7.329243246665723355e+00 3.698113532148148863e+01 1.361876209984332906e-18 3.698113532148148863e+01 1.361876209984332906e-18
5.498800000000000000e+04 4.764145960295359572e+01 7.329243246665723355e+00 4.209516568424355398e+01 -1.940482729049532867e-02 4.209516568424355398e+01 -1.940482729049532867e-02
5.498900000000000000e+04 5.055191267022950541e+01 7.329243246665723355e+00 4.711547825657126509e+01 3.590659178903867210e-01 4.711547825657126509e+01 3.590659178903867210e-01
5.499300000000000000e+04 7.305951017359475941e+01 7.329243246665723355e+00 6.549985504210982867e+01 6.387348154830737812e+00 6.549985504210982867e+01 6.387348154830737812e+00
5.499500000000000000e+04 7.591768233057212001e+01 7.329243246665723355e+00 6.925870503056015082e+01 1.217582329423711585e+01 6.925870503056015082e+01 1.217582329423711585e+01
5.499700000000000000e+04 1.022990585683241136e+02 7.329243246665723355e+00 7.366698359796477291e+01 1.983239277984976923e+01 6.841287481237441170e+01 1.983239277984976923e+01
5.499900000000000000e+04 1.057775528016100424e+02 7.329243246665723355e+00 7.503915283807144476e+01 2.928193888190937244e+01 6.504780932565140006e+01 2.928193888190937244e+01
5.500000000000000000e+04 1.219055437734081409e+02 7.329243246665723355e+00 7.534391452384639365e+01 3.451627414604166688e+01 6.320798198309262261e+01 3.451627414604166688e+01
5.500200000000000000e+04 1.179205685341244703e+02 7.329243246665723355e+00 7.503841145929503398e+01 4.622641915185185724e+01 5.914124484496770862e+01 4.622641915185185724e+01
5.500300000000000000e+04 1.158226648343521532e+02 7.329243246665723355e+00 7.357542563849486328e+01 5.261895710530443893e+01 5.628475033544589223e+01 5.261895710530443893e+01
5.500500000000000000e+04 1.375557282408967978e+02 7.329243246665723355e+00 6.920871173299124735e+01 6.489662410672829651e+01 5.000629460476246635e+01 6.489662410672829651e+01
5.500700000000000000e+04 1.473510853037886079e+02 7.329243246665723355e+00 6.508366450672302506e+01 7.673977432222363859e+01 4.455343955827151348e+01 7.673977432222363859e+01
5.500900000000000000e+04 1.439535000334890356e+02 7.329243246665723355e+00 6.054726537011438836e+01 8.521019049050045169e+01 3.937777404403901471e+01 8.521019049050045169e+01
5.501000000000000000e+04 1.467460079238485662e+02 7.329243246665723355e+00 5.809821191864504186e+01 8.848665301466941457e+01 3.686434766411487374e+01 8.657338128820018142e+01
5.501300000000000000e+04 1.403129972389538977e+02 7.329243246665723355e+00 5.070187147411923689e+01 9.102810057921605846e+01 2.997981993502793685e+01 8.363478553768472068e+01
5.501600000000000000e+04 1.247665795882736859e+02 7.329243246665723355e+00 4.117025860653058089e+01 8.859419788846638255e+01 2.279133005233092391e+01 7.672486177229268378e+01
5.501700000000000000e+04 1.208322208161265792e+02 7.329243246665723355e+00 3.823130245807331562e+01 8.699677116694751078e+01 2.072381963252022885e+01 7.392655605620964820e+01
5.501800000000000000e+04 1.200678173424485493e+02 7.329243246665723355e+00 3.550043568386348625e+01 8.434973397145760998e+01 1.885112345149930135e+01 7.035593791930737950e+01
5.501900000000000000e+04 1.057407395908838055e+02 7.329243246665723355e+00 3.283913366841044734e+01 8.095636194023261112e+01 1.708947422377729097e+01 6.630332673237724350e+01
5.502000000000000000e+04 1.038495281479832499e+02 7.329243246665723355e+00 3.027519817053115148e+01 7.770353102897530562e+01 1.544652967884242400e+01 6.250786825595308471e+01
5.502200000000000000e+04 8.579765099934770944e+01 7.329243246665723355e+00 2.560057251363238251e+01 7.169205342920363933e+01 1.256901635586821442e+01 5.569179944783939362e+01
5.502300000000000000e+04 8.911111615740719571e+01 7.329243246665723355e+00 2.347611717013496602e+01 6.865129675969021150e+01 1.131270102647213349e+01 5.242958359530334889e+01
5.502400000000000000e+04 8.507146670467867011e+01 7.329243246665723355e+00 2.151843916866063111e+01 6.553938267454745414e+01 1.018094207449878574e+01 4.922221755504877194e+01
5.502500000000000000e+04 7.868083026264694979e+01 7.329243246665723355e+00 1.973994763762299343e+01 6.237447624768237375e+01 9.172838121572022274e+00 4.608043458014359572e+01
5.502800000000000000e+04 6.001548170512593572e+01 7.329243246665723355e+00 1.522735626632169925e+01 5.321043290718272090e+01 6.716370971383953226e+00 3.747477491878492373e+01
5.502900000000000000e+04 6.084186418603347590e+01 7.329243246665723355e+00 1.399855035477801835e+01 4.972632278243602144e+01 6.071543353043900915e+00 3.448427377422747497e+01
5.503100000000000000e+04 5.508753751603481419e+01 7.329243246665723355e+00 1.192732879675493862e+01 4.234059340471776522e+01 5.006434182654020404e+00 2.848916256541365399e+01
5.503300000000000000e+04 3.667118504833647563e+01 7.329243246665723355e+00 1.030958087872377327e+01 3.606219916271816572e+01 4.192249869357422831e+00 2.356390431437412758e+01
5.503400000000000000e+04 5.367309492044148556e+01 7.329243246665723355e+00 9.677619936660905253e+00 3.316426091551780786e+01 3.874767751706000407e+00 2.136184277972161283e+01
5.503500000000000000e+04 3.932773432233676658e+01 7.329243246665723355e+00 9.123857744727663643e+00 3.040263204038160083e+01 3.597735703756966164e+00 1.930816209855303001e+01
5.503700000000000000e+04 3.769411613904853198e+01 7.329243246665723355e+00 8.218156663580234778e+00 2.543340459609932935e+01 3.145344712025503142e+00 1.571127044483526802e+01
5.503800000000000000e+04 3.989735511939145596e+01 7.329243246665723355e+00 7.855753477455198919e+00 2.320376389292265529e+01 2.963093496324381348e+00 1.414087628309016509e+01
5.503900000000000000e+04 3.753270991614033392e+01 7.329243246665723355e+00 7.536681525600863907e+00 2.116363333736434882e+01 2.802157021713587159e+00 1.272617759312348085e+01
5.504000000000000000e+04 2.845167518478648461e+01 7.329243246665723355e+00 7.238705024137408905e+00 1.932143689832627231e+01 2.653484246384680389e+00 1.146604765196502740e+01
5.504100000000000000e+04 2.332772853142053648e+01 7.329243246665723355e+00 6.953354771040149096e+00 1.762265658408434277e+01 2.513503025968822246e+00 1.032254954550394999e+01
5.504300000000000000e+04 2.658819922805630398e+01 7.329243246665723355e+00 6.416403619708617612e+00 1.470381514910232035e+01 2.256754227528354306e+00 8.395463714229940422e+00
5.504400000000000000e+04 2.038188688047313590e+01 7.329243246665723355e+00 6.137725213666590740e+00 1.345985267077920078e+01 2.129971270706062736e+00 7.589429191304875921e+00
5.504500000000000000e+04 1.387440134695210503e+01 7.329243246665723355e+00 5.848756466000962995e+00 1.235562236112481038e+01 2.002998789726357476e+00 6.881055001740258525e+00
5.504600000000000000e+04 1.095439688969809033e+01 7.329243246665723355e+00 5.569094218422895537e+00 1.137524426726276872e+01 1.882468299899572761e+00 6.258042728317525949e+00
5.504700000000000000e+04 9.594122940733878835e+00 7.329243246665723355e+00 5.298476506127295593e+00 1.049974630562146594e+01 1.768044749775525615e+00 5.707004188293002933e+00
5.504900000000000000e+04 -9.108944780646019979e-01 7.329243246665723355e+00 4.767312918623687779e+00 9.125078055267630717e+00 1.551051834533994978e+00 4.843459689632500620e+00
5.505000000000000000e+04 5.697241630599712003e+00 7.329243246665723355e+00 4.477157509537701863e+00 8.572055031163939631e+00 1.438675292267899364e+00 4.497169629696206705e+00
5.505100000000000000e+04 1.369234768370167288e+01 7.329243246665723355e+00 4.174614549807413866e+00 8.087750550961873230e+00 1.325106192803267691e+00 4.194456255036756787e+00
5.505300000000000000e+04 2.233969930488841626e+00 7.329243246665723355e+00 3.578223648834227166e+00 7.305507015187761688e+00 1.108770342350714921e+00 3.703866870405477130e+00
5.505400000000000000e+04 2.553195524752200463e+00 7.329243246665723355e+00 3.284894778193594433e+00 6.986127724759686686e+00 1.005908494057323077e+00 3.502696277141983838e+00
5.505500000000000000e+04 2.169086801693191191e+01 7.329243246665723355e+00 3.005980614308707111e+00 6.688770414074184600e+00 9.098004280595362037e-01 3.316855307980851375e+00
5.505700000000000000e+04 8.175924021771947992e+00 7.329243246665723355e+00 2.491273918093542150e+00 6.135534464418920031e+00 7.368888778080757707e-01 2.977258571631851591e+00
5.505800000000000000e+04 8.124498397861840360e+00 7.329243246665723355e+00 2.247814845057084732e+00 5.875741725648511604e+00 6.574095826676078502e-01 2.820942784410442883e+00
5.505900000000000000e+04 -5.382714985450345324e+00 7.329243246665723355e+00 2.015798291350851201e+00 5.604486906045327288e+00 5.830050588127172473e-01 2.662464088382578531e+00
5.506100000000000000e+04 1.272485385779182110e+01 7.329243246665723355e+00 1.592256951090792683e+00 5.057251087680201707e+00 4.505027589097987395e-01 2.353085374874466229e+00
5.506300000000000000e+04 4.630325948499049105e+00 7.329243246665723355e+00 1.233399217626569788e+00 4.548409357855818236e+00 3.415482990769190819e-01 2.073679838540994247e+00
5.506400000000000000e+04 1.133871036016073575e+01 7.329243246665723355e+00 1.082219366767661395e+00 4.295444174262582848e+00 2.965309531914898100e-01 1.938814793167494166e+00
5.506700000000000000e+04 1.319238359749672007e+01 7.329243246665723355e+00 7.152851723534366934e-01 3.464486745034894177e+00 1.899928740845295005e-01 1.518313062071563468e+00
5.506800000000000000e+04 -8.391555141067494006e+00 7.329243246665723355e+00 6.199253597529851278e-01 3.193119989677265291e+00 1.630009885761951050e-01 1.385962927938393818e+00
5.506900000000000000e+04 6.670026743994866614e+00 7.329243246665723355e+00 5.359743370270053653e-01 2.924678946471666929e+00 1.395185175518027509e-01 1.257385617571653791e+00
5.507000000000000000e+04 -1.133522958808606163e+01 7.329243246665723355e+00 4.623232379235135969e-01 2.670377981408246004e+00 1.191554736916271978e-01 1.137250535074420199e+00
5.507200000000000000e+04 8.206711212895200447e+00 7.329243246665723355e+00 3.426467334337660597e-01 2.203574077975325007e+00 8.659693020465177027e-02 9.211110972600947688e-01
5.507400000000000000e+04 1.067773809535275831e+01 7.329243246665723355e+00 2.525016314357532710e-01 1.775614782246482060e+00 6.259957145868536021e-02 7.287563235158966979e-01
5.507600000000000000e+04 -2.149684451053288203e+00 7.329243246665723355e+00 1.832687211569734853e-01 1.396952742534422365e+00 4.458659039435906163e-02 5.631284486372484244e-01
5.507800000000000000e+04 9.103989813837749523e+00 7.329243246665723355e+00 1.325566973582035235e-01 1.077969125424141028e+00 3.165759871947924908e-02 4.269353738461487691e-01
5.508000000000000000e+04 3.676958667203442666e+00 7.329243246665723355e+00 9.563841657303531751e-02 8.239683280972603940e-01 2.242927217941729015e-02 3.207225596890974639e-01
5.508200000000000000e+04 7.763027268155700433e+00 7.329243246665723355e+00 6.880814098494507369e-02 6.206354723063761680e-01 1.585148843184322476e-02 2.374910926056618965e-01
5.508300000000000000e+04 -1.526564837902450300e+01 7.329243246665723355e+00 5.834956818044373383e-02 5.369660066171307866e-01 1.332425287277213925e-02 2.037512357202438951e-01
5.508400000000000000e+04 -7.715488273732956870e+00 7.329243246665723355e+00 4.942284863667299744e-02 4.634630754923947937e-01 1.118771474028273233e-02 1.743981469397534456e-01
5.508600000000000000e+04 1.918241698663048567e+01 7.329243246665723355e+00 3.555180803643658016e-02 3.433829736217781647e-01 7.910245647124551638e-03 1.270988539148603380e-01
5.508900000000000000e+04 9.304488852996504633e+00 7.329243246665723355e+00 2.193408539801638274e-02 2.165945172470513935e-01 4.758348966942117439e-03 7.824946432335670721e-02
5.509000000000000000e+04 -9.462043006811676094e+00 7.329243246665723355e+00 1.866543329386737005e-02 1.844764145643766062e-01 4.015798901434460173e-03 6.611820886863432889e-02
5.509200000000000000e+04 -5.249299961785136581e+00 7.329243246665723355e+00 1.351453673461229348e-02 1.332162244784305394e-01 2.860340487345981557e-03 4.700145520178898584e-02
5.509300000000000000e+04 9.566584991129978732e+00 7.329243246665723355e+00 1.150036224965290087e-02 1.130334562279006472e-01 2.414419350363810127e-03 3.957199839934906482e-02
5.509500000000000000e+04 -3.293494101555624720e+00 7.329243246665723355e+00 8.322769198097549476e-03 8.132293360452225173e-02 1.719580412830072277e-03 2.803659022427161529e-02
5.509600000000000000e+04 6.480264048122771570e+00 7.329243246665723355e+00 7.082691820483410713e-03 6.887651374162716278e-02 1.451847290194205504e-03 2.356605663996549915e-02
5.509700000000000000e+04 5.245067985685969880e+00 7.329243246665723355e+00 6.026200080202289908e-03 5.834932891761490659e-02 1.225634575374692737e-03 1.981436053980403095e-02
5.509800000000000000e+04 2.752804844818918184e+00 7.329243246665723355e+00 5.124446770585453469e-03 4.941465731028456959e-02 1.034155386379047173e-03 1.665531609096517277e-02
5.510000000000000000e+04 -3.418180423707968707e+00 7.329243246665723355e+00 3.710467206363804362e-03 3.535463002678380234e-02 7.373742460977353481e-04 1.174143337211776446e-02
5.510100000000000000e+04 1.263170043969576284e+01 7.329243246665723355e+00 3.155953020023944278e-03 2.999169637107273328e-02 6.224268341795411233e-04 9.887807058905687813e-03
5.510200000000000000e+04 1.502135599280138401e+00 7.329243246665723355e+00 2.686229164597698366e-03 2.550863871934222482e-02 5.258043306838589264e-04 8.348980041024522958e-03
5.510600000000000000e+04 -2.495591450751857010e-01 7.329243246665723355e+00 1.404216460595289571e-03 1.332293799744402145e-02 2.668395524086519138e-04 4.237980086345396677e-03
5.510900000000000000e+04 5.920277428220781957e+00 7.329243246665723355e+00 8.625060672652767619e-04 8.178826489988360801e-03 1.603886617199637324e-04 2.547921024918492483e-03
5.511100000000000000e+04 -1.106160348862058207e+01 7.329243246665723355e+00 6.235448698356145254e-04 5.905751814687479687e-03 1.143196079927424701e-04 1.814809112742756881e-03
5.511200000000000000e+04 -9.308308339412750598e+00 7.329243246665723355e+00 5.298128241114183779e-04 5.019433199125132410e-03 9.645587389153405797e-05 1.532043219218365976e-03
5.511400000000000000e+04 1.370168188336240966e+01 7.329243246665723355e+00 3.830113914817855699e-04 3.625194643337995709e-03 6.876820444588222371e-05 1.091761675451888552e-03
5.511500000000000000e+04 -2.084349710238944553e+01 7.329243246665723355e+00 3.254917769095064185e-04 3.080933943757863201e-03 5.804061642466235168e-05 9.217178076221691852e-04
5.511700000000000000e+04 -3.250897348914446372e+00 7.329243246665723355e+00 2.353355456796176034e-04 2.225992633950116782e-03 4.139733072045060849e-05 6.572554133548237122e-04
5.511800000000000000e+04 6.807395808590641639e-01 7.329243246665723355e+00 1.999921885226068870e-04 1.891781274476365612e-03 3.494412016400036890e-05 5.549535845804704675e-04
5.511900000000000000e+04 1.949038595810240082e+00 7.329243246665723355e+00 1.701346713734274547e-04 1.607271167337417754e-03 2.952906681710418518e-05 4.684556010893086439e-04
5.512000000000000000e+04 1.531806286354850943e+00 7.329243246665723355e+00 1.459461198002283194e-04 1.365393521392626458e-03 2.516312410348764490e-05 3.954109412969871438e-04
