5.497500000000000000e+04 -4.102263687496545685e+00 1.242321935998376858e+01 9.676860811788584593e-01 2.279498899048011058e-18 9.676860811788584593e-01 2.279498899048011058e-18
5.497600000000000000e+04 -1.078499756845866209e+01 1.242321935998376858e+01 2.014654457448330049e+00 2.279498854538347167e-18 2.014654457448330049e+00 2.279498854538347167e-18
5.497900000000000000e+04 -5.617312658687153792e+00 1.242321935998376858e+01 7.421511495175619366e+00 2.279498669079372028e-18 7.421511495175619366e+00 2.279498669079372028e-18
5.498000000000000000e+04 1.673502350717213005e+01 1.242321935998376858e+01 1.010928248076253944e+01 2.279498584667664851e-18 1.010928248076253944e+01 2.279498584667664851e-18
5.498100000000000000e+04 3.808700000660127216e+01 1.242321935998376858e+01 1.326427468792255127e+01 2.279498485609617514e-18 1.326427468792255127e+01 2.279498485609617514e-18
5.498200000000000000e+04 1.353161154819500389e+01 1.242321935998376858e+01 1.681188057541250913e+01 2.279498369363932715e-18 1.681188057541250913e+01 2.279498369363932715e-18
5.498400000000000000e+04 2.654556829610093871e+01 1.242321935998376858e+01 2.504964300095078400e+01 2.279498072863251428e-18 2.504964300095078400e+01 2.279498072863251428e-18
5.498500000000000000e+04 3.542288854790329822e+01 1.242321935998376858e+01 2.982457128805857849e+01 2.279497885001649794e-18 2.982457128805857849e+01 2.279497885001649794e-18
5.498700000000000000e+04 3.484417396901784514e+01 1.242321935998376858e+01 4.097582893337165899e+01 2.279497405834730840e-18 4.097582893337165899e+01 2.279497405834730840e-18
5.499000000000000000e+04 4.717999479546183750e+01 1.242321935998376858e+01 6.053040193995693841e+01 2.279496327867838250e-18 6.053040193995693841e+01 2.279496327867838250e-18
5.499200000000000000e+04 9.029222765748752977e+01 1.242321935998376858e+01 7.440742163840896239e+01 2.279495261463979831e-18 7.440742163840896239e+01 2.279495261463979831e-18
5.499300000000000000e+04 9.007475453057266179e+01 1.242321935998376858e+01 8.115791156796579742e+01 7.387410742324164448e-03 8.115791156796579742e+01 7.387410742324164448e-03
5.499400000000000000e+04 8.944880582148007875e+01 1.242321935998376858e+01 8.659722275531558466e+01 3.875042658400934537e-01 8.659722275531558466e+01 3.875042658400934537e-01
5.499600000000000000e+04 8.776106010937006374e+01 1.242321935998376858e+01 9.298895886639343189e+01 2.518318071810412118e+00 9.298895886639343189e+01 2.518318071810412118e+00
5.499700000000000000e+04 9.454714396211299743e+01 1.242321935998376858e+01 1.007174840232974731e+02 4.302310410807026031e+00 9.534931745081652821e+01 4.302310410807026031e+00
5.499800000000000000e+04 1.151816819987158738e+02 1.242321935998376858e+01 1.082079103450156765e+02 6.537636875244362322e+00 9.725679520493949326e+01 6.537636875244362322e+00
5.500000000000000000e+04 1.313119092301352850e+02 1.242321935998376858e+01 1.218170292546442397e+02 1.263660310095317385e+01 9.942624000542298290e+01 1.263660310095317385e+01
5.500200000000000000e+04 1.588684882344835501e+02 1.242321935998376858e+01 1.329470305350309332e+02 2.101485071926563819e+01 9.937735874946248771e+01 2.101485071926563819e+01
5.500300000000000000e+04 1.648957038555628571e+02 1.242321935998376858e+01 1.370248230967384302e+02 2.589679503310846798e+01 9.828909195663038645e+01 2.589679503310846798e+01
5.500400000000000000e+04 1.733225627548954435e+02 1.242321935998376858e+01 1.400189892995651064e+02 3.131205375118847201e+01 9.653818898204983157e+01 3.131205375118847201e+01
5.500500000000000000e+04 1.840724046043294493e+02 1.242321935998376858e+01 1.421957083368124017e+02 3.728071411007321956e+01 9.437559456880096320e+01 3.728071411007321956e+01
5.500900000000000000e+04 2.068983689682348484e+02 1.242321935998376858e+01 1.429706504457306266e+02 6.746366186135364273e+01 8.255133116561614770e+01 6.746366186135364273e+01
5.501200000000000000e+04 2.267506342271884989e+02 1.242321935998376858e+01 1.357667735721228723e+02 9.300927704801119944e+01 7.142612246008147281e+01 9.300927704801119944e+01
5.501300000000000000e+04 2.131726063254755275e+02 1.242321935998376858e+01 1.324079406411986497e+02 1.014473894599572503e+02 6.765517379857884350e+01 1.014473894599572503e+02
5.501400000000000000e+04 2.438208174467761182e+02 1.242321935998376858e+01 1.280902633054828357e+02 1.082465284441444737e+02 6.361888512242121152e+01 1.082465284441444737e+02
5.501600000000000000e+04 2.425014640129353722e+02 1.242321935998376858e+01 1.178599088452674835e+02 1.227686729433559378e+02 5.543739832797152900e+01 1.162361985829917899e+02
5.501700000000000000e+04 2.408982370209973567e+02 1.242321935998376858e+01 1.137203392801227295e+02 1.292340811399004394e+02 5.211031447560955598e+01 1.191866468135206389e+02
5.501800000000000000e+04 2.299836829257699833e+02 1.242321935998376858e+01 1.101912322852155910e+02 1.352355737324683673e+02 4.922327896239417555e+01 1.215709940061743595e+02
5.501900000000000000e+04 2.369940369240289044e+02 1.242321935998376858e+01 1.068581916915459686e+02 1.405799246141102685e+02 4.656333247267679099e+01 1.232616612135995240e+02
5.502000000000000000e+04 2.518342883704613087e+02 1.242321935998376858e+01 1.032275071117537237e+02 1.452368800879216053e+02 4.390417961541074021e+01 1.242828000067787144e+02
5.502100000000000000e+04 2.636283707677687289e+02 1.242321935998376858e+01 9.912403252710180368e+01 1.491808602438320861e+02 4.117301454915962466e+01 1.246601990840077718e+02
5.502200000000000000e+04 2.578281547748864568e+02 1.242321935998376858e+01 9.483523463853184410e+01 1.521467362454270642e+02 3.849145005216814042e+01 1.242216984368281061e+02
5.502500000000000000e+04 2.330164858410918782e+02 1.242321935998376858e+01 8.258936107957680406e+01 1.544338635625216796e+02 3.137059333747742329e+01 1.179694932110012076e+02
5.502900000000000000e+04 2.097052258792184602e+02 1.242321935998376858e+01 6.762269535468655590e+01 1.466833965649041716e+02 2.366167303078713857e+01 1.031891639570201704e+02
5.503100000000000000e+04 2.147585273541041033e+02 1.242321935998376858e+01 6.086013041006714985e+01 1.387226105207671480e+02 2.048817721261307412e+01 9.387738412449559178e+01
5.503200000000000000e+04 1.770200248088934529e+02 1.242321935998376858e+01 5.772802842771708498e+01 1.344418190004883513e+02 1.907229695642826428e+01 8.928265307510184812e+01
5.503300000000000000e+04 1.887304350463767548e+02 1.242321935998376858e+01 5.524021432341789506e+01 1.297203388620501130e+02 1.791710107470335345e+01 8.456896724822354372e+01
5.503400000000000000e+04 1.695755668416042568e+02 1.242321935998376858e+01 5.310459495209928349e+01 1.242158732015274012e+02 1.691552365168480421e+01 7.952360640302650552e+01
5.503500000000000000e+04 1.555090544910270580e+02 1.242321935998376858e+01 5.103131934304351347e+01 1.179735374765507743e+02 1.596874529619285887e+01 7.419252718480018416e+01
5.503600000000000000e+04 1.708034861748401454e+02 1.242321935998376858e+01 4.918220338091001054e+01 1.121359974679043745e+02 1.512367877641758973e+01 6.929674790996440947e+01
5.503700000000000000e+04 1.355502261259037482e+02 1.242321935998376858e+01 4.746711253334140679e+01 1.072365134014950030e+02 1.434788638676704053e+01 6.513789309451193787e+01
5.503900000000000000e+04 1.647605069420077086e+02 1.242321935998376858e+01 4.386177472490541618e+01 9.909259191841529457e+01 1.282170619571031622e+01 5.820416559084598873e+01
5.504000000000000000e+04 1.151049775818215153e+02 1.242321935998376858e+01 4.210760137553040039e+01 9.497571655303728733e+01 1.210962883225882791e+01 5.488022451926343592e+01
5.504200000000000000e+04 1.294776993453658918e+02 1.242321935998376858e+01 3.882523868853088089e+01 8.597065369151752634e+01 1.081543224929825442e+01 4.811431256521017019e+01
5.504400000000000000e+04 1.179829866993703007e+02 1.242321935998376858e+01 3.570367595803113403e+01 7.735986793960950081e+01 9.643386980885679804e+00 4.197496903939745039e+01
5.504500000000000000e+04 8.764590383606136470e+01 1.242321935998376858e+01 3.413110679970237271e+01 7.337189649219251919e+01 9.080561577061848411e+00 3.921324167184678089e+01
5.504600000000000000e+04 1.032259510340329598e+02 1.242321935998376858e+01 3.250850858516157871e+01 6.952047967793667738e+01 8.521234229400151960e+00 3.660513883631880816e+01
5.504700000000000000e+04 1.215560759155502808e+02 1.242321935998376858e+01 3.081572720243602603e+01 6.578584395842709398e+01 7.960046289989414880e+00 3.413368129425988684e+01
5.504800000000000000e+04 1.002414929654445928e+02 1.242321935998376858e+01 2.909972381117184170e+01 6.216573263089124879e+01 7.409034476823465276e+00 3.179182399043226326e+01
5.505000000000000000e+04 6.865344735479970950e+01 1.242321935998376858e+01 2.540556463125815156e+01 5.537150250498808646e+01 6.288194800073795498e+00 2.752609987322931318e+01
5.505200000000000000e+04 7.670487309757706385e+01 1.242321935998376858e+01 2.146071697922408106e+01 4.929711955812796020e+01 5.167770414954748759e+00 2.384037119553533302e+01
5.505400000000000000e+04 7.008810826040516417e+01 1.242321935998376858e+01 1.773266531917983002e+01 4.491071529522316297e+01 4.157327640826142812e+00 2.114440456460600615e+01
5.505600000000000000e+04 8.103996441888622826e+01 1.242321935998376858e+01 1.451534822466905972e+01 4.121580558543204376e+01 3.315520380235053022e+00 1.890459847052198938e+01
5.505800000000000000e+04 4.020706288689271446e+01 1.242321935998376858e+01 1.180950317363293145e+01 3.798058839055724434e+01 2.629827455937498115e+00 1.698291378579737554e+01
5.506000000000000000e+04 5.570716814498382519e+01 1.242321935998376858e+01 9.482079038675969684e+00 3.470316882604574005e+01 2.059888564189253035e+00 1.513703604032353489e+01
5.506100000000000000e+04 4.018132402693453997e+01 1.242321935998376858e+01 8.461461567555799590e+00 3.320486611386090203e+01 1.815959130283463896e+00 1.430812518372081854e+01
5.506200000000000000e+04 3.272461079765374592e+01 1.242321935998376858e+01 7.530249544187156197e+00 3.175410908393967802e+01 1.596812745279095003e+00 1.351929031162281980e+01
5.506400000000000000e+04 4.498597010897481852e+01 1.242321935998376858e+01 5.899906667583375786e+00 2.899043211128757136e+01 1.221917543613490142e+00 1.205423372610709798e+01
5.506500000000000000e+04 2.081523044482797502e+01 1.242321935998376858e+01 5.192616570419675170e+00 2.761739296643647990e+01 1.063036946060080368e+00 1.135070197132731273e+01
5.506700000000000000e+04 4.324623095797887373e+01 1.242321935998376858e+01 3.993015087425249465e+00 2.476867903708831520e+01 7.990344961129509649e-01 9.950057862486769267e+00
5.506800000000000000e+04 4.634962070346904284e+01 1.242321935998376858e+01 3.486116736920612524e+00 2.331437923994424111e+01 6.898283870746817481e-01 9.261293096029330485e+00
5.506900000000000000e+04 1.411815246688421510e+01 1.242321935998376858e+01 3.030619326182967477e+00 2.182891438111474969e+01 5.930877954916861095e-01 8.575491801655763524e+00
5.507100000000000000e+04 2.399069847397294453e+01 1.242321935998376858e+01 2.269430188555907613e+00 1.858919367867913053e+01 4.345486239456022304e-01 7.145018133789109882e+00
5.507300000000000000e+04 3.213749123708287669e+01 1.242321935998376858e+01 1.685630494679967395e+00 1.544980928624988437e+01 3.159510589642119949e-01 5.812788022969217927e+00
5.507400000000000000e+04 2.684629497719562963e+01 1.242321935998376858e+01 1.449856070823029031e+00 1.395822755407377613e+01 2.689201451984696289e-01 5.196659551032679403e+00
5.507500000000000000e+04 6.822472518272152620e+00 1.242321935998376858e+01 1.242585496790556077e+00 1.258642625607829579e+01 2.280935985444418612e-01 4.637421707408826421e+00
5.507800000000000000e+04 1.769064682843338687e+01 1.242321935998376858e+01 7.756789375626312877e-01 9.199136440869368769e+00 1.381047141620609098e-01 3.287284319921872644e+00
5.508000000000000000e+04 -1.479025504341075958e+01 1.242321935998376858e+01 5.643124509315549098e-01 7.350197369168302686e+00 9.849760017656127020e-02 2.574860705236566183e+00
5.508100000000000000e+04 1.293694453102089170e+01 1.242321935998376858e+01 4.812805878463328191e-01 6.543581731085176934e+00 8.318738014801362046e-02 2.269948912854329759e+00
5.508200000000000000e+04 1.131122545793155609e+01 1.242321935998376858e+01 4.099367083052468108e-01 5.810003173697987577e+00 7.017301316464903682e-02 1.996015931598868809e+00
5.508400000000000000e+04 1.725927569131092554e+01 1.242321935998376858e+01 2.969128366737277536e-01 4.531786689876531327e+00 4.986444254227592049e-02 1.527396929516862567e+00
5.508500000000000000e+04 8.436518477184360876e+00 1.242321935998376858e+01 2.526154639548865433e-01 3.979877446430683197e+00 4.202762805578161287e-02 1.328796182575100682e+00
5.508800000000000000e+04 3.661764533478910622e-01 1.242321935998376858e+01 1.568669336761179534e-01 2.655321918947219029e+00 2.538464199561750803e-02 8.622854838433522406e-01
5.508900000000000000e+04 3.732963530583544021e+00 1.242321935998376858e+01 1.338010944307850836e-01 2.303775405613018190e+00 2.145658115601357940e-02 7.413597443646077201e-01
5.509000000000000000e+04 -6.515594523241302838e+00 1.242321935998376858e+01 1.141301762307426332e-01 1.991531554007924143e+00 1.813835800367798873e-02 6.351357169307066952e-01
5.509100000000000000e+04 1.251980103393747612e+01 1.242321935998376858e+01 9.737816523216560882e-02 1.718476851970876851e+00 1.533876746194622574e-02 5.431857799320026770e-01
5.509300000000000000e+04 1.005843525380446302e+01 1.242321935998376858e+01 7.076601919782882222e-02 1.271663518448582497e+00 1.095262713745783802e-02 3.949388237052650075e-01
5.509500000000000000e+04 1.746453411777820364e+01 1.242321935998376858e+01 5.147209957729510788e-02 9.340717977393075966e-01 7.830004347216196550e-03 2.851169981805523612e-01
5.509600000000000000e+04 2.103674930937808440e+00 1.242321935998376858e+01 4.386956887788717036e-02 7.971332833657648331e-01 6.616827885050855125e-03 2.412484968723941914e-01
5.509700000000000000e+04 -7.553013488334219261e+00 1.242321935998376858e+01 3.739503886430139978e-02 6.799944126428046909e-01 5.592785077591702451e-03 2.040615828835353474e-01
5.509800000000000000e+04 4.118429857808573402e+00 1.242321935998376858e+01 3.189839657044741400e-02 5.801088518377367498e-01 4.730874821351913062e-03 1.726308927025761164e-01
5.509900000000000000e+04 -3.325022077700766854e+00 1.242321935998376858e+01 2.718509534479339115e-02 4.941982799504840984e-01 3.998454947828823484e-03 1.458457370371799289e-01
5.510100000000000000e+04 -6.907414206468455831e+00 1.242321935998376858e+01 1.974694033089585687e-02 3.581944604948281707e-01 2.857113554350843541e-03 1.039842251850170152e-01
5.510400000000000000e+04 8.633141272679598188e+00 1.242321935998376858e+01 1.222710364858446176e-02 2.199645221646146509e-01 1.726894476100850886e-03 6.233055317784489541e-02
5.510700000000000000e+04 -4.013511260222356469e+01 1.242321935998376858e+01 7.521370973878796495e-03 1.355607511313942082e-01 1.037530654529236849e-03 3.751715914299787180e-02
5.510800000000000000e+04 -1.537806113856982959e+00 1.242321935998376858e+01 6.398173033286751882e-03 1.155445442035519937e-01 8.757902202812570909e-04 3.173080249452188417e-02
5.510900000000000000e+04 -1.165833860522833021e+01 1.242321935998376858e+01 5.438738439436972306e-03 9.841865568998979519e-02 7.387683124515371895e-04 2.682072644501697772e-02
5.511000000000000000e+04 -8.344380489058688122e-01 1.242321935998376858e+01 4.622271847984409966e-03 8.383549069299965628e-02 6.230988444615148105e-04 2.267294750459748418e-02
5.511100000000000000e+04 2.995402823291041017e+01 1.242321935998376858e+01 3.930534049939267416e-03 7.143455741621629329e-02 5.258591276927242816e-04 1.917345932743277914e-02
5.511400000000000000e+04 -2.531423307164409664e+01 1.242321935998376858e+01 2.415711267348778172e-03 4.408570623764091617e-02 3.160519228810185948e-04 1.157105150594250030e-02
