5.497600000000000000e+04 -5.776234627121267451e+00 8.043138796981850192e+00 1.164140563987932975e+00 8.960306594403884616e-19 1.164140563987932975e+00 8.960306594403884616e-19
5.497900000000000000e+04 4.107475861769401604e+00 8.043138796981850192e+00 4.289077145657377521e+00 8.960306593371694018e-19 4.289077145657377521e+00 8.960306593371694018e-19
5.498300000000000000e+04 1.283358780775453845e+01 8.043138796981850192e+00 1.143383206421574805e+01 8.960306590944363620e-19 1.143383206421574805e+01 8.960306590944363620e-19
5.499200000000000000e+04 4.257368710472329809e+01 8.043138796981850192e+00 3.733751665722944324e+01 8.960306574406249113e-19 3.733751665722944324e+01 8.960306574406249113e-19
5.499500000000000000e+04 4.083411244023610465e+01 8.043138796981850192e+00 4.526446668391263017e+01 4.470698795328594821e-01 4.526446668391263017e+01 4.470698795328594821e-01
5.499600000000000000e+04 3.061834232727619565e+01 8.043138796981850192e+00 4.750204251648135312e+01 9.313124511903465574e-01 4.750204251648135312e+01 9.313124511903465574e-01
5.499800000000000000e+04 5.557241514810573335e+01 8.043138796981850192e+00 5.419575919406428000e+01 2.426487086150368899e+00 5.091672227927872996e+01 2.426487086150368899e+00
5.500200000000000000e+04 7.738444660306672063e+01 8.043138796981850192e+00 7.114707346060455961e+01 7.442956887355959950e+00 5.381775602163734362e+01 7.442956887355959950e+00
5.500700000000000000e+04 1.047768191126745165e+02 8.043138796981850192e+00 8.566262885698918694e+01 1.763684900154167678e+01 5.210622193247517231e+01 1.763684900154167678e+01
5.501100000000000000e+04 1.119693517186308895e+02 8.043138796981850192e+00 9.106886556582149694e+01 2.752955409036710677e+01 4.789065290588005297e+01 2.752955409036710677e+01
5.501600000000000000e+04 1.283735337081054979e+02 8.043138796981850192e+00 8.964691783611505116e+01 4.323825918020199310e+01 4.031611703369087962e+01 3.800163401318508249e+01
5.502200000000000000e+04 1.534779048589336981e+02 8.043138796981850192e+00 8.273025821962943382e+01 6.678568251261110333e+01 3.169741694238675578e+01 4.305420481730988058e+01
5.502800000000000000e+04 1.614323109192511367e+02 8.043138796981850192e+00 7.888523195545340627e+01 8.055807461151081839e+01 2.632666932167046880e+01 4.100482266696061373e+01
5.503000000000000000e+04 1.614591807937807175e+02 8.043138796981850192e+00 7.821516257818322515e+01 8.264761336145376447e+01 2.502725028100064719e+01 3.931107941469451816e+01
5.503300000000000000e+04 1.582049494760875916e+02 8.043138796981850192e+00 7.678328183501483295e+01 8.291744670683652885e+01 2.313864568316503068e+01 3.590898908961783320e+01
5.503800000000000000e+04 1.644142362065925056e+02 8.043138796981850192e+00 7.110094439292535640e+01 7.894640350409781604e+01 1.953108020902245556e+01 2.975067964429372225e+01
5.504200000000000000e+04 1.649172516800275901e+02 8.043138796981850192e+00 6.458526564807974069e+01 7.427845896611142962e+01 1.656882135661357935e+01 2.535793355390940462e+01
5.504400000000000000e+04 1.263021122620152425e+02 8.043138796981850192e+00 6.108877170830308501e+01 7.258657602642652762e+01 1.517055024046465839e+01 2.366696316479508511e+01
5.504600000000000000e+04 1.197351849901164087e+02 8.043138796981850192e+00 5.778379098386803037e+01 7.137902726523569186e+01 1.390504162668881349e+01 2.227253721456430569e+01
5.505000000000000000e+04 1.229811732075718425e+02 8.043138796981850192e+00 5.244761465031577785e+01 6.968387350239574118e+01 1.188425964160150627e+01 2.002180022480052202e+01
5.505600000000000000e+04 1.178419567543160582e+02 8.043138796981850192e+00 4.775998049847120797e+01 6.548626607010437795e+01 9.950825172612551839e+00 1.681808671994051352e+01
5.505900000000000000e+04 1.067167820506837899e+02 8.043138796981850192e+00 4.591205396988942056e+01 6.164575573936519248e+01 9.195652533626304859e+00 1.503371680023538381e+01
5.506300000000000000e+04 1.040938578830570123e+02 8.043138796981850192e+00 4.393265701272069634e+01 5.550251303436255768e+01 8.367487622413662507e+00 1.268309979990460690e+01
5.506500000000000000e+04 8.489825053219564666e+01 8.043138796981850192e+00 4.308827843051349760e+01 5.243702497467860013e+01 8.010164788539839265e+00 1.161678924537065605e+01
5.506700000000000000e+04 1.039821654148370698e+02 8.043138796981850192e+00 4.224721879126968105e+01 4.963475817505484144e+01 7.670155917078735897e+00 1.067024059484808518e+01
5.507000000000000000e+04 8.472870665054351491e+01 8.043138796981850192e+00 4.105123762844338131e+01 4.619078963420541584e+01 7.200455628366551508e+00 9.507407713281207151e+00
5.507400000000000000e+04 8.004515925787984543e+01 8.043138796981850192e+00 3.935017698451327561e+01 4.320605729448801924e+01 6.603708294373577203e+00 8.415671463671214880e+00
5.507900000000000000e+04 8.265761238459774063e+01 8.043138796981850192e+00 3.668274394055436716e+01 4.030270592437737776e+01 5.840457257125583723e+00 7.356522026901044953e+00
5.508300000000000000e+04 6.771586292999903378e+01 8.043138796981850192e+00 3.370642799922026711e+01 3.851788842250437028e+01 5.155149271873892936e+00 6.693990097930931249e+00
5.509100000000000000e+04 6.518737165983471016e+01 8.043138796981850192e+00 2.438505698609018779e+01 3.557212550660663908e+01 3.457107999615824934e+00 5.641623000746457173e+00
