5.497600000000000000e+04 -7.520071912323619046e+00 1.006405624568146884e+01 1.164140563987932975e+00 1.400047904695842546e-18 1.164140563987932975e+00 1.400047904695842546e-18
5.497900000000000000e+04 4.061846759427766074e+00 1.006405624568146884e+01 4.289077145657377521e+00 1.400047904115777677e-18 4.289077145657377521e+00 1.400047904115777677e-18
5.498300000000000000e+04 1.318529015648144842e+01 1.006405624568146884e+01 1.143383206421574805e+01 1.400047902751678668e-18 1.143383206421574805e+01 1.400047902751678668e-18
5.499200000000000000e+04 5.101969579076748573e+01 1.006405624568146884e+01 3.733751665722944324e+01 7.130369544559223449e+00 3.733751665722944324e+01 7.130369544559223449e+00
5.499500000000000000e+04 5.345383202932104183e+01 1.006405624568146884e+01 4.526446668391263017e+01 1.429229008026968373e+01 4.526446668391263017e+01 1.429229008026968373e+01
5.499600000000000000e+04 4.243707755179158880e+01 1.006405624568146884e+01 4.750204251648135312e+01 1.722624419581170585e+01 4.750204251648135312e+01 1.722624419581170585e+01
5.499800000000000000e+04 7.699816717478458372e+01 1.006405624568146884e+01 5.442488444432102312e+01 2.388689422327730227e+01 5.091672227927872996e+01 2.388689422327730227e+01
5.500200000000000000e+04 1.100251712784319693e+02 1.006405624568146884e+01 7.235797297109141368e+01 3.917569678333893535e+01 5.381775602163734362e+01 3.917569678333893535e+01
5.500700000000000000e+04 1.495201717144617533e+02 1.006405624568146884e+01 8.800740884395055730e+01 5.966422514773233132e+01 5.210622193247517231e+01 5.658058335489079127e+01
5.501100000000000000e+04 1.687109529168673703e+02 1.006405624568146884e+01 9.408597669889195458e+01 8.291966244234582462e+01 4.789065290588005297e+01 6.516279956176489918e+01
5.501600000000000000e+04 1.910833314616824055e+02 1.006405624568146884e+01 9.309394584249561433e+01 1.036346235244845957e+02 4.031611703369087962e+01 6.707742622943986532e+01
5.502200000000000000e+04 2.062385713559777969e+02 1.006405624568146884e+01 8.629621762564794096e+01 1.149849072879814429e+02 3.169741694238675578e+01 6.142356158546017753e+01
5.502800000000000000e+04 1.958654902110166631e+02 1.006405624568146884e+01 8.255780232582642952e+01 1.108189266963578063e+02 2.632666932167046880e+01 5.039514629211360131e+01
5.503000000000000000e+04 1.899663551308980516e+02 1.006405624568146884e+01 8.193170924491184337e+01 1.072883884672342134e+02 2.502725028100064719e+01 4.648543694420893502e+01
5.503300000000000000e+04 1.802481548633635668e+02 1.006405624568146884e+01 8.053174243568757618e+01 1.015880206429424106e+02 2.313864568316503068e+01 4.110379148004953720e+01
5.503800000000000000e+04 1.881746417975003567e+02 1.006405624568146884e+01 7.470442869149000842e+01 9.549350330744444193e+01 1.953108020902245556e+01 3.480083939775672519e+01
5.504200000000000000e+04 1.932035772142500889e+02 1.006405624568146884e+01 6.794045197279397996e+01 9.266339416540489538e+01 1.656882135661357935e+01 3.128406285125081610e+01
5.504400000000000000e+04 1.464488266751359618e+02 1.006405624568146884e+01 6.429734308416136912e+01 9.137731673684746170e+01 1.517055024046465839e+01 2.975490613378295279e+01
5.504600000000000000e+04 1.382484048271295762e+02 1.006405624568146884e+01 6.084985266255291947e+01 8.919497067443862193e+01 1.390504162668881349e+01 2.804873291649012756e+01
5.505000000000000000e+04 1.393034505148059736e+02 1.006405624568146884e+01 5.528201057483773440e+01 8.295826318782287956e+01 1.188425964160150627e+01 2.441385026127807123e+01
5.505600000000000000e+04 1.267902265486581115e+02 1.006405624568146884e+01 5.040192458179983959e+01 7.063787455716355623e+01 9.950825172612551839e+00 1.896318780058082254e+01
5.505900000000000000e+04 1.122553446657458380e+02 1.006405624568146884e+01 4.847764102677115261e+01 6.483004773916684371e+01 9.195652533626304859e+00 1.667225092945013287e+01
5.506300000000000000e+04 1.112864825921765402e+02 1.006405624568146884e+01 4.641780083657756251e+01 5.903945294384384823e+01 8.367487622413662507e+00 1.437707365002894022e+01
5.506500000000000000e+04 8.925224510317175941e+01 1.006405624568146884e+01 4.553938885580668483e+01 5.701006030404502667e+01 8.010164788539839265e+00 1.352391419856364152e+01
5.506700000000000000e+04 1.151171204263269630e+02 1.006405624568146884e+01 4.466331790514948352e+01 5.531332313831867253e+01 7.670155917078735897e+00 1.279068635410305710e+01
5.507000000000000000e+04 9.319194998352141113e+01 1.006405624568146884e+01 4.341658730236179764e+01 5.292017972859758146e+01 7.200455628366551508e+00 1.179148389674634423e+01
5.507400000000000000e+04 8.887561459485090154e+01 1.006405624568146884e+01 4.163836190851372265e+01 5.037925991604892317e+01 6.603708294373577203e+00 1.070532509903292251e+01
5.507900000000000000e+04 9.366756065208420523e+01 1.006405624568146884e+01 3.883787266843370389e+01 4.773233904147061679e+01 5.840457257125583723e+00 9.587694896348420315e+00
5.508300000000000000e+04 7.586755840655678185e+01 1.006405624568146884e+01 3.570147076743546677e+01 4.580733425527962765e+01 5.155149271873892936e+00 8.815035938666337501e+00
5.509100000000000000e+04 7.351220849919197065e+01 1.006405624568146884e+01 2.584741366992767553e+01 4.112046937594980989e+01 3.457107999615824934e+00 7.300571571406979210e+00
