5.497400000000000000e+04 3.696674778159034780e+00 7.361668853867546325e+00 2.872527343123094101e-01 1.361878729124037428e-18 2.872527343123094101e-01 1.361878729124037428e-18
5.497600000000000000e+04 -5.230849950083386268e+00 7.361668853867546325e+00 1.958814406946931541e+00 1.361878649528380196e-18 1.958814406946931541e+00 1.361878649528380196e-18
5.498000000000000000e+04 1.047891402027515007e+01 7.361668853867546325e+00 9.740658635389692677e+00 1.361878388963412926e-18 9.740658635389692677e+00 1.361878388963412926e-18
5.498100000000000000e+04 7.266942805619493129e+00 7.361668853867546325e+00 1.261836908227294352e+01 1.361878293321106731e-18 1.261836908227294352e+01 1.361878293321106731e-18
5.498500000000000000e+04 2.994450152216789718e+01 7.361668853867546325e+00 2.761301931683333422e+01 1.361877713423546935e-18 2.761301931683333422e+01 1.361877713423546935e-18
5.498700000000000000e+04 3.229944802018599859e+01 7.361668853867546325e+00 3.698113532148148863e+01 1.361877250779591196e-18 3.698113532148148863e+01 1.361877250779591196e-18
5.498800000000000000e+04 4.768548786751690471e+01 7.361668853867546325e+00 4.209516568424355398e+01 1.361876957650400692e-18 4.209516568424355398e+01 1.361876957650400692e-18
5.498900000000000000e+04 5.020646146516835984e+01 7.361668853867546325e+00 4.711547825657126509e+01 1.361876613660269607e-18 4.711547825657126509e+01 1.361876613660269607e-18
5.499300000000000000e+04 6.785015845583224348e+01 7.361668853867546325e+00 6.549985504210982867e+01 1.172809985443463487e+00 6.549985504210982867e+01 1.172809985443463487e+00
5.499500000000000000e+04 6.790585811859403975e+01 7.361668853867546325e+00 6.925870503056015082e+01 4.188406388058739438e+00 6.925870503056015082e+01 4.188406388058739438e+00
5.499700000000000000e+04 9.245534925902659040e+01 7.361668853867546325e+00 7.457003354548812979e+01 9.046702486275524535e+00 6.841287481237441170e+01 9.046702486275524535e+00
5.499900000000000000e+04 9.399228102825411213e+01 7.361668853867546325e+00 7.675641500426864638e+01 1.577296135284117895e+01 6.504780932565140006e+01 1.577296135284117895e+01
5.500000000000000000e+04 1.093608161647517534e+02 7.361668853867546325e+00 7.742977792928846270e+01 1.983239277984976923e+01 6.320798198309262261e+01 1.983239277984976923e+01
5.500200000000000000e+04 1.036936182882945161e+02 7.361668853867546325e+00 7.777073697113253559e+01 2.928193888190937244e+01 5.914124484496770862e+01 2.928193888190937244e+01
5.500300000000000000e+04 1.006459307480149050e+02 7.361668853867546325e+00 7.654726045620641628e+01 3.451627414604166688e+01 5.628475033544589223e+01 3.451627414604166688e+01
5.500500000000000000e+04 1.222012037532020656e+02 7.361668853867546325e+00 7.250912717690557940e+01 4.622641915185185724e+01 5.000629460476246635e+01 4.622641915185185724e+01
5.500700000000000000e+04 1.330587463039454406e+02 7.361668853867546325e+00 6.861229691973812805e+01 5.889434782071408847e+01 4.455343955827151348e+01 5.889434782071408847e+01
5.500900000000000000e+04 1.332335010804266346e+02 7.361668853867546325e+00 6.418577169178358588e+01 7.085966617111323274e+01 3.937777404403901471e+01 7.085966617111323274e+01
5.501000000000000000e+04 1.386494125694978266e+02 7.361668853867546325e+00 6.174778233739241529e+01 7.673977432222363859e+01 3.686434766411487374e+01 7.673977432222363859e+01
5.501300000000000000e+04 1.444002384217274084e+02 7.361668853867546325e+00 5.426347408240056325e+01 9.156000805040052626e+01 2.997981993502793685e+01 8.657338128820018142e+01
5.501600000000000000e+04 1.422133888573629292e+02 7.361668853867546325e+00 4.432913695178363866e+01 1.029042401255672701e+02 2.279133005233092391e+01 8.363478553768472068e+01
5.501700000000000000e+04 1.415520734004851988e+02 7.361668853867546325e+00 4.124040106871525779e+01 1.047269730142987498e+02 2.072381963252022885e+01 8.130976165706424297e+01
5.501800000000000000e+04 1.448964725105956575e+02 7.361668853867546325e+00 3.836203622380108413e+01 1.063158256955617844e+02 1.885112345149930135e+01 7.900997747886577827e+01
5.501900000000000000e+04 1.351160410284163618e+02 7.361668853867546325e+00 3.554610638545676693e+01 1.076603260388811236e+02 1.708947422377729097e+01 7.672486177229268378e+01
5.502000000000000000e+04 1.366683194343261789e+02 7.361668853867546325e+00 3.282387556754014923e+01 1.079919130869110404e+02 1.544652967884242400e+01 7.392655605620964820e+01
5.502200000000000000e+04 1.207885838224487713e+02 7.361668853867546325e+00 2.784037122824809174e+01 1.044940429302265272e+02 1.256901635586821442e+01 6.630332673237724350e+01
5.502300000000000000e+04 1.246499156030096174e+02 7.361668853867546325e+00 2.556670431982701430e+01 1.021128535829249557e+02 1.131270102647213349e+01 6.250786825595308471e+01
5.502400000000000000e+04 1.213063715232445219e+02 7.361668853867546325e+00 2.346707148171969592e+01 9.983444309571176234e+01 1.018094207449878574e+01 5.903171895441801809e+01
5.502500000000000000e+04 1.155012041343185558e+02 7.361668853867546325e+00 2.155616958569424924e+01 9.739381887438153740e+01 9.172838121572022274e+00 5.569179944783939362e+01
5.502800000000000000e+04 9.677877600702696270e+01 7.361668853867546325e+00 1.669018186388912639e+01 8.854816308920392487e+01 6.716370971383953226e+00 4.608043458014359572e+01
5.502900000000000000e+04 9.770382292356347875e+01 7.361668853867546325e+00 1.536100468320107204e+01 8.523858203029836034e+01 6.071543353043900915e+00 4.306718978895430183e+01
5.503100000000000000e+04 9.242726755692129359e+01 7.361668853867546325e+00 1.311685755855353364e+01 7.848716858990314904e+01 5.006434182654020404e+00 3.747477491878492373e+01
5.503300000000000000e+04 7.097628094793121534e+01 7.361668853867546325e+00 1.136099714595861343e+01 6.935879559730229005e+01 4.192249869357422831e+00 3.138975180906150086e+01
5.503400000000000000e+04 8.614474741320398721e+01 7.361668853867546325e+00 1.067498515595003106e+01 6.459062936830582657e+01 3.874767751706000407e+00 2.848916256541365399e+01
5.503500000000000000e+04 7.009744503761407941e+01 7.361668853867546325e+00 1.007365997051950224e+01 6.022341985210378112e+01 3.597735703756966164e+00 2.590477454065029050e+01
5.503700000000000000e+04 6.527338231334296381e+01 7.361668853867546325e+00 9.090046217753702251e+00 5.212289638252073587e+01 3.145344712025503142e+00 2.136184277972161283e+01
5.503800000000000000e+04 6.579768266040446179e+01 7.361668853867546325e+00 8.696679411712059604e+00 4.822406565734605977e+01 2.963093496324381348e+00 1.930816209855303001e+01
5.503900000000000000e+04 6.175990629693790623e+01 7.361668853867546325e+00 8.350427924706488980e+00 4.453800755597858796e+01 2.802157021713587159e+00 1.743034109109994390e+01
5.504000000000000000e+04 5.097709893618795718e+01 7.361668853867546325e+00 8.026789845313659910e+00 4.105040741826559270e+01 2.653484246384680389e+00 1.571127044483526802e+01
5.504100000000000000e+04 4.422444491288244706e+01 7.361668853867546325e+00 7.716454289724283377e+00 3.776179602636397448e+01 2.513503025968822246e+00 1.414087628309016509e+01
5.504300000000000000e+04 4.456333727532060607e+01 7.361668853867546325e+00 7.131343358989600034e+00 3.193982233931377479e+01 2.256754227528354306e+00 1.146604765196502740e+01
5.504400000000000000e+04 3.696340968018022721e+01 7.361668853867546325e+00 6.826557922612931151e+00 2.934907286777682955e+01 2.129971270706062736e+00 1.032254954550394999e+01
5.504500000000000000e+04 2.913456416226045675e+01 7.361668853867546325e+00 6.509746066610660797e+00 2.697395200770047907e+01 2.002998789726357476e+00 9.298797575737893339e+00
5.504600000000000000e+04 2.502343095680416596e+01 7.361668853867546325e+00 6.202733048169092100e+00 2.483713985217786302e+01 1.882468299899572761e+00 8.395463714229940422e+00
5.504700000000000000e+04 2.256344022020225992e+01 7.361668853867546325e+00 5.905269464250255673e+00 2.288971844097550701e+01 1.768044749775525615e+00 7.589429191304875921e+00
5.504900000000000000e+04 1.004651390595756411e+01 7.361668853867546325e+00 5.320107792451603146e+00 1.959518339090783456e+01 1.551051834533994978e+00 6.258042728317525949e+00
5.505000000000000000e+04 1.581339452856314587e+01 7.361668853867546325e+00 4.999396640630950017e+00 1.819849495562872832e+01 1.438675292267899364e+00 5.707004188293002933e+00
5.505100000000000000e+04 2.311283279634969645e+01 7.361668853867546325e+00 4.664373798667502236e+00 1.701214996985241967e+01 1.325106192803267691e+00 5.240312336696778317e+00
5.505300000000000000e+04 1.043231786648478199e+01 7.361668853867546325e+00 4.002660935886081184e+00 1.511768542718676933e+01 1.108770342350714921e+00 4.497169629696206705e+00
5.505400000000000000e+04 1.026630863829191043e+01 7.361668853867546325e+00 3.676595545779516083e+00 1.434168482722167859e+01 1.005908494057323077e+00 4.194456255036756787e+00
5.505500000000000000e+04 2.908511920655124428e+01 7.361668853867546325e+00 3.366261583820283843e+00 1.366966811846283747e+01 9.098004280595362037e-01 3.931680890031879372e+00
5.505700000000000000e+04 1.492161473755765577e+01 7.361668853867546325e+00 2.792808846892607555e+00 1.258168502749400552e+01 7.368888778080757707e-01 3.502696277141983838e+00
5.505800000000000000e+04 1.462730687546978103e+01 7.361668853867546325e+00 2.521165749530275946e+00 1.210519513200691399e+01 6.574095826676078502e-01 3.316855307980851375e+00
5.505900000000000000e+04 8.491053585177343876e-01 7.361668853867546325e+00 2.262059628193343386e+00 1.164757302233951997e+01 5.830050588127172473e-01 3.141878782461027253e+00
5.506100000000000000e+04 1.867349165892240137e+01 7.361668853867546325e+00 1.788495952871900885e+00 1.078277169913047651e+01 4.505027589097987395e-01 2.820942784410442883e+00
5.506300000000000000e+04 1.008886918854120118e+01 7.361668853867546325e+00 1.386686094252291612e+00 9.858760043033131026e+00 3.415482990769190819e-01 2.503748487157946734e+00
5.506400000000000000e+04 1.660572558466173376e+01 7.361668853867546325e+00 1.217259562851066068e+00 9.401046689698468128e+00 2.965309531914898100e-01 2.353085374874466229e+00
5.506700000000000000e+04 1.793903459103541209e+01 7.361668853867546325e+00 8.055697861184052400e-01 8.080980057922113602e+00 1.899928740845295005e-01 1.938814793167494166e+00
5.506800000000000000e+04 -3.961053236864689353e+00 7.361668853867546325e+00 6.984592360489960683e-01 7.599082893759043777e+00 1.630009885761951050e-01 1.798344115334874260e+00
5.506900000000000000e+04 1.092230591919991056e+01 7.361668853867546325e+00 6.041151809993059452e-01 7.094618556268695642e+00 1.395185175518027509e-01 1.656382741004084558e+00
5.507000000000000000e+04 -7.419940439314485658e+00 7.361668853867546325e+00 5.213051974008690026e-01 6.590693339840242082e+00 1.191554736916271978e-01 1.518313062071563468e+00
5.507200000000000000e+04 1.167509881569288410e+01 7.361668853867546325e+00 3.866552933637701361e-01 5.602910311899288232e+00 8.659693020465177027e-02 1.257385617571653791e+00
5.507400000000000000e+04 1.366566540675202113e+01 7.361668853867546325e+00 2.851410479943118359e-01 4.692635529217341173e+00 6.259957145868536021e-02 1.026565350283807909e+00
5.507600000000000000e+04 3.118025023780135463e-01 7.361668853867546325e+00 2.071047123817978119e-01 3.851105335266846730e+00 4.458659039435906163e-02 8.217619783345098128e-01
5.507800000000000000e+04 1.116146338735593346e+01 7.361668853867546325e+00 1.498987299367342263e-01 3.083178866906239435e+00 3.165759871947924908e-02 6.421148923080304272e-01
5.508000000000000000e+04 5.293524755746977561e+00 7.361668853867546325e+00 1.082212382656883992e-01 2.415752680633499239e+00 2.242927217941729015e-02 4.913262041639884781e-01
5.508200000000000000e+04 9.047967949143311372e+00 7.361668853867546325e+00 7.791006564250946287e-02 1.865179695574471275e+00 1.585148843184322476e-02 3.706636914893623458e-01
5.508300000000000000e+04 -1.423269726428924997e+01 7.361668853867546325e+00 6.608829424894981097e-02 1.632349539793630289e+00 1.332425287277213925e-02 3.207225596890974639e-01
5.508400000000000000e+04 -6.786357335953274728e+00 7.361668853867546325e+00 5.599451227511507284e-02 1.422425839144079385e+00 1.118771474028273233e-02 2.763494403062012883e-01
5.508600000000000000e+04 1.999919467021104680e+01 7.361668853867546325e+00 4.030270157209958626e-02 1.072220502854211333e+00 7.910245647124551638e-03 2.037512357202438951e-01
5.508900000000000000e+04 9.821763194742047176e+00 7.361668853867546325e+00 2.488616509710727537e-02 6.908076907980490455e-01 4.758348966942117439e-03 1.270988539148603380e-01
5.509000000000000000e+04 -9.092187135450677360e+00 7.361668853867546325e+00 2.118333920506677501e-02 5.945745227851390036e-01 4.015798901434460173e-03 1.082461627558146955e-01
5.509200000000000000e+04 -4.965734802335727949e+00 7.361668853867546325e+00 1.534572671461119017e-02 4.388229959253843737e-01 2.860340487345981557e-03 7.824946432335670721e-02
5.509300000000000000e+04 9.871485473353503792e+00 7.361668853867546325e+00 1.306200868546821339e-02 3.745993241661346174e-01 2.414419350363810127e-03 6.611820886863432889e-02
5.509500000000000000e+04 -3.116943588138437082e+00 7.361668853867546325e+00 9.457692270565396658e-03 2.717060122305017811e-01 1.719580412830072277e-03 4.700145520178898584e-02
5.509600000000000000e+04 6.671726040316401374e+00 7.361668853867546325e+00 8.050493224126868685e-03 2.310371554547595574e-01 1.451847290194205504e-03 3.957199839934906482e-02
5.509700000000000000e+04 5.406875895507552876e+00 7.361668853867546325e+00 6.851297276344533310e-03 1.964120264669957094e-01 1.225634575374692737e-03 3.331275889874418111e-02
5.509800000000000000e+04 2.882949358601403222e+00 7.361668853867546325e+00 5.827465602245930631e-03 1.669186435592234785e-01 1.034155386379047173e-03 2.803659022427161529e-02
5.510000000000000000e+04 -3.348070004575308900e+00 7.361668853867546325e+00 4.221467558909533686e-03 1.202493912439627083e-01 7.373742460977353481e-04 1.981436053980403095e-02
5.510100000000000000e+04 1.275991909842314698e+01 7.361668853867546325e+00 3.591402833215952013e-03 1.020371284996890449e-01 6.224268341795411233e-04 1.665531609096517277e-02
5.510200000000000000e+04 1.570000240475733388e+00 7.361668853867546325e+00 3.057552182926639821e-03 8.648103494238552902e-02 5.258043306838589264e-04 1.398464342535341541e-02
5.510600000000000000e+04 -2.186383499458674218e-01 7.361668853867546325e+00 1.599703116689868117e-03 4.521748638385878621e-02 2.668395524086519138e-04 7.049371162362620333e-03
5.510900000000000000e+04 5.966287843891176834e+00 7.361668853867546325e+00 9.831824963433776193e-04 2.791642242477439598e-02 1.603886617199637324e-04 4.237980086345396677e-03
5.511100000000000000e+04 -1.109616069457464071e+01 7.361668853867546325e+00 7.110679617148581546e-04 2.022800531734800233e-02 1.143196079927424701e-04 3.018024187954762658e-03
5.511200000000000000e+04 -9.337235164572987856e+00 7.361668853867546325e+00 6.042960499304608508e-04 1.722394612844900530e-02 9.645587389153405797e-05 2.547921024918492483e-03
5.511400000000000000e+04 1.377118831769281471e+01 7.361668853867546325e+00 4.370219392535814890e-04 1.247717561192899886e-02 6.876820444588222371e-05 1.814809112742756881e-03
5.511500000000000000e+04 -2.092814036426473479e+01 7.361668853867546325e+00 3.714599451178390074e-04 1.062134923019708750e-02 5.804061642466235168e-05 1.532043219218365976e-03
5.511700000000000000e+04 -3.259788590374908868e+00 7.361668853867546325e+00 2.686686763757244276e-04 7.694736288584910072e-03 4.139733072045060849e-05 1.091761675451888552e-03
5.511800000000000000e+04 6.884279590177075914e-01 7.361668853867546325e+00 2.283598252717424100e-04 6.549358053840085084e-03 3.494412016400036890e-05 9.217178076221691852e-04
5.511900000000000000e+04 1.961643659612471113e+00 7.361668853867546325e+00 1.943012596565455818e-04 5.573209873243610210e-03 2.952906681710418518e-05 7.780335427244262957e-04
5.512000000000000000e+04 1.541977803261055158e+00 7.361668853867546325e+00 1.667056971856056445e-04 4.745909888752510367e-03 2.516312410348764490e-05 6.572554133548237122e-04
