5.497400000000000000e+04 3.136782899122543711e+00 6.152742955451665274e+00 2.872527343123094101e-01 8.716020358936565545e-19 2.872527343123094101e-01 8.716020358936565545e-19
5.497600000000000000e+04 -4.050170458154707553e+00 6.152742955451665274e+00 1.958814406946931541e+00 8.716018526766135158e-19 1.958814406946931541e+00 8.716018526766135158e-19
5.498000000000000000e+04 1.035767845913412799e+01 6.152742955451665274e+00 9.740658635389692677e+00 8.716012528962566048e-19 9.740658635389692677e+00 8.716012528962566048e-19
5.498100000000000000e+04 8.145748678001378806e+00 6.152742955451665274e+00 1.261836908227294352e+01 8.716010327425725717e-19 1.261836908227294352e+01 8.716010327425725717e-19
5.498500000000000000e+04 3.031222623628801571e+01 6.152742955451665274e+00 2.761301931683333422e+01 7.505983906838168407e-01 2.761301931683333422e+01 7.505983906838168407e-01
5.498700000000000000e+04 3.574885011604905571e+01 6.152742955451665274e+00 3.698113532148148863e+01 2.680580088357593205e+00 3.698113532148148863e+01 2.680580088357593205e+00
5.498800000000000000e+04 5.085535356730818535e+01 6.152742955451665274e+00 4.209516568424355398e+01 4.087902819091672413e+00 4.209516568424355398e+01 4.087902819091672413e+00
5.498900000000000000e+04 5.548875288447310794e+01 6.152742955451665274e+00 4.711547825657126509e+01 5.789889591216336839e+00 4.711547825657126509e+01 5.789889591216336839e+00
5.499300000000000000e+04 8.206478597394287533e+01 6.152742955451665274e+00 6.549985504210982867e+01 1.558080429699700353e+01 6.549985504210982867e+01 1.558080429699700353e+01
5.499500000000000000e+04 8.671784626035817212e+01 6.152742955451665274e+00 6.925870503056015082e+01 2.209041545346666879e+01 6.925870503056015082e+01 2.209041545346666879e+01
5.499700000000000000e+04 1.087371589359773054e+02 6.152742955451665274e+00 7.176510567818075970e+01 2.958490825718519801e+01 6.841287481237441170e+01 2.958490825718519801e+01
5.499900000000000000e+04 1.103375451735965527e+02 6.152742955451665274e+00 7.142249463956524380e+01 3.769238260525701634e+01 6.504780932565140006e+01 3.769238260525701634e+01
5.500000000000000000e+04 1.225966172003822976e+02 6.152742955451665274e+00 7.095095977602146320e+01 4.153383942830611630e+01 6.320798198309262261e+01 4.153383942830611630e+01
5.500200000000000000e+04 1.155899874119925244e+02 6.152742955451665274e+00 6.928396833587967762e+01 4.911345556622313779e+01 5.914124484496770862e+01 4.911345556622313779e+01
5.500300000000000000e+04 1.110096100692636156e+02 6.152742955451665274e+00 6.731656140119328313e+01 5.239988403368787573e+01 5.628475033544589223e+01 5.239988403368787573e+01
5.500500000000000000e+04 1.241627840964013529e+02 6.152742955451665274e+00 6.225783678292928158e+01 5.900841668603724344e+01 5.000629460476246635e+01 5.540696402444812918e+01
5.500700000000000000e+04 1.276952001051904801e+02 6.152742955451665274e+00 5.765215078840333973e+01 6.540270832062996931e+01 4.455343955827151348e+01 5.473029984989954499e+01
5.500900000000000000e+04 1.203206460905673509e+02 6.152742955451665274e+00 5.288435054114439993e+01 6.895067788519048690e+01 3.937777404403901471e+01 5.203824746052112715e+01
5.501000000000000000e+04 1.208345474900731631e+02 6.152742955451665274e+00 5.041199543067708788e+01 7.028727596519900089e+01 3.686434766411487374e+01 5.056638558647409809e+01
5.501300000000000000e+04 1.133804638998102803e+02 6.152742955451665274e+00 4.320092052637526336e+01 7.136906342534540215e+01 2.997981993502793685e+01 4.502780026835672089e+01
5.501600000000000000e+04 9.757079282325391034e+01 6.152742955451665274e+00 3.451746936425518442e+01 6.724893423287302596e+01 2.279133005233092391e+01 3.778030013082754124e+01
5.501700000000000000e+04 9.396461078325414462e+01 6.152742955451665274e+00 3.189395841444863677e+01 6.576087678800875835e+01 2.072381963252022885e+01 3.564275164661721362e+01
5.501800000000000000e+04 9.374636508184232753e+01 6.152742955451665274e+00 2.947373151641916067e+01 6.408992298689882716e+01 1.885112345149930135e+01 3.355493350099414585e+01
5.501900000000000000e+04 8.259317264665723712e+01 6.152742955451665274e+00 2.713808506735833959e+01 6.221688298958165575e+01 1.708947422377729097e+01 3.150221923523121603e+01
5.502000000000000000e+04 8.160376852321209640e+01 6.152742955451665274e+00 2.490752910713340995e+01 6.016261538783548701e+01 1.544652967884242400e+01 2.949147813129190610e+01
5.502200000000000000e+04 6.716370284257082801e+01 6.152742955451665274e+00 2.088342067527503687e+01 5.593006778995420092e+01 1.256901635586821442e+01 2.577422478799732986e+01
5.502300000000000000e+04 7.014501450391247772e+01 6.152742955451665274e+00 1.907321393063201498e+01 5.360391804382997094e+01 1.131270102647213349e+01 2.398385594802235588e+01
5.502400000000000000e+04 6.650784975736623039e+01 6.152742955451665274e+00 1.741450141843017363e+01 5.076085099566284953e+01 1.018094207449878574e+01 2.206993521550558768e+01
5.502500000000000000e+04 6.054397406698011253e+01 6.152742955451665274e+00 1.591487414092745922e+01 4.751152833819549670e+01 9.172838121572022274e+00 2.008944115779936368e+01
5.502800000000000000e+04 4.368331073814361076e+01 6.152742955451665274e+00 1.214655690174787850e+01 3.860710082867057480e+01 6.716370971383953226e+00 1.508089876119944250e+01
5.502900000000000000e+04 4.459681048030036266e+01 6.152742955451665274e+00 1.112913896612947262e+01 3.588789586993231495e+01 6.071543353043900915e+00 1.367157937902183562e+01
5.503100000000000000e+04 4.084333607108931830e+01 6.152742955451665274e+00 9.422109131754869082e+00 3.073317741182743035e+01 5.006434182654020404e+00 1.115541829830396736e+01
5.503300000000000000e+04 2.606150643620905427e+01 6.152742955451665274e+00 8.095234497729183687e+00 2.610971396909768316e+01 4.192249869357422831e+00 9.050160821177707149e+00
5.503400000000000000e+04 4.069670419800230832e+01 6.152742955451665274e+00 7.577108338461084003e+00 2.402702329581713769e+01 3.874767751706000407e+00 8.144753659599029305e+00
5.503500000000000000e+04 2.908155128244520782e+01 6.152742955451665274e+00 7.123516693438791236e+00 2.212488554923172401e+01 3.597735703756966164e+00 7.338270497257618707e+00
5.503700000000000000e+04 2.849216254447525287e+01 6.152742955451665274e+00 6.381904420699745728e+00 1.871661976044523357e+01 3.145344712025503142e+00 5.951230448472252910e+00
5.503800000000000000e+04 3.075152892516075553e+01 6.152742955451665274e+00 6.084712494702118057e+00 1.724764065451399375e+01 2.963093496324381348e+00 5.373096777107163824e+00
5.503900000000000000e+04 2.914493262528674222e+01 6.152742955451665274e+00 5.822882291120834886e+00 1.590744358497502375e+01 2.802157021713587159e+00 4.857234682435121798e+00
5.504000000000000000e+04 2.187579551934539879e+01 6.152742955451665274e+00 5.578950628023791047e+00 1.470894317171997656e+01 2.653484246384680389e+00 4.403875201113765847e+00
5.504100000000000000e+04 1.793584091624220633e+01 6.152742955451665274e+00 5.346220936235684285e+00 1.363752671354955837e+01 2.513503025968822246e+00 4.005147346123217211e+00
5.504300000000000000e+04 2.135663248178214246e+01 6.152742955451665274e+00 4.910697199101699439e+00 1.185568263054279470e+01 2.256754227528354306e+00 3.353799895485938709e+00
5.504400000000000000e+04 1.650474353429335750e+01 6.152742955451665274e+00 4.687001781188691041e+00 1.115933112491328494e+01 2.129971270706062736e+00 3.099814201364801125e+00
5.504500000000000000e+04 1.137030990094218019e+01 6.152742955451665274e+00 4.456672307141145595e+00 1.054856108341542509e+01 2.002998789726357476e+00 2.878188563005573020e+00
5.504600000000000000e+04 9.219190549369374210e+00 6.152742955451665274e+00 4.234612440624089480e+00 1.001300597202374831e+01 1.882468299899572761e+00 2.684452003223524841e+00
5.504700000000000000e+04 8.361591151726390336e+00 6.152742955451665274e+00 4.020533760989545513e+00 9.549266545709429010e+00 1.768044749775525615e+00 2.516275769620402780e+00
5.504900000000000000e+04 -2.517508005803570370e-02 6.152742955451665274e+00 3.603093411622470654e+00 8.798773048180665413e+00 1.551051834533994978e+00 2.241725617370870172e+00
5.505000000000000000e+04 5.675389620227728749e+00 6.152742955451665274e+00 3.377290248598893818e+00 8.469921714459902162e+00 1.438675292267899364e+00 2.122787397107745111e+00
5.505100000000000000e+04 1.249739550098470353e+01 6.152742955451665274e+00 3.143151889329351079e+00 8.153803816242859881e+00 1.325106192803267691e+00 2.010802420775057886e+00
5.505300000000000000e+04 2.978657008754369784e+00 6.152742955451665274e+00 2.684332998831081341e+00 7.555613153764932477e+00 1.108770342350714921e+00 1.805403382022683800e+00
5.505400000000000000e+04 3.222900855161199729e+00 6.152742955451665274e+00 2.459949222217183706e+00 7.241902320400614101e+00 1.005908494057323077e+00 1.703977016564850455e+00
5.505500000000000000e+04 1.923204253103181927e+01 6.152742955451665274e+00 2.247207057307054168e+00 6.914351822135386350e+00 9.098004280595362037e-01 1.602399031781086114e+00
5.505700000000000000e+04 7.764882435597799670e+00 6.152742955451665274e+00 1.856223083198542900e+00 6.287167130201770426e+00 7.368888778080757707e-01 1.414435799820420669e+00
5.505800000000000000e+04 7.658381403234647777e+00 6.152742955451665274e+00 1.672121273515060569e+00 5.985469485964727276e+00 6.574095826676078502e-01 1.327155096666236656e+00
5.505900000000000000e+04 -3.741733853620879735e+00 6.152742955451665274e+00 1.497156991031058260e+00 5.676849714394423430e+00 5.830050588127172473e-01 1.240841467627196382e+00
5.506100000000000000e+04 1.126678831175787820e+01 6.152742955451665274e+00 1.178965720066943224e+00 4.987699709711500340e+00 4.505027589097987395e-01 1.060084954242614286e+00
5.506300000000000000e+04 4.232646410895045008e+00 6.152742955451665274e+00 9.105677653390663595e-01 4.288723684212565779e+00 3.415482990769190819e-01 8.870162738805721370e-01
5.506400000000000000e+04 9.745149142344367021e+00 6.152742955451665274e+00 7.978165295617034580e-01 3.943161296704707830e+00 2.965309531914898100e-01 8.047267952458585505e-01
5.506700000000000000e+04 1.109459412313358051e+01 6.152742955451665274e+00 5.251403039696396213e-01 3.003559065945717421e+00 1.899928740845295005e-01 5.895111022464607498e-01
5.506800000000000000e+04 -7.077186078753481269e+00 6.152742955451665274e+00 4.545282566447201300e-01 2.713786757251885895e+00 1.630009885761951050e-01 5.259276661340864800e-01
5.506900000000000000e+04 5.523627117102374307e+00 6.152742955451665274e+00 3.924655898732211656e-01 2.436961145837158949e+00 1.395185175518027509e-01 4.664040470501739089e-01
5.507000000000000000e+04 -9.633470651984806565e+00 6.152742955451665274e+00 3.381036565999922527e-01 2.173944179398068055e+00 1.191554736916271978e-01 4.109535310771395000e-01
5.507200000000000000e+04 6.706135007488922994e+00 6.152742955451665274e+00 2.499620390357272792e-01 1.704312337004043387e+00 8.659693020465177027e-02 3.144487706649526926e-01
5.507400000000000000e+04 8.761530886964051135e+00 6.152742955451665274e+00 1.837610420169708825e-01 1.316597432170214965e+00 6.259957145868536021e-02 2.372247625531919146e-01
5.507600000000000000e+04 -1.993522079701422367e+00 6.152742955451665274e+00 1.330686790319645929e-01 1.004585485401103151e+00 4.458659039435906163e-02 1.768636417959688623e-01
5.507800000000000000e+04 7.480056124026316589e+00 6.152742955451665274e+00 9.603332571554029640e-02 7.576285949021549504e-01 3.165759871947924908e-02 1.304007908609561006e-01
5.508000000000000000e+04 2.950103010107577362e+00 6.152742955451665274e+00 6.913823149305380056e-02 5.662268109826126272e-01 2.242927217941729015e-02 9.532437895330177213e-02
5.508200000000000000e+04 6.408275825010241178e+00 6.152742955451665274e+00 4.963893602431706381e-02 4.205146930737890809e-01 1.585148843184322476e-02 6.927754416372142177e-02
5.508300000000000000e+04 -1.291134191229865635e+01 6.152742955451665274e+00 4.205134206646887057e-02 3.615467673004496563e-01 1.332425287277213925e-02 5.893182841083124957e-02
5.508400000000000000e+04 -6.561467758149964524e+00 6.152742955451665274e+00 3.558252673146922868e-02 3.104938744350794755e-01 1.118771474028273233e-02 5.007965716694829511e-02
5.508600000000000000e+04 1.603645379410378169e+01 6.152742955451665274e+00 2.554613831738873631e-02 2.257864937570343011e-01 7.910245647124551638e-03 3.566927231548724930e-02
5.508900000000000000e+04 7.765510644773273796e+00 6.152742955451665274e+00 1.571682663780981162e-02 1.391140811611557282e-01 4.758348966942117439e-03 2.132016569519628105e-02
5.509000000000000000e+04 -7.982106282941446196e+00 6.152742955451665274e+00 1.336257084452316564e-02 1.182471229298879822e-01 4.015798901434460173e-03 1.794341774353383490e-02
5.509200000000000000e+04 -4.434976845878094487e+00 6.152742955451665274e+00 9.657939655523707298e-03 8.521760180958919129e-02 2.860340487345981557e-03 1.268119074547458328e-02
5.509300000000000000e+04 8.006935507614009850e+00 6.152742955451665274e+00 8.211440210587318822e-03 7.232404459340717462e-02 2.414419350363810127e-03 1.065940229821771279e-02
5.509500000000000000e+04 -2.782178070776991419e+00 6.152742955451665274e+00 5.932552424263750658e-03 5.196288753164438751e-02 1.719580412830072277e-03 7.514517358155370884e-03
5.509600000000000000e+04 5.425492201915818491e+00 6.152742955451665274e+00 5.044443409779767427e-03 4.417081169354349773e-02 1.451847290194205504e-03 6.328196517699642178e-03
5.509700000000000000e+04 4.391012894791863630e+00 6.152742955451665274e+00 4.288495379236050356e-03 3.764388120897137202e-02 1.225634575374692737e-03 5.343347226255695630e-03
5.509800000000000000e+04 2.300857686728983609e+00 6.152742955451665274e+00 3.643846503906572783e-03 3.207745853721487295e-02 1.034155386379047173e-03 4.511597543912077707e-03
5.510000000000000000e+04 -2.876389898178022708e+00 6.152742955451665274e+00 2.634269494184159587e-03 2.325950723710839760e-02 7.373742460977353481e-04 3.212639121147568746e-03
5.510100000000000000e+04 1.059826789672394654e+01 6.152742955451665274e+00 2.238869322543809038e-03 1.981340449968200385e-02 6.224268341795411233e-04 2.712307255261054220e-03
5.510200000000000000e+04 1.256110488814313975e+00 6.152742955451665274e+00 1.904200383571595266e-03 1.686456751339190929e-02 5.258043306838589264e-04 2.288272389876785419e-03
5.510600000000000000e+04 -2.120081106069884314e-01 6.152742955451665274e+00 9.925097151839807567e-04 8.862075859345430393e-03 2.668395524086519138e-04 1.161477832155364534e-03
5.510900000000000000e+04 4.968432175691225083e+00 6.152742955451665274e+00 6.083541939038225469e-04 5.467542470663059456e-03 1.603886617199637324e-04 6.987274722892087252e-04
5.511100000000000000e+04 -9.287060419406854450e+00 6.152742955451665274e+00 4.392159339081165462e-04 3.961124372718599802e-03 1.143196079927424701e-04 4.979414673436328770e-04
5.511200000000000000e+04 -7.815037740788980614e+00 6.152742955451665274e+00 3.729466364016164942e-04 3.373560585667639226e-03 9.645587389153405797e-05 4.206434645470872170e-04
5.511400000000000000e+04 1.150161682703899402e+01 6.152742955451665274e+00 2.692619045078518871e-04 2.443464415281833887e-03 6.876820444588222371e-05 2.998115846971575321e-04
5.511500000000000000e+04 -1.749822206766989297e+01 6.152742955451665274e+00 2.286800287131696586e-04 2.078912564963039927e-03 5.804061642466235168e-05 2.530630024300718631e-04
5.511700000000000000e+04 -2.729456365953038866e+00 6.152742955451665274e+00 1.651339522438774791e-04 1.503530111213280005e-03 4.139733072045060849e-05 1.801713734228016527e-04
5.511800000000000000e+04 5.711296657643825103e-01 6.152742955451665274e+00 1.402482262782155011e-04 1.279097432624051907e-03 3.494412016400036890e-05 1.520924414535138741e-04
5.511900000000000000e+04 1.635890796510865108e+00 6.152742955451665274e+00 1.192383718074667176e-04 1.087435126461354503e-03 2.952906681710418518e-05 1.283109293759710076e-04
5.512000000000000000e+04 1.285677305275207516e+00 6.152742955451665274e+00 1.022251916704185686e-04 9.252006516979297164e-04 2.516312410348764490e-05 1.083373128451908503e-04
