5.497400000000000000e+04 4.225350177502005700e+00 8.503191719355331912e+00 2.872527343123094101e-01 1.361878388963412926e-18 2.872527343123094101e-01 1.361878388963412926e-18
5.497600000000000000e+04 -6.345701272745218446e+00 8.503191719355331912e+00 1.958814406946931541e+00 1.361878181083838162e-18 1.958814406946931541e+00 1.361878181083838162e-18
5.498000000000000000e+04 1.059339015593744548e+01 8.503191719355331912e+00 9.740658635389692677e+00 1.361877500567910188e-18 9.740658635389692677e+00 1.361877500567910188e-18
5.498100000000000000e+04 6.437134296294497737e+00 8.503191719355331912e+00 1.261836908227294352e+01 1.361877250779591196e-18 1.261836908227294352e+01 1.361877250779591196e-18
5.498500000000000000e+04 3.028662344929927386e+01 8.503191719355331912e+00 2.761301931683333422e+01 -1.940482729049532867e-02 2.761301931683333422e+01 -1.940482729049532867e-02
5.498700000000000000e+04 3.274630126815886655e+01 8.503191719355331912e+00 3.698113532148148863e+01 1.172809985443463487e+00 3.698113532148148863e+01 1.172809985443463487e+00
5.498800000000000000e+04 5.100085831473392517e+01 8.503191719355331912e+00 4.209516568424355398e+01 2.448518008683664426e+00 4.209516568424355398e+01 2.448518008683664426e+00
5.498900000000000000e+04 5.487416515381114834e+01 8.503191719355331912e+00 4.711547825657126509e+01 4.188406388058739438e+00 4.711547825657126509e+01 4.188406388058739438e+00
5.499300000000000000e+04 8.263289555195855485e+01 8.503191719355331912e+00 6.549985504210982867e+01 1.577296135284117895e+01 6.549985504210982867e+01 1.577296135284117895e+01
5.499500000000000000e+04 8.720321477702243840e+01 8.503191719355331912e+00 6.925870503056015082e+01 2.434500671405781702e+01 6.925870503056015082e+01 2.434500671405781702e+01
5.499700000000000000e+04 1.224561381078396636e+02 8.503191719355331912e+00 7.773070836181982202e+01 3.451627414604166688e+01 6.841287481237441170e+01 3.451627414604166688e+01
5.499900000000000000e+04 1.306829988770541320e+02 8.503191719355331912e+00 8.276683258595882364e+01 4.622641915185185724e+01 6.504780932565140006e+01 4.622641915185185724e+01
5.500000000000000000e+04 1.513239553400720183e+02 8.503191719355331912e+00 8.473029984833564754e+01 5.261895710530443893e+01 6.320798198309262261e+01 5.261895710530443893e+01
5.500200000000000000e+04 1.483505770752156536e+02 8.503191719355331912e+00 8.733387626256380543e+01 6.489662410672829651e+01 5.914124484496770862e+01 6.489662410672829651e+01
5.500300000000000000e+04 1.457753591512604885e+02 8.503191719355331912e+00 8.694868231819680204e+01 7.085966617111323274e+01 5.628475033544589223e+01 7.085966617111323274e+01
5.500500000000000000e+04 1.699384528869689746e+02 8.503191719355331912e+00 8.406058123060572029e+01 8.187481880263729295e+01 5.000629460476246635e+01 8.187481880263729295e+01
5.500700000000000000e+04 1.764768617830499409e+02 8.503191719355331912e+00 8.096251036529099565e+01 8.910132402181562838e+01 4.455343955827151348e+01 8.657338128820018142e+01
5.500900000000000000e+04 1.678349458888567654e+02 8.503191719355331912e+00 7.692054381762579851e+01 9.300730330742301533e+01 3.937777404403901471e+01 8.551609351546802884e+01
5.501000000000000000e+04 1.681115610733007202e+02 8.503191719355331912e+00 7.452127880300821516e+01 9.340332848848629510e+01 3.686434766411487374e+01 8.363478553768472068e+01
5.501300000000000000e+04 1.574925705004111478e+02 8.503191719355331912e+00 6.672908321138518772e+01 9.240742351854930803e+01 2.997981993502793685e+01 7.672486177229268378e+01
5.501600000000000000e+04 1.352507063668375338e+02 8.503191719355331912e+00 5.538521116016937640e+01 8.566389813823138866e+01 2.279133005233092391e+01 6.630332673237724350e+01
5.501700000000000000e+04 1.292576910487574082e+02 8.503191719355331912e+00 5.177224620596203408e+01 8.258539553976521574e+01 2.072381963252022885e+01 6.250786825595308471e+01
5.501800000000000000e+04 1.283465804070857814e+02 8.503191719355331912e+00 4.837763811358266253e+01 7.971643327604608942e+01 1.885112345149930135e+01 5.903171895441801809e+01
5.501900000000000000e+04 1.125080052080228086e+02 8.503191719355331912e+00 4.502051089511889614e+01 7.683240651823921041e+01 1.708947422377729097e+01 5.569179944783939362e+01
5.502000000000000000e+04 1.108164553564675003e+02 8.503191719355331912e+00 4.174424645707163961e+01 7.386279736906337234e+01 1.544652967884242400e+01 5.242958359530334889e+01
5.502200000000000000e+04 8.995271828007241766e+01 8.503191719355331912e+00 3.567966672940310247e+01 6.760921361598668966e+01 1.256901635586821442e+01 4.608043458014359572e+01
5.502300000000000000e+04 9.383007425236338861e+01 8.503191719355331912e+00 3.288375934374918330e+01 6.444574280019121204e+01 1.131270102647213349e+01 4.306718978895430183e+01
5.502400000000000000e+04 8.942207688364133844e+01 8.503191719355331912e+00 3.028728457742643698e+01 6.143930833838862782e+01 1.018094207449878574e+01 4.027222623124582412e+01
5.502500000000000000e+04 8.219516308686883121e+01 8.503191719355331912e+00 2.791294640394366411e+01 5.826578004372679942e+01 9.172838121572022274e+00 3.747477491878492373e+01
5.502800000000000000e+04 5.882933649841190515e+01 8.503191719355331912e+00 2.181007145537510894e+01 4.679060059743537892e+01 6.716370971383953226e+00 2.848916256541365399e+01
5.502900000000000000e+04 6.008722618384810232e+01 8.503191719355331912e+00 2.012959483268174665e+01 4.330242112215101713e+01 6.071543353043900915e+00 2.590477454065029050e+01
5.503100000000000000e+04 5.518709197037829028e+01 8.503191719355331912e+00 1.728020822484862151e+01 3.695598800891838920e+01 5.006434182654020404e+00 2.136184277972161283e+01
5.503300000000000000e+04 3.495900558374708567e+01 8.503191719355331912e+00 1.504095408128055844e+01 3.117242200732314217e+01 4.192249869357422831e+00 1.743034109109994390e+01
5.503400000000000000e+04 5.528865305904807315e+01 8.503191719355331912e+00 1.416576342346196782e+01 2.855680516053258344e+01 3.874767751706000407e+00 1.571127044483526802e+01
5.503500000000000000e+04 3.928274731566055067e+01 8.503191719355331912e+00 1.339796776079093910e+01 2.611537031961091770e+01 3.597735703756966164e+00 1.414087628309016509e+01
5.503700000000000000e+04 3.867683754521953432e+01 8.503191719355331912e+00 1.214165965736084907e+01 2.184511398652377068e+01 3.145344712025503142e+00 1.146604765196502740e+01
5.503800000000000000e+04 4.186128267948737403e+01 8.503191719355331912e+00 1.163992018161106579e+01 1.996793984082284013e+01 2.963093496324381348e+00 1.032254954550394999e+01
5.503900000000000000e+04 3.970476742840574502e+01 8.503191719355331912e+00 1.119854032157617851e+01 1.825911891971892942e+01 2.802157021713587159e+00 9.298797575737893339e+00
5.504000000000000000e+04 2.971007304011328998e+01 8.503191719355331912e+00 1.078508671943053621e+01 1.673048008971742817e+01 2.653484246384680389e+00 8.395463714229940422e+00
5.504100000000000000e+04 2.428490413000533366e+01 8.503191719355331912e+00 1.038730260511875514e+01 1.534582582481846380e+01 2.513503025968822246e+00 7.589429191304875921e+00
5.504300000000000000e+04 2.899666902111778555e+01 8.503191719355331912e+00 9.633632446473038513e+00 1.301923209199178189e+01 2.256754227528354306e+00 6.258042728317525949e+00
5.504400000000000000e+04 2.218690273098659915e+01 8.503191719355331912e+00 9.237472403925123032e+00 1.203949603562291770e+01 2.129971270706062736e+00 5.707004188293002933e+00
5.504500000000000000e+04 1.500766578957771991e+01 8.503191719355331912e+00 8.823209668744603107e+00 1.120798002572706764e+01 2.002998789726357476e+00 5.240312336696778317e+00
5.504600000000000000e+04 1.197171974532470884e+01 8.503191719355331912e+00 8.420468952280778296e+00 1.050062060712326151e+01 1.882468299899572761e+00 4.843459689632500620e+00
5.504700000000000000e+04 1.071239541897619674e+01 8.503191719355331912e+00 8.029044817680617285e+00 9.881181110368505216e+00 1.768044749775525615e+00 4.497169629696206705e+00
5.504900000000000000e+04 -1.051186046024064069e+00 8.503191719355331912e+00 7.254889850849307820e+00 8.868299415555906506e+00 1.551051834533994978e+00 3.931680890031879372e+00
5.505000000000000000e+04 6.760268879189275992e+00 8.503191719355331912e+00 6.827233599457316338e+00 8.462595025502432478e+00 1.438675292267899364e+00 3.703866870405477130e+00
5.505100000000000000e+04 1.614279784920003280e+01 8.503191719355331912e+00 6.378531169677808421e+00 8.105239185306551519e+00 1.325106192803267691e+00 3.502696277141983838e+00
5.505300000000000000e+04 2.906763923213198098e+00 8.503191719355331912e+00 5.488191440567568691e+00 7.453793223510541743e+00 1.108770342350714921e+00 3.141878782461027253e+00
5.505400000000000000e+04 3.243716260520788097e+00 8.503191719355331912e+00 5.047548232330241191e+00 7.150184185631054845e+00 1.005908494057323077e+00 2.977258571631851591e+00
5.505500000000000000e+04 2.540196634161779343e+01 8.503191719355331912e+00 4.627244977110800406e+00 6.857147720344905828e+00 9.098004280595362037e-01 2.820942784410442883e+00
5.505700000000000000e+04 9.557407872400235149e+00 8.503191719355331912e+00 3.848181097689333363e+00 6.232330734233562985e+00 7.368888778080757707e-01 2.503748487157946734e+00
5.505800000000000000e+04 9.404996805912491098e+00 8.503191719355331912e+00 3.477893915186445639e+00 5.926010208083854813e+00 6.574095826676078502e-01 2.353085374874466229e+00
5.505900000000000000e+04 -6.331419746538935911e+00 8.503191719355331912e+00 3.123974307142064255e+00 5.630338505660161807e+00 5.830050588127172473e-01 2.210055937219407074e+00
5.506100000000000000e+04 1.457633731640454045e+01 8.503191719355331912e+00 2.475332459105779925e+00 5.052551350994488821e+00 4.505027589097987395e-01 1.938814793167494166e+00
5.506300000000000000e+04 5.000537033326112990e+00 8.503191719355331912e+00 1.923190162442315554e+00 4.413266175131282942e+00 3.415482990769190819e-01 1.656382741004084558e+00
5.506400000000000000e+04 1.269547518098293182e+01 8.503191719355331912e+00 1.689900249142981536e+00 4.089728063995962337e+00 2.965309531914898100e-01 1.518313062071563468e+00
5.506700000000000000e+04 1.474067781347233996e+01 8.503191719355331912e+00 1.121565934295794875e+00 3.162921188148977603e+00 1.899928740845295005e-01 1.137250535074420199e+00
5.506800000000000000e+04 -1.030106355589184375e+01 8.503191719355331912e+00 9.733278030850337492e-01 2.885059260437613737e+00 1.630009885761951050e-01 1.026565350283807909e+00
5.506900000000000000e+04 7.181624340518681926e+00 8.503191719355331912e+00 8.426081349023575306e-01 2.615587071779764905e+00 1.395185175518027509e-01 9.211110972600947688e-01
5.507000000000000000e+04 -1.370009301645287181e+01 8.503191719355331912e+00 7.277420555716130890e-01 2.357470763446042117e+00 1.191554736916271978e-01 8.217619783345098128e-01
5.507200000000000000e+04 8.987433327626808577e+00 8.503191719355331912e+00 5.406852531187841260e-01 1.879598712764066759e+00 8.659693020465177027e-02 6.421148923080304272e-01
5.507400000000000000e+04 1.190134193771932303e+01 8.503191719355331912e+00 3.993790059492666744e-01 1.466903515152004012e+00 6.259957145868536021e-02 4.913262041639884781e-01
5.507600000000000000e+04 -2.908505987535101589e+00 8.503191719355331912e+00 2.905306816686830107e-01 1.128300276893619003e+00 4.458659039435906163e-02 3.706636914893623458e-01
5.507800000000000000e+04 1.022572786332409223e+01 8.503191719355331912e+00 2.105958439615917832e-01 8.573465036059587652e-01 3.165759871947924908e-02 2.763494403062012883e-01
5.508000000000000000e+04 3.995283871811281085e+00 8.503191719355331912e+00 1.522611141899742615e-01 6.440169058645468514e-01 2.242927217941729015e-02 2.037512357202438951e-01
5.508200000000000000e+04 8.795830736228440472e+00 8.503191719355331912e+00 1.097668019439847764e-01 4.794816261351078635e-01 1.585148843184322476e-02 1.489443421145340285e-01
5.508300000000000000e+04 -1.789542383047864504e+01 8.503191719355331912e+00 9.317383548872100463e-02 4.128679170570322965e-01 1.332425287277213925e-02 1.270988539148603380e-01
5.508400000000000000e+04 -9.112556409904263077e+00 8.503191719355331912e+00 7.899533500966232635e-02 3.547876230484582893e-01 1.118771474028273233e-02 1.082461627558146955e-01
5.508600000000000000e+04 2.213326749195587695e+01 8.503191719355331912e+00 5.693082894692010759e-02 2.610402129827179563e-01 7.910245647124551638e-03 7.824946432335670721e-02
5.508900000000000000e+04 1.071421689948846456e+01 8.503191719355331912e+00 3.521844404392539263e-02 1.609141820288447766e-01 4.758348966942117439e-03 4.700145520178898584e-02
5.509000000000000000e+04 -1.104665840464803139e+01 8.503191719355331912e+00 2.999600989426469411e-02 1.366341960732724570e-01 4.015798901434460173e-03 3.957199839934906482e-02
5.509200000000000000e+04 -6.140133358412412257e+00 8.503191719355331912e+00 2.175489164460733121e-02 9.844207559546248876e-02 2.860340487345981557e-03 2.803659022427161529e-02
5.509300000000000000e+04 1.105637592695472193e+01 8.503191719355331912e+00 1.852777121082180289e-02 8.343326692813385348e-02 2.414419350363810127e-03 2.356605663996549915e-02
5.509500000000000000e+04 -3.851659117516572195e+00 8.503191719355331912e+00 1.342992302420286527e-02 5.993915154816547436e-02 1.719580412830072277e-03 1.665531609096517277e-02
5.509600000000000000e+04 7.492277039555593987e+00 8.503191719355331912e+00 1.143779813687896725e-02 5.073628634718219121e-02 1.451847290194205504e-03 1.398464342535341541e-02
5.509700000000000000e+04 6.063180543967146896e+00 8.503191719355331912e+00 9.739137462842384352e-03 4.294077012850908842e-02 1.225634575374692737e-03 1.174143337211776446e-02
5.509800000000000000e+04 3.175194089568507572e+00 8.503191719355331912e+00 8.288031513057595931e-03 3.645041194194992978e-02 1.034155386379047173e-03 9.887807058905687813e-03
5.510000000000000000e+04 -3.978595205810713242e+00 8.503191719355331912e+00 6.009968792819590441e-03 2.639848512881554435e-02 7.373742460977353481e-04 7.049371162362620333e-03
5.510100000000000000e+04 1.464406651505561463e+01 8.503191719355331912e+00 5.115477179387975179e-03 2.244751125154943738e-02 6.224268341795411233e-04 5.947936208677647232e-03
5.510200000000000000e+04 1.733474851478965073e+00 8.503191719355331912e+00 4.357182747077933613e-03 1.909110797741942270e-02 5.258043306838589264e-04 5.019748626793075000e-03
5.510600000000000000e+04 -2.943461296410473382e-01 8.503191719355331912e+00 2.283906413020891837e-03 9.987850417680490395e-03 2.668395524086519138e-04 2.547921024918492483e-03
5.510900000000000000e+04 6.865603166936563362e+00 8.503191719355331912e+00 1.405549998116730186e-03 6.139816405339524295e-03 1.603886617199637324e-04 1.532043219218365976e-03
5.511100000000000000e+04 -1.283549472353581500e+01 8.503191719355331912e+00 1.017398783292210694e-03 4.439102972387378408e-03 1.143196079927424701e-04 1.091761675451888552e-03
5.511200000000000000e+04 -1.080104851616539108e+01 8.503191719355331912e+00 8.649873402971099395e-04 3.774618765774307664e-03 9.645587389153405797e-05 9.217178076221691852e-04
5.511400000000000000e+04 1.589503017748953262e+01 8.503191719355331912e+00 6.260588564548670706e-04 2.729976084910595759e-03 6.876820444588222371e-05 6.572554133548237122e-04
5.511500000000000000e+04 -2.418316553282039294e+01 8.503191719355331912e+00 5.323485338470030411e-04 2.321259853583191972e-03 5.804061642466235168e-05 5.549535845804704675e-04
5.511700000000000000e+04 -3.772397252581503047e+00 8.503191719355331912e+00 3.853346338120983258e-04 1.677016884228782131e-03 4.139733072045060849e-05 3.954109412969871438e-04
5.511800000000000000e+04 7.891010463435360611e-01 8.503191719355331912e+00 3.276465538937166052e-04 1.424389530757384087e-03 3.494412016400036890e-05 3.335494405108148787e-04
5.511900000000000000e+04 2.260649578217110989e+00 8.503191719355331912e+00 2.788843186474587559e-04 1.210413808076059002e-03 2.952906681710418518e-05 2.815177709731275248e-04
5.512000000000000000e+04 1.776675291528167167e+00 8.503191719355331912e+00 2.393642180344262009e-04 1.028715250881204408e-03 2.516312410348764490e-05 2.376444397711154283e-04
