5.497500000000000000e+04 -4.206400495856888355e+00 1.267839238392619983e+01 9.676860811788584593e-01 2.279498899048011058e-18 9.676860811788584593e-01 2.279498899048011058e-18
5.497600000000000000e+04 -1.104790252233736503e+01 1.267839238392619983e+01 2.014654457448330049e+00 2.279498854538347167e-18 2.014654457448330049e+00 2.279498854538347167e-18
5.497900000000000000e+04 -5.885130209966319192e+00 1.267839238392619983e+01 7.421511495175619366e+00 2.279498669079372028e-18 7.421511495175619366e+00 2.279498669079372028e-18
5.498000000000000000e+04 1.687111628027523480e+01 1.267839238392619983e+01 1.010928248076253944e+01 2.279498584667664851e-18 1.010928248076253944e+01 2.279498584667664851e-18
5.498100000000000000e+04 3.859685898103604984e+01 1.267839238392619983e+01 1.326427468792255127e+01 2.279498485609617514e-18 1.326427468792255127e+01 2.279498485609617514e-18
5.498200000000000000e+04 1.346423479642356114e+01 1.267839238392619983e+01 1.681188057541250913e+01 2.279498369363932715e-18 1.681188057541250913e+01 2.279498369363932715e-18
5.498400000000000000e+04 2.657629461349858246e+01 1.267839238392619983e+01 2.504964300095078400e+01 2.279498072863251428e-18 2.504964300095078400e+01 2.279498072863251428e-18
5.498500000000000000e+04 3.553787802871252666e+01 1.267839238392619983e+01 2.982457128805857849e+01 2.279497885001649794e-18 2.982457128805857849e+01 2.279497885001649794e-18
5.498700000000000000e+04 3.471822972753841441e+01 1.267839238392619983e+01 4.097582893337165899e+01 2.279497405834730840e-18 4.097582893337165899e+01 2.279497405834730840e-18
5.499000000000000000e+04 4.690577732708995029e+01 1.267839238392619983e+01 6.053040193995693841e+01 2.279496327867838250e-18 6.053040193995693841e+01 2.279496327867838250e-18
5.499200000000000000e+04 9.061850169879468808e+01 1.267839238392619983e+01 7.440742163840896239e+01 2.279495261463979831e-18 7.440742163840896239e+01 2.279495261463979831e-18
5.499300000000000000e+04 9.025775481809660050e+01 1.267839238392619983e+01 8.115791156796579742e+01 7.387410742324164448e-03 8.115791156796579742e+01 7.387410742324164448e-03
5.499400000000000000e+04 8.949941801953370657e+01 1.267839238392619983e+01 8.659722275531558466e+01 3.875042658400934537e-01 8.659722275531558466e+01 3.875042658400934537e-01
5.499600000000000000e+04 8.760195275442033847e+01 1.267839238392619983e+01 9.298895886639343189e+01 2.518318071810412118e+00 9.298895886639343189e+01 2.518318071810412118e+00
5.499700000000000000e+04 9.160504515946882975e+01 1.267839238392619983e+01 9.799049354420412783e+01 4.302310410807026031e+00 9.534931745081652821e+01 4.302310410807026031e+00
5.499800000000000000e+04 1.096275515247933754e+02 1.267839238392619983e+01 1.026448216592931431e+02 6.537636875244362322e+00 9.725679520493949326e+01 6.537636875244362322e+00
5.500000000000000000e+04 1.198730163556616191e+02 1.267839238392619983e+01 1.104426673980238292e+02 1.263660310095317385e+01 9.942624000542298290e+01 1.263660310095317385e+01
5.500200000000000000e+04 1.419161152192682493e+02 1.267839238392619983e+01 1.158938757736231366e+02 2.101485071926563819e+01 9.937735874946248771e+01 2.101485071926563819e+01
5.500300000000000000e+04 1.452587753822699312e+02 1.267839238392619983e+01 1.173473468870210183e+02 2.589679503310846798e+01 9.828909195663038645e+01 2.589679503310846798e+01
5.500400000000000000e+04 1.512755309462817479e+02 1.267839238392619983e+01 1.179310516604720789e+02 3.131205375118847201e+01 9.653818898204983157e+01 3.131205375118847201e+01
5.500500000000000000e+04 1.598745280721959148e+02 1.267839238392619983e+01 1.179034302948030586e+02 3.728071411007321956e+01 9.437559456880096320e+01 3.728071411007321956e+01
5.500900000000000000e+04 1.761331557367035998e+02 1.267839238392619983e+01 1.122780655183545377e+02 6.746366186135364273e+01 8.255133116561614770e+01 6.746366186135364273e+01
5.501200000000000000e+04 1.940244385207196558e+02 1.267839238392619983e+01 1.030821799343895862e+02 9.300927704801119944e+01 7.142612246008147281e+01 9.300927704801119944e+01
5.501300000000000000e+04 1.798538375146192152e+02 1.267839238392619983e+01 9.951399514032958393e+01 1.014473894599572503e+02 6.765517379857884350e+01 1.014473894599572503e+02
5.501400000000000000e+04 2.112235373327842183e+02 1.267839238392619983e+01 9.533926124446041683e+01 1.082465284441444737e+02 6.361888512242121152e+01 1.082465284441444737e+02
5.501600000000000000e+04 2.184548358120848377e+02 1.267839238392619983e+01 8.614971700166772450e+01 1.303937675704002004e+02 5.543739832797152900e+01 1.162361985829917899e+02
5.501700000000000000e+04 2.212865141701128380e+02 1.267839238392619983e+01 8.242288440607163125e+01 1.409620471863508726e+02 5.211031447560955598e+01 1.191866468135206389e+02
5.501800000000000000e+04 2.146453083457528521e+02 1.267839238392619983e+01 7.921994516207718107e+01 1.511856881460784336e+02 4.922327896239417555e+01 1.215709940061743595e+02
5.501900000000000000e+04 2.263650677894037244e+02 1.267839238392619983e+01 7.622883159101917272e+01 1.607948370531405828e+02 4.656333247267679099e+01 1.232616612135995240e+02
5.502000000000000000e+04 2.462265323204869105e+02 1.267839238392619983e+01 7.309167822373581203e+01 1.696957351292556382e+02 4.390417961541074021e+01 1.242828000067787144e+02
5.502100000000000000e+04 2.631263914340969450e+02 1.267839238392619983e+01 6.968532712445265531e+01 1.778028419535202431e+02 4.117301454915962466e+01 1.246601990840077718e+02
5.502200000000000000e+04 2.620244668888489059e+02 1.267839238392619983e+01 6.621299237973961738e+01 1.847425099152507642e+02 3.849145005216814042e+01 1.242216984368281061e+02
5.502500000000000000e+04 2.494788104308447885e+02 1.267839238392619983e+01 5.657059096547304478e+01 1.969972567130509731e+02 3.137059333747742329e+01 1.179694932110012076e+02
5.502900000000000000e+04 2.380479057147457524e+02 1.267839238392619983e+01 4.529080834822966040e+01 1.974524652317581115e+02 2.366167303078713857e+01 1.031891639570201704e+02
5.503100000000000000e+04 2.469076021252968758e+02 1.267839238392619983e+01 4.035146502024145576e+01 1.910686399085859080e+02 2.048817721261307412e+01 9.387738412449559178e+01
5.503200000000000000e+04 2.097844887616340088e+02 1.267839238392619983e+01 3.809119148137853017e+01 1.871542973760284951e+02 1.907229695642826428e+01 8.928265307510184812e+01
5.503300000000000000e+04 2.225513724814677232e+02 1.267839238392619983e+01 3.628033796616680462e+01 1.824237192511430123e+02 1.791710107470335345e+01 8.456896724822354372e+01
5.503400000000000000e+04 2.032001812031145676e+02 1.267839238392619983e+01 3.472080384744823078e+01 1.763833590019127655e+02 1.691552365168480421e+01 7.952360640302650552e+01
5.503500000000000000e+04 1.885241248259408735e+02 1.267839238392619983e+01 3.321978083967000828e+01 1.690773502014411349e+02 1.596874529619285887e+01 7.419252718480018416e+01
5.503600000000000000e+04 2.037013587820897556e+02 1.267839238392619983e+01 3.188071486068827554e+01 1.621405307597347587e+02 1.512367877641758973e+01 6.929674790996440947e+01
5.503700000000000000e+04 1.674725101156697633e+02 1.267839238392619983e+01 3.064278095621837039e+01 1.563765399519948005e+02 1.434788638676704053e+01 6.513789309451193787e+01
5.503900000000000000e+04 1.971676867412747640e+02 1.267839238392619983e+01 2.809364044542087058e+01 1.468200077029089812e+02 1.282170619571031622e+01 5.820416559084598873e+01
5.504000000000000000e+04 1.462166408447274364e+02 1.267839238392619983e+01 2.686884445301588187e+01 1.417775720230651757e+02 1.210962883225882791e+01 5.488022451926343592e+01
5.504200000000000000e+04 1.595332656901866528e+02 1.267839238392619983e+01 2.459645602135408993e+01 1.301588383514065583e+02 1.081543224929825442e+01 4.811431256521017019e+01
5.504400000000000000e+04 1.461489599808460582e+02 1.267839238392619983e+01 2.246523431067127774e+01 1.186632374743765865e+02 9.643386980885679804e+00 4.197496903939745039e+01
5.504500000000000000e+04 1.143845639939751493e+02 1.267839238392619983e+01 2.140560780560789311e+01 1.132439206241263321e+02 9.080561577061848411e+00 3.921324167184678089e+01
5.504600000000000000e+04 1.294859254333759395e+02 1.267839238392619983e+01 2.032314363711936167e+01 1.079412334005369019e+02 8.521234229400151960e+00 3.660513883631880816e+01
5.504700000000000000e+04 1.474044147549715831e+02 1.267839238392619983e+01 1.920520368385746224e+01 1.027321405913339731e+02 7.960046289989414880e+00 3.413368129425988684e+01
5.504800000000000000e+04 1.248613868668484770e+02 1.267839238392619983e+01 1.808100773723998245e+01 9.761997474502130956e+01 7.409034476823465276e+00 3.179182399043226326e+01
5.505000000000000000e+04 9.119575878964599269e+01 1.267839238392619983e+01 1.569407658202418077e+01 8.787432123529727335e+01 6.288194800073795498e+00 2.752609987322931318e+01
5.505200000000000000e+04 9.826496283709875001e+01 1.267839238392619983e+01 1.318401588263255242e+01 7.901175821624319440e+01 5.167770414954748759e+00 2.384037119553533302e+01
5.505400000000000000e+04 9.108630672331493372e+01 1.267839238392619983e+01 1.083649022857742672e+01 7.265217408398623888e+01 4.157327640826142812e+00 2.114440456460600615e+01
5.505600000000000000e+04 1.019133494695332729e+02 1.267839238392619983e+01 8.825915252185710713e+00 6.725878043842313048e+01 3.315520380235053022e+00 1.890459847052198938e+01
5.505800000000000000e+04 5.985675853283771630e+01 1.267839238392619983e+01 7.146293128764558134e+00 6.249032956622002644e+01 2.629827455937498115e+00 1.698291378579737554e+01
5.506000000000000000e+04 7.501216842844613097e+01 1.267839238392619983e+01 5.711659010783961321e+00 5.754192880368588447e+01 2.059888564189253035e+00 1.513703604032353489e+01
5.506100000000000000e+04 5.883235980014968902e+01 1.267839238392619983e+01 5.085593544358840923e+00 5.526227189708493626e+01 1.815959130283463896e+00 1.430812518372081854e+01
5.506200000000000000e+04 5.086050045394742369e+01 1.267839238392619983e+01 4.516105806198337014e+00 5.303887975055864246e+01 1.596812745279095003e+00 1.351929031162281980e+01
5.506400000000000000e+04 6.258589252836454619e+01 1.267839238392619983e+01 3.523521428763860097e+00 4.875937542210321141e+01 1.221917543613490142e+00 1.205423372610709798e+01
5.506500000000000000e+04 3.745851473566039402e+01 1.267839238392619983e+01 3.094819461064711952e+00 4.660484722407281311e+01 1.063036946060080368e+00 1.135070197132731273e+01
5.506700000000000000e+04 5.921840459947511448e+01 1.267839238392619983e+01 2.370495639618291239e+00 4.206585962523531919e+01 7.990344961129509649e-01 9.950057862486769267e+00
5.506800000000000000e+04 6.173426759704260292e+01 1.267839238392619983e+01 2.065622122256427051e+00 3.971798157163139109e+01 6.898283870746817481e-01 9.261293096029330485e+00
5.506900000000000000e+04 2.812946292198336096e+01 1.267839238392619983e+01 1.792370626755424690e+00 3.729910159130174918e+01 5.930877954916861095e-01 8.575491801655763524e+00
5.507100000000000000e+04 3.648125041574407845e+01 1.267839238392619983e+01 1.337323390192590722e+00 3.194751958161125671e+01 4.345486239456022304e-01 7.145018133789109882e+00
5.507300000000000000e+04 4.299875345268252147e+01 1.267839238392619983e+01 9.898430726289796366e-01 2.669871666829991597e+01 3.159510589642119949e-01 5.812788022969217927e+00
5.507400000000000000e+04 3.670835486539072434e+01 1.267839238392619983e+01 8.499490109142830985e-01 2.418525355050608638e+01 2.689201451984696289e-01 5.196659551032679403e+00
5.507500000000000000e+04 1.544175682259240290e+01 1.267839238392619983e+01 7.272308202392441245e-01 2.186497960826187636e+01 2.280935985444418612e-01 4.637421707408826421e+00
5.507800000000000000e+04 2.442591413618862717e+01 1.267839238392619983e+01 4.517957619097660027e-01 1.609980368524936623e+01 1.381047141620609098e-01 3.287284319921872644e+00
5.508000000000000000e+04 -9.919183273307844217e+00 1.267839238392619983e+01 3.276818162673840185e-01 1.292425582386442073e+01 9.849760017656127020e-02 2.574860705236566183e+00
5.508100000000000000e+04 1.784458995618048505e+01 1.267839238392619983e+01 2.790520667065116700e-01 1.153202146197385325e+01 8.318738014801362046e-02 2.269948912854329759e+00
5.508200000000000000e+04 1.569511689460002302e+01 1.267839238392619983e+01 2.373391651254759538e-01 1.026191710753610664e+01 7.017301316464903682e-02 1.996015931598868809e+00
5.508400000000000000e+04 2.089600434526199280e+01 1.267839238392619983e+01 1.714140076833276793e-01 8.038690040047246299e+00 4.986444254227592049e-02 1.527396929516862567e+00
5.508500000000000000e+04 1.151039262111496342e+01 1.267839238392619983e+01 1.456383395017000204e-01 7.074377996411578273e+00 4.202762805578161287e-02 1.328796182575100682e+00
5.508800000000000000e+04 2.342082595680455626e+00 1.267839238392619983e+01 9.007486365724916288e-02 4.748261245331804048e+00 2.538464199561750803e-02 8.622854838433522406e-01
5.508900000000000000e+04 5.526245547017669679e+00 1.267839238392619983e+01 7.673087987202015237e-02 4.127520376749952646e+00 2.145658115601357940e-02 7.413597443646077201e-01
5.509000000000000000e+04 -5.158172041388507267e+00 1.267839238392619983e+01 6.536701457365473589e-02 3.574797869172789522e+00 1.813835800367798873e-02 6.351357169307066952e-01
5.509100000000000000e+04 1.406985474440940642e+01 1.267839238392619983e+01 5.570273403805772044e-02 3.090346857767142907e+00 1.533876746194622574e-02 5.431857799320026770e-01
5.509300000000000000e+04 1.123044278195282430e+01 1.267839238392619983e+01 4.038124099309330084e-02 2.295028998433665368e+00 1.095262713745783802e-02 3.949388237052650075e-01
5.509500000000000000e+04 1.853834167374014186e+01 1.267839238392619983e+01 2.930222526858716758e-02 1.691570638505399238e+00 7.830004347216196550e-03 2.851169981805523612e-01
5.509600000000000000e+04 2.759548054860772481e+00 1.267839238392619983e+01 2.494544112664172364e-02 1.445995240553756389e+00 6.616827885050855125e-03 2.412484968723941914e-01
5.509700000000000000e+04 -7.183505695884221609e+00 1.267839238392619983e+01 2.123971988917000911e-02 1.235531665884941566e+00 5.592785077591702451e-03 2.040615828835353474e-01
5.509800000000000000e+04 4.652283533492592937e+00 1.267839238392619983e+01 1.809748854159960729e-02 1.055741487411874679e+00 4.730874821351913062e-03 1.726308927025761164e-01
5.509900000000000000e+04 -3.009188009862438395e+00 1.267839238392619983e+01 1.540644675947923890e-02 9.008161948101416350e-01 3.998454947828823484e-03 1.458457370371799289e-01
5.510100000000000000e+04 -6.768905995297331835e+00 1.267839238392619983e+01 1.116702832718027144e-02 6.549238454827928102e-01 2.857113554350843541e-03 1.039842251850170152e-01
5.510400000000000000e+04 8.984362606214961744e+00 1.267839238392619983e+01 6.893071990804156349e-03 4.039643151456127623e-01 1.726894476100850886e-03 6.233055317784489541e-02
5.510700000000000000e+04 -4.085127844309496936e+01 1.267839238392619983e+01 4.227626158010281028e-03 2.500030933811949185e-01 1.037530654529236849e-03 3.751715914299787180e-02
5.510800000000000000e+04 -1.476870288961523725e+00 1.267839238392619983e+01 3.592841799681828398e-03 2.133769544546618990e-01 8.757902202812570909e-04 3.173080249452188417e-02
5.510900000000000000e+04 -1.181874837194321515e+01 1.267839238392619983e+01 3.051187007256094073e-03 1.819920392926626662e-01 7.387683124515371895e-04 2.682072644501697772e-02
5.511000000000000000e+04 -7.840333105446364304e-01 1.267839238392619983e+01 2.590720375502085938e-03 1.552280677954762378e-01 6.230988444615148105e-04 2.267294750459748418e-02
5.511100000000000000e+04 3.062700893775085831e+01 1.267839238392619983e+01 2.200983378957896853e-03 1.324368356123764301e-01 5.258591276927242816e-04 1.917345932743277914e-02
5.511400000000000000e+04 -2.579825632178672734e+01 1.267839238392619983e+01 1.349099238009915901e-03 8.203875517713231369e-02 3.160519228810185948e-04 1.157105150594250030e-02
