5.497500000000000000e+04 -3.475259284615100253e+00 1.088683071866061525e+01 9.676860811788584593e-01 1.458878646401056061e-18 9.676860811788584593e-01 1.458878646401056061e-18
5.497600000000000000e+04 -9.202055223510960502e+00 1.088683071866061525e+01 2.014654457448330049e+00 1.458878505308197166e-18 2.014654457448330049e+00 1.458878505308197166e-18
5.497900000000000000e+04 -4.004791721422553685e+00 1.088683071866061525e+01 7.421511495175619366e+00 1.458877917415035206e-18 7.421511495175619366e+00 1.458877917415035206e-18
5.498000000000000000e+04 1.591561325944566718e+01 1.088683071866061525e+01 1.010928248076253944e+01 1.458877649835416619e-18 1.010928248076253944e+01 1.458877649835416619e-18
5.498100000000000000e+04 3.501715537766827424e+01 1.088683071866061525e+01 1.326427468792255127e+01 1.458877335827950478e-18 1.326427468792255127e+01 1.458877335827950478e-18
5.498200000000000000e+04 1.393728482239755451e+01 1.088683071866061525e+01 1.681188057541250913e+01 1.458876967336947338e-18 1.681188057541250913e+01 1.458876967336947338e-18
5.498400000000000000e+04 2.660856884885293638e+01 1.088683071866061525e+01 2.504964300095078400e+01 2.480027301376598325e-01 2.504964300095078400e+01 2.480027301376598325e-01
5.498500000000000000e+04 3.550468941517245725e+01 1.088683071866061525e+01 2.982457128805857849e+01 7.741488649430867675e-01 2.982457128805857849e+01 7.741488649430867675e-01
5.498700000000000000e+04 3.835595889432639183e+01 1.088683071866061525e+01 4.097582893337165899e+01 2.753478662916496678e+00 4.097582893337165899e+01 2.753478662916496678e+00
5.499000000000000000e+04 5.691847541409940447e+01 1.088683071866061525e+01 6.053040193995693841e+01 8.087425984610032259e+00 6.053040193995693841e+01 8.087425984610032259e+00
5.499200000000000000e+04 1.017772465178976518e+02 1.088683071866061525e+01 7.440742163840896239e+01 1.344950446033000979e+01 7.440742163840896239e+01 1.344950446033000979e+01
5.499300000000000000e+04 1.055394770445458335e+02 1.088683071866061525e+01 8.115791156796579742e+01 1.657394882118942192e+01 8.115791156796579742e+01 1.657394882118942192e+01
5.499400000000000000e+04 1.087962815256186957e+02 1.088683071866061525e+01 8.659722275531558466e+01 2.003971440076062649e+01 8.659722275531558466e+01 2.003971440076062649e+01
5.499600000000000000e+04 1.142795035105790333e+02 1.088683071866061525e+01 9.298895886639343189e+01 2.807878116178207151e+01 9.298895886639343189e+01 2.807878116178207151e+01
5.499700000000000000e+04 1.231764652462655789e+02 1.088683071866061525e+01 9.957329221388769724e+01 3.278066314669732861e+01 9.534931745081652821e+01 3.278066314669732861e+01
5.499800000000000000e+04 1.441566238980597916e+02 1.088683071866061525e+01 1.058737472600971330e+02 3.790067896713478035e+01 9.725679520493949326e+01 3.790067896713478035e+01
5.500000000000000000e+04 1.627157073619007974e+02 1.088683071866061525e+01 1.170445697343839413e+02 4.842432155196556209e+01 9.942624000542298290e+01 4.842432155196556209e+01
5.500200000000000000e+04 1.896176013154436077e+02 1.088683071866061525e+01 1.257918607050696238e+02 5.952593731072717276e+01 9.937735874946248771e+01 5.952593731072717276e+01
5.500300000000000000e+04 1.954248177242658073e+02 1.088683071866061525e+01 1.287685393723814684e+02 6.492632925437264646e+01 9.828909195663038645e+01 6.492632925437264646e+01
5.500400000000000000e+04 2.017743283645917813e+02 1.088683071866061525e+01 1.307513231572883114e+02 6.927777820425247057e+01 9.653818898204983157e+01 6.927777820425247057e+01
5.500500000000000000e+04 2.099066074604555467e+02 1.088683071866061525e+01 1.320031441233819294e+02 7.387586966073202177e+01 9.437559456880096320e+01 7.227144361253377269e+01
5.500900000000000000e+04 2.146379637380294696e+02 1.088683071866061525e+01 1.300926427838944903e+02 8.764397158931781462e+01 8.255133116561614770e+01 7.888746317670370445e+01
5.501200000000000000e+04 2.138994485269681718e+02 1.088683071866061525e+01 1.220529580597872155e+02 9.362142213069361674e+01 7.142612246008147281e+01 7.950188699956999017e+01
5.501300000000000000e+04 1.948232110387979219e+02 1.088683071866061525e+01 1.186062851862885452e+02 9.434180202365212153e+01 6.765517379857884350e+01 7.863127356530432621e+01
5.501400000000000000e+04 2.152827884231784878e+02 1.088683071866061525e+01 1.143485841190398844e+02 9.437573354885192600e+01 6.361888512242121152e+01 7.723055118563988231e+01
5.501600000000000000e+04 1.993342241614926138e+02 1.088683071866061525e+01 1.045549332465542989e+02 9.313802940765545202e+01 5.543739832797152900e+01 7.354550648109243127e+01
5.501700000000000000e+04 1.907336678991117935e+02 1.088683071866061525e+01 1.005885400322690941e+02 9.194702155824924716e+01 5.211031447560955598e+01 7.135419956406119013e+01
5.501800000000000000e+04 1.739131240311788531e+02 1.088683071866061525e+01 9.719628663914353695e+01 9.025009813527360336e+01 4.922327896239417555e+01 6.885115817460605570e+01
5.501900000000000000e+04 1.728869990524642617e+02 1.088683071866061525e+01 9.400671192908716023e+01 8.803273955501306602e+01 4.656333247267679099e+01 6.604106493249292953e+01
5.502000000000000000e+04 1.789962212637913410e+02 1.088683071866061525e+01 9.058310338251546057e+01 8.545997485756521428e+01 4.390417961541074021e+01 6.306078428096606103e+01
5.502100000000000000e+04 1.829568340986623980e+02 1.088683071866061525e+01 8.677212816235392268e+01 8.275629369157135784e+01 4.117301454915962466e+01 6.008152583967718385e+01
5.502200000000000000e+04 1.723051313999896195e+02 1.088683071866061525e+01 8.282590222225537957e+01 7.997440079610402108e+01 3.849145005216814042e+01 5.714089796806518251e+01
5.502500000000000000e+04 1.377810654699201223e+02 1.088683071866061525e+01 7.167239459813467306e+01 6.961989334934658302e+01 3.137059333747742329e+01 4.748321739827211729e+01
5.502900000000000000e+04 1.121455848646151310e+02 1.088683071866061525e+01 5.825267283449485944e+01 5.792478559600994004e+01 2.366167303078713857e+01 3.725066597814144131e+01
5.503100000000000000e+04 1.182357773530058154e+02 1.088683071866061525e+01 5.225509598076965290e+01 5.268169557594074348e+01 2.048817721261307412e+01 3.293841163932770399e+01
5.503200000000000000e+04 8.614675151121878116e+01 1.088683071866061525e+01 4.948879614254007464e+01 4.993418832367667193e+01 1.907229695642826428e+01 3.079316004173451304e+01
5.503300000000000000e+04 9.786333231081060546e+01 1.088683071866061525e+01 4.728502144624961545e+01 4.727465305575961452e+01 1.791710107470335345e+01 2.875937039527899231e+01
5.503400000000000000e+04 8.335942346378503487e+01 1.088683071866061525e+01 4.539111616693100615e+01 4.475539098856714304e+01 1.691552365168480421e+01 2.686398018521436981e+01
5.503500000000000000e+04 7.409904851670111725e+01 1.088683071866061525e+01 4.355794654442525626e+01 4.236786853786352225e+01 1.596874529619285887e+01 2.509647466998194432e+01
5.503600000000000000e+04 9.030510556568285097e+01 1.088683071866061525e+01 4.192283756822956775e+01 4.007003485800940012e+01 1.512367877641758973e+01 2.342728885524403992e+01
5.503700000000000000e+04 6.147287798576028450e+01 1.088683071866061525e+01 4.040795243105201706e+01 3.784961037467819978e+01 1.434788638676704053e+01 2.184555602832633170e+01
5.503900000000000000e+04 8.999256765805520786e+01 1.088683071866061525e+01 3.724577432791889464e+01 3.363743438056700086e+01 1.282170619571031622e+01 1.892933842462971228e+01
5.504000000000000000e+04 4.814942815141683496e+01 1.088683071866061525e+01 3.571371735209773135e+01 3.169597369082508109e+01 1.210962883225882791e+01 1.761670391886676512e+01
5.504200000000000000e+04 6.508727388935284353e+01 1.088683071866061525e+01 3.285512008691823382e+01 2.812934933509691859e+01 1.081543224929825442e+01 1.525783756514261391e+01
5.504400000000000000e+04 6.000934368627960680e+01 1.088683071866061525e+01 3.014908505704098118e+01 2.554920692350473033e+01 9.643386980885679804e+00 1.353241892134784763e+01
5.504500000000000000e+04 3.579317698831516026e+01 1.088683071866061525e+01 2.879173659239000571e+01 2.440279781183008723e+01 9.080561577061848411e+00 1.277499623695428888e+01
5.504600000000000000e+04 5.182469904954358952e+01 1.088683071866061525e+01 2.739576804752148931e+01 2.337999749403948258e+01 8.521234229400151960e+00 1.209894302113407427e+01
5.504700000000000000e+04 7.024804472456443705e+01 1.088683071866061525e+01 2.594417887296250314e+01 2.243550298525989106e+01 7.960046289989414880e+00 1.147830910941363491e+01
5.504800000000000000e+04 5.382841714893618956e+01 1.088683071866061525e+01 2.447648629763399697e+01 2.148596734192911839e+01 7.409034476823465276e+00 1.086906482291032106e+01
5.505000000000000000e+04 3.028731699788787068e+01 1.088683071866061525e+01 2.133081440081033264e+01 1.958078543660923998e+01 6.288194800073795498e+00 9.687703065807063751e+00
5.505200000000000000e+04 4.107182293484497393e+01 1.088683071866061525e+01 1.798797526037448691e+01 1.787228548332038258e+01 5.167770414954748759e+00 8.652345799438604601e+00
5.505400000000000000e+04 3.764123522782075071e+01 1.088683071866061525e+01 1.483916528116483491e+01 1.627803722373502993e+01 4.157327640826142812e+00 7.714709584708543844e+00
5.505600000000000000e+04 4.899354262580280306e+01 1.088683071866061525e+01 1.212817355089982385e+01 1.468651761905574915e+01 3.315520380235053022e+00 6.816987383520122457e+00
5.505800000000000000e+04 1.448781105368429323e+01 1.088683071866061525e+01 9.852911546415430877e+00 1.303278800611155219e+01 2.629827455937498115e+00 5.927227581458772931e+00
5.506000000000000000e+04 2.928162343835118975e+01 1.088683071866061525e+01 7.900084621378622884e+00 1.128454286042043186e+01 2.059888564189253035e+00 5.030555840059037109e+00
5.506100000000000000e+04 1.610290869291693383e+01 1.088683071866061525e+01 7.045013445934697138e+00 1.035924741138294713e+01 1.815959130283463896e+00 4.572811605625031639e+00
5.506200000000000000e+04 9.974508121282106288e+00 1.088683071866061525e+01 6.265573849926113326e+00 9.457433281000389158e+00 1.596812745279095003e+00 4.134216331963799895e+00
5.506400000000000000e+04 2.150582960468861415e+01 1.088683071866061525e+01 4.902821951994766891e+00 7.755910446725253315e+00 1.221917543613490142e+00 3.325862112660915137e+00
5.506500000000000000e+04 7.881936439929955185e-01 1.088683071866061525e+01 4.312421979081927148e+00 6.987147637492390650e+00 1.063036946060080368e+00 2.967949892741649442e+00
5.506700000000000000e+04 2.168100002060856824e+01 1.088683071866061525e+01 3.312237696737015291e+00 5.675538774098597194e+00 7.990344961129509649e-01 2.366188098932125783e+00
5.506800000000000000e+04 2.511460420186177345e+01 1.088683071866061525e+01 2.890105010488086990e+00 5.093029044266796923e+00 6.898283870746817481e-01 2.103861964749998759e+00
5.506900000000000000e+04 -2.346989064707205586e+00 1.088683071866061525e+01 2.511074417332249897e+00 4.554923269659611584e+00 5.930877954916861095e-01 1.864479439074748779e+00
5.507100000000000000e+04 8.236678464643588882e+00 1.088683071866061525e+01 1.878336427004865472e+00 3.613613392533670865e+00 4.345486239456022304e-01 1.452767304226771250e+00
5.507300000000000000e+04 1.737543394588123391e+01 1.088683071866061525e+01 1.393691716197035246e+00 2.835005469818490553e+00 3.159510589642119949e-01 1.119758855288131238e+00
5.507400000000000000e+04 1.371840811307585639e+01 1.088683071866061525e+01 1.198146814917261604e+00 2.496621925111083495e+00 2.689201451984696289e-01 9.775340348907921584e-01
5.507500000000000000e+04 -2.922806003712666634e+00 1.088683071866061525e+01 1.026352765370425191e+00 2.190876624351983715e+00 2.280935985444418612e-01 8.504295568480645384e-01
5.507800000000000000e+04 8.859855588745016775e+00 1.088683071866061525e+01 6.397838988271632443e-01 1.458462769088775701e+00 1.381047141620609098e-01 5.518627096597454873e-01
5.508000000000000000e+04 -1.833951159898020933e+01 1.088683071866061525e+01 4.650268699535810568e-01 1.092311487063164943e+00 9.849760017656127020e-02 4.064868588356523871e-01
5.508100000000000000e+04 6.519252966331024801e+00 1.088683071866061525e+01 3.964294600953588432e-01 9.418928333745716364e-01 8.318738014801362046e-02 3.476388991564817732e-01
5.508200000000000000e+04 5.609507960257968939e+00 1.088683071866061525e+01 3.375181587193289423e-01 8.103472434084770804e-01 7.017301316464903682e-02 2.966566274009653781e-01
5.508400000000000000e+04 1.173475154580592417e+01 1.088683071866061525e+01 2.442559853490843813e-01 5.972178584567614523e-01 4.986444254227592049e-02 2.151361161587757309e-01
5.508500000000000000e+04 4.402441807615552705e+00 1.088683071866061525e+01 2.077299571913117926e-01 5.106012059576459095e-01 4.202762805578161287e-02 1.824748788355535223e-01
5.508800000000000000e+04 -1.698156056531212821e+00 1.088683071866061525e+01 1.288422889129562099e-01 3.165139081051776548e-01 2.538464199561750803e-02 1.104837713296487195e-01
5.508900000000000000e+04 1.514517368551748344e+00 1.088683071866061525e+01 1.098555498606739317e-01 2.694762514088566152e-01 2.145658115601357940e-02 9.334127170379516447e-02
5.509000000000000000e+04 -7.232149692264844276e+00 1.088683071866061525e+01 9.367010840259386295e-02 2.292393747469217147e-01 1.813835800367798873e-02 7.879808014124903282e-02
5.509100000000000000e+04 9.655157528821186830e+00 1.088683071866061525e+01 7.989197032554690159e-02 1.950843889327097402e-01 1.533876746194622574e-02 6.654990411841091302e-02
5.509300000000000000e+04 7.836932323023519942e+00 1.088683071866061525e+01 5.801716120982790270e-02 1.408242591980136127e-01 1.095262713745783802e-02 4.732315988911003218e-02
5.509500000000000000e+04 1.458473695318618368e+01 1.088683071866061525e+01 4.217005441280226308e-02 1.015454738032573051e-01 7.830004347216196550e-03 3.362210244462529585e-02
5.509600000000000000e+04 1.228816238933056360e+00 1.088683071866061525e+01 3.592937541582614386e-02 8.637036601407745151e-02 6.616827885050855125e-03 2.838889232647826000e-02
5.509700000000000000e+04 -7.143395509827616507e+00 1.088683071866061525e+01 3.061658335026025413e-02 7.358405498216402663e-02 5.592785077591702451e-03 2.401098185151864448e-02
5.509800000000000000e+04 3.161574412094743103e+00 1.088683071866061525e+01 2.610780578911267233e-02 6.268585032965771908e-02 4.730874821351913062e-03 2.030771359649400851e-02
5.509900000000000000e+04 -3.295107858502306364e+00 1.088683071866061525e+01 2.224300502927696252e-02 5.336680865123697576e-02 3.998454947828823484e-03 1.716526492481086630e-02
5.510100000000000000e+04 -6.329527948315245567e+00 1.088683071866061525e+01 1.614697725241379112e-02 3.869541545160098267e-02 2.857113554350843541e-03 1.227101396955698233e-02
5.510400000000000000e+04 7.395832719620648810e+00 1.088683071866061525e+01 9.989048407557760481e-03 2.384562294344630753e-02 1.726894476100850886e-03 7.405472963803201060e-03
5.510700000000000000e+04 -3.527611649096281354e+01 1.088683071866061525e+01 6.139380142045851481e-03 1.470499794881031420e-02 1.037530654529236849e-03 4.474228062073362308e-03
5.510800000000000000e+04 -1.436742551112500044e+00 1.088683071866061525e+01 5.221110977228741665e-03 1.252281488711137238e-02 8.757902202812570909e-04 3.784699857081531057e-03
5.510900000000000000e+04 -1.029246455005323213e+01 1.088683071866061525e+01 4.436968607752687054e-03 1.065508274497425044e-02 7.387683124515371895e-04 3.198763958263059048e-03
5.511000000000000000e+04 -7.959266018640664964e-01 1.088683071866061525e+01 3.769872628761057175e-03 9.064135703460545965e-03 6.230988444615148105e-04 2.703130055904970092e-03
5.511100000000000000e+04 2.619446694657449370e+01 1.088683071866061525e+01 3.204848453723308215e-03 7.715120873084669456e-03 5.258591276927242816e-04 2.285690843480675440e-03
5.511400000000000000e+04 -2.221763051350558626e+01 1.088683071866061525e+01 1.968181744549255853e-03 4.755176629391303679e-03 3.160519228810185948e-04 1.381515580880680839e-03
