5.497600000000000000e+04 -3.431863614429283782e+00 5.326268177241050061e+00 1.164140563987932975e+00 8.960306590053393761e-19 1.164140563987932975e+00 8.960306590053393761e-19
5.497900000000000000e+04 4.168818480012864924e+00 5.326268177241050061e+00 4.289077145657377521e+00 8.960306586340978904e-19 4.289077145657377521e+00 8.960306586340978904e-19
5.498300000000000000e+04 1.236076801060507080e+01 5.326268177241050061e+00 1.143383206421574805e+01 8.960306577610746169e-19 1.143383206421574805e+01 8.960306577610746169e-19
5.499200000000000000e+04 4.536841142166627350e+01 5.326268177241050061e+00 3.733751665722944324e+01 4.563436508517902723e+00 3.733751665722944324e+01 4.563436508517902723e+00
5.499500000000000000e+04 5.118164042988801299e+01 5.326268177241050061e+00 4.526446668391263017e+01 9.147065651372599859e+00 4.526446668391263017e+01 9.147065651372599859e+00
5.499600000000000000e+04 4.672951224823052740e+01 5.326268177241050061e+00 4.750204251648135312e+01 1.102479628531949452e+01 4.750204251648135312e+01 1.102479628531949452e+01
5.499800000000000000e+04 6.606920708162121514e+01 5.326268177241050061e+00 5.147680622435078135e+01 1.528761230289747708e+01 5.091672227927872996e+01 1.528761230289747708e+01
5.500200000000000000e+04 8.105182574962638853e+01 5.326268177241050061e+00 5.677773260282739187e+01 2.507244594133692317e+01 5.381775602163734362e+01 2.507244594133692317e+01
5.500700000000000000e+04 9.628071418218679867e+01 5.326268177241050061e+00 5.783790634504742911e+01 3.746449378494080662e+01 5.210622193247517231e+01 3.621157334713011267e+01
5.501100000000000000e+04 9.979497776022542155e+01 5.326268177241050061e+00 5.526581345338557583e+01 4.891901688700815498e+01 4.789065290588005297e+01 4.170419171952954684e+01
5.501600000000000000e+04 1.035376963186123618e+02 5.326268177241050061e+00 4.874218549373227916e+01 5.778317805108870431e+01 4.031611703369087962e+01 4.292955278684152631e+01
5.502200000000000000e+04 1.041115623044334342e+02 5.326268177241050061e+00 4.041420660154310696e+01 6.107369297866939917e+01 3.169741694238675578e+01 3.931107941469451816e+01
5.502800000000000000e+04 9.342500363939829811e+01 5.326268177241050061e+00 3.530406356036009896e+01 5.680379625578912339e+01 2.632666932167046880e+01 3.225289362695270512e+01
5.503000000000000000e+04 8.896273298693532183e+01 5.326268177241050061e+00 3.411214213300389275e+01 5.445564402091522993e+01 2.502725028100064719e+01 2.975067964429372225e+01
5.503300000000000000e+04 8.219291579724523444e+01 5.326268177241050061e+00 3.230154937369837853e+01 5.088189022765556047e+01 2.313864568316503068e+01 2.630642654723170537e+01
5.503800000000000000e+04 8.478622283896768863e+01 5.326268177241050061e+00 2.833959738329158284e+01 4.693269041852990853e+01 1.953108020902245556e+01 2.227253721456430569e+01
5.504200000000000000e+04 8.698431745448897345e+01 5.326268177241050061e+00 2.477038792813730339e+01 4.496095458481205043e+01 1.656882135661357935e+01 2.002180022480052202e+01
5.504400000000000000e+04 6.221213528632988243e+01 5.326268177241050061e+00 2.301372471478488535e+01 4.408106029982770480e+01 1.517055024046465839e+01 1.904313992562109448e+01
5.504600000000000000e+04 5.795239588804280828e+01 5.326268177241050061e+00 2.139985906347408573e+01 4.279563473466398449e+01 1.390504162668881349e+01 1.795118906655368463e+01
5.505000000000000000e+04 5.878761257145734476e+01 5.326268177241050061e+00 1.881278301265518493e+01 3.941215737539060626e+01 1.188425964160150627e+01 1.562486416721796978e+01
5.505600000000000000e+04 5.258472980993285262e+01 5.326268177241050061e+00 1.640891070963809995e+01 3.313248172517481294e+01 9.950825172612551839e+00 1.213644019237172778e+01
5.505900000000000000e+04 4.514747621308146819e+01 5.326268177241050061e+00 1.546708756155944187e+01 3.023732779768050705e+01 9.195652533626304859e+00 1.067024059484808518e+01
5.506300000000000000e+04 4.487551012110688475e+01 5.326268177241050061e+00 1.444228363628598011e+01 2.734818451367424785e+01 8.367487622413662507e+00 9.201327136018521813e+00
5.506500000000000000e+04 3.328864420296868332e+01 5.326268177241050061e+00 1.400176805036763739e+01 2.632424489184733218e+01 8.010164788539839265e+00 8.655305087080730431e+00
5.506700000000000000e+04 4.705256745389365847e+01 5.326268177241050061e+00 1.357617597322936476e+01 2.546349374276670119e+01 7.670155917078735897e+00 8.186039266625957822e+00
5.507000000000000000e+04 3.557569815617601705e+01 5.326268177241050061e+00 1.298242149794489109e+01 2.425762933612892880e+01 7.200455628366551508e+00 7.546549693917661727e+00
5.507400000000000000e+04 3.350558455544820191e+01 5.326268177241050061e+00 1.219704921970799916e+01 2.297140095490405187e+01 6.603708294373577203e+00 6.851408063381070335e+00
5.507900000000000000e+04 3.649947600608575726e+01 5.326268177241050061e+00 1.110854970305285683e+01 2.163474858594896943e+01 5.840457257125583723e+00 6.136124733662989605e+00
5.508300000000000000e+04 2.771840059298965642e+01 5.326268177241050061e+00 1.003192048306659601e+01 2.067203499933516753e+01 5.155149271873892936e+00 5.641623000746457173e+00
5.509100000000000000e+04 2.890904868794750371e+01 5.326268177241050061e+00 7.031757671218587191e+00 1.841379364026554200e+01 3.457107999615824934e+00 4.672365805700467334e+00
