5.497500000000000000e+04 -3.500196268575911152e+00 1.094793539149891970e+01 9.676860811788584593e-01 1.458879094187306028e-18 9.676860811788584593e-01 1.458879094187306028e-18
5.497600000000000000e+04 -9.265011412790403966e+00 1.094793539149891970e+01 2.014654457448330049e+00 1.458879030790155216e-18 2.014654457448330049e+00 1.458879030790155216e-18
5.497900000000000000e+04 -4.068924299382524090e+00 1.094793539149891970e+01 7.421511495175619366e+00 1.458878766632481191e-18 7.421511495175619366e+00 1.458878766632481191e-18
5.498000000000000000e+04 1.594820253650811637e+01 1.094793539149891970e+01 1.010928248076253944e+01 1.458878646401056061e-18 1.010928248076253944e+01 1.458878646401056061e-18
5.498100000000000000e+04 3.513924808694125090e+01 1.094793539149891970e+01 1.326427468792255127e+01 1.458878505308197166e-18 1.326427468792255127e+01 1.458878505308197166e-18
5.498200000000000000e+04 1.392115053707893679e+01 1.094793539149891970e+01 1.681188057541250913e+01 1.458878339734227992e-18 1.681188057541250913e+01 1.458878339734227992e-18
5.498400000000000000e+04 2.636792395593138139e+01 1.094793539149891970e+01 2.504964300095078400e+01 1.458877917415035206e-18 2.504964300095078400e+01 1.458877917415035206e-18
5.498500000000000000e+04 3.475807635513592686e+01 1.094793539149891970e+01 2.982457128805857849e+01 1.458877649835416619e-18 2.982457128805857849e+01 1.458877649835416619e-18
5.498700000000000000e+04 3.557232115913584636e+01 1.094793539149891970e+01 4.097582893337165899e+01 1.458876967336947338e-18 4.097582893337165899e+01 1.458876967336947338e-18
5.499000000000000000e+04 4.953953316873644042e+01 1.094793539149891970e+01 6.053040193995693841e+01 7.741488649430867675e-01 6.053040193995693841e+01 7.741488649430867675e-01
5.499200000000000000e+04 9.115935150500705220e+01 1.094793539149891970e+01 7.440742163840896239e+01 2.753478662916496678e+00 7.440742163840896239e+01 2.753478662916496678e+00
5.499300000000000000e+04 9.319343774687170878e+01 1.094793539149891970e+01 8.115791156796579742e+01 4.184087600156392028e+00 8.115791156796579742e+01 4.184087600156392028e+00
5.499400000000000000e+04 9.470589610449258089e+01 1.094793539149891970e+01 8.659722275531558466e+01 5.937209196140496026e+00 8.659722275531558466e+01 5.937209196140496026e+00
5.499600000000000000e+04 9.677404166547566433e+01 1.094793539149891970e+01 9.298895886639343189e+01 1.061141975033804385e+01 9.298895886639343189e+01 1.061141975033804385e+01
5.499700000000000000e+04 1.049379877372973056e+02 1.094793539149891970e+01 1.007174840232974731e+02 1.344950446033000979e+01 9.534931745081652821e+01 1.344950446033000979e+01
5.499800000000000000e+04 1.251662020034490723e+02 1.094793539149891970e+01 1.082079103450156765e+02 1.657394882118942192e+01 9.725679520493949326e+01 1.657394882118942192e+01
5.500000000000000000e+04 1.429080495252567005e+02 1.094793539149891970e+01 1.218170292546442397e+02 2.385965703044686492e+01 9.942624000542298290e+01 2.385965703044686492e+01
5.500200000000000000e+04 1.700516305497829421e+02 1.094793539149891970e+01 1.329470305350309332e+02 3.278066314669732861e+01 9.937735874946248771e+01 3.278066314669732861e+01
5.500300000000000000e+04 1.766651608718012767e+02 1.094793539149891970e+01 1.370248230967384302e+02 3.790067896713478035e+01 9.828909195663038645e+01 3.790067896713478035e+01
5.500400000000000000e+04 1.849507553548210694e+02 1.094793539149891970e+01 1.400189892995651064e+02 4.317674359126633732e+01 9.653818898204983157e+01 4.317674359126633732e+01
5.500500000000000000e+04 1.946702292986226155e+02 1.094793539149891970e+01 1.421957083368124017e+02 4.842432155196556209e+01 9.437559456880096320e+01 4.842432155196556209e+01
5.500900000000000000e+04 2.091323861733914953e+02 1.094793539149891970e+01 1.429706504457306266e+02 6.927777820425247057e+01 8.255133116561614770e+01 6.927777820425247057e+01
5.501200000000000000e+04 2.166916916534288191e+02 1.094793539149891970e+01 1.357667735721228723e+02 8.270981192953630057e+01 7.142612246008147281e+01 7.627945396065322825e+01
5.501300000000000000e+04 2.007321019031984974e+02 1.094793539149891970e+01 1.324079406411986497e+02 8.655076718877977271e+01 6.765517379857884350e+01 7.780543616395159745e+01
5.501400000000000000e+04 2.246566966378294126e+02 1.094793539149891970e+01 1.280902633054828357e+02 8.997115175303058265e+01 6.361888512242121152e+01 7.888746317670370445e+01
5.501600000000000000e+04 2.149861328408939585e+02 1.094793539149891970e+01 1.178599088452674835e+02 9.547575055605254590e+01 5.543739832797152900e+01 7.978252741376498136e+01
5.501700000000000000e+04 2.092822432709064344e+02 1.094793539149891970e+01 1.137203392801227295e+02 9.737391119707334042e+01 5.211031447560955598e+01 7.950188699956999017e+01
5.501800000000000000e+04 1.950991358628868682e+02 1.094793539149891970e+01 1.101912322852155910e+02 9.851712264996979229e+01 4.922327896239417555e+01 7.863127356530432621e+01
5.501900000000000000e+04 1.965867052260690571e+02 1.094793539149891970e+01 1.068581916915459686e+02 9.893233606880470177e+01 4.656333247267679099e+01 7.723055118563988231e+01
5.502000000000000000e+04 2.050348979642035090e+02 1.094793539149891970e+01 1.032275071117537237e+02 9.883767268001388118e+01 4.390417961541074021e+01 7.550047565504078761e+01
5.502100000000000000e+04 2.109728658827261540e+02 1.094793539149891970e+01 9.912403252710180368e+01 9.834505126651680484e+01 4.117301454915962466e+01 7.354550648109243127e+01
5.502200000000000000e+04 2.018132995732310633e+02 1.094793539149891970e+01 9.483523463853184410e+01 9.741988866481274556e+01 3.849145005216814042e+01 7.135419956406119013e+01
5.502500000000000000e+04 1.704713440063255803e+02 1.094793539149891970e+01 8.258936107957680406e+01 9.141291289368841433e+01 3.137059333747742329e+01 6.306078428096606103e+01
5.502900000000000000e+04 1.430663508824732446e+02 1.094793539149891970e+01 6.762269535468655590e+01 7.949815884897755325e+01 2.366167303078713857e+01 5.089510809793696922e+01
5.503100000000000000e+04 1.460007979964855167e+02 1.094793539149891970e+01 6.086013041006714985e+01 7.176703837945882469e+01 2.048817721261307412e+01 4.434991866237722746e+01
5.503200000000000000e+04 1.130086483442144925e+02 1.094793539149891970e+01 5.772802842771708498e+01 6.863136857695681670e+01 1.907229695642826428e+01 4.168825158048764479e+01
5.503300000000000000e+04 1.244979812560741124e+02 1.094793539149891970e+01 5.524021432341789506e+01 6.593556663570623755e+01 1.791710107470335345e+01 3.937862316991534328e+01
5.503400000000000000e+04 1.096986761249951883e+02 1.094793539149891970e+01 5.310459495209928349e+01 6.341925882778580359e+01 1.691552365168480421e+01 3.725066597814144131e+01
5.503500000000000000e+04 9.992263110698665685e+01 1.094793539149891970e+01 5.103131934304351347e+01 6.078445859394387440e+01 1.596874529619285887e+01 3.512334369232860354e+01
5.503600000000000000e+04 1.154698752620649174e+02 1.094793539149891970e+01 4.918220338091001054e+01 5.792878455008564487e+01 1.512367877641758973e+01 3.293841163932770399e+01
5.503700000000000000e+04 8.560943843176023904e+01 1.094793539149891970e+01 4.746711253334140679e+01 5.502121836257123277e+01 1.434788638676704053e+01 3.079316004173451304e+01
5.503900000000000000e+04 1.125887045322459699e+02 1.094793539149891970e+01 4.386177472490541618e+01 4.951031548135009075e+01 1.282170619571031622e+01 2.686398018521436981e+01
5.504000000000000000e+04 6.969724988186064252e+01 1.094793539149891970e+01 4.210760137553040039e+01 4.695801375500321484e+01 1.210962883225882791e+01 2.509647466998194432e+01
5.504200000000000000e+04 8.505401115946352775e+01 1.094793539149891970e+01 3.882523868853088089e+01 4.210294013339333929e+01 1.081543224929825442e+01 2.184555602832633170e+01
5.504400000000000000e+04 7.758526713151812260e+01 1.094793539149891970e+01 3.570367595803113403e+01 3.754634276525303704e+01 9.643386980885679804e+00 1.892933842462971228e+01
5.504500000000000000e+04 5.206984213557481667e+01 1.094793539149891970e+01 3.413110679970237271e+01 3.543776160319239210e+01 9.080561577061848411e+00 1.761670391886676512e+01
5.504600000000000000e+04 6.699511750592721171e+01 1.094793539149891970e+01 3.250850858516157871e+01 3.343178804845351237e+01 8.521234229400151960e+00 1.639054177009046143e+01
5.504700000000000000e+04 8.435698746374220036e+01 1.094793539149891970e+01 3.081572720243602603e+01 3.155015651720189851e+01 7.960046289989414880e+00 1.525783756514261391e+01
5.504800000000000000e+04 6.705179844211490092e+01 1.094793539149891970e+01 2.909972381117184170e+01 3.004196171397661175e+01 7.409034476823465276e+00 1.433368085976268347e+01
5.505000000000000000e+04 4.221472012673053342e+01 1.094793539149891970e+01 2.540556463125815156e+01 2.749306940154932377e+01 6.288194800073795498e+00 1.277499623695428888e+01
5.505200000000000000e+04 5.204908018746819920e+01 1.094793539149891970e+01 2.146071697922408106e+01 2.534755000631812649e+01 5.167770414954748759e+00 1.147830910941363491e+01
5.505400000000000000e+04 4.752111851943456600e+01 1.094793539149891970e+01 1.773266531917983002e+01 2.322780294414880942e+01 4.157327640826142812e+00 1.025736495656825298e+01
5.505600000000000000e+04 5.806979755496374196e+01 1.094793539149891970e+01 1.451534822466905972e+01 2.125111431287098540e+01 3.315520380235053022e+00 9.157200117581325571e+00
5.505800000000000000e+04 2.279425225781400144e+01 1.094793539149891970e+01 1.180950317363293145e+01 1.942977253372844615e+01 2.629827455937498115e+00 8.174417322448755741e+00
5.506000000000000000e+04 3.731087804954902509e+01 1.094793539149891970e+01 9.482079038675969684e+00 1.767513149851934884e+01 2.059888564189253035e+00 7.264449261649479794e+00
5.506100000000000000e+04 2.393077463328760857e+01 1.094793539149891970e+01 8.461461567555799590e+00 1.677796934831972209e+01 1.815959130283463896e+00 6.816987383520122457e+00
5.506200000000000000e+04 1.760144043442656425e+01 1.094793539149891970e+01 7.530249544187156197e+00 1.585195458373652500e+01 1.596812745279095003e+00 6.368037031991533148e+00
5.506400000000000000e+04 2.876716530840255359e+01 1.094793539149891970e+01 5.899906667583375786e+00 1.397050520391344186e+01 1.221917543613490142e+00 5.488314753059690076e+00
5.506500000000000000e+04 7.568881755280457924e+00 1.094793539149891970e+01 5.192616570419675170e+00 1.294663850997593890e+01 1.063036946060080368e+00 5.030555840059037109e+00
5.506700000000000000e+04 2.762964418710474135e+01 1.094793539149891970e+01 3.993015087425249465e+00 1.087216210979840092e+01 7.990344961129509649e-01 4.134216331963799895e+00
5.506800000000000000e+04 3.060161887845041662e+01 1.094793539149891970e+01 3.486116736920612524e+00 9.887877943199926634e+00 6.898283870746817481e-01 3.720184334700300077e+00
5.506900000000000000e+04 2.498065801684617782e+00 1.094793539149891970e+01 3.030619326182967477e+00 8.933265634607217009e+00 5.930877954916861095e-01 3.325862112660915137e+00
5.507100000000000000e+04 1.230302020132194585e+01 1.094793539149891970e+01 2.269430188555907613e+00 7.273455989344450145e+00 4.345486239456022304e-01 2.652416304188042862e+00
5.507300000000000000e+04 2.079360345698896495e+01 1.094793539149891970e+01 1.685630494679967395e+00 5.887447322156397433e+00 3.159510589642119949e-01 2.103861964749998759e+00
5.507400000000000000e+04 1.679970640465560194e+01 1.094793539149891970e+01 1.449856070823029031e+00 5.269951134544777815e+00 2.689201451984696289e-01 1.864479439074748779e+00
5.507500000000000000e+04 -2.277858461754629360e-01 1.094793539149891970e+01 1.242585496790556077e+00 4.704126316267713825e+00 2.280935985444418612e-01 1.647910851351402695e+00
5.507800000000000000e+04 1.086609813875836039e+01 1.094793539149891970e+01 7.756789375626312877e-01 3.290859299806288885e+00 1.381047141620609098e-01 1.119758855288131238e+00
5.508000000000000000e+04 -1.689709127797610222e+01 1.094793539149891970e+01 5.643124509315549098e-01 2.547121565715637637e+00 9.849760017656127020e-02 8.504295568480645384e-01
5.508100000000000000e+04 7.922607195907879429e+00 1.094793539149891970e+01 4.812805878463328191e-01 2.231316850392007556e+00 8.318738014801362046e-02 7.380645840142919800e-01
5.508200000000000000e+04 6.847096358790664361e+00 1.094793539149891970e+01 4.099367083052468108e-01 1.950475166391558046e+00 7.017301316464903682e-02 6.392275968903607941e-01
5.508400000000000000e+04 1.272574765618143466e+01 1.094793539149891970e+01 2.969128366737277536e-01 1.474416259592332024e+00 4.986444254227592049e-02 4.744702363933489542e-01
5.508500000000000000e+04 5.231984164289603001e+00 1.094793539149891970e+01 2.526154639548865433e-01 1.274580194565071434e+00 4.202762805578161287e-02 4.064868588356523871e-01
5.508800000000000000e+04 -1.184811590412850002e+00 1.094793539149891970e+01 1.568669336761179534e-01 8.138646518070929980e-01 2.538464199561750803e-02 2.527608471713695959e-01
5.508900000000000000e+04 1.974120239511719221e+00 1.094793539149891970e+01 1.338010944307850836e-01 6.987621052837036384e-01 2.145658115601357940e-02 2.151361161587757309e-01
5.509000000000000000e+04 -6.885527438954673229e+00 1.094793539149891970e+01 1.141301762307426332e-01 5.978059505531569950e-01 1.813835800367798873e-02 1.824748788355535223e-01
5.509100000000000000e+04 1.004037291518853081e+01 1.094793539149891970e+01 9.737816523216560882e-02 5.101653013540896620e-01 1.533876746194622574e-02 1.543990379983322947e-01
5.509300000000000000e+04 8.122997010694655629e+00 1.094793539149891970e+01 7.076601919782882222e-02 3.712696651761516198e-01 1.095262713745783802e-02 1.104837713296487195e-01
5.509500000000000000e+04 1.484276837577619013e+01 1.094793539149891970e+01 5.147209957729510788e-02 2.692215206105914027e-01 7.830004347216196550e-03 7.879808014124903282e-02
5.509600000000000000e+04 1.385841082308553407e+00 1.094793539149891970e+01 4.386956887788717036e-02 2.292444547166900548e-01 6.616827885050855125e-03 6.654990411841091302e-02
5.509700000000000000e+04 -7.055922325328334743e+00 1.094793539149891970e+01 3.739503886430139978e-02 1.949574720945545514e-01 5.592785077591702451e-03 5.613841053171924472e-02
5.509800000000000000e+04 3.287599444164349904e+00 1.094793539149891970e+01 3.189839657044741400e-02 1.656736504557853040e-01 4.730874821351913062e-03 4.732315988911003218e-02
5.509900000000000000e+04 -3.221674158670097210e+00 1.094793539149891970e+01 2.718509534479339115e-02 1.407772941853533966e-01 3.998454947828823484e-03 3.989155403382074055e-02
5.510100000000000000e+04 -6.298677192025886384e+00 1.094793539149891970e+01 1.974694033089585687e-02 1.017798567688898426e-01 2.857113554350843541e-03 2.838889232647826000e-02
5.510400000000000000e+04 7.478533884892695660e+00 1.094793539149891970e+01 1.222710364858446176e-02 6.298793964159347947e-02 1.726894476100850886e-03 1.716526492481086630e-02
5.510700000000000000e+04 -3.544861754906510498e+01 1.094793539149891970e+01 7.521370973878796495e-03 3.893371375380859367e-02 1.037530654529236849e-03 1.037181356327150986e-02
5.510800000000000000e+04 -1.423114528853352878e+00 1.094793539149891970e+01 6.398173033286751882e-03 3.313739245692143981e-02 8.757902202812570909e-04 8.762101709966271107e-03
5.510900000000000000e+04 -1.033175638356446058e+01 1.094793539149891970e+01 5.438738439436972306e-03 2.821485199209019384e-02 7.387683124515371895e-04 7.405472963803201060e-03
5.511000000000000000e+04 -7.846358090193426005e-01 1.094793539149891970e+01 4.622271847984409966e-03 2.404187174804038943e-02 6.230988444615148105e-04 6.264003477772957240e-03
5.511100000000000000e+04 2.635490386954575825e+01 1.094793539149891970e+01 3.930534049939267416e-03 2.046558397534689600e-02 5.258591276927242816e-04 5.293462308040685488e-03
5.511400000000000000e+04 -2.233404039724262802e+01 1.094793539149891970e+01 2.415711267348778172e-03 1.263671701711821527e-02 3.160519228810185948e-04 3.198763958263059048e-03
