5.497500000000000000e+04 -4.116983484815789573e+00 1.245928821261053621e+01 9.676860811788584593e-01 2.279498899048011058e-18 9.676860811788584593e-01 2.279498899048011058e-18
5.497600000000000000e+04 -1.082215933379651140e+01 1.245928821261053621e+01 2.014654457448330049e+00 2.279498854538347167e-18 2.014654457448330049e+00 2.279498854538347167e-18
5.497900000000000000e+04 -5.655168822472433909e+00 1.245928821261053621e+01 7.421511495175619366e+00 2.279498669079372028e-18 7.421511495175619366e+00 2.279498669079372028e-18
5.498000000000000000e+04 1.675426029835320563e+01 1.245928821261053621e+01 1.010928248076253944e+01 2.279498584667664851e-18 1.010928248076253944e+01 2.279498584667664851e-18
5.498100000000000000e+04 3.815906886374454388e+01 1.245928821261053621e+01 1.326427468792255127e+01 2.279498485609617514e-18 1.326427468792255127e+01 2.279498485609617514e-18
5.498200000000000000e+04 1.352208780586296655e+01 1.245928821261053621e+01 1.681188057541250913e+01 2.279498369363932715e-18 1.681188057541250913e+01 2.279498369363932715e-18
5.498400000000000000e+04 2.654991147860846112e+01 1.245928821261053621e+01 2.504964300095078400e+01 2.279498072863251428e-18 2.504964300095078400e+01 2.279498072863251428e-18
5.498500000000000000e+04 3.543914237666959366e+01 1.245928821261053621e+01 2.982457128805857849e+01 2.279497885001649794e-18 2.982457128805857849e+01 2.279497885001649794e-18
5.498700000000000000e+04 3.482637167857613747e+01 1.245928821261053621e+01 4.097582893337165899e+01 2.279497405834730840e-18 4.097582893337165899e+01 2.279497405834730840e-18
5.499000000000000000e+04 4.714123399974143069e+01 1.245928821261053621e+01 6.053040193995693841e+01 2.279496327867838250e-18 6.053040193995693841e+01 2.279496327867838250e-18
5.499200000000000000e+04 9.033834667951433062e+01 1.245928821261053621e+01 7.440742163840896239e+01 2.279495261463979831e-18 7.440742163840896239e+01 2.279495261463979831e-18
5.499300000000000000e+04 9.010062172569924144e+01 1.245928821261053621e+01 8.115791156796579742e+01 7.387410742324164448e-03 8.115791156796579742e+01 7.387410742324164448e-03
5.499400000000000000e+04 8.945595988457228032e+01 1.245928821261053621e+01 8.659722275531558466e+01 3.875042658400934537e-01 8.659722275531558466e+01 3.875042658400934537e-01
5.499600000000000000e+04 8.773857019390466405e+01 1.245928821261053621e+01 9.298895886639343189e+01 2.518318071810412118e+00 9.298895886639343189e+01 2.518318071810412118e+00
5.499700000000000000e+04 9.471697184440849071e+01 1.245928821261053621e+01 1.009177175899442176e+02 4.302310410807026031e+00 9.534931745081652821e+01 4.302310410807026031e+00
5.499800000000000000e+04 1.155914267869293184e+02 1.245928821261053621e+01 1.086163888848764287e+02 6.537636875244362322e+00 9.725679520493949326e+01 6.537636875244362322e+00
5.500000000000000000e+04 1.321379681499629442e+02 1.245928821261053621e+01 1.226522096706897997e+02 1.263660310095317385e+01 9.942624000542298290e+01 1.263660310095317385e+01
5.500200000000000000e+04 1.601348885120929708e+02 1.245928821261053621e+01 1.341991852552741307e+02 2.101485071926563819e+01 9.937735874946248771e+01 2.101485071926563819e+01
5.500300000000000000e+04 1.663462849530199037e+02 1.245928821261053621e+01 1.384696727485008978e+02 2.589679503310846798e+01 9.828909195663038645e+01 2.589679503310846798e+01
5.500400000000000000e+04 1.749501863922875486e+02 1.245928821261053621e+01 1.416408308744635178e+02 3.131205375118847201e+01 9.653818898204983157e+01 3.131205375118847201e+01
5.500500000000000000e+04 1.858694470489998025e+02 1.245928821261053621e+01 1.439794070741627365e+02 3.728071411007321956e+01 9.437559456880096320e+01 3.728071411007321956e+01
5.500900000000000000e+04 2.091417542567962755e+02 1.245928821261053621e+01 1.452243017865519050e+02 6.746366186135364273e+01 8.255133116561614770e+01 6.746366186135364273e+01
5.501200000000000000e+04 2.291446714656785559e+02 1.245928821261053621e+01 1.381666912867816279e+02 9.300927704801119944e+01 7.142612246008147281e+01 9.300927704801119944e+01
5.501300000000000000e+04 2.155278470126627610e+02 1.245928821261053621e+01 1.348232303458079002e+02 1.014473894599572503e+02 6.765517379857884350e+01 1.014473894599572503e+02
5.501400000000000000e+04 2.462473399893848125e+02 1.245928821261053621e+01 1.304950571631103458e+02 1.082465284441444737e+02 6.361888512242121152e+01 1.082465284441444737e+02
5.501600000000000000e+04 2.443703275657121878e+02 1.245928821261053621e+01 1.201882795750422872e+02 1.223037281490239678e+02 5.543739832797152900e+01 1.162361985829917899e+02
5.501700000000000000e+04 2.424752122051856986e+02 1.245928821261053621e+01 1.160184041484970976e+02 1.285189612590193349e+02 5.211031447560955598e+01 1.191866468135206389e+02
5.501800000000000000e+04 2.312403937962813814e+02 1.245928821261053621e+01 1.124653477732781965e+02 1.342630057804189789e+02 4.922327896239417555e+01 1.215709940061743595e+02
5.501900000000000000e+04 2.379801065376141764e+02 1.245928821261053621e+01 1.091072006499762495e+02 1.393473080019742554e+02 4.656333247267679099e+01 1.232616612135995240e+02
5.502000000000000000e+04 2.525654493980818813e+02 1.245928821261053621e+01 1.054402777643704496e+02 1.437454864878402816e+02 4.390417961541074021e+01 1.242828000067787144e+02
5.502100000000000000e+04 2.640892005393141631e+02 1.245928821261053621e+01 1.012856157909326811e+02 1.474356174566559901e+02 4.117301454915962466e+01 1.246601990840077718e+02
5.502200000000000000e+04 2.579737309523027875e+02 1.245928821261053621e+01 9.693686781138021047e+01 1.501591890704378045e+02 3.849145005216814042e+01 1.242216984368281061e+02
5.502500000000000000e+04 2.323199931922763710e+02 1.245928821261053621e+01 8.449983021382919901e+01 1.518385347118796744e+02 3.137059333747742329e+01 1.179694932110012076e+02
5.502900000000000000e+04 2.082359470146397200e+02 1.245928821261053621e+01 6.926244929572011699e+01 1.435877216461935859e+02 2.366167303078713857e+01 1.031891639570201704e+02
5.503100000000000000e+04 2.131166378147631519e+02 1.245928821261053621e+01 6.236601143519420276e+01 1.355307794605342906e+02 2.048817721261307412e+01 9.387738412449559178e+01
5.503200000000000000e+04 1.752037298341294047e+02 1.245928821261053621e+01 5.916989407762305575e+01 1.312276434897846968e+02 1.907229695642826428e+01 8.928265307510184812e+01
5.503300000000000000e+04 1.869199183002090479e+02 1.245928821261053621e+01 5.663237307692235589e+01 1.265067181066176119e+02 1.791710107470335345e+01 8.456896724822354372e+01
5.503400000000000000e+04 1.677219952768172391e+02 1.245928821261053621e+01 5.445445373950371248e+01 1.210349289454063495e+02 1.691552365168480421e+01 7.952360640302650552e+01
5.503500000000000000e+04 1.536616256613811231e+02 1.245928821261053621e+01 5.233915958280171310e+01 1.148574513347891610e+02 1.596874529619285887e+01 7.419252718480018416e+01
5.503600000000000000e+04 1.690523573098267036e+02 1.245928821261053621e+01 5.045259239812908447e+01 1.090869405598659654e+02 1.512367877641758973e+01 6.929674790996440947e+01
5.503700000000000000e+04 1.337336271943032102e+02 1.245928821261053621e+01 4.870246555124204235e+01 1.042401703191474525e+02 1.434788638676704053e+01 6.513789309451193787e+01
5.503900000000000000e+04 1.630714094115615183e+02 1.245928821261053621e+01 4.501957479437805887e+01 9.618238363887299158e+01 1.282170619571031622e+01 5.820416559084598873e+01
5.504000000000000000e+04 1.133063249756916946e+02 1.245928821261053621e+01 4.322653107963110841e+01 9.212194487803560605e+01 1.210962883225882791e+01 5.488022451926343592e+01
5.504200000000000000e+04 1.278416614830724427e+02 1.245928821261053621e+01 3.987000944381308898e+01 8.327625218786576511e+01 1.081543224929825442e+01 4.811431256521017019e+01
5.504400000000000000e+04 1.164508247888237804e+02 1.245928821261053621e+01 3.667572936570441300e+01 7.484136979724564753e+01 9.643386980885679804e+00 4.197496903939745039e+01
5.504500000000000000e+04 8.609142069090118810e+01 1.245928821261053621e+01 3.506549658598203933e+01 7.094067550853800697e+01 9.080561577061848411e+00 3.921324167184678089e+01
5.504600000000000000e+04 1.017814269346962419e+02 1.245928821261053621e+01 3.340323817924858929e+01 6.717775079241226877e+01 8.521234229400151960e+00 3.660513883631880816e+01
5.504700000000000000e+04 1.202282253656812259e+02 1.245928821261053621e+01 3.166824816009389210e+01 6.353302099300592687e+01 7.960046289989414880e+00 3.413368129425988684e+01
5.504800000000000000e+04 9.891477600141162441e+01 1.245928821261053621e+01 2.990879037604096169e+01 6.000388859954185250e+01 7.409034476823465276e+00 3.179182399043226326e+01
5.505000000000000000e+04 6.734945044162213890e+01 1.245928821261053621e+01 2.611864592158651632e+01 5.338962331411558893e+01 6.288194800073795498e+00 2.752609987322931318e+01
5.505200000000000000e+04 7.551800096761854775e+01 1.245928821261053621e+01 2.206844678002276083e+01 4.748525134726727259e+01 5.167770414954748759e+00 2.384037119553533302e+01
5.505400000000000000e+04 6.892453299119414112e+01 1.245928821261053621e+01 1.823902782583245497e+01 4.321916293005467224e+01 4.157327640826142812e+00 2.114440456460600615e+01
5.505600000000000000e+04 7.994321384417862930e+01 1.245928821261053621e+01 1.493310379257867737e+01 3.962781931390819778e+01 3.315520380235053022e+00 1.890459847052198938e+01
5.505800000000000000e+04 3.902714720033779372e+01 1.245928821261053621e+01 1.215190670839599285e+01 3.648609197740707799e+01 2.629827455937498115e+00 1.698291378579737554e+01
5.506000000000000000e+04 5.462486192559416764e+01 1.245928821261053621e+01 9.758928061703006307e+00 3.331056151033596535e+01 2.059888564189253035e+00 1.513703604032353489e+01
5.506100000000000000e+04 3.907992720769732387e+01 1.245928821261053621e+01 8.709339988839492008e+00 3.185990234659114861e+01 1.815959130283463896e+00 1.430812518372081854e+01
5.506200000000000000e+04 3.162903198385985348e+01 1.245928821261053621e+01 7.751567790682838854e+00 3.045625721402388564e+01 1.596812745279095003e+00 1.351929031162281980e+01
5.506400000000000000e+04 4.398434763049205998e+01 1.245928821261053621e+01 6.074396492811381165e+00 2.778500873867686138e+01 1.221917543613490142e+00 1.205423372610709798e+01
5.506500000000000000e+04 1.977666795316828896e+01 1.245928821261053621e+01 5.346650623903781430e+00 2.645962136536109810e+01 1.063036946060080368e+00 1.135070197132731273e+01
5.506700000000000000e+04 4.235271442983061974e+01 1.245928821261053621e+01 4.112151130795689724e+00 2.371397290366471822e+01 7.990344961129509649e-01 9.950057862486769267e+00
5.506800000000000000e+04 4.551046089309008380e+01 1.245928821261053621e+01 3.590418789046303516e+00 2.231415958557306922e+01 6.898283870746817481e-01 9.261293096029330485e+00
5.506900000000000000e+04 1.323458282611451153e+01 1.245928821261053621e+01 3.121539685231842221e+00 2.088561028293261401e+01 5.930877954916861095e-01 8.575491801655763524e+00
5.507100000000000000e+04 2.325370129826216825e+01 1.245928821261053621e+01 2.337871596827339804e+00 1.777466161142717027e+01 4.345486239456022304e-01 7.145018133789109882e+00
5.507300000000000000e+04 3.154622762037175931e+01 1.245928821261053621e+01 1.736719780914480538e+00 1.476390029953951633e+01 3.159510589642119949e-01 5.812788022969217927e+00
5.507400000000000000e+04 2.629995398851487209e+01 1.245928821261053621e+01 1.493905190606538813e+00 1.333462840794985027e+01 2.689201451984696289e-01 5.196659551032679403e+00
5.507500000000000000e+04 6.274205419413108054e+00 1.245928821261053621e+01 1.280426224789079193e+00 1.202066080777441925e+01 2.280935985444418612e-01 4.637421707408826421e+00
5.507800000000000000e+04 1.731605776358563276e+01 1.245928821261053621e+01 7.994605693413380232e-01 8.778364047919367863e+00 1.381047141620609098e-01 3.287284319921872644e+00
5.508000000000000000e+04 -1.517868137375698012e+01 1.245928821261053621e+01 5.816874276027002022e-01 7.010315756077075022e+00 9.849760017656127020e-02 2.574860705236566183e+00
5.508100000000000000e+04 1.266478511973670251e+01 1.245928821261053621e+01 4.961295352027533245e-01 6.239408576762697223e+00 8.318738014801362046e-02 2.269948912854329759e+00
5.508200000000000000e+04 1.106722227987289742e+01 1.245928821261053621e+01 4.226099544827823240e-01 5.538545007000541531e+00 7.017301316464903682e-02 1.996015931598868809e+00
5.508400000000000000e+04 1.709074528210630461e+01 1.245928821261053621e+01 3.061277856555403298e-01 4.317951119744170896e+00 4.986444254227592049e-02 1.527396929516862567e+00
5.508500000000000000e+04 8.267890106291011065e+00 1.245928821261053621e+01 2.604704276385121364e-01 3.791188388505020601e+00 4.202762805578161287e-02 1.328796182575100682e+00
5.508800000000000000e+04 2.363609044185892571e-01 1.245928821261053621e+01 1.617712465096712848e-01 2.527703667338402571e+00 2.538464199561750803e-02 8.622854838433522406e-01
5.508900000000000000e+04 3.629710990600829135e+00 1.245928821261053621e+01 1.379915647305545445e-01 2.192571443958327038e+00 2.145658115601357940e-02 7.413597443646077201e-01
5.509000000000000000e+04 -6.633585094388504189e+00 1.245928821261053621e+01 1.177106881006686895e-01 1.894990925034456319e+00 1.813835800367798873e-02 6.351357169307066952e-01
5.509100000000000000e+04 1.247028772232163618e+01 1.245928821261053621e+01 1.004382493408238763e-01 1.634826241861348395e+00 1.533876746194622574e-02 5.431857799320026770e-01
5.509300000000000000e+04 1.002357151393044532e+01 1.245928821261053621e+01 7.299706934572898487e-02 1.209263184303150718e+00 1.095262713745783802e-02 3.949388237052650075e-01
5.509500000000000000e+04 1.746781716385950745e+01 1.245928821261053621e+01 5.309995748108135155e-02 8.878828440340581496e-01 7.830004347216196550e-03 2.851169981805523612e-01
5.509600000000000000e+04 2.069165679990129014e+00 1.245928821261053621e+01 4.525910273374784965e-02 7.575685298786922761e-01 6.616827885050855125e-03 2.412484968723941914e-01
5.509700000000000000e+04 -7.609713288314380542e+00 1.245928821261053621e+01 3.858126857925859438e-02 6.461201898841378854e-01 5.592785077591702451e-03 2.040615828835353474e-01
5.509800000000000000e+04 4.100621564712028544e+00 1.245928821261053621e+01 3.291174995718098434e-02 5.511068618637039451e-01 4.730874821351913062e-03 1.726308927025761164e-01
5.509900000000000000e+04 -3.360118417099275057e+00 1.245928821261053621e+01 2.804996115000875714e-02 4.694045046541635569e-01 3.998454947828823484e-03 1.458457370371799289e-01
5.510100000000000000e+04 -6.946029345907739128e+00 1.245928821261053621e+01 2.037693386963021838e-02 3.401012053126352130e-01 2.857113554350843541e-03 1.039842251850170152e-01
5.510400000000000000e+04 8.646704261428549643e+00 1.245928821261053621e+01 1.261876331576413345e-02 2.087450225926025527e-01 1.726894476100850886e-03 6.233055317784489541e-02
5.510700000000000000e+04 -4.025879031364297589e+01 1.245928821261053621e+01 7.763219369449561244e-03 1.285825595307966140e-01 1.037530654529236849e-03 3.751715914299787180e-02
5.510800000000000000e+04 -1.548384337100891628e+00 1.245928821261053621e+01 6.604158893096903453e-03 1.095791533345818886e-01 8.757902202812570909e-04 3.173080249452188417e-02
5.510900000000000000e+04 -1.169740890937518429e+01 1.245928821261053621e+01 5.614048159981721402e-03 9.332271766543655256e-02 7.387683124515371895e-04 2.682072644501697772e-02
5.511000000000000000e+04 -8.413215669920280915e-01 1.245928821261053621e+01 4.771441711348495263e-03 7.948228477211695397e-02 6.230988444615148105e-04 2.267294750459748418e-02
5.511100000000000000e+04 3.003718354977383598e+01 1.245928821261053621e+01 4.057529029277060634e-03 6.771490630669435573e-02 5.258591276927242816e-04 1.917345932743277914e-02
5.511400000000000000e+04 -2.539009984596008351e+01 1.245928821261053621e+01 2.494028933838694437e-03 4.177149593645242825e-02 3.160519228810185948e-04 1.157105150594250030e-02
