5.497600000000000000e+04 -3.703950802179933444e+00 5.641587588036359513e+00 1.164140563987932975e+00 1.400047905447296692e-18 1.164140563987932975e+00 1.400047905447296692e-18
5.497900000000000000e+04 4.161699069136017393e+00 5.641587588036359513e+00 4.289077145657377521e+00 1.400047905330183781e-18 4.289077145657377521e+00 1.400047905330183781e-18
5.498300000000000000e+04 1.241564337300409093e+01 5.641587588036359513e+00 1.143383206421574805e+01 1.400047905054776955e-18 1.143383206421574805e+01 1.400047905054776955e-18
5.499200000000000000e+04 4.101025126383712660e+01 5.641587588036359513e+00 3.733751665722944324e+01 1.400047903178349573e-18 3.733751665722944324e+01 1.400047903178349573e-18
5.499500000000000000e+04 4.184425205787664481e+01 5.641587588036359513e+00 4.526446668391263017e+01 8.895087593276518713e-04 4.526446668391263017e+01 8.895087593276518713e-04
5.499600000000000000e+04 3.522728500668278429e+01 5.641587588036359513e+00 4.750204251648135312e+01 2.209803768185407968e-01 4.750204251648135312e+01 2.209803768185407968e-01
5.499800000000000000e+04 5.206322992241413061e+01 5.641587588036359513e+00 5.134442274642466941e+01 1.455175704984916107e+00 5.091672227927872996e+01 1.455175704984916107e+00
5.500200000000000000e+04 6.236285538940343542e+01 5.641587588036359513e+00 5.607810177454611278e+01 7.130369544559223449e+00 5.381775602163734362e+01 7.130369544559223449e+00
5.500700000000000000e+04 7.795066395186255193e+01 5.641587588036359513e+00 5.648314457480308448e+01 2.043128833678469647e+01 5.210622193247517231e+01 2.043128833678469647e+01
5.501100000000000000e+04 8.414179196493925872e+01 5.641587588036359513e+00 5.352259368761153979e+01 3.526893370285700513e+01 4.789065290588005297e+01 3.526893370285700513e+01
5.501600000000000000e+04 9.702959211321650912e+01 5.641587588036359513e+00 4.675056931226794177e+01 5.344356235841644320e+01 4.031611703369087962e+01 5.344356235841644320e+01
5.502200000000000000e+04 1.142527021884305327e+02 5.641587588036359513e+00 3.835387450028797218e+01 7.311984199541960550e+01 3.169741694238675578e+01 6.624374161570899844e+01
5.502800000000000000e+04 1.142268715702501396e+02 5.641587588036359513e+00 3.318213401303346188e+01 7.964961774769371061e+01 2.632666932167046880e+01 6.595695408056781162e+01
5.503000000000000000e+04 1.119709300610001605e+02 5.641587588036359513e+00 3.196480405889403187e+01 7.958779799515386344e+01 2.502725028100064719e+01 6.407003541712595052e+01
5.503300000000000000e+04 1.065557259251935989e+02 5.641587588036359513e+00 3.013577213775413455e+01 7.746911740687421855e+01 2.313864568316503068e+01 5.986331613235006444e+01
5.503800000000000000e+04 1.059102909380189317e+02 5.641587588036359513e+00 2.625758423300979061e+01 6.957553897089204042e+01 1.953108020902245556e+01 5.039514629211360131e+01
5.504200000000000000e+04 1.031034706462050252e+02 5.641587588036359513e+00 2.283183582941351375e+01 6.199726971764054895e+01 1.656882135661357935e+01 4.276263603092878185e+01
5.504400000000000000e+04 7.480273404613120647e+01 5.641587588036359513e+00 2.115988347540010395e+01 5.881455713659862283e+01 1.517055024046465839e+01 3.962177117798344028e+01
5.504600000000000000e+04 6.918772025945375503e+01 5.641587588036359513e+00 1.962835676023393106e+01 5.617205788644334064e+01 1.390504162668881349e+01 3.697962994499231826e+01
5.505000000000000000e+04 7.003613513948054958e+01 5.641587588036359513e+00 1.717513203404249822e+01 5.226502027084629987e+01 1.188425964160150627e+01 3.290833665208808867e+01
5.505600000000000000e+04 6.556441564736167038e+01 5.641587588036359513e+00 1.488245412815933477e+01 4.745845609470129745e+01 9.950825172612551839e+00 2.804873291649012756e+01
5.505900000000000000e+04 5.760183702186021293e+01 5.641587588036359513e+00 1.398474837313888308e+01 4.420699904558887283e+01 9.195652533626304859e+00 2.534950343803479100e+01
5.506300000000000000e+04 5.548558645484851581e+01 5.641587588036359513e+00 1.300642276027979527e+01 3.921148472801551321e+01 8.367487622413662507e+00 2.162676340412305720e+01
5.506500000000000000e+04 4.174808968908157425e+01 5.641587588036359513e+00 1.258557091575379161e+01 3.661650546919334204e+01 8.010164788539839265e+00 1.981734343735094583e+01
5.506700000000000000e+04 5.483354164610440051e+01 5.641587588036359513e+00 1.218020759632103456e+01 3.416606624462684749e+01 7.670155917078735897e+00 1.815123319589164907e+01
5.507000000000000000e+04 4.081424069632722507e+01 5.641587588036359513e+00 1.161577501968092108e+01 3.096134938758385147e+01 7.200455628366551508e+00 1.600731536944672584e+01
5.507400000000000000e+04 3.702852553595974427e+01 5.641587588036359513e+00 1.087498681917440635e+01 2.791484733390166895e+01 6.603708294373577203e+00 1.393373631521496847e+01
5.507900000000000000e+04 3.914339892868950699e+01 5.641587588036359513e+00 9.863364215833684057e+00 2.530148821801221004e+01 5.840457257125583723e+00 1.210655448490942732e+01
5.508300000000000000e+04 2.937915922529489876e+01 5.641587588036359513e+00 8.879229105875593220e+00 2.366223228803321277e+01 5.155149271873892936e+00 1.095930354686360708e+01
5.509100000000000000e+04 3.097384571609631010e+01 5.641587588036359513e+00 6.186840476112480225e+00 2.111846600011897479e+01 3.457107999615824934e+00 9.191932970672024084e+00
