5.497600000000000000e+04 -2.605272450751032309e+00 4.368339063215676887e+00 1.164140563987932975e+00 8.960306594403884616e-19 1.164140563987932975e+00 8.960306594403884616e-19
5.497900000000000000e+04 4.190446996114807199e+00 4.368339063215676887e+00 4.289077145657377521e+00 8.960306593371694018e-19 4.289077145657377521e+00 8.960306593371694018e-19
5.498300000000000000e+04 1.219405861852505346e+01 4.368339063215676887e+00 1.143383206421574805e+01 8.960306590944363620e-19 1.143383206421574805e+01 8.960306590944363620e-19
5.499200000000000000e+04 4.018135268751478861e+01 4.368339063215676887e+00 3.733751665722944324e+01 8.960306574406249113e-19 3.733751665722944324e+01 8.960306574406249113e-19
5.499500000000000000e+04 4.306254058524838513e+01 4.368339063215676887e+00 4.526446668391263017e+01 4.470698795328594821e-01 4.526446668391263017e+01 4.470698795328594821e-01
5.499600000000000000e+04 3.875777711267768666e+01 4.368339063215676887e+00 4.750204251648135312e+01 9.313124511903465574e-01 4.750204251648135312e+01 9.313124511903465574e-01
5.499800000000000000e+04 5.320073213703506099e+01 4.368339063215676887e+00 5.134442274642466941e+01 2.426487086150368899e+00 5.091672227927872996e+01 2.426487086150368899e+00
5.500200000000000000e+04 6.286628958483807139e+01 4.368339063215676887e+00 5.607810177454611278e+01 7.442956887355959950e+00 5.381775602163734362e+01 7.442956887355959950e+00
5.500700000000000000e+04 7.492235788623301573e+01 4.368339063215676887e+00 5.648314457480308448e+01 1.763684900154167678e+01 5.210622193247517231e+01 1.763684900154167678e+01
5.501100000000000000e+04 7.745181000496765478e+01 4.368339063215676887e+00 5.352259368761153979e+01 2.752955409036710677e+01 4.789065290588005297e+01 2.752955409036710677e+01
5.501600000000000000e+04 8.361672446464686459e+01 4.368339063215676887e+00 4.675056931226794177e+01 3.931649055004129423e+01 4.031611703369087962e+01 3.800163401318508249e+01
5.502200000000000000e+04 8.951857835479610515e+01 4.368339063215676887e+00 3.835387450028797218e+01 4.901290676402557978e+01 3.169741694238675578e+01 4.305420481730988058e+01
5.502800000000000000e+04 8.519858029039313863e+01 4.368339063215676887e+00 3.318213401303346188e+01 5.093619071689847289e+01 2.632666932167046880e+01 4.100482266696061373e+01
5.503000000000000000e+04 8.248110591681324877e+01 4.368339063215676887e+00 3.196480405889403187e+01 5.019238619668195867e+01 2.502725028100064719e+01 3.931107941469451816e+01
5.503300000000000000e+04 7.703566780271304992e+01 4.368339063215676887e+00 3.013577213775413455e+01 4.771227380337521851e+01 2.313864568316503068e+01 3.590898908961783320e+01
5.503800000000000000e+04 7.616360027510502562e+01 4.368339063215676887e+00 2.625758423300979061e+01 4.210316183260447787e+01 1.953108020902245556e+01 2.975067964429372225e+01
5.504200000000000000e+04 7.462318050016206428e+01 4.368339063215676887e+00 2.283183582941351375e+01 3.764131656742312515e+01 1.656882135661357935e+01 2.535793355390940462e+01
5.504400000000000000e+04 5.310549514854927367e+01 4.368339063215676887e+00 2.115988347540010395e+01 3.595011704732373659e+01 1.517055024046465839e+01 2.366696316479508511e+01
5.504600000000000000e+04 4.911069357069985841e+01 4.368339063215676887e+00 1.962835676023393106e+01 3.460261381654710533e+01 1.390504162668881349e+01 2.227253721456430569e+01
5.505000000000000000e+04 5.012798505306668773e+01 4.368339063215676887e+00 1.717513203404249822e+01 3.249137740480628622e+01 1.188425964160150627e+01 2.002180022480052202e+01
5.505600000000000000e+04 4.641655593137549118e+01 4.368339063215676887e+00 1.488245412815933477e+01 2.903810853064928565e+01 9.950825172612551839e+00 1.681808671994051352e+01
5.505900000000000000e+04 4.026544003887700285e+01 4.368339063215676887e+00 1.398474837313888308e+01 2.673746532921863306e+01 9.195652533626304859e+00 1.503371680023538381e+01
5.506300000000000000e+04 3.897118355926593125e+01 4.368339063215676887e+00 1.300642276027979527e+01 2.343456350028374402e+01 8.367487622413662507e+00 1.268309979990460690e+01
5.506500000000000000e+04 2.868015505324867931e+01 4.368339063215676887e+00 1.258557091575379161e+01 2.186628239656118211e+01 8.010164788539839265e+00 1.161678924537065605e+01
5.506700000000000000e+04 3.920577019975930000e+01 4.368339063215676887e+00 1.218020759632103456e+01 2.045378419626429789e+01 7.670155917078735897e+00 1.067024059484808518e+01
5.507000000000000000e+04 2.896894040879935162e+01 4.368339063215676887e+00 1.161577501968092108e+01 1.871818430590804283e+01 7.200455628366551508e+00 9.507407713281207151e+00
5.507400000000000000e+04 2.666232595662814830e+01 4.368339063215676887e+00 1.087498681917440635e+01 1.715113844296193690e+01 6.603708294373577203e+00 8.415671463671214880e+00
5.507900000000000000e+04 2.857292457014294484e+01 4.368339063215676887e+00 9.863364215833684057e+00 1.562893104615127271e+01 5.840457257125583723e+00 7.356522026901044953e+00
5.508300000000000000e+04 2.111523221915428650e+01 4.368339063215676887e+00 8.879229105875593220e+00 1.468460607783108074e+01 5.155149271873892936e+00 6.693990097930931249e+00
5.509100000000000000e+04 2.218425699099130810e+01 4.368339063215676887e+00 6.186840476112480225e+00 1.315682900004081191e+01 3.457107999615824934e+00 5.641623000746457173e+00
