5.497600000000000000e+04 -4.894184808807235498e+00 7.020939143620090306e+00 1.164140563987932975e+00 8.960306594403884616e-19 1.164140563987932975e+00 8.960306594403884616e-19
5.497900000000000000e+04 4.130555504446959070e+00 7.020939143620090306e+00 4.289077145657377521e+00 8.960306593371694018e-19 4.289077145657377521e+00 8.960306593371694018e-19
5.498300000000000000e+04 1.265569334740115082e+01 7.020939143620090306e+00 1.143383206421574805e+01 8.960306590944363620e-19 1.143383206421574805e+01 8.960306590944363620e-19
5.499200000000000000e+04 4.190822406206390838e+01 7.020939143620090306e+00 3.733751665722944324e+01 8.960306574406249113e-19 3.733751665722944324e+01 8.960306574406249113e-19
5.499500000000000000e+04 4.145398253994317628e+01 7.020939143620090306e+00 4.526446668391263017e+01 4.470698795328594821e-01 4.526446668391263017e+01 4.470698795328594821e-01
5.499600000000000000e+04 3.288244595712789931e+01 7.020939143620090306e+00 4.750204251648135312e+01 9.313124511903465574e-01 4.750204251648135312e+01 9.313124511903465574e-01
5.499800000000000000e+04 5.589422968629397559e+01 7.020939143620090306e+00 5.438415106649760844e+01 2.426487086150368899e+00 5.091672227927872996e+01 2.426487086150368899e+00
5.500200000000000000e+04 7.853329229946858447e+01 7.020939143620090306e+00 7.214270194700485206e+01 7.442956887355959950e+00 5.381775602163734362e+01 7.442956887355959950e+00
5.500700000000000000e+04 1.065169945488327414e+02 7.020939143620090306e+00 8.759055906849076223e+01 1.763684900154167678e+01 5.210622193247517231e+01 1.763684900154167678e+01
5.501100000000000000e+04 1.152925734291696784e+02 7.020939143620090306e+00 9.354960138634608313e+01 2.752955409036710677e+01 4.789065290588005297e+01 2.752955409036710677e+01
5.501600000000000000e+04 1.288626143891894742e+02 7.020939143620090306e+00 9.248114086358350505e+01 4.031973368798937685e+01 4.031611703369087962e+01 3.800163401318508249e+01
5.502200000000000000e+04 1.426801395923712050e+02 7.020939143620090306e+00 8.566226928680018204e+01 5.355943079273349383e+01 3.169741694238675578e+01 4.305420481730988058e+01
5.502800000000000000e+04 1.421550053679084158e+02 7.020939143620090306e+00 8.190490092664900601e+01 5.851388194575280011e+01 2.632666932167046880e+01 4.100482266696061373e+01
5.503000000000000000e+04 1.402864839795897467e+02 7.020939143620090306e+00 8.127098983749340277e+01 5.849488616906544536e+01 2.502725028100064719e+01 3.931107941469451816e+01
5.503300000000000000e+04 1.352779166715743600e+02 7.020939143620090306e+00 7.986534944001242309e+01 5.671824826705136502e+01 2.313864568316503068e+01 3.590898908961783320e+01
5.503800000000000000e+04 1.381329919809463718e+02 7.020939143620090306e+00 7.406380926063404502e+01 5.152817714391672155e+01 1.953108020902245556e+01 2.975067964429372225e+01
5.504200000000000000e+04 1.370999767762894805e+02 7.020939143620090306e+00 6.734397440395589740e+01 4.701360880894804239e+01 1.656882135661357935e+01 2.535793355390940462e+01
5.504400000000000000e+04 1.026129912607703574e+02 7.020939143620090306e+00 6.372693039511988644e+01 4.532223446058259242e+01 1.517055024046465839e+01 2.366696316479508511e+01
5.504600000000000000e+04 9.608582987064328051e+01 7.020939143620090306e+00 6.030477503078671475e+01 4.401053353597907147e+01 1.390504162668881349e+01 2.227253721456430569e+01
5.505000000000000000e+04 9.752555372065073414e+01 7.020939143620090306e+00 5.477811796603382533e+01 4.200573687163149827e+01 1.188425964160150627e+01 2.002180022480052202e+01
5.505600000000000000e+04 9.230594445213856147e+01 7.020939143620090306e+00 4.993224563365252777e+01 3.836205580818430860e+01 9.950825172612551839e+00 1.681808671994051352e+01
5.505900000000000000e+04 8.295488801754592600e+01 7.020939143620090306e+00 4.802153666110328345e+01 3.566749310855844612e+01 9.195652533626304859e+00 1.503371680023538381e+01
5.506300000000000000e+04 8.168060679430817572e+01 7.020939143620090306e+00 4.597599749011411063e+01 3.163799245086204337e+01 8.367487622413662507e+00 1.268309979990460690e+01
5.506500000000000000e+04 6.551387631051967730e+01 7.020939143620090306e+00 4.510363589131011963e+01 2.968670491654470922e+01 8.010164788539839265e+00 1.161678924537065605e+01
5.506700000000000000e+04 8.271485348592422326e+01 7.020939143620090306e+00 4.423378917379307040e+01 2.791868451642001858e+01 7.670155917078735897e+00 1.067024059484808518e+01
5.507000000000000000e+04 6.654823719316644315e+01 7.020939143620090306e+00 4.299608069366518492e+01 2.574606008756551034e+01 7.200455628366551508e+00 9.507407713281207151e+00
5.507400000000000000e+04 6.285598033132878015e+01 7.020939143620090306e+00 4.123157347758030511e+01 2.381635024218953944e+01 6.603708294373577203e+00 8.415671463671214880e+00
5.507900000000000000e+04 6.534685501698604071e+01 7.020939143620090306e+00 3.845473867236626120e+01 2.194082694523236654e+01 5.840457257125583723e+00 7.356522026901044953e+00
5.508300000000000000e+04 5.219281301801523654e+01 7.020939143620090306e+00 3.534679649753053354e+01 2.078149225902657449e+01 5.155149271873892936e+00 6.693990097930931249e+00
5.509100000000000000e+04 4.904390004963089211e+01 7.020939143620090306e+00 2.558743914835656952e+01 1.889097461799950750e+01 3.457107999615824934e+00 5.641623000746457173e+00
