5.497400000000000000e+04 2.757211731725346837e+00 5.333167905804421238e+00 2.872527343123094101e-01 8.716024236303062206e-19 2.872527343123094101e-01 8.716024236303062206e-19
5.497600000000000000e+04 -3.249744679798151736e+00 5.333167905804421238e+00 1.958814406946931541e+00 8.716023866393842389e-19 1.958814406946931541e+00 8.716023866393842389e-19
5.498000000000000000e+04 1.027548844139080586e+01 5.333167905804421238e+00 9.740658635389692677e+00 8.716022655456037539e-19 9.740658635389692677e+00 8.716022655456037539e-19
5.498100000000000000e+04 8.741523296968059853e+00 5.333167905804421238e+00 1.261836908227294352e+01 8.716022210972289233e-19 1.261836908227294352e+01 8.716022210972289233e-19
5.498500000000000000e+04 2.930206378722022720e+01 5.333167905804421238e+00 2.761301931683333422e+01 8.716019515982127606e-19 2.761301931683333422e+01 8.716019515982127606e-19
5.498700000000000000e+04 3.358948256503295227e+01 5.333167905804421238e+00 3.698113532148148863e+01 8.716017365910701769e-19 3.698113532148148863e+01 8.716017365910701769e-19
5.498800000000000000e+04 4.614507983316329387e+01 5.333167905804421238e+00 4.209516568424355398e+01 8.716016003634627670e-19 4.209516568424355398e+01 8.716016003634627670e-19
5.498900000000000000e+04 4.935474394111913199e+01 5.333167905804421238e+00 4.711547825657126509e+01 8.716014404989387201e-19 4.711547825657126509e+01 8.716014404989387201e-19
5.499300000000000000e+04 6.634047217114942896e+01 5.333167905804421238e+00 6.549985504210982867e+01 -1.241908946591701104e-02 6.549985504210982867e+01 -1.241908946591701104e-02
5.499500000000000000e+04 6.599493727081605243e+01 5.333167905804421238e+00 6.925870503056015082e+01 7.505983906838168407e-01 6.925870503056015082e+01 7.505983906838168407e-01
5.499700000000000000e+04 8.365375527620480511e+01 5.333167905804421238e+00 7.457003354548812979e+01 2.680580088357593205e+00 6.841287481237441170e+01 2.680580088357593205e+00
5.499900000000000000e+04 8.360610725657578257e+01 5.333167905804421238e+00 7.675641500426864638e+01 5.789889591216336839e+00 6.504780932565140006e+01 5.789889591216336839e+00
5.500000000000000000e+04 9.398717988542119883e+01 5.333167905804421238e+00 7.742977792928846270e+01 7.792526908311754319e+00 6.320798198309262261e+01 7.792526908311754319e+00
5.500200000000000000e+04 8.802999594694448149e+01 5.333167905804421238e+00 7.777073697113253559e+01 1.269273137910385429e+01 5.914124484496770862e+01 1.269273137910385429e+01
5.500300000000000000e+04 8.458102187017665585e+01 5.333167905804421238e+00 7.654726045620641628e+01 1.558080429699700353e+01 5.628475033544589223e+01 1.558080429699700353e+01
5.500500000000000000e+04 9.711024140200345300e+01 5.333167905804421238e+00 7.250912717690557940e+01 2.209041545346666879e+01 5.000629460476246635e+01 2.209041545346666879e+01
5.500700000000000000e+04 1.022194303619956344e+02 5.333167905804421238e+00 6.861229691973812805e+01 2.958490825718519801e+01 4.455343955827151348e+01 2.958490825718519801e+01
5.500900000000000000e+04 1.005654949955372928e+02 5.333167905804421238e+00 6.418577169178358588e+01 3.769238260525701634e+01 3.937777404403901471e+01 3.769238260525701634e+01
5.501000000000000000e+04 1.033988784314194760e+02 5.333167905804421238e+00 6.174778233739241529e+01 4.153383942830611630e+01 3.686434766411487374e+01 4.153383942830611630e+01
5.501300000000000000e+04 1.056322878747193812e+02 5.333167905804421238e+00 5.426347408240056325e+01 5.239988403368787573e+01 2.997981993502793685e+01 5.239988403368787573e+01
5.501600000000000000e+04 1.024190069873991860e+02 5.333167905804421238e+00 4.432913695178363866e+01 6.172660520990840638e+01 2.279133005233092391e+01 5.535025574776578594e+01
5.501700000000000000e+04 1.022294280120424617e+02 5.333167905804421238e+00 4.124040106871525779e+01 6.418769566396218806e+01 2.072381963252022885e+01 5.473029984989954499e+01
5.501800000000000000e+04 1.043791225520209309e+02 5.333167905804421238e+00 3.836203622380108413e+01 6.585871368036306706e+01 1.885112345149930135e+01 5.352626274411823459e+01
5.501900000000000000e+04 9.671027747973269584e+01 5.333167905804421238e+00 3.554610638545676693e+01 6.702526272915120842e+01 1.708947422377729097e+01 5.203824746052112715e+01
5.502000000000000000e+04 9.786136604620628532e+01 5.333167905804421238e+00 3.282387556754014923e+01 6.804212844515956249e+01 1.544652967884242400e+01 5.056638558647409809e+01
5.502200000000000000e+04 8.859080798792908240e+01 5.333167905804421238e+00 2.784037122824809174e+01 6.911482437562307268e+01 1.256901635586821442e+01 4.731299587597417400e+01
5.502300000000000000e+04 9.174208904170437506e+01 5.333167905804421238e+00 2.556670431982701430e+01 6.837021192747285170e+01 1.131270102647213349e+01 4.502780026835672089e+01
5.502400000000000000e+04 8.889787570018424390e+01 5.333167905804421238e+00 2.346707148171969592e+01 6.687618747534499164e+01 1.018094207449878574e+01 4.243412910872144295e+01
5.502500000000000000e+04 8.440992083930467516e+01 5.333167905804421238e+00 2.155616958569424924e+01 6.535222629307199327e+01 9.172838121572022274e+00 4.000503568380997876e+01
5.502800000000000000e+04 7.117527108275027103e+01 5.333167905804421238e+00 1.669018186388912639e+01 6.061363187619583215e+01 6.716370971383953226e+00 3.355493350099414585e+01
5.502900000000000000e+04 7.198330254407247253e+01 5.333167905804421238e+00 1.536100468320107204e+01 5.872013665447098418e+01 6.071543353043900915e+00 3.150221923523121603e+01
5.503100000000000000e+04 6.826594806843718288e+01 5.333167905804421238e+00 1.311685755855353364e+01 5.455269249939095744e+01 5.006434182654020404e+00 2.756300146493076042e+01
5.503300000000000000e+04 5.453408878478359867e+01 5.333167905804421238e+00 1.136099714595861343e+01 5.023178789753802675e+01 4.192249869357422831e+00 2.398385594802235588e+01
5.503400000000000000e+04 6.605088376481910473e+01 5.333167905804421238e+00 1.067498515595003106e+01 4.749450058376802986e+01 3.874767751706000407e+00 2.206993521550558768e+01
5.503500000000000000e+04 5.431866354555258880e+01 5.333167905804421238e+00 1.007365997051950224e+01 4.438962918227347387e+01 3.597735703756966164e+00 2.008944115779936368e+01
5.503700000000000000e+04 5.057462428158017076e+01 5.333167905804421238e+00 9.090046217753702251e+00 3.854298870534643129e+01 3.145344712025503142e+00 1.657905570601618450e+01
5.503800000000000000e+04 5.105631838425792068e+01 5.333167905804421238e+00 8.696679411712059604e+00 3.592873320868155673e+01 2.963093496324381348e+00 1.508089876119944250e+01
5.503900000000000000e+04 4.813602696304020157e+01 5.333167905804421238e+00 8.350427924706488980e+00 3.335865368481327664e+01 2.802157021713587159e+00 1.367157937902183562e+01
5.504000000000000000e+04 4.026657741468291363e+01 5.333167905804421238e+00 8.026789845313659910e+00 3.086340202070147853e+01 2.653484246384680389e+00 1.235722374307394134e+01
5.504100000000000000e+04 3.531245862523515200e+01 5.333167905804421238e+00 7.716454289724283377e+00 2.850432483582629573e+01 2.513503025968822246e+00 1.115541829830396736e+01
5.504300000000000000e+04 3.527770166602311264e+01 5.333167905804421238e+00 7.131343358989600034e+00 2.416754945687294764e+01 2.256754227528354306e+00 9.050160821177707149e+00
5.504400000000000000e+04 2.961615306157747085e+01 5.333167905804421238e+00 6.826557922612931151e+00 2.221888798338614990e+01 2.129971270706062736e+00 8.144753659599029305e+00
5.504500000000000000e+04 2.380049822206817112e+01 5.333167905804421238e+00 6.509746066610660797e+00 2.044148629716081800e+01 2.002998789726357476e+00 7.338270497257618707e+00
5.504600000000000000e+04 2.062752267463519118e+01 5.333167905804421238e+00 6.202733048169092100e+00 1.878340663537717248e+01 1.882468299899572761e+00 6.606431709122529305e+00
5.504700000000000000e+04 1.865414818410087605e+01 5.333167905804421238e+00 5.905269464250255673e+00 1.726332928492831087e+01 1.768044749775525615e+00 5.951230448472252910e+00
5.504900000000000000e+04 9.197827950412021281e+00 5.333167905804421238e+00 5.320107792451603146e+00 1.464941980222432605e+01 1.551051834533994978e+00 4.857234682435121798e+00
5.505000000000000000e+04 1.318544163205046438e+01 5.333167905804421238e+00 4.999396640630950017e+00 1.353575081814327064e+01 1.438675292267899364e+00 4.403875201113765847e+00
5.505100000000000000e+04 1.824582659119566586e+01 5.333167905804421238e+00 4.664373798667502236e+00 1.254091737018101682e+01 1.325106192803267691e+00 4.005147346123217211e+00
5.505300000000000000e+04 8.596386523605643148e+00 5.333167905804421238e+00 4.002660935886081184e+00 1.088777598070555186e+01 1.108770342350714921e+00 3.353799895485938709e+00
5.505400000000000000e+04 8.302458473187648735e+00 5.333167905804421238e+00 3.676595545779516083e+00 1.024178612130929977e+01 1.005908494057323077e+00 3.099814201364801125e+00
5.505500000000000000e+04 2.177062689470314893e+01 5.333167905804421238e+00 3.366261583820283843e+00 9.675318673399534219e+00 9.098004280595362037e-01 2.878188563005573020e+00
5.505700000000000000e+04 1.121330772727092295e+01 5.333167905804421238e+00 2.792808846892607555e+00 8.748587595816216478e+00 7.368888778080757707e-01 2.516275769620402780e+00
5.505800000000000000e+04 1.090005719844912058e+01 5.333167905804421238e+00 2.521165749530275946e+00 8.378206122727116067e+00 6.574095826676078502e-01 2.370474797059505256e+00
5.505900000000000000e+04 8.526267994239198345e-01 5.333167905804421238e+00 2.262059628193343386e+00 8.052278417596165028e+00 5.830050588127172473e-01 2.241725617370870172e+00
5.506100000000000000e+04 1.366370459235019297e+01 5.333167905804421238e+00 1.788495952871900885e+00 7.454446734297293986e+00 4.505027589097987395e-01 2.010802420775057886e+00
5.506300000000000000e+04 7.449776726407110417e+00 5.333167905804421238e+00 1.386686094252291612e+00 6.900973887443506705e+00 3.415482990769190819e-01 1.805403382022683800e+00
5.506400000000000000e+04 1.216628193796212543e+01 5.333167905804421238e+00 1.217259562851066068e+00 6.611430824271619322e+00 2.965309531914898100e-01 1.703977016564850455e+00
5.506700000000000000e+04 1.309607626105282208e+01 5.333167905804421238e+00 8.055697861184052400e-01 5.732425409512200254e+00 1.899928740845295005e-01 1.414435799820420669e+00
5.506800000000000000e+04 -2.727153365521359341e+00 5.333167905804421238e+00 6.984592360489960683e-01 5.455138309336899027e+00 1.630009885761951050e-01 1.327155096666236656e+00
5.506900000000000000e+04 8.111262308706924884e+00 5.333167905804421238e+00 6.041151809993059452e-01 5.171827237070153238e+00 1.395185175518027509e-01 1.240841467627196382e+00
5.507000000000000000e+04 -5.142958571883447405e+00 5.333167905804421238e+00 5.213051974008690026e-01 4.863413052005789439e+00 1.191554736916271978e-01 1.150940233814319757e+00
5.507200000000000000e+04 8.723588897704630085e+00 5.333167905804421238e+00 3.866552933637701361e-01 4.218043737497755963e+00 8.659693020465177027e-02 9.717203597258007308e-01
5.507400000000000000e+04 1.016495285867214093e+01 5.333167905804421238e+00 2.851410479943118359e-01 3.585862599615545321e+00 6.259957145868536021e-02 8.047267952458585505e-01
5.507600000000000000e+04 4.963029910975347292e-01 5.333167905804421238e+00 2.071047123817978119e-01 3.003286738699099345e+00 4.458659039435906163e-02 6.570018241816371063e-01
5.507800000000000000e+04 8.358332666597057425e+00 5.333167905804421238e+00 1.498987299367342263e-01 2.464707414570782795e+00 3.165759871947924908e-02 5.259276661340864800e-01
5.508000000000000000e+04 4.087859414443499873e+00 5.333167905804421238e+00 1.082212382656883992e-01 1.973234474819993478e+00 2.242927217941729015e-02 4.109535310771395000e-01
5.508200000000000000e+04 6.771127448263424498e+00 5.333167905804421238e+00 7.791006564250946287e-02 1.546081715605439610e+00 1.585148843184322476e-02 3.144487706649526926e-01
5.508300000000000000e+04 -1.011603918264647817e+01 5.333167905804421238e+00 6.608829424894981097e-02 1.359198287142580952e+00 1.332425287277213925e-02 2.732386392615352988e-01
5.508400000000000000e+04 -4.737716429833660037e+00 5.333167905804421238e+00 5.599451227511507284e-02 1.193715005167661714e+00 1.118771474028273233e-02 2.372247625531919146e-01
5.508600000000000000e+04 1.463312209610564629e+01 5.333167905804421238e+00 4.030270157209958626e-02 9.103525370522108640e-01 7.910245647124551638e-03 1.768636417959688623e-01
5.508900000000000000e+04 7.215577449044771718e+00 5.333167905804421238e+00 2.488616509710727537e-02 5.937908107004726821e-01 4.758348966942117439e-03 1.116148140414422174e-01
5.509000000000000000e+04 -6.499130139159509767e+00 5.333167905804421238e+00 2.118333920506677501e-02 5.126163802592756946e-01 4.015798901434460173e-03 9.532437895330177213e-02
5.509200000000000000e+04 -3.530580770780697542e+00 5.333167905804421238e+00 1.534572671461119017e-02 3.805276945824889734e-01 2.860340487345981557e-03 6.927754416372142177e-02
5.509300000000000000e+04 7.210722522705024673e+00 5.333167905804421238e+00 1.306200868546821339e-02 3.270952204114777051e-01 2.414419350363810127e-03 5.893182841083124957e-02
5.509500000000000000e+04 -2.212560755551798763e+00 5.333167905804421238e+00 9.457692270565396658e-03 2.397435674663262184e-01 1.719580412830072277e-03 4.231565367592597660e-02
5.509600000000000000e+04 4.872323788630338548e+00 5.333167905804421238e+00 8.050493224126868685e-03 2.041423793159966305e-01 1.451847290194205504e-03 3.566927231548724930e-02
5.509700000000000000e+04 3.950505153265042146e+00 5.333167905804421238e+00 6.851297276344533310e-03 1.738918478275211787e-01 1.225634575374692737e-03 3.008093132914495954e-02
5.509800000000000000e+04 2.117100531090492677e+00 5.333167905804421238e+00 5.827465602245930631e-03 1.478637794910461212e-01 1.034155386379047173e-03 2.532607897558340412e-02
5.510000000000000000e+04 -2.404636085985879745e+00 5.333167905804421238e+00 4.221467558909533686e-03 1.068279318779030290e-01 7.373742460977353481e-04 1.794341774353383490e-02
5.510100000000000000e+04 9.261666651802888950e+00 5.333167905804421238e+00 3.591402833215952013e-03 9.066257899146278054e-02 6.224268341795411233e-04 1.508227624957792119e-02
5.510200000000000000e+04 1.152538995896054352e+00 5.333167905804421238e+00 3.057552182926639821e-03 7.695961039613613552e-02 5.258043306838589264e-04 1.268119074547458328e-02
5.510600000000000000e+04 -1.508472359057206058e-01 5.333167905804421238e+00 1.599703116689868117e-03 3.986257550429358337e-02 2.668395524086519138e-04 6.328196517699642178e-03
5.510900000000000000e+04 4.326966488595282989e+00 5.333167905804421238e+00 9.831824963433776193e-04 2.463682761123951390e-02 1.603886617199637324e-04 3.806679173553694298e-03
5.511100000000000000e+04 -8.035215775403329985e+00 5.333167905804421238e+00 7.110679617148581546e-04 1.786651035185561620e-02 1.143196079927424701e-04 2.712307255261054220e-03
5.511200000000000000e+04 -6.761475050849691470e+00 5.333167905804421238e+00 6.042960499304608508e-04 1.520511237625326618e-02 9.645587389153405797e-05 2.288272389876785419e-03
5.511400000000000000e+04 9.978654937890548027e+00 5.333167905804421238e+00 4.370219392535814890e-04 1.102332552220736638e-02 6.876820444588222371e-05 1.630669455947835432e-03
5.511500000000000000e+04 -1.515962447754384002e+01 5.333167905804421238e+00 3.714599451178390074e-04 9.378729138008239097e-03 5.804061642466235168e-05 1.375664330264058039e-03
5.511700000000000000e+04 -2.360259665714071975e+00 5.333167905804421238e+00 2.686686763757244276e-04 6.797663507326135758e-03 4.139733072045060849e-05 9.805076602997543633e-04
5.511800000000000000e+04 4.998338441985088476e-01 5.333167905804421238e+00 2.283598252717424100e-04 5.783327850355272741e-03 3.494412016400036890e-05 8.273243091032378470e-04
5.511900000000000000e+04 1.422055242696069310e+00 5.333167905804421238e+00 1.943012596565455818e-04 4.924631224694343487e-03 2.952906681710418518e-05 6.987274722892087252e-04
5.512000000000000000e+04 1.117886611699467903e+00 5.333167905804421238e+00 1.667056971856056445e-04 4.191589154457654905e-03 2.516312410348764490e-05 5.898993968781883653e-04
