5.497500000000000000e+04 -5.363480660515071996e+00 1.551365927186428806e+01 9.676860811788584593e-01 2.279497885001649794e-18 9.676860811788584593e-01 2.279497885001649794e-18
5.497600000000000000e+04 -1.396908007821940068e+01 1.551365927186428806e+01 2.014654457448330049e+00 2.279497664544057483e-18 2.014654457448330049e+00 2.279497664544057483e-18
5.497900000000000000e+04 -8.860892394458790733e+00 1.551365927186428806e+01 7.421511495175619366e+00 2.279496745960992233e-18 7.421511495175619366e+00 2.279496745960992233e-18
5.498000000000000000e+04 1.838326410572074820e+01 1.551365927186428806e+01 1.010928248076253944e+01 2.279496327867838250e-18 1.010928248076253944e+01 2.279496327867838250e-18
5.498100000000000000e+04 4.426198080856563877e+01 1.551365927186428806e+01 1.326427468792255127e+01 2.279495837231172164e-18 1.326427468792255127e+01 2.279495837231172164e-18
5.498200000000000000e+04 1.271560129918723625e+01 1.551365927186428806e+01 1.681188057541250913e+01 2.279495261463979831e-18 1.681188057541250913e+01 2.279495261463979831e-18
5.498400000000000000e+04 2.730520373851954119e+01 1.551365927186428806e+01 2.504964300095078400e+01 3.875042658400934537e-01 2.504964300095078400e+01 3.875042658400934537e-01
5.498500000000000000e+04 3.802515151493554413e+01 1.551365927186428806e+01 2.982457128805857849e+01 1.209607601473573046e+00 2.982457128805857849e+01 1.209607601473573046e+00
5.498700000000000000e+04 3.762115421550713279e+01 1.551365927186428806e+01 4.097582893337165899e+01 4.302310410807026031e+00 4.097582893337165899e+01 4.302310410807026031e+00
5.499000000000000000e+04 5.649550777607953478e+01 1.551365927186428806e+01 6.053040193995693841e+01 1.263660310095317385e+01 6.053040193995693841e+01 1.263660310095317385e+01
5.499200000000000000e+04 1.152586336935631266e+02 1.551365927186428806e+01 7.440742163840896239e+01 2.101485071926563819e+01 7.440742163840896239e+01 2.101485071926563819e+01
5.499300000000000000e+04 1.181805069048714216e+02 1.551365927186428806e+01 8.115791156796579742e+01 2.589679503310846798e+01 8.115791156796579742e+01 2.589679503310846798e+01
5.499400000000000000e+04 1.209863274559857018e+02 1.551365927186428806e+01 8.659722275531558466e+01 3.131205375118847201e+01 8.659722275531558466e+01 3.131205375118847201e+01
5.499600000000000000e+04 1.271888638482778759e+02 1.551365927186428806e+01 9.298895886639343189e+01 4.387309556528447985e+01 9.298895886639343189e+01 4.387309556528447985e+01
5.499700000000000000e+04 1.372289362533350072e+02 1.551365927186428806e+01 9.908701069488850521e+01 5.121978616671457729e+01 9.534931745081652821e+01 5.121978616671457729e+01
5.499800000000000000e+04 1.646461679005779501e+02 1.551365927186428806e+01 1.048817279490067449e+02 5.921981088614808897e+01 9.725679520493949326e+01 5.921981088614808897e+01
5.500000000000000000e+04 1.867560086118393201e+02 1.551365927186428806e+01 1.150162744382733138e+02 7.566300242494617123e+01 9.942624000542298290e+01 7.566300242494617123e+01
5.500200000000000000e+04 2.218873808523505602e+02 1.551365927186428806e+01 1.227509135273360812e+02 9.300927704801119944e+01 9.937735874946248771e+01 9.300927704801119944e+01
5.500300000000000000e+04 2.291721738748204018e+02 1.551365927186428806e+01 1.252596187895297817e+02 1.014473894599572503e+02 9.828909195663038645e+01 1.014473894599572503e+02
5.500400000000000000e+04 2.375460300271402048e+02 1.551365927186428806e+01 1.268125650468206800e+02 1.082465284441444737e+02 9.653818898204983157e+01 1.082465284441444737e+02
5.500500000000000000e+04 2.539232299831890032e+02 1.551365927186428806e+01 1.276713043326739410e+02 1.205126322239000416e+02 9.437559456880096320e+01 1.129241306445840110e+02
5.500900000000000000e+04 2.848815129589511912e+02 1.551365927186428806e+01 1.246194895276141210e+02 1.646775793813689575e+02 8.255133116561614770e+01 1.232616612135995240e+02
5.501200000000000000e+04 3.046986045094574251e+02 1.551365927186428806e+01 1.162245864670445599e+02 1.910032835164668654e+02 7.142612246008147281e+01 1.242216984368281061e+02
5.501300000000000000e+04 2.840806755736690548e+02 1.551365927186428806e+01 1.127405816179517757e+02 1.971679184650005539e+02 6.765517379857884350e+01 1.228613649457879831e+02
5.501400000000000000e+04 3.196189613817583677e+02 1.551365927186428806e+01 1.085083704648016010e+02 2.017648149724841460e+02 6.361888512242121152e+01 1.206727362275622966e+02
5.501600000000000000e+04 3.088212970761607039e+02 1.551365927186428806e+01 9.890031861710120609e+01 2.075821920428833778e+02 5.543739832797152900e+01 1.149148538767069141e+02
5.501700000000000000e+04 3.013292583964278606e+02 1.551365927186428806e+01 9.500752535193132076e+01 2.088894192237891048e+02 5.211031447560955598e+01 1.114909368188455971e+02
5.501800000000000000e+04 2.811797679575747679e+02 1.551365927186428806e+01 9.167343473956290723e+01 2.087911371644927954e+02 4.922327896239417555e+01 1.075799346478219434e+02
5.501900000000000000e+04 2.827064921739533929e+02 1.551365927186428806e+01 8.854483303004218442e+01 2.072038412256965501e+02 4.656333247267679099e+01 1.031891639570201704e+02
5.502000000000000000e+04 2.938920334280629731e+02 1.551365927186428806e+01 8.520923179758916888e+01 2.044745930310324127e+02 4.390417961541074021e+01 9.853247543900947392e+01
5.502100000000000000e+04 3.017808721092854967e+02 1.551365927186428806e+01 8.152256880733605726e+01 2.011229077483193350e+02 4.117301454915962466e+01 9.387738412449559178e+01
5.502200000000000000e+04 2.885452015791834697e+02 1.551365927186428806e+01 7.772193594533788996e+01 1.972789502347449968e+02 3.849145005216814042e+01 8.928265307510184812e+01
5.502500000000000000e+04 2.409222373894581892e+02 1.551365927186428806e+01 6.703268384352176668e+01 1.788930215479902017e+02 3.137059333747742329e+01 7.419252718480018416e+01
5.502900000000000000e+04 2.045121848069483121e+02 1.551365927186428806e+01 5.427041326341336713e+01 1.559871637834672242e+02 2.366167303078713857e+01 5.820416559084598873e+01
5.503100000000000000e+04 2.123955852825709769e+02 1.551365927186428806e+01 4.859795634831821332e+01 1.448466651839435713e+02 2.048817721261307412e+01 5.146626818644953261e+01
5.503200000000000000e+04 1.657147844020837795e+02 1.551365927186428806e+01 4.598712242133983352e+01 1.386462030879096119e+02 1.907229695642826428e+01 4.811431256521017019e+01
5.503300000000000000e+04 1.811205533392066798e+02 1.551365927186428806e+01 4.390406447345309005e+01 1.325087990962479410e+02 1.791710107470335345e+01 4.493651624262341926e+01
5.503400000000000000e+04 1.590378464916517487e+02 1.551365927186428806e+01 4.211288768323449716e+01 1.265965066228227016e+02 1.691552365168480421e+01 4.197496903939745039e+01
5.503500000000000000e+04 1.444309684062108374e+02 1.551365927186428806e+01 4.038176310501249588e+01 1.209022667226380037e+02 1.596874529619285887e+01 3.921324167184678089e+01
5.503600000000000000e+04 1.660033118280926772e+02 1.551365927186428806e+01 3.883760709784037601e+01 1.153208293899387655e+02 1.512367877641758973e+01 3.660513883631880816e+01
5.503700000000000000e+04 1.233182813147495835e+02 1.551365927186428806e+01 3.740780938757902163e+01 1.098285329324106243e+02 1.434788638676704053e+01 3.413368129425988684e+01
5.503900000000000000e+04 1.608070898895936409e+02 1.551365927186428806e+01 3.443397415919961446e+01 9.914240999899811868e+01 1.282170619571031622e+01 2.957709128848392055e+01
5.504000000000000000e+04 9.966781451271502590e+01 1.551365927186428806e+01 3.299631664213885074e+01 9.411724068654567077e+01 1.210962883225882791e+01 2.752609987322931318e+01
5.504200000000000000e+04 1.208834310507790093e+02 1.551365927186428806e+01 3.031781968123286575e+01 8.471914308045434439e+01 1.081543224929825442e+01 2.384037119553533302e+01
5.504400000000000000e+04 1.119121671370879056e+02 1.551365927186428806e+01 2.778838392412017555e+01 7.798056403426693350e+01 9.643386980885679804e+00 2.114440456460600615e+01
5.504500000000000000e+04 7.668297944026106450e+01 1.551365927186428806e+01 2.652250425428224645e+01 7.495729042032927225e+01 9.080561577061848411e+00 1.996093162024107315e+01
5.504600000000000000e+04 9.897851358341978312e+01 1.551365927186428806e+01 2.522285331902444483e+01 7.226093719372325097e+01 8.521234229400151960e+00 1.890459847052198938e+01
5.504700000000000000e+04 1.247954618774072344e+02 1.551365927186428806e+01 2.387377083293625546e+01 6.975942361246134737e+01 7.960046289989414880e+00 1.793485798345880156e+01
5.504800000000000000e+04 1.009185477934585720e+02 1.551365927186428806e+01 2.251161035438041580e+01 6.719799326764305647e+01 7.409034476823465276e+00 1.698291378579737554e+01
5.505000000000000000e+04 6.638815706023302710e+01 1.551365927186428806e+01 1.959904555287000605e+01 6.192864184817162965e+01 6.288194800073795498e+00 1.513703604032353489e+01
5.505200000000000000e+04 8.106561362858099073e+01 1.551365927186428806e+01 1.651206002986341304e+01 5.712711314079338365e+01 5.167770414954748759e+00 1.351929031162281980e+01
5.505400000000000000e+04 7.546258879485773718e+01 1.551365927186428806e+01 1.360942776500846385e+01 5.255645904582693362e+01 4.157327640826142812e+00 1.205423372610709798e+01
5.505600000000000000e+04 9.059062976259514244e+01 1.551365927186428806e+01 1.111362431454789501e+01 4.787229390077004609e+01 3.315520380235053022e+00 1.065154278675018951e+01
5.505800000000000000e+04 3.992309994646000604e+01 1.551365927186428806e+01 9.021360104847993000e+00 4.286867348290056867e+01 2.629827455937498115e+00 9.261293096029330485e+00
5.506000000000000000e+04 5.905579897463002226e+01 1.551365927186428806e+01 7.227736994027250894e+00 3.743991183963937885e+01 2.059888564189253035e+00 7.860243500092245483e+00
5.506100000000000000e+04 3.910190065901814194e+01 1.551365927186428806e+01 6.443022994245730217e+00 3.451329559345492015e+01 1.815959130283463896e+00 7.145018133789109882e+00
5.506200000000000000e+04 2.917360541037796295e+01 1.551365927186428806e+01 5.728086679865169728e+00 3.163709048035297045e+01 1.596812745279095003e+00 6.459713018693435949e+00
5.506400000000000000e+04 4.323570478352345958e+01 1.551365927186428806e+01 4.479060947869609066e+00 2.614959086079644024e+01 1.221917543613490142e+00 5.196659551032679403e+00
5.506500000000000000e+04 1.260684122011866215e+01 1.551365927186428806e+01 3.938339277763386104e+00 2.364714077041908524e+01 1.063036946060080368e+00 4.637421707408826421e+00
5.506700000000000000e+04 4.046016717916049288e+01 1.551365927186428806e+01 3.022907305694515490e+00 1.934950317901745720e+01 7.990344961129509649e-01 3.697168904581446203e+00
5.506800000000000000e+04 4.447426447303828922e+01 1.551365927186428806e+01 2.636800026754263726e+00 1.742523672304186277e+01 6.898283870746817481e-01 3.287284319921872644e+00
5.506900000000000000e+04 4.515147421358413737e+00 1.551365927186428806e+01 2.290267831070694982e+00 1.563832129523945191e+01 5.930877954916861095e-01 2.913249123554294773e+00
5.507100000000000000e+04 1.811350801261309229e+01 1.551365927186428806e+01 1.712121578345672690e+00 1.249016689808966518e+01 4.345486239456022304e-01 2.269948912854329759e+00
5.507300000000000000e+04 2.986590376857998308e+01 1.551365927186428806e+01 1.269617735341789233e+00 9.862276117950214527e+00 3.159510589642119949e-01 1.749623211387704602e+00
5.507400000000000000e+04 2.408705997859444992e+01 1.551365927186428806e+01 1.091170381157310354e+00 8.712272085964183788e+00 2.689201451984696289e-01 1.527396929516862567e+00
5.507500000000000000e+04 -1.463060339330546356e-01 1.551365927186428806e+01 9.344538545168696864e-01 7.668748528877420867e+00 2.280935985444418612e-01 1.328796182575100682e+00
5.507800000000000000e+04 1.536753368549223531e+01 1.551365927186428806e+01 5.820285073645893315e-01 5.150258737899573447e+00 1.381047141620609098e-01 8.622854838433522406e-01
5.508000000000000000e+04 -2.405114367801358100e+01 1.551365927186428806e+01 4.228304980379422040e-01 3.878900850439211290e+00 9.849760017656127020e-02 6.351357169307066952e-01
5.508100000000000000e+04 1.109700476439744676e+01 1.551365927186428806e+01 3.603677308011949965e-01 3.353846279612157311e+00 8.318738014801362046e-02 5.431857799320026770e-01
5.508200000000000000e+04 9.557694146695101978e+00 1.551365927186428806e+01 3.067402751453138787e-01 2.893143758727914072e+00 7.017301316464903682e-02 4.635259803140082679e-01
5.508400000000000000e+04 1.788801655977207261e+01 1.551365927186428806e+01 2.218768235361109620e-01 2.143293557231802815e+00 4.986444254227592049e-02 3.361501814980870639e-01
5.508500000000000000e+04 7.275551916256191021e+00 1.551365927186428806e+01 1.886536168167924632e-01 1.837065842676935068e+00 4.202762805578161287e-02 2.851169981805523612e-01
5.508800000000000000e+04 -1.790460721817215051e+00 1.551365927186428806e+01 1.169318148886124703e-01 1.147097755830077670e+00 2.538464199561750803e-02 1.726308927025761164e-01
5.508900000000000000e+04 2.696226945334236014e+00 1.551365927186428806e+01 9.967869341837667929e-02 9.789165869935515518e-01 2.145658115601357940e-02 1.458457370371799289e-01
5.509000000000000000e+04 -9.846264379694579461e+00 1.551365927186428806e+01 8.497457957563064879e-02 8.346686638961799964e-01 1.813835800367798873e-02 1.231220002207015773e-01
5.509100000000000000e+04 1.415107191170424983e+01 1.551365927186428806e+01 7.246033749023396420e-02 7.119175993067005104e-01 1.533876746194622574e-02 1.039842251850170152e-01
5.509300000000000000e+04 1.145300352926975940e+01 1.551365927186428806e+01 5.259889656492752058e-02 5.161773664904675263e-01 1.095262713745783802e-02 7.394243732673441705e-02
5.509500000000000000e+04 2.099036711498454366e+01 1.551365927186428806e+01 3.821668521789280126e-02 3.737937239281216573e-01 7.830004347216196550e-03 5.253453506972701609e-02
5.509600000000000000e+04 1.927927574007534561e+00 1.551365927186428806e+01 3.255479319445020447e-02 3.185943441339021964e-01 6.616827885050855125e-03 4.435764426012227257e-02
5.509700000000000000e+04 -1.002805477672153778e+01 1.551365927186428806e+01 2.773573975679277312e-02 2.719843969230773539e-01 5.592785077591702451e-03 3.751715914299787180e-02
5.509800000000000000e+04 4.634506289597365658e+00 1.551365927186428806e+01 2.364680470704540530e-02 2.321679356919177095e-01 4.730874821351913062e-03 3.173080249452188417e-02
5.509900000000000000e+04 -4.585062755195917106e+00 1.551365927186428806e+01 2.014261664518247896e-02 1.980442440700053153e-01 3.998454947828823484e-03 2.682072644501697772e-02
5.510100000000000000e+04 -8.938913316017536914e+00 1.551365927186428806e+01 1.461699294405891317e-02 1.441537366073706028e-01 2.857113554350843541e-03 1.917345932743277914e-02
5.510400000000000000e+04 1.058916323072309140e+01 1.551365927186428806e+01 9.037874930121413478e-03 8.932851762587609712e-02 1.726894476100850886e-03 1.157105150594250030e-02
5.510700000000000000e+04 -5.023699589760539652e+01 1.551365927186428806e+01 5.552034038516851129e-03 5.537975783831303872e-02 1.037530654529236849e-03 6.990981346989627414e-03
5.510800000000000000e+04 -2.020669900584706635e+00 1.551365927186428806e+01 4.720859603404087973e-03 4.724251596602020015e-02 8.757902202812570909e-04 5.913593526689891328e-03
5.510900000000000000e+04 -1.464392196118918399e+01 1.551365927186428806e+01 4.011216429286866211e-03 4.026444132463624648e-02 7.387683124515371895e-04 4.998068684786028705e-03
5.511000000000000000e+04 -1.114761253714948719e+00 1.551365927186428806e+01 3.407602960591131405e-03 3.430947823457383000e-02 6.230988444615148105e-04 4.223640712351514441e-03
5.511100000000000000e+04 3.734352282044554983e+01 1.551365927186428806e+01 2.896432075331525739e-03 2.925112856944394116e-02 5.258591276927242816e-04 3.571391942938554210e-03
5.511400000000000000e+04 -3.164965907398329037e+01 1.551365927186428806e+01 1.777981697359458466e-03 1.811512305429792413e-02 3.160519228810185948e-04 2.158618095126063445e-03
