5.497400000000000000e+04 2.887171627888737380e+00 5.613779020396282959e+00 2.872527343123094101e-01 8.716024236303062206e-19 2.872527343123094101e-01 8.716024236303062206e-19
5.497600000000000000e+04 -3.523799349848644624e+00 5.613779020396282959e+00 1.958814406946931541e+00 8.716023866393842389e-19 1.958814406946931541e+00 8.716023866393842389e-19
5.498000000000000000e+04 1.030362916199620393e+01 5.613779020396282959e+00 9.740658635389692677e+00 8.716022655456037539e-19 9.740658635389692677e+00 8.716022655456037539e-19
5.498100000000000000e+04 8.537538341660136254e+00 5.613779020396282959e+00 1.261836908227294352e+01 8.716022210972289233e-19 1.261836908227294352e+01 8.716022210972289233e-19
5.498500000000000000e+04 2.939093491593804686e+01 5.613779020396282959e+00 2.761301931683333422e+01 8.716019515982127606e-19 2.761301931683333422e+01 8.716019515982127606e-19
5.498700000000000000e+04 3.341102663094174119e+01 5.613779020396282959e+00 3.698113532148148863e+01 8.716017365910701769e-19 3.698113532148148863e+01 8.716017365910701769e-19
5.498800000000000000e+04 4.635817099087704918e+01 5.613779020396282959e+00 4.209516568424355398e+01 8.716016003634627670e-19 4.209516568424355398e+01 8.716016003634627670e-19
5.498900000000000000e+04 4.947256562809890568e+01 5.613779020396282959e+00 4.711547825657126509e+01 8.716014404989387201e-19 4.711547825657126509e+01 8.716014404989387201e-19
5.499300000000000000e+04 6.638535570909346006e+01 5.613779020396282959e+00 6.549985504210982867e+01 -1.241908946591701104e-02 6.549985504210982867e+01 -1.241908946591701104e-02
5.499500000000000000e+04 6.578371651426995470e+01 5.613779020396282959e+00 6.925870503056015082e+01 7.505983906838168407e-01 6.925870503056015082e+01 7.505983906838168407e-01
5.499700000000000000e+04 8.541365215615013540e+01 5.613779020396282959e+00 7.599302134158550359e+01 2.680580088357593205e+00 6.841287481237441170e+01 2.680580088357593205e+00
5.499900000000000000e+04 8.636785893027524708e+01 5.613779020396282959e+00 7.946240387221574508e+01 5.789889591216336839e+00 6.504780932565140006e+01 5.789889591216336839e+00
5.500000000000000000e+04 9.773516950742858000e+01 5.613779020396282959e+00 8.071659299240927510e+01 7.792526908311754319e+00 6.320798198309262261e+01 7.792526908311754319e+00
5.500200000000000000e+04 9.220743846201276028e+01 5.613779020396282959e+00 8.207621959584616889e+01 1.269273137910385429e+01 5.914124484496770862e+01 1.269273137910385429e+01
5.500300000000000000e+04 8.886681625945560370e+01 5.613779020396282959e+00 8.123015168411551201e+01 1.558080429699700353e+01 5.628475033544589223e+01 1.558080429699700353e+01
5.500500000000000000e+04 1.024429995098228972e+02 5.613779020396282959e+00 7.770978181580086641e+01 2.209041545346666879e+01 5.000629460476246635e+01 2.209041545346666879e+01
5.500700000000000000e+04 1.079913338880785858e+02 5.613779020396282959e+00 7.417256617661041673e+01 2.958490825718519801e+01 4.455343955827151348e+01 2.958490825718519801e+01
5.500900000000000000e+04 1.062298317309834914e+02 5.613779020396282959e+00 6.991917559259566417e+01 3.769238260525701634e+01 3.937777404403901471e+01 3.769238260525701634e+01
5.501000000000000000e+04 1.091558862690745428e+02 5.613779020396282959e+00 6.749862057299434071e+01 4.153383942830611630e+01 3.686434766411487374e+01 4.153383942830611630e+01
5.501300000000000000e+04 1.111902591520070587e+02 5.613779020396282959e+00 5.987569637423779767e+01 5.239988403368787573e+01 2.997981993502793685e+01 5.239988403368787573e+01
5.501600000000000000e+04 1.060539969077440503e+02 5.613779020396282959e+00 4.930676343521272997e+01 6.057531989035487641e+01 2.279133005233092391e+01 5.535025574776578594e+01
5.501700000000000000e+04 1.050951507442713648e+02 5.613779020396282959e+00 4.598201100063588598e+01 6.248011030864532245e+01 2.072381963252022885e+01 5.473029984989954499e+01
5.501800000000000000e+04 1.066699517209152219e+02 5.613779020396282959e+00 4.287122495339971096e+01 6.363202115020775551e+01 1.885112345149930135e+01 5.352626274411823459e+01
5.501900000000000000e+04 9.796143291447873480e+01 5.613779020396282959e+00 3.981163915171157441e+01 6.431927386120410972e+01 1.708947422377729097e+01 5.203824746052112715e+01
5.502000000000000000e+04 9.856402862180854640e+01 5.613779020396282959e+00 3.683997328403917493e+01 6.488678598456357349e+01 1.544652967884242400e+01 5.056638558647409809e+01
5.502200000000000000e+04 8.774364409811747123e+01 5.613779020396282959e+00 3.136975102097589385e+01 6.517838311874201906e+01 1.256901635586821442e+01 4.731299587597417400e+01
5.502300000000000000e+04 9.070626197312316208e+01 5.613779020396282959e+00 2.886096285873570366e+01 6.415560982235466270e+01 1.131270102647213349e+01 4.502780026835672089e+01
5.502400000000000000e+04 8.747924780487328178e+01 5.613779020396282959e+00 2.653764361138853545e+01 6.246303804803795856e+01 1.018094207449878574e+01 4.243412910872144295e+01
5.502500000000000000e+04 8.256380994861547151e+01 5.613779020396282959e+00 2.441809507962472026e+01 6.077565021084412678e+01 9.172838121572022274e+00 4.000503568380997876e+01
5.502800000000000000e+04 6.827227055805087730e+01 5.613779020396282959e+00 1.899524038126809700e+01 5.572803355845108797e+01 6.716370971383953226e+00 3.355493350099414585e+01
5.502900000000000000e+04 6.910547373387784376e+01 5.613779020396282959e+00 1.750790241283739235e+01 5.380579045377491809e+01 6.071543353043900915e+00 3.150221923523121603e+01
5.503100000000000000e+04 6.529859857397585188e+01 5.613779020396282959e+00 1.499126651653919851e+01 4.967955384039120048e+01 5.006434182654020404e+00 2.756300146493076042e+01
5.503300000000000000e+04 5.108025411067080768e+01 5.613779020396282959e+00 1.301777429432866739e+01 4.549257796220879158e+01 4.192249869357422831e+00 2.398385594802235588e+01
5.503400000000000000e+04 6.344663238109814074e+01 5.613779020396282959e+00 1.224659095604198278e+01 4.290395405894286540e+01 3.874767751706000407e+00 2.206993521550558768e+01
5.503500000000000000e+04 5.142017799725980609e+01 5.613779020396282959e+00 1.157031802328240211e+01 4.000209523341009543e+01 3.597735703756966164e+00 2.008944115779936368e+01
5.503700000000000000e+04 4.813757602803575253e+01 5.613779020396282959e+00 1.046393278796644388e+01 3.457727858046735747e+01 3.145344712025503142e+00 1.657905570601618450e+01
5.503800000000000000e+04 4.895559139188143405e+01 5.613779020396282959e+00 1.002177482326832170e+01 3.216454087788617500e+01 2.963093496324381348e+00 1.508089876119944250e+01
5.503900000000000000e+04 4.620184492268712262e+01 5.613779020396282959e+00 9.632694977842625406e+00 2.980404304626759782e+01 2.802157021713587159e+00 1.367157937902183562e+01
5.504000000000000000e+04 3.823943494121643738e+01 5.613779020396282959e+00 9.268620472621689643e+00 2.752200872057428072e+01 2.653484246384680389e+00 1.235722374307394134e+01
5.504100000000000000e+04 3.333468462703675073e+01 5.613779020396282959e+00 8.918914137347767834e+00 2.537188337766254165e+01 2.513503025968822246e+00 1.115541829830396736e+01
5.504300000000000000e+04 3.388409473869229060e+01 5.613779020396282959e+00 8.257915069371753347e+00 2.143802095320575418e+01 2.256754227528354306e+00 9.050160821177707149e+00
5.504400000000000000e+04 2.819045173031529572e+01 5.613779020396282959e+00 7.911991282164740014e+00 1.967772484159125312e+01 2.129971270706062736e+00 8.144753659599029305e+00
5.504500000000000000e+04 2.231041947619500476e+01 5.613779020396282959e+00 7.551305437268367449e+00 1.807562788884496996e+01 2.002998789726357476e+00 7.338270497257618707e+00
5.504600000000000000e+04 1.919802945402552297e+01 5.613779020396282959e+00 7.201194234435823738e+00 1.658478616258119231e+01 1.882468299899572761e+00 6.606431709122529305e+00
5.504700000000000000e+04 1.733031118872926513e+01 5.613779020396282959e+00 6.861428064928858817e+00 1.522086699501263318e+01 1.768044749775525615e+00 5.951230448472252910e+00
5.504900000000000000e+04 7.734099160916752425e+00 5.613779020396282959e+00 6.191178502725894539e+00 1.288138637781794316e+01 1.551051834533994978e+00 4.857234682435121798e+00
5.505000000000000000e+04 1.207807174651927262e+01 5.613779020396282959e+00 5.822318907808187838e+00 1.188693994284627919e+01 1.438675292267899364e+00 4.403875201113765847e+00
5.505100000000000000e+04 1.753113677565263373e+01 5.613779020396282959e+00 5.436115645356124126e+00 1.099973667139280309e+01 1.325106192803267691e+00 4.005147346123217211e+00
5.505300000000000000e+04 7.573726441397218068e+00 5.613779020396282959e+00 4.671471206392032727e+00 9.527474743096453480e+00 1.108770342350714921e+00 3.353799895485938709e+00
5.505400000000000000e+04 7.334672589462884140e+00 5.613779020396282959e+00 4.293820997733088340e+00 8.952263413541544423e+00 1.005908494057323077e+00 3.099814201364801125e+00
5.505500000000000000e+04 2.157037216205539565e+01 5.613779020396282959e+00 3.933977050929433616e+00 8.448059070133957960e+00 9.098004280595362037e-01 2.878188563005573020e+00
5.505700000000000000e+04 1.054591236478279193e+01 5.613779020396282959e+00 3.267954795303254834e+00 7.623309071641973134e+00 7.368888778080757707e-01 2.516275769620402780e+00
5.505800000000000000e+04 1.024609874914945351e+01 5.613779020396282959e+00 2.951900508094092768e+00 7.293476855592685659e+00 6.574095826676078502e-01 2.370474797059505256e+00
5.505900000000000000e+04 -3.062920651982441456e-01 5.613779020396282959e+00 2.650107795339088135e+00 7.003150828666598215e+00 5.830050588127172473e-01 2.241725617370870172e+00
5.506100000000000000e+04 1.322265322615800898e+01 5.613779020396282959e+00 2.097721046587586624e+00 6.471566511022446733e+00 4.505027589097987395e-01 2.010802420775057886e+00
5.506300000000000000e+04 6.727199873677444764e+00 5.613779020396282959e+00 1.628229051359488366e+00 5.980940323964746064e+00 3.415482990769190819e-01 1.805403382022683800e+00
5.506400000000000000e+04 1.172123215539526697e+01 5.613779020396282959e+00 1.430050174861278833e+00 5.725362775657896641e+00 2.965309531914898100e-01 1.703977016564850455e+00
5.506700000000000000e+04 1.280376732230785564e+01 5.613779020396282959e+00 9.478364502329007513e-01 4.952788396651184755e+00 1.899928740845295005e-01 1.414435799820420669e+00
5.506800000000000000e+04 -3.816004825612070661e+00 5.613779020396282959e+00 8.222095865760433719e-01 4.709808007049141487e+00 1.630009885761951050e-01 1.327155096666236656e+00
5.506900000000000000e+04 7.631750136168858667e+00 5.613779020396282959e+00 7.114886321071732800e-01 4.462065917587398012e+00 1.395185175518027509e-01 1.240841467627196382e+00
5.507000000000000000e+04 -6.274251412373716974e+00 5.613779020396282959e+00 6.142464668803382377e-01 4.193105459832329629e+00 1.191554736916271978e-01 1.150940233814319757e+00
5.507200000000000000e+04 8.423514397413917720e+00 5.613779020396282959e+00 4.560021150716552230e-01 3.631902016511153519e+00 8.659693020465177027e-02 9.717203597258007308e-01
5.507400000000000000e+04 1.004539893764451008e+01 5.613779020396282959e+00 3.365728559047677093e-01 3.083713079382130129e+00 6.259957145868536021e-02 8.047267952458585505e-01
5.507600000000000000e+04 -3.257710608891528636e-02 5.613779020396282959e+00 2.446644561300058696e-01 2.579651962466780191e+00 4.458659039435906163e-02 6.570018241816371063e-01
5.507800000000000000e+04 8.337815206667217538e+00 5.613779020396282959e+00 1.772255691513887343e-01 2.114649959991934391e+00 3.165759871947924908e-02 5.259276661340864800e-01
5.508000000000000000e+04 3.931177757888635327e+00 5.613779020396282959e+00 1.280487148722933011e-01 1.691155971088644572e+00 2.242927217941729015e-02 4.109535310771395000e-01
5.508200000000000000e+04 6.833914506511739262e+00 5.613779020396282959e+00 9.225249237564120408e-02 1.323703544991184922e+00 1.585148843184322476e-02 3.144487706649526926e-01
5.508300000000000000e+04 -1.090718176348567781e+01 5.613779020396282959e+00 7.828265047811086563e-02 1.163122239608503472e+00 1.332425287277213925e-02 2.732386392615352988e-01
5.508400000000000000e+04 -5.215096405242219291e+00 5.613779020396282959e+00 6.634986103872077268e-02 1.021015378028938159e+00 1.118771474028273233e-02 2.372247625531919146e-01
5.508600000000000000e+04 1.522809248944109228e+01 5.613779020396282959e+00 4.778895805253825790e-02 7.779170420753893644e-01 7.910245647124551638e-03 1.768636417959688623e-01
5.508900000000000000e+04 7.480273596391892710e+00 5.613779020396282959e+00 2.953792704718989290e-02 5.067312557481477020e-01 4.758348966942117439e-03 1.116148140414422174e-01
5.509000000000000000e+04 -6.940553075650102599e+00 5.613779020396282959e+00 2.515094851968402434e-02 4.372719911345859245e-01 4.015798901434460173e-03 9.532437895330177213e-02
5.509200000000000000e+04 -3.790488365077667510e+00 5.613779020396282959e+00 1.823123819824581937e-02 3.243297507568781435e-01 2.860340487345981557e-03 6.927754416372142177e-02
5.509300000000000000e+04 7.526268056338564882e+00 5.613779020396282959e+00 1.552278488735900699e-02 2.786768301891387467e-01 2.414419350363810127e-03 5.893182841083124957e-02
5.509500000000000000e+04 -2.375947700560296472e+00 5.613779020396282959e+00 1.124605589990867321e-02 2.040968608097261938e-01 1.719580412830072277e-03 4.231565367592597660e-02
5.509600000000000000e+04 5.088628508546291229e+00 5.613779020396282959e+00 9.575513617746863118e-03 1.737236238853490933e-01 1.451847290194205504e-03 3.566927231548724930e-02
5.509700000000000000e+04 4.124190058656991731e+00 5.613779020396282959e+00 8.151450433902005660e-03 1.479259879042032488e-01 1.225634575374692737e-03 3.008093132914495954e-02
5.509800000000000000e+04 2.199390622871011391e+00 5.613779020396282959e+00 6.935252852135165638e-03 1.257389168979765048e-01 1.034155386379047173e-03 2.532607897558340412e-02
5.510000000000000000e+04 -2.552245317073206898e+00 5.613779020396282959e+00 5.026680235648261705e-03 9.077933904808636878e-02 7.373742460977353481e-04 1.794341774353383490e-02
5.510100000000000000e+04 9.731060936963634944e+00 5.613779020396282959e+00 4.277566175215478418e-03 7.701613544084469354e-02 6.224268341795411233e-04 1.508227624957792119e-02
5.510200000000000000e+04 1.197950325650767311e+00 5.613779020396282959e+00 3.642667242111638070e-03 6.535378462587780601e-02 5.258043306838589264e-04 1.268119074547458328e-02
5.510600000000000000e+04 -1.667126137132013408e-01 5.613779020396282959e+00 1.907742695990415722e-03 3.380775707615856635e-02 2.668395524086519138e-04 6.328196517699642178e-03
5.510900000000000000e+04 4.549716221849351427e+00 5.613779020396282959e+00 1.173339293678566731e-03 2.087582858776846143e-02 1.603886617199637324e-04 3.806679173553694298e-03
5.511100000000000000e+04 -8.461574166650541073e+00 5.613779020396282959e+00 8.489831367973027466e-04 1.513033479274826509e-02 1.143196079927424701e-04 2.712307255261054220e-03
5.511200000000000000e+04 -7.120284953686531360e+00 5.613779020396282959e+00 7.216635572816795623e-04 1.287290515649084331e-02 9.645587389153405797e-05 2.288272389876785419e-03
5.511400000000000000e+04 1.050148021284925370e+01 5.613779020396282959e+00 5.221294690758054077e-04 9.327429288021618636e-03 6.876820444588222371e-05 1.630669455947835432e-03
5.511500000000000000e+04 -1.595915213498368068e+01 5.613779020396282959e+00 4.438946344158176387e-04 7.933731325498875539e-03 5.804061642466235168e-05 1.375664330264058039e-03
5.511700000000000000e+04 -2.485817196676891161e+00 5.613779020396282959e+00 3.211936095938321719e-04 5.747343701613040479e-03 4.139733072045060849e-05 9.805076602997543633e-04
5.511800000000000000e+04 5.249667640063597762e-01 5.613779020396282959e+00 2.730603437855316632e-04 4.888493877629212191e-03 3.494412016400036890e-05 8.273243091032378470e-04
5.511900000000000000e+04 1.495884139962689208e+00 5.613779020396282959e+00 2.323819442238831193e-04 4.161620824954526988e-03 2.952906681710418518e-05 6.987274722892087252e-04
5.512000000000000000e+04 1.175858665127065494e+00 5.613779020396282959e+00 1.994177585201395940e-04 3.541284059339140384e-03 2.516312410348764490e-05 5.898993968781883653e-04
