5.497400000000000000e+04 3.744650012275903439e+00 7.465257609443455067e+00 2.872527343123094101e-01 1.361878181083838162e-18 2.872527343123094101e-01 1.361878181083838162e-18
5.497600000000000000e+04 -5.332018366992272718e+00 7.465257609443455067e+00 1.958814406946931541e+00 1.361877894807208667e-18 1.958814406946931541e+00 1.361877894807208667e-18
5.498000000000000000e+04 1.048930228387890118e+01 7.465257609443455067e+00 9.740658635389692677e+00 1.361876957650400692e-18 9.740658635389692677e+00 1.361876957650400692e-18
5.498100000000000000e+04 7.191640914219757263e+00 7.465257609443455067e+00 1.261836908227294352e+01 1.361876613660269607e-18 1.261836908227294352e+01 1.361876613660269607e-18
5.498500000000000000e+04 3.115011865298725269e+01 7.465257609443455067e+00 2.761301931683333422e+01 1.172809985443463487e+00 2.761301931683333422e+01 1.172809985443463487e+00
5.498700000000000000e+04 3.642197666079866281e+01 7.465257609443455067e+00 3.698113532148148863e+01 4.188406388058739438e+00 3.698113532148148863e+01 4.188406388058739438e+00
5.498800000000000000e+04 5.415149950609419705e+01 7.465257609443455067e+00 4.209516568424355398e+01 6.387348154830737812e+00 4.209516568424355398e+01 6.387348154830737812e+00
5.498900000000000000e+04 5.929665831534974529e+01 7.465257609443455067e+00 4.711547825657126509e+01 9.046702486275524535e+00 4.711547825657126509e+01 9.046702486275524535e+00
5.499300000000000000e+04 9.103892412843953252e+01 7.465257609443455067e+00 6.549985504210982867e+01 2.434500671405781702e+01 6.549985504210982867e+01 2.434500671405781702e+01
5.499500000000000000e+04 9.815575285917088877e+01 7.465257609443455067e+00 6.925870503056015082e+01 3.451627414604166688e+01 6.925870503056015082e+01 3.451627414604166688e+01
5.499700000000000000e+04 1.262977458432766014e+02 7.465257609443455067e+00 7.110834207998198053e+01 4.622641915185185724e+01 6.841287481237441170e+01 4.622641915185185724e+01
5.499900000000000000e+04 1.305514142631502921e+02 7.465257609443455067e+00 7.017357670051271157e+01 5.889434782071408847e+01 6.504780932565140006e+01 5.889434782071408847e+01
5.500000000000000000e+04 1.465994822699144891e+02 7.465257609443455067e+00 6.943396820842724537e+01 6.489662410672829651e+01 6.320798198309262261e+01 6.489662410672829651e+01
5.500200000000000000e+04 1.406302727295953048e+02 7.465257609443455067e+00 6.729682250908874153e+01 7.673977432222363859e+01 5.914124484496770862e+01 7.673977432222363859e+01
5.500300000000000000e+04 1.364658519934895082e+02 7.465257609443455067e+00 6.515522698831216530e+01 8.187481880263729295e+01 5.628475033544589223e+01 8.187481880263729295e+01
5.500500000000000000e+04 1.528195761561964616e+02 7.465257609443455067e+00 5.985753464190068485e+01 8.944761754696841649e+01 5.000629460476246635e+01 8.657338128820018142e+01
5.500700000000000000e+04 1.547495963302682185e+02 7.465257609443455067e+00 5.508587266984689990e+01 9.403349642960863264e+01 4.455343955827151348e+01 8.551609351546802884e+01
5.500900000000000000e+04 1.432079130047986837e+02 7.465257609443455067e+00 5.023816412538496934e+01 9.480718209213691239e+01 3.937777404403901471e+01 8.130976165706424297e+01
5.501000000000000000e+04 1.426706608355581807e+02 7.465257609443455067e+00 4.775776239886082664e+01 9.474876499265583618e+01 3.686434766411487374e+01 7.900997747886577827e+01
5.501300000000000000e+04 1.305456855557184781e+02 7.465257609443455067e+00 4.061066408398885130e+01 9.137829216959640632e+01 2.997981993502793685e+01 7.035593791930737950e+01
5.501600000000000000e+04 1.096794327564970217e+02 7.465257609443455067e+00 3.222010329498021974e+01 8.254995578585815963e+01 2.279133005233092391e+01 5.903171895441801809e+01
5.501700000000000000e+04 1.049564731450955577e+02 7.465257609443455067e+00 2.970552306125449604e+01 7.972838008952686550e+01 2.072381963252022885e+01 5.569179944783939362e+01
5.501800000000000000e+04 1.044131082792046357e+02 7.465257609443455067e+00 2.739256748737363978e+01 7.679885405040033675e+01 1.885112345149930135e+01 5.242958359530334889e+01
5.501900000000000000e+04 9.070002525928583736e+01 7.465257609443455067e+00 2.516937763677919193e+01 7.373488189746305466e+01 1.708947422377729097e+01 4.922221755504877194e+01
5.502000000000000000e+04 8.940647718672258293e+01 7.465257609443455067e+00 2.305394554567231680e+01 7.055836142911587672e+01 1.544652967884242400e+01 4.608043458014359572e+01
5.502200000000000000e+04 7.188508881270854545e+01 7.465257609443455067e+00 1.925447615555451364e+01 6.433890862703832170e+01 1.256901635586821442e+01 4.027222623124582412e+01
5.502300000000000000e+04 7.559437633711598892e+01 7.465257609443455067e+00 1.755278691267416136e+01 6.111386293755445109e+01 1.131270102647213349e+01 3.747477491878492373e+01
5.502400000000000000e+04 7.135592839456477066e+01 7.465257609443455067e+00 1.599731428165993918e+01 5.738183156031452370e+01 1.018094207449878574e+01 3.448427377422747497e+01
5.502500000000000000e+04 6.437135878071050854e+01 7.465257609443455067e+00 1.459398545142108716e+01 5.327468677033918709e+01 9.172838121572022274e+00 3.138975180906150086e+01
5.502800000000000000e+04 4.484370035347917849e+01 7.465257609443455067e+00 1.108268373988066280e+01 4.233962327206742771e+01 6.716370971383953226e+00 2.356390431437412758e+01
5.502900000000000000e+04 4.629392422834925469e+01 7.465257609443455067e+00 1.013826309091270517e+01 3.909217228689055901e+01 6.071543353043900915e+00 2.136184277972161283e+01
5.503100000000000000e+04 4.244672169188181243e+01 7.465257609443455067e+00 8.556997304992252751e+00 3.305489884516193655e+01 5.006434182654020404e+00 1.743034109109994390e+01
5.503300000000000000e+04 2.520566374924784014e+01 7.465257609443455067e+00 7.330568121558389549e+00 2.775571196844937560e+01 4.192249869357422831e+00 1.414087628309016509e+01
5.503400000000000000e+04 4.328541946853448508e+01 7.465257609443455067e+00 6.851751815341720508e+00 2.540145047587446570e+01 3.874767751706000407e+00 1.272617759312348085e+01
5.503500000000000000e+04 2.949721141404068803e+01 7.465257609443455067e+00 6.432751438317453108e+00 2.326690389536743808e+01 3.597735703756966164e+00 1.146604765196502740e+01
5.503700000000000000e+04 2.935193878321242877e+01 7.465257609443455067e+00 5.747802926755404940e+00 1.948656019971632958e+01 3.145344712025503142e+00 9.298797575737893339e+00
5.503800000000000000e+04 3.234724140369103651e+01 7.465257609443455067e+00 5.473129997060764751e+00 1.787226315485270334e+01 2.963093496324381348e+00 8.395463714229940422e+00
5.503900000000000000e+04 3.063571719141300775e+01 7.465257609443455067e+00 5.231066728134925015e+00 1.640834591160114542e+01 2.802157021713587159e+00 7.589429191304875921e+00
5.504000000000000000e+04 2.203772585987509913e+01 7.465257609443455067e+00 5.005798030804699650e+00 1.510529193982021390e+01 2.653484246384680389e+00 6.881055001740258525e+00
5.504100000000000000e+04 1.746521372276191997e+01 7.465257609443455067e+00 4.791239468101768040e+00 1.394542241578277242e+01 2.513503025968822246e+00 6.258042728317525949e+00
5.504300000000000000e+04 2.198566372274080649e+01 7.465257609443455067e+00 4.390741025079166526e+00 1.202546875025176476e+01 2.256754227528354306e+00 5.240312336696778317e+00
5.504400000000000000e+04 1.626047071266664545e+01 7.465257609443455067e+00 4.186032538318625207e+00 1.127557415746446168e+01 2.129971270706062736e+00 4.843459689632500620e+00
5.504500000000000000e+04 1.018433734905091015e+01 7.465257609443455067e+00 3.975952597606819960e+00 1.061871692963868696e+01 2.002998789726357476e+00 4.497169629696206705e+00
5.504600000000000000e+04 7.715888742386736610e+00 7.465257609443455067e+00 3.773784200808672828e+00 1.004320605706001146e+01 1.882468299899572761e+00 4.194456255036756787e+00
5.504700000000000000e+04 6.804544230958991413e+00 7.465257609443455067e+00 3.579229791445574627e+00 9.544548528641389140e+00 1.768044749775525615e+00 3.931680890031879372e+00
5.504900000000000000e+04 -3.141216031036666578e+00 7.465257609443455067e+00 3.201060776111258832e+00 8.735724515192107020e+00 1.551051834533994978e+00 3.502696277141983838e+00
5.505000000000000000e+04 3.891429658286840620e+00 7.465257609443455067e+00 2.997479971440168089e+00 8.382356734329206915e+00 1.438675292267899364e+00 3.316855307980851375e+00
5.505100000000000000e+04 1.228794964082717378e+01 7.465257609443455067e+00 2.786963344703833112e+00 8.044466434613214645e+00 1.325106192803267691e+00 3.141878782461027253e+00
5.505300000000000000e+04 9.754228940852325280e-01 7.465257609443455067e+00 2.375651335520641894e+00 7.410052506089351176e+00 1.108770342350714921e+00 2.820942784410442883e+00
5.505400000000000000e+04 1.396177825830693386e+00 7.465257609443455067e+00 2.175075936700149981e+00 7.082154475097659052e+00 1.005908494057323077e+00 2.662464088382578531e+00
5.505500000000000000e+04 2.094701805013492901e+01 7.465257609443455067e+00 1.985184534025907555e+00 6.743095425613782723e+00 9.098004280595362037e-01 2.503748487157946734e+00
5.505700000000000000e+04 7.276543551442262725e+00 7.465257609443455067e+00 1.636924953162859353e+00 6.098870364350675644e+00 7.368888778080757707e-01 2.210055937219407074e+00
5.505800000000000000e+04 7.265652974155528021e+00 7.465257609443455067e+00 1.473320615716376070e+00 5.791373053077288446e+00 6.574095826676078502e-01 2.073679838540994247e+00
5.505900000000000000e+04 -6.447158342525685981e+00 7.465257609443455067e+00 1.318057836963791196e+00 5.479090605491337307e+00 5.830050588127172473e-01 1.938814793167494166e+00
5.506100000000000000e+04 1.201525853601236449e+01 7.465257609443455067e+00 1.036246446044319036e+00 4.790921440080214033e+00 4.505027589097987395e-01 1.656382741004084558e+00
5.506300000000000000e+04 3.727021942459602499e+00 7.465257609443455067e+00 7.990864005203597298e-01 4.100787111184120093e+00 3.415482990769190819e-01 1.385962927938393818e+00
5.506400000000000000e+04 1.053337376182875218e+01 7.465257609443455067e+00 6.996054778646820793e-01 3.762097767774388757e+00 2.965309531914898100e-01 1.257385617571653791e+00
5.506700000000000000e+04 1.248705143112625215e+01 7.465257609443455067e+00 4.594787666860262187e-01 2.847707068289309085e+00 1.899928740845295005e-01 9.211110972600947688e-01
5.506800000000000000e+04 -9.465836039818691816e+00 7.465257609443455067e+00 3.974127102476212037e-01 2.567841829899676576e+00 1.630009885761951050e-01 8.217619783345098128e-01
5.506900000000000000e+04 5.913253336249081116e+00 7.465257609443455067e+00 3.429086124388208145e-01 2.301412469663201676e+00 1.395185175518027509e-01 7.287563235158966979e-01
5.507000000000000000e+04 -1.239209851521685124e+01 7.465257609443455067e+00 2.952076860710064476e-01 2.049117044333386595e+00 1.191554736916271978e-01 6.421148923080304272e-01
5.507200000000000000e+04 7.584036499946085641e+00 7.465257609443455067e+00 2.179558136320879913e-01 1.600544242684609042e+00 8.659693020465177027e-02 4.913262041639884781e-01
5.507400000000000000e+04 1.020224871020103130e+01 7.465257609443455067e+00 1.600232845198373832e-01 1.232086110510640431e+00 6.259957145868536021e-02 3.706636914893623458e-01
5.507600000000000000e+04 -2.746456071472804794e+00 7.465257609443455067e+00 1.157334126866377960e-01 9.369351424141447726e-01 4.458659039435906163e-02 2.763494403062012883e-01
5.507800000000000000e+04 8.827697238990609208e+00 7.465257609443455067e+00 8.342093838569977771e-02 7.043272716377390053e-01 3.165759871947924908e-02 2.037512357202438951e-01
5.508000000000000000e+04 3.393270001969083349e+00 7.465257609443455067e+00 5.998708844385153977e-02 5.247607061379262472e-01 2.242927217941729015e-02 1.489443421145340285e-01
5.508200000000000000e+04 7.636433327685378636e+00 7.465257609443455067e+00 4.301935445517933443e-02 3.885604258282724932e-01 1.585148843184322476e-02 1.082461627558146955e-01
5.508300000000000000e+04 -1.578529381284776356e+01 7.465257609443455067e+00 3.642317765300992494e-02 3.335909811980616313e-01 1.332425287277213925e-02 9.208098189192380489e-02
5.508400000000000000e+04 -8.064191243623556105e+00 7.465257609443455067e+00 3.080313499442044814e-02 2.860800415661921003e-01 1.118771474028273233e-02 7.824946432335670721e-02
5.508600000000000000e+04 1.938198512876079604e+01 7.465257609443455067e+00 2.209094301872473187e-02 2.074614051049526731e-01 7.910245647124551638e-03 5.573323799294881836e-02
5.508900000000000000e+04 9.375095420638318799e+00 7.465257609443455067e+00 1.356985958392552954e-02 1.273213645110002623e-01 4.758348966942117439e-03 3.331275889874418111e-02
5.509000000000000000e+04 -9.724931040171842511e+00 7.465257609443455067e+00 1.153136654546905136e-02 1.080866626326119351e-01 4.015798901434460173e-03 2.803659022427161529e-02
5.509200000000000000e+04 -5.410138823556289722e+00 7.465257609443455067e+00 8.326165124615416899e-03 7.770399629289549692e-02 2.860340487345981557e-03 1.981436053980403095e-02
5.509300000000000000e+04 9.690218666658237723e+00 7.465257609443455067e+00 7.075697348176182046e-03 6.586844407654907085e-02 2.414419350363810127e-03 1.665531609096517277e-02
5.509500000000000000e+04 -3.393601507020034269e+00 7.465257609443455067e+00 5.107153826105314924e-03 4.721465187595996066e-02 1.719580412830072277e-03 1.174143337211776446e-02
5.509600000000000000e+04 6.567584129969580964e+00 7.465257609443455067e+00 4.340587843493616017e-03 4.008912493962722701e-02 1.451847290194205504e-03 9.887807058905687813e-03
5.509700000000000000e+04 5.314650237552734247e+00 7.465257609443455067e+00 3.688424691132600412e-03 3.412729081569183809e-02 1.225634575374692737e-03 8.348980041024522958e-03
5.509800000000000000e+04 2.780521126971304380e+00 7.465257609443455067e+00 3.132560080880771210e-03 2.904904868586388397e-02 1.034155386379047173e-03 7.049371162362620333e-03
5.510000000000000000e+04 -3.498122941342773906e+00 7.465257609443455067e+00 2.262632874150900635e-03 2.101869145010796386e-02 7.373742460977353481e-04 5.019748626793075000e-03
5.510100000000000000e+04 1.285216190308723405e+01 7.465257609443455067e+00 1.922178549313258589e-03 1.788597115641210947e-02 6.224268341795411233e-04 4.237980086345396677e-03
5.510200000000000000e+04 1.518136352547413859e+00 7.465257609443455067e+00 1.634147279332364821e-03 1.520843037121858733e-02 5.258043306838589264e-04 3.575425609182477163e-03
5.510600000000000000e+04 -2.603800458814525265e-01 7.465257609443455067e+00 8.503376016606508259e-04 7.960478692134828616e-03 2.668395524086519138e-04 1.814809112742756881e-03
5.510900000000000000e+04 6.026353649491331232e+00 7.465257609443455067e+00 5.205895182106584250e-04 4.897642876077172407e-03 1.603886617199637324e-04 1.091761675451888552e-03
5.511100000000000000e+04 -1.126961509320323884e+01 7.465257609443455067e+00 3.755627761777575579e-04 3.541919899898678288e-03 1.143196079927424701e-04 7.780335427244262957e-04
5.511200000000000000e+04 -9.483369264302677237e+00 7.465257609443455067e+00 3.187770176241309017e-04 3.013910423479879488e-03 9.645587389153405797e-05 6.572554133548237122e-04
5.511400000000000000e+04 1.395428110284193401e+01 7.465257609443455067e+00 2.299815061283639163e-04 2.179255456267463649e-03 6.876820444588222371e-05 4.684556010893086439e-04
5.511500000000000000e+04 -2.123172760543702609e+01 7.465257609443455067e+00 1.952486336525641197e-04 1.852579342164644306e-03 5.804061642466235168e-05 3.954109412969871438e-04
5.511700000000000000e+04 -3.312255186475962621e+00 7.465257609443455067e+00 1.408916753739815971e-04 1.337659840555912791e-03 4.139733072045060849e-05 2.815177709731275248e-04
5.511800000000000000e+04 6.924986912360852065e-01 7.465257609443455067e+00 1.196172177333896576e-04 1.137081115416833281e-03 3.494412016400036890e-05 2.376444397711154283e-04
5.511900000000000000e+04 1.984465605986793113e+00 7.465257609443455067e+00 1.016626712379262886e-04 9.659407152084815073e-04 2.952906681710418518e-05 2.004858271499546790e-04
5.512000000000000000e+04 1.559602122562772530e+00 7.465257609443455067e+00 8.712731720832596609e-05 8.211968313665464090e-04 2.516312410348764490e-05 1.692770513206106697e-04
