5.497600000000000000e+04 -3.507239197548648324e+00 5.413620267040045952e+00 1.164140563987932975e+00 8.960306587780850352e-19 1.164140563987932975e+00 8.960306587780850352e-19
5.497900000000000000e+04 4.166846208731938006e+00 5.413620267040045952e+00 4.289077145657377521e+00 8.960306582668382648e-19 4.289077145657377521e+00 8.960306582668382648e-19
5.498300000000000000e+04 1.237653927052635794e+01 5.413620267040045952e+00 1.143383206421574805e+01 5.692856059696972670e-04 1.143383206421574805e+01 5.692856059696972670e-04
5.499200000000000000e+04 4.830479895680704061e+01 5.413620267040045952e+00 3.733751665722944324e+01 7.442956887355959950e+00 3.733751665722944324e+01 7.442956887355959950e+00
5.499500000000000000e+04 5.505762830351654458e+01 5.413620267040045952e+00 4.526446668391263017e+01 1.307602453554221000e+01 4.526446668391263017e+01 1.307602453554221000e+01
5.499600000000000000e+04 5.079884924931833012e+01 5.413620267040045952e+00 4.750204251648135312e+01 1.528761230289747708e+01 4.750204251648135312e+01 1.528761230289747708e+01
5.499800000000000000e+04 7.038135536085341926e+01 5.413620267040045952e+00 5.100837237938143431e+01 2.007959606340551773e+01 5.091672227927872996e+01 2.007959606340551773e+01
5.500200000000000000e+04 8.336068317763590585e+01 5.413620267040045952e+00 5.430211582583206820e+01 2.987001332578356028e+01 5.381775602163734362e+01 2.987001332578356028e+01
5.500700000000000000e+04 9.923498701631706354e+01 5.413620267040045952e+00 5.304413392725972898e+01 4.519649444914828962e+01 5.210622193247517231e+01 3.949706759516585208e+01
5.501100000000000000e+04 1.018846014066887307e+02 5.413620267040045952e+00 4.909749735910822466e+01 5.724895127466233902e+01 4.789065290588005297e+01 4.282857131343035206e+01
5.501600000000000000e+04 1.052357396475326681e+02 5.413620267040045952e+00 4.169492823624310773e+01 6.657747710455780066e+01 4.031611703369087962e+01 4.221245061156341194e+01
5.502200000000000000e+04 1.050899210318685704e+02 5.413620267040045952e+00 3.312380070479415650e+01 6.929942889790247307e+01 3.169741694238675578e+01 3.714193852390528150e+01
5.502800000000000000e+04 9.322930699686166633e+01 5.413620267040045952e+00 2.779569746981968592e+01 6.409486422566638453e+01 2.632666932167046880e+01 2.975067964429372225e+01
5.503000000000000000e+04 8.850990974132307088e+01 5.413620267040045952e+00 2.651386894769208524e+01 6.159461673677333948e+01 2.502725028100064719e+01 2.736808705979442635e+01
5.503300000000000000e+04 8.225856801597545598e+01 5.413620267040045952e+00 2.463802992343412157e+01 5.862730672725289338e+01 2.313864568316503068e+01 2.448006460697853726e+01
5.503800000000000000e+04 8.614748327172623021e+01 5.413620267040045952e+00 2.097247392844831637e+01 5.550504346426428981e+01 1.953108020902245556e+01 2.106133545733638002e+01
5.504200000000000000e+04 8.929701488283180311e+01 5.413620267040045952e+00 1.791089588649927933e+01 5.385019108167131918e+01 1.656882135661357935e+01 1.904313992562109448e+01
5.504400000000000000e+04 6.398052925347565179e+01 5.413620267040045952e+00 1.645397879080796955e+01 5.248927683060296800e+01 1.517055024046465839e+01 1.795118906655368463e+01
5.504600000000000000e+04 5.957996557987039665e+01 5.413620267040045952e+00 1.513146629816276878e+01 5.079398551156433683e+01 1.390504162668881349e+01 1.681808671994051352e+01
5.505000000000000000e+04 5.997106007859546395e+01 5.413620267040045952e+00 1.301801801141029102e+01 4.638114192351003595e+01 1.188425964160150627e+01 1.443726013929840057e+01
5.505600000000000000e+04 5.304831704675677884e+01 5.413620267040045952e+00 1.100760280594400520e+01 3.894746539469030466e+01 9.950825172612551839e+00 1.112403330135105328e+01
5.505900000000000000e+04 4.556202584723761362e+01 5.413620267040045952e+00 1.022188735637899981e+01 3.590621157407938568e+01 9.195652533626304859e+00 9.849461411076502415e+00
5.506300000000000000e+04 4.571537795330151255e+01 5.413620267040045952e+00 9.361545151956404354e+00 3.321819539370714125e+01 8.367487622413662507e+00 8.655305087080730431e+00
5.506500000000000000e+04 3.404252274426305291e+01 5.413620267040045952e+00 8.990608958657116290e+00 3.220469707883318478e+01 8.010164788539839265e+00 8.186039266625957822e+00
5.506700000000000000e+04 4.800845655260560818e+01 5.413620267040045952e+00 8.636595562630656531e+00 3.122754978593950170e+01 7.670155917078735897e+00 7.748194870342034690e+00
5.507000000000000000e+04 3.643048994824039255e+01 5.413620267040045952e+00 8.146595497933915908e+00 2.997554291574988383e+01 7.200455628366551508e+00 7.180458706402981228e+00
5.507400000000000000e+04 3.442558234639530212e+01 5.413620267040045952e+00 7.518982263973755131e+00 2.859673710100714317e+01 6.603708294373577203e+00 6.548371216168340503e+00
5.507900000000000000e+04 3.762546063476311531e+01 5.413620267040045952e+00 6.702508748277320016e+00 2.710517194391767148e+01 5.840457257125583723e+00 5.882837101230095733e+00
5.508300000000000000e+04 2.886471413810181375e+01 5.413620267040045952e+00 5.953166379159972266e+00 2.594606647257784360e+01 5.155149271873892936e+00 5.405543130602271873e+00
5.509100000000000000e+04 3.041583585447962435e+01 5.413620267040045952e+00 4.042050673150822782e+00 2.285348560794636441e+01 3.457107999615824934e+00 4.407870389404665801e+00
