5.497600000000000000e+04 -3.188054295114002290e+00 5.043719735513784386e+00 1.164140563987932975e+00 8.960306592350573665e-19 1.164140563987932975e+00 8.960306592350573665e-19
5.497900000000000000e+04 4.175197974520341582e+00 5.043719735513784386e+00 4.289077145657377521e+00 8.960306590053393761e-19 4.289077145657377521e+00 8.960306590053393761e-19
5.498300000000000000e+04 1.231159581376518908e+01 5.043719735513784386e+00 1.143383206421574805e+01 8.960306584651271971e-19 1.143383206421574805e+01 8.960306584651271971e-19
5.499200000000000000e+04 4.220826491344593734e+01 5.043719735513784386e+00 3.733751665722944324e+01 1.587232095280796784e+00 3.733751665722944324e+01 1.587232095280796784e+00
5.499500000000000000e+04 4.676935093694373791e+01 5.043719735513784386e+00 4.526446668391263017e+01 4.563436508517902723e+00 4.526446668391263017e+01 4.563436508517902723e+00
5.499600000000000000e+04 4.222994376495535818e+01 5.043719735513784386e+00 4.750204251648135312e+01 5.899401966142534093e+00 4.750204251648135312e+01 5.899401966142534093e+00
5.499800000000000000e+04 5.949710623596249093e+01 5.043719735513784386e+00 5.100837237938143431e+01 9.147065651372599859e+00 5.091672227927872996e+01 9.147065651372599859e+00
5.500200000000000000e+04 7.118296313693703325e+01 5.043719735513784386e+00 5.430211582583206820e+01 1.763684900154167678e+01 5.381775602163734362e+01 1.763684900154167678e+01
5.500700000000000000e+04 8.384056359717116891e+01 5.043719735513784386e+00 5.304413392725972898e+01 2.987001332578356028e+01 5.210622193247517231e+01 2.987001332578356028e+01
5.501100000000000000e+04 8.659790935156138403e+01 5.043719735513784386e+00 4.909749735910822466e+01 4.165739120525349648e+01 4.789065290588005297e+01 3.800163401318508249e+01
5.501600000000000000e+04 9.611470237401903205e+01 5.043719735513784386e+00 4.169492823624310773e+01 5.724895127466233902e+01 4.031611703369087962e+01 4.282857131343035206e+01
5.502200000000000000e+04 1.033588770947769291e+02 5.043719735513784386e+00 3.312380070479415650e+01 6.775059400548153121e+01 3.169741694238675578e+01 4.168497754598013927e+01
5.502800000000000000e+04 9.776918352582403315e+01 5.043719735513784386e+00 2.779569746981968592e+01 6.872621421861957458e+01 2.632666932167046880e+01 3.590898908961783320e+01
5.503000000000000000e+04 9.422349408506121904e+01 5.043719735513784386e+00 2.651386894769208524e+01 6.733562948602845211e+01 2.502725028100064719e+01 3.349864657779635024e+01
5.503300000000000000e+04 8.779491575728262376e+01 5.043719735513784386e+00 2.463802992343412157e+01 6.409486422566638453e+01 2.313864568316503068e+01 2.975067964429372225e+01
5.503800000000000000e+04 8.860901945338157759e+01 5.043719735513784386e+00 2.097247392844831637e+01 5.862730672725289338e+01 1.953108020902245556e+01 2.448006460697853726e+01
5.504200000000000000e+04 9.025792617484890457e+01 5.043719735513784386e+00 1.791089588649927933e+01 5.600929299964194996e+01 1.656882135661357935e+01 2.164777683285353405e+01
5.504400000000000000e+04 6.693110602630038386e+01 5.043719735513784386e+00 1.645397879080796955e+01 5.510076164079132610e+01 1.517055024046465839e+01 2.053316997979926484e+01
5.504600000000000000e+04 6.349148021018986299e+01 5.043719735513784386e+00 1.513146629816276878e+01 5.427192729904754032e+01 1.390504162668881349e+01 1.952438295465249141e+01
5.505000000000000000e+04 6.524489626271989096e+01 5.043719735513784386e+00 1.301801801141029102e+01 5.169405476183079173e+01 1.188425964160150627e+01 1.739310748690514785e+01
5.505600000000000000e+04 5.902126485211860540e+01 5.043719735513784386e+00 1.100760280594400520e+01 4.513176795636739769e+01 9.950825172612551839e+00 1.384112857863875767e+01
5.505900000000000000e+04 5.101907163240800003e+01 5.043719735513784386e+00 1.022188735637899981e+01 4.132457885502572736e+01 9.195652533626304859e+00 1.213644019237172778e+01
5.506300000000000000e+04 4.913714992636758438e+01 5.043719735513784386e+00 9.361545151956404354e+00 3.685421843843049317e+01 8.367487622413662507e+00 1.024468183644590624e+01
5.506500000000000000e+04 3.744312043582760197e+01 5.043719735513784386e+00 8.990608958657116290e+00 3.511656112977546940e+01 8.010164788539839265e+00 9.507407713281207151e+00
5.506700000000000000e+04 5.002031153557064869e+01 5.043719735513784386e+00 8.636595562630656531e+00 3.379588728793707730e+01 7.670155917078735897e+00 8.917591241737580887e+00
5.507000000000000000e+04 3.877523065704667715e+01 5.043719735513784386e+00 8.146595497933915908e+00 3.220469707883318478e+01 7.200455628366551508e+00 8.186039266625957822e+00
5.507400000000000000e+04 3.630101666134429195e+01 5.043719735513784386e+00 7.518982263973755131e+00 3.035668814400716187e+01 6.603708294373577203e+00 7.356522026901044953e+00
5.507900000000000000e+04 3.885616545064909388e+01 5.043719735513784386e+00 6.702508748277320016e+00 2.859673710100714317e+01 5.840457257125583723e+00 6.548371216168340503e+00
5.508300000000000000e+04 3.051760230194664558e+01 5.043719735513784386e+00 5.953166379159972266e+00 2.739161277834401531e+01 5.155149271873892936e+00 6.007723116713606260e+00
5.509100000000000000e+04 3.227044169099396242e+01 5.043719735513784386e+00 4.042050673150822782e+00 2.494862561920765032e+01 3.457107999615824934e+00 5.046038918168288312e+00
