5.497600000000000000e+04 -4.098400247336321911e+00 6.098711525636954178e+00 1.164140563987932975e+00 1.400047904695842546e-18 1.164140563987932975e+00 1.400047904695842546e-18
5.497900000000000000e+04 4.151377937540558172e+00 6.098711525636954178e+00 4.289077145657377521e+00 1.400047904115777677e-18 4.289077145657377521e+00 1.400047904115777677e-18
5.498300000000000000e+04 1.249519712351323264e+01 6.098711525636954178e+00 1.143383206421574805e+01 1.400047902751678668e-18 1.143383206421574805e+01 1.400047902751678668e-18
5.499200000000000000e+04 4.843821344148685881e+01 6.098711525636954178e+00 3.733751665722944324e+01 7.130369544559223449e+00 3.733751665722944324e+01 7.130369544559223449e+00
5.499500000000000000e+04 5.585844899324109747e+01 6.098711525636954178e+00 4.526446668391263017e+01 1.429229008026968373e+01 4.526446668391263017e+01 1.429229008026968373e+01
5.499600000000000000e+04 5.122004998260764808e+01 6.098711525636954178e+00 4.750204251648135312e+01 1.722624419581170585e+01 4.750204251648135312e+01 1.722624419581170585e+01
5.499800000000000000e+04 7.443019064148033692e+01 6.098711525636954178e+00 5.133933107419673547e+01 2.388689422327730227e+01 5.091672227927872996e+01 2.388689422327730227e+01
5.500200000000000000e+04 9.431275557555373723e+01 6.098711525636954178e+00 5.605119289653529790e+01 3.917569678333893535e+01 5.381775602163734362e+01 3.917569678333893535e+01
5.500700000000000000e+04 1.147145960038162826e+02 6.098711525636954178e+00 5.643103835287060122e+01 5.716336336344616598e+01 5.210622193247517231e+01 5.658058335489079127e+01
5.501100000000000000e+04 1.169477384857478057e+02 6.098711525636954178e+00 5.345554677354331830e+01 6.851868373919579369e+01 4.789065290588005297e+01 6.516279956176489918e+01
5.501600000000000000e+04 1.172394154227158651e+02 6.098711525636954178e+00 4.667396868990392278e+01 7.398640113107218497e+01 4.031611703369087962e+01 6.707742622943986532e+01
5.502200000000000000e+04 1.128249555467945555e+02 6.098711525636954178e+00 3.827463095793200409e+01 7.154616453474402249e+01 3.169741694238675578e+01 6.142356158546017753e+01
5.502800000000000000e+04 9.642337070921992392e+01 6.098711525636954178e+00 3.310052133813628927e+01 6.181468644190653805e+01 2.632666932167046880e+01 5.039514629211360131e+01
5.503000000000000000e+04 9.031107518409876889e+01 6.098711525636954178e+00 3.188221413296672679e+01 5.797663695681739426e+01 2.502725028100064719e+01 4.648543694420893502e+01
5.503300000000000000e+04 8.145305414227178176e+01 6.098711525636954178e+00 3.005247301329474041e+01 5.253475589065131146e+01 2.313864568316503068e+01 4.110379148004953720e+01
5.503800000000000000e+04 8.334239866611849834e+01 6.098711525636954178e+00 2.617750680415279874e+01 4.627119606325734935e+01 1.953108020902245556e+01 3.480083939775672519e+01
5.504200000000000000e+04 8.539656135263865622e+01 6.098711525636954178e+00 2.275727613330874988e+01 4.288419335649462028e+01 1.656882135661357935e+01 3.128406285125081610e+01
5.504400000000000000e+04 5.689880108147155369e+01 6.098711525636954178e+00 2.108858188926991417e+01 4.140097639454560152e+01 1.517055024046465839e+01 2.975490613378295279e+01
5.504600000000000000e+04 5.201652821904385604e+01 6.098711525636954178e+00 1.956022205626315369e+01 3.960481087808405931e+01 1.390504162668881349e+01 2.804873291649012756e+01
5.505000000000000000e+04 5.323462651240834020e+01 6.098711525636954178e+00 1.711214545794200959e+01 3.547820719968930092e+01 1.188425964160150627e+01 2.441385026127807123e+01
5.505600000000000000e+04 4.703767190168849766e+01 6.098711525636954178e+00 1.482374425964091813e+01 2.872922951787994705e+01 9.950825172612551839e+00 1.896318780058082254e+01
5.505900000000000000e+04 3.906365865687676120e+01 6.098711525636954178e+00 1.392773532743040299e+01 2.577363271183696014e+01 9.195652533626304859e+00 1.667225092945013287e+01
5.506300000000000000e+04 3.930150187139182805e+01 6.098711525636954178e+00 1.295119734197186823e+01 2.281785358996092583e+01 8.367487622413662507e+00 1.437707365002894022e+01
5.506500000000000000e+04 2.621553378601666751e+01 6.098711525636954178e+00 1.253110179519172362e+01 2.174239685703075864e+01 8.010164788539839265e+00 1.352391419856364152e+01
5.506700000000000000e+04 4.212856129237201230e+01 6.098711525636954178e+00 1.212651650490148292e+01 2.082707459038600462e+01 7.670155917078735897e+00 1.279068635410305710e+01
5.507000000000000000e+04 2.922191594196912945e+01 6.098711525636954178e+00 1.156321169359384449e+01 1.956443008148153240e+01 7.200455628366551508e+00 1.179148389674634423e+01
5.507400000000000000e+04 2.712344995038852247e+01 6.098711525636954178e+00 1.082413826530773271e+01 1.820333479839557711e+01 6.603708294373577203e+00 1.070532509903292251e+01
5.507900000000000000e+04 3.091307346675020540e+01 6.098711525636954178e+00 9.815472466325255496e+00 1.679668268891279936e+01 5.840457257125583723e+00 9.587694896348420315e+00
5.508300000000000000e+04 2.122260004445822190e+01 6.098711525636954178e+00 8.834894822137480119e+00 1.580624094162260995e+01 5.155149271873892936e+00 8.815035938666337501e+00
5.509100000000000000e+04 2.381235757581827528e+01 6.098711525636954178e+00 6.154343660916092418e+00 1.369222198217379294e+01 3.457107999615824934e+00 7.300571571406979210e+00
