5.497600000000000000e+04 -3.521901078848079347e+00 5.430611790274591399e+00 1.164140563987932975e+00 1.400047905447296692e-18 1.164140563987932975e+00 1.400047905447296692e-18
5.497900000000000000e+04 4.166462567157114272e+00 5.430611790274591399e+00 4.289077145657377521e+00 1.400047905330183781e-18 4.289077145657377521e+00 1.400047905330183781e-18
5.498300000000000000e+04 1.237892703724030596e+01 5.430611790274591399e+00 1.143383206421574805e+01 1.400047905054776955e-18 1.143383206421574805e+01 1.400047905054776955e-18
5.499200000000000000e+04 4.087290373506003505e+01 5.430611790274591399e+00 3.733751665722944324e+01 1.400047903178349573e-18 3.733751665722944324e+01 1.400047903178349573e-18
5.499500000000000000e+04 4.197218948024249130e+01 5.430611790274591399e+00 4.526446668391263017e+01 8.895087593276518713e-04 4.526446668391263017e+01 8.895087593276518713e-04
5.499600000000000000e+04 3.569458223961798637e+01 5.430611790274591399e+00 4.750204251648135312e+01 2.209803768185407968e-01 4.750204251648135312e+01 2.209803768185407968e-01
5.499800000000000000e+04 5.208567587774707874e+01 5.430611790274591399e+00 5.133933107419673547e+01 1.455175704984916107e+00 5.091672227927872996e+01 1.455175704984916107e+00
5.500200000000000000e+04 6.236756961261810517e+01 5.430611790274591399e+00 5.605119289653529790e+01 7.130369544559223449e+00 5.381775602163734362e+01 7.130369544559223449e+00
5.500700000000000000e+04 7.785980628506177936e+01 5.430611790274591399e+00 5.643103835287060122e+01 2.043128833678469647e+01 5.210622193247517231e+01 2.043128833678469647e+01
5.501100000000000000e+04 8.424862901978477225e+01 5.430611790274591399e+00 5.345554677354331830e+01 3.526893370285700513e+01 4.789065290588005297e+01 3.526893370285700513e+01
5.501600000000000000e+04 9.707133428838369582e+01 5.430611790274591399e+00 4.667396868990392278e+01 5.344356235841644320e+01 4.031611703369087962e+01 5.344356235841644320e+01
5.502200000000000000e+04 1.112872970772354790e+02 5.430611790274591399e+00 3.827463095793200409e+01 7.033760484755981679e+01 3.169741694238675578e+01 6.624374161570899844e+01
5.502800000000000000e+04 1.085527021132006382e+02 5.430611790274591399e+00 3.310052133813628927e+01 7.410923360492600409e+01 2.632666932167046880e+01 6.595695408056781162e+01
5.503000000000000000e+04 1.055938326484603635e+02 5.430611790274591399e+00 3.188221413296672679e+01 7.330893452427551438e+01 2.502725028100064719e+01 6.407003541712595052e+01
5.503300000000000000e+04 9.938792725943342532e+01 5.430611790274591399e+00 3.005247301329474041e+01 7.034538278712454940e+01 2.313864568316503068e+01 5.986331613235006444e+01
5.503800000000000000e+04 9.769250987776814554e+01 5.430611790274591399e+00 2.617750680415279874e+01 6.181468644190653805e+01 1.953108020902245556e+01 5.039514629211360131e+01
5.504200000000000000e+04 9.456271335538735912e+01 5.430611790274591399e+00 2.275727613330874988e+01 5.421446996001150609e+01 1.656882135661357935e+01 4.276263603092878185e+01
5.504400000000000000e+04 6.715896918727946741e+01 5.430611790274591399e+00 2.108858188926991417e+01 5.104868998571386385e+01 1.517055024046465839e+01 3.962177117798344028e+01
5.504600000000000000e+04 6.160115508904896586e+01 5.430611790274591399e+00 1.956022205626315369e+01 4.840633559799493923e+01 1.390504162668881349e+01 3.697962994499231826e+01
5.505000000000000000e+04 6.211867675041170855e+01 5.430611790274591399e+00 1.711214545794200959e+01 4.443283614764933986e+01 1.188425964160150627e+01 3.290833665208808867e+01
5.505600000000000000e+04 5.753151264589733671e+01 5.430611790274591399e+00 1.482374425964091813e+01 3.960481087808405931e+01 9.950825172612551839e+00 2.804873291649012756e+01
5.505900000000000000e+04 4.993668404297698515e+01 5.430611790274591399e+00 1.392773532743040299e+01 3.657679851074040300e+01 9.195652533626304859e+00 2.534950343803479100e+01
5.506300000000000000e+04 4.819295602307833093e+01 5.430611790274591399e+00 1.295119734197186823e+01 3.209627956805902471e+01 8.367487622413662507e+00 2.162676340412305720e+01
5.506500000000000000e+04 3.517502500432465240e+01 5.430611790274591399e+00 1.253110179519172362e+01 2.981915667018196814e+01 8.010164788539839265e+00 1.981734343735094583e+01
5.506700000000000000e+04 4.798246594124834274e+01 5.430611790274591399e+00 1.212651650490148292e+01 2.768607599369352812e+01 7.670155917078735897e+00 1.815123319589164907e+01
5.507000000000000000e+04 3.477683789363383227e+01 5.430611790274591399e+00 1.156321169359384449e+01 2.491058417793299640e+01 7.200455628366551508e+00 1.600731536944672584e+01
5.507400000000000000e+04 3.138644686811747064e+01 5.430611790274591399e+00 1.082413826530773271e+01 2.225775038992438937e+01 6.603708294373577203e+00 1.393373631521496847e+01
5.507900000000000000e+04 3.360773281919949085e+01 5.430611790274591399e+00 9.815472466325255496e+00 1.996249769016715447e+01 5.840457257125583723e+00 1.210655448490942732e+01
5.508300000000000000e+04 2.431317070503023103e+01 5.430611790274591399e+00 8.834894822137480119e+00 1.852231892455418460e+01 5.155149271873892936e+00 1.095930354686360708e+01
5.509100000000000000e+04 2.597839345467699701e+01 5.430611790274591399e+00 6.154343660916092418e+00 1.629270119051616206e+01 3.457107999615824934e+00 9.191932970672024084e+00
