5.497600000000000000e+04 -4.685990315941875650e+00 6.779664406048486747e+00 1.164140563987932975e+00 8.960306590053393761e-19 1.164140563987932975e+00 8.960306590053393761e-19
5.497900000000000000e+04 4.136003104347780734e+00 6.779664406048486747e+00 4.289077145657377521e+00 8.960306586340978904e-19 4.289077145657377521e+00 8.960306586340978904e-19
5.498300000000000000e+04 1.261370405588060706e+01 6.779664406048486747e+00 1.143383206421574805e+01 8.960306577610746169e-19 1.143383206421574805e+01 8.960306577610746169e-19
5.499200000000000000e+04 4.631458810391328740e+01 6.779664406048486747e+00 3.733751665722944324e+01 4.563436508517902723e+00 3.733751665722944324e+01 4.563436508517902723e+00
5.499500000000000000e+04 5.030028925519151528e+01 6.779664406048486747e+00 4.526446668391263017e+01 9.147065651372599859e+00 4.526446668391263017e+01 9.147065651372599859e+00
5.499600000000000000e+04 4.351033714243432371e+01 6.779664406048486747e+00 4.750204251648135312e+01 1.102479628531949452e+01 4.750204251648135312e+01 1.102479628531949452e+01
5.499800000000000000e+04 6.837951352314630071e+01 6.779664406048486747e+00 5.397681728826338343e+01 1.528761230289747708e+01 5.091672227927872996e+01 1.528761230289747708e+01
5.500200000000000000e+04 9.404623571312272645e+01 6.779664406048486747e+00 6.998999170613936371e+01 2.507244594133692317e+01 5.381775602163734362e+01 2.507244594133692317e+01
5.500700000000000000e+04 1.214112145985771036e+02 6.779664406048486747e+00 8.342206131389274049e+01 3.674388347533291466e+01 5.210622193247517231e+01 3.621157334713011267e+01
5.501100000000000000e+04 1.273675720514083451e+02 6.779664406048486747e+00 8.818584826088752493e+01 4.476944981091495634e+01 4.789065290588005297e+01 4.170419171952954684e+01
5.501600000000000000e+04 1.317903663610037768e+02 6.779664406048486747e+00 8.635309107446248333e+01 4.924019704650724094e+01 4.031611703369087962e+01 4.292955278684152631e+01
5.502200000000000000e+04 1.312194213495964732e+02 6.779664406048486747e+00 7.932278589832286286e+01 4.855704529303066863e+01 3.169741694238675578e+01 3.931107941469451816e+01
5.502800000000000000e+04 1.197359235297010258e+02 6.779664406048486747e+00 7.537588693487474245e+01 4.268347942590921207e+01 2.632666932167046880e+01 3.225289362695270512e+01
5.503000000000000000e+04 1.154132324539940413e+02 6.779664406048486747e+00 7.466379576330923840e+01 4.024671942280053827e+01 2.502725028100064719e+01 2.975067964429372225e+01
5.503300000000000000e+04 1.086880554508646668e+02 6.779664406048486747e+00 7.320141948326089221e+01 3.674744724382797045e+01 2.313864568316503068e+01 2.630642654723170537e+01
5.503800000000000000e+04 1.125171872993678903e+02 6.779664406048486747e+00 6.765761495207469522e+01 3.274953872029535518e+01 1.953108020902245556e+01 2.227253721456430569e+01
5.504200000000000000e+04 1.139573862970074032e+02 6.779664406048486747e+00 6.137919871557500784e+01 3.061733690376495787e+01 1.656882135661357935e+01 2.002180022480052202e+01
5.504400000000000000e+04 8.148844705368591690e+01 6.779664406048486747e+00 5.802280350470517334e+01 2.968063788807303283e+01 1.517055024046465839e+01 1.904313992562109448e+01
5.504600000000000000e+04 7.541381448219566153e+01 6.779664406048486747e+00 5.485399871312469600e+01 2.850648823768725393e+01 1.390504162668881349e+01 1.795118906655368463e+01
5.505000000000000000e+04 7.618642857212627462e+01 6.779664406048486747e+00 4.973919187799478436e+01 2.573102631057454914e+01 1.188425964160150627e+01 1.562486416721796978e+01
5.505600000000000000e+04 7.016596269054680590e+01 6.779664406048486747e+00 4.523545615217939542e+01 2.105672373376494733e+01 9.950825172612551839e+00 1.213644019237172778e+01
5.505900000000000000e+04 6.173500509305278428e+01 6.779664406048486747e+00 4.346049300442464869e+01 1.898342504229423255e+01 9.195652533626304859e+00 1.067024059484808518e+01
5.506300000000000000e+04 6.239595063900180349e+01 6.779664406048486747e+00 4.155796402547969137e+01 1.691111914328844179e+01 8.367487622413662507e+00 9.201327136018521813e+00
5.506500000000000000e+04 4.795047885712153857e+01 6.779664406048486747e+00 4.074610624634445344e+01 1.616205118910584559e+01 8.010164788539839265e+00 8.655305087080730431e+00
5.506700000000000000e+04 6.566436590469530188e+01 6.779664406048486747e+00 3.993850186022897475e+01 1.552646067700945487e+01 7.670155917078735897e+00 8.186039266625957822e+00
5.507000000000000000e+04 5.131884821260992879e+01 6.779664406048486747e+00 3.879101460669912171e+01 1.464634364595539573e+01 7.200455628366551508e+00 7.546549693917661727e+00
5.507400000000000000e+04 4.874714752905575921e+01 6.779664406048486747e+00 3.716368916824617941e+01 1.370007556353678879e+01 6.603708294373577203e+00 6.851408063381070335e+00
5.507900000000000000e+04 5.212533712064016100e+01 6.779664406048486747e+00 3.462339871169188399e+01 1.272080018535674562e+01 5.840457257125583723e+00 6.136124733662989605e+00
5.508300000000000000e+04 4.002719685085794055e+01 6.779664406048486747e+00 3.180005379848130431e+01 1.202737607529137165e+01 5.155149271873892936e+00 5.641623000746457173e+00
5.509100000000000000e+04 3.790677405313924453e+01 6.779664406048486747e+00 2.298769393264546679e+01 1.051048687992320296e+01 3.457107999615824934e+00 4.672365805700467334e+00
