5.497600000000000000e+04 -5.864705548860523976e+00 8.145666957701074296e+00 1.164140563987932975e+00 8.960306587780850352e-19 1.164140563987932975e+00 8.960306587780850352e-19
5.497900000000000000e+04 4.105160938939986792e+00 8.145666957701074296e+00 4.289077145657377521e+00 8.960306582668382648e-19 4.289077145657377521e+00 8.960306582668382648e-19
5.498300000000000000e+04 1.285200017495634661e+01 8.145666957701074296e+00 1.143383206421574805e+01 5.692856059696972670e-04 1.143383206421574805e+01 5.692856059696972670e-04
5.499200000000000000e+04 5.008339093487668947e+01 8.145666957701074296e+00 3.733751665722944324e+01 7.442956887355959950e+00 3.733751665722944324e+01 7.442956887355959950e+00
5.499500000000000000e+04 5.340089319411313795e+01 8.145666957701074296e+00 4.526446668391263017e+01 1.307602453554221000e+01 4.526446668391263017e+01 1.307602453554221000e+01
5.499600000000000000e+04 4.474754918390846115e+01 8.145666957701074296e+00 4.750204251648135312e+01 1.528761230289747708e+01 4.750204251648135312e+01 1.528761230289747708e+01
5.499800000000000000e+04 7.344126688182288376e+01 8.145666957701074296e+00 5.442488444432102312e+01 2.007959606340551773e+01 5.091672227927872996e+01 2.007959606340551773e+01
5.500200000000000000e+04 1.010070346356643114e+02 8.145666957701074296e+00 7.235797297109141368e+01 2.987001332578356028e+01 5.381775602163734362e+01 2.987001332578356028e+01
5.500700000000000000e+04 1.354584203310705846e+02 8.145666957701074296e+00 8.800740884395055730e+01 4.595483814697546876e+01 5.210622193247517231e+01 3.949706759516585208e+01
5.501100000000000000e+04 1.465400774305380196e+02 8.145666957701074296e+00 9.408597669889195458e+01 5.916767126950401945e+01 4.789065290588005297e+01 4.282857131343035206e+01
5.501600000000000000e+04 1.583441846549815750e+02 8.145666957701074296e+00 9.309394584249561433e+01 6.981939331152587158e+01 4.031611703369087962e+01 4.221245061156341194e+01
5.502200000000000000e+04 1.638868662433316672e+02 8.145666957701074296e+00 8.629621762564794096e+01 7.357818021585634938e+01 3.169741694238675578e+01 3.714193852390528150e+01
5.502800000000000000e+04 1.532367296970920449e+02 8.145666957701074296e+00 8.255780232582642952e+01 6.866456861902989317e+01 2.632666932167046880e+01 2.975067964429372225e+01
5.503000000000000000e+04 1.486843830636118184e+02 8.145666957701074296e+00 8.193170924491184337e+01 6.614866642352312454e+01 2.502725028100064719e+01 2.736808705979442635e+01
5.503300000000000000e+04 1.421877029702415598e+02 8.145666957701074296e+00 8.053174243568757618e+01 6.317080671830810701e+01 2.313864568316503068e+01 2.448006460697853726e+01
5.503800000000000000e+04 1.493424458417089227e+02 8.145666957701074296e+00 7.470442869149000842e+01 6.008799005978069374e+01 1.953108020902245556e+01 2.106133545733638002e+01
5.504200000000000000e+04 1.528075734142948932e+02 8.145666957701074296e+00 6.794045197279397996e+01 5.848148271158238742e+01 1.656882135661357935e+01 1.904313992562109448e+01
5.504400000000000000e+04 1.139149001291479806e+02 8.145666957701074296e+00 6.429734308416136912e+01 5.708478123164072571e+01 1.517055024046465839e+01 1.795118906655368463e+01
5.504600000000000000e+04 1.066167299229986583e+02 8.145666957701074296e+00 6.084985266255291947e+01 5.531468722188434839e+01 1.390504162668881349e+01 1.681808671994051352e+01
5.505000000000000000e+04 1.067739981134669875e+02 8.145666957701074296e+00 5.528201057483773440e+01 5.063147130851949385e+01 1.188425964160150627e+01 1.443726013929840057e+01
5.505600000000000000e+04 9.770576125996744565e+01 8.145666957701074296e+00 5.040192458179983959e+01 4.264954367737993124e+01 9.950825172612551839e+00 1.112403330135105328e+01
5.505900000000000000e+04 8.699911454200362471e+01 8.145666957701074296e+00 4.847764102677115261e+01 3.937322199077831897e+01 9.195652533626304859e+00 9.849461411076502415e+00
5.506300000000000000e+04 8.762231287607265529e+01 8.145666957701074296e+00 4.641780083657756251e+01 3.648643859458881877e+01 8.367487622413662507e+00 8.655305087080730431e+00
5.506500000000000000e+04 7.017739674848247944e+01 8.145666957701074296e+00 4.553938885580668483e+01 3.540052680852395639e+01 8.010164788539839265e+00 8.186039266625957822e+00
5.506700000000000000e+04 9.126937282920341943e+01 8.145666957701074296e+00 4.466331790514948352e+01 3.435162195766141480e+01 7.670155917078735897e+00 7.748194870342034690e+00
5.507000000000000000e+04 7.387979735627060052e+01 8.145666957701074296e+00 4.341658730236179764e+01 3.300856867333450140e+01 7.200455628366551508e+00 7.180458706402981228e+00
5.507400000000000000e+04 7.062568491110461366e+01 8.145666957701074296e+00 4.163836190851372265e+01 3.153040740585056056e+01 6.603708294373577203e+00 6.548371216168340503e+00
5.507900000000000000e+04 7.451127359742415024e+01 8.145666957701074296e+00 3.883787266843370389e+01 2.992893375250811872e+01 5.840457257125583723e+00 5.882837101230095733e+00
5.508300000000000000e+04 5.981465582578305629e+01 8.145666957701074296e+00 3.570147076743546677e+01 2.867910907941035248e+01 5.155149271873892936e+00 5.405543130602271873e+00
5.509100000000000000e+04 5.645206137556073855e+01 8.145666957701074296e+00 2.584741366992767553e+01 2.530778784076688481e+01 3.457107999615824934e+00 4.407870389404665801e+00
