5.497400000000000000e+04 4.181264418592056664e+00 8.408001169727654656e+00 2.872527343123094101e-01 1.361878181083838162e-18 2.872527343123094101e-01 1.361878181083838162e-18
5.497600000000000000e+04 -6.252734838724665067e+00 8.408001169727654656e+00 1.958814406946931541e+00 1.361877894807208667e-18 1.958814406946931541e+00 1.361877894807208667e-18
5.498000000000000000e+04 1.058384409549275240e+01 8.408001169727654656e+00 9.740658635389692677e+00 1.361876957650400692e-18 9.740658635389692677e+00 1.361876957650400692e-18
5.498100000000000000e+04 6.506331270333748584e+00 8.408001169727654656e+00 1.261836908227294352e+01 1.361876613660269607e-18 1.261836908227294352e+01 1.361876613660269607e-18
5.498500000000000000e+04 3.144869087602899071e+01 8.408001169727654656e+00 2.761301931683333422e+01 1.172809985443463487e+00 2.761301931683333422e+01 1.172809985443463487e+00
5.498700000000000000e+04 3.582243454036738228e+01 8.408001169727654656e+00 3.698113532148148863e+01 4.188406388058739438e+00 3.698113532148148863e+01 4.188406388058739438e+00
5.498800000000000000e+04 5.486740242740341245e+01 8.408001169727654656e+00 4.209516568424355398e+01 6.387348154830737812e+00 4.209516568424355398e+01 6.387348154830737812e+00
5.498900000000000000e+04 5.969249308769496309e+01 8.408001169727654656e+00 4.711547825657126509e+01 9.046702486275524535e+00 4.711547825657126509e+01 9.046702486275524535e+00
5.499300000000000000e+04 9.118971525594369609e+01 8.408001169727654656e+00 6.549985504210982867e+01 2.434500671405781702e+01 6.549985504210982867e+01 2.434500671405781702e+01
5.499500000000000000e+04 9.744613375401954158e+01 8.408001169727654656e+00 6.925870503056015082e+01 3.451627414604166688e+01 6.925870503056015082e+01 3.451627414604166688e+01
5.499700000000000000e+04 1.313702101437471299e+02 8.408001169727654656e+00 7.504892366917474078e+01 4.622641915185185724e+01 6.841287481237441170e+01 4.622641915185185724e+01
5.499900000000000000e+04 1.382322631084607849e+02 8.408001169727654656e+00 7.766708433482776286e+01 5.889434782071408847e+01 6.504780932565140006e+01 5.889434782071408847e+01
5.500000000000000000e+04 1.572507977659484197e+02 8.408001169727654656e+00 7.853591761399258075e+01 6.489662410672829651e+01 6.320798198309262261e+01 6.489662410672829651e+01
5.500200000000000000e+04 1.521229830156385958e+02 8.408001169727654656e+00 7.921969746983425864e+01 7.673977432222363859e+01 5.914124484496770862e+01 7.673977432222363859e+01
5.500300000000000000e+04 1.480997684509554233e+02 8.408001169727654656e+00 7.812323346559890069e+01 8.187481880263729295e+01 5.628475033544589223e+01 8.187481880263729295e+01
5.500500000000000000e+04 1.688945469888133744e+02 8.408001169727654656e+00 7.425934748807226526e+01 9.067695956126088674e+01 5.000629460476246635e+01 8.657338128820018142e+01
5.500700000000000000e+04 1.745012589712895590e+02 8.408001169727654656e+00 7.048354138118553180e+01 9.767648201336757552e+01 4.455343955827151348e+01 8.551609351546802884e+01
5.500900000000000000e+04 1.646259859228341895e+02 8.408001169727654656e+00 6.611528261994149602e+01 1.005801751697884612e+02 3.937777404403901471e+01 8.130976165706424297e+01
5.501000000000000000e+04 1.653484365567925636e+02 8.408001169727654656e+00 6.368316058975845095e+01 1.014804150738551840e+02 3.686434766411487374e+01 7.900997747886577827e+01
5.501300000000000000e+04 1.548964508921055767e+02 8.408001169727654656e+00 5.615220273830733078e+01 1.003697810356839000e+02 2.997981993502793685e+01 7.035593791930737950e+01
5.501600000000000000e+04 1.328797687669213303e+02 8.408001169727654656e+00 4.600429971062996515e+01 9.260896069569098188e+01 2.279133005233092391e+01 5.903171895441801809e+01
5.501700000000000000e+04 1.278023630907172787e+02 8.408001169727654656e+00 4.283613518041931911e+01 9.000908626759803610e+01 2.072381963252022885e+01 5.569179944783939362e+01
5.501800000000000000e+04 1.273510891894343757e+02 8.408001169727654656e+00 3.987955166164677223e+01 8.722185526914665843e+01 1.885112345149930135e+01 5.242958359530334889e+01
5.501900000000000000e+04 1.119605375966201564e+02 8.408001169727654656e+00 3.698162222025406010e+01 8.421921423668844398e+01 1.708947422377729097e+01 4.922221755504877194e+01
5.502000000000000000e+04 1.104663237375952178e+02 8.408001169727654656e+00 3.417544691443887217e+01 8.102783616572449432e+01 1.544652967884242400e+01 4.608043458014359572e+01
5.502200000000000000e+04 9.047376498877113704e+01 8.408001169727654656e+00 2.902814327387763882e+01 7.463248965174474847e+01 1.256901635586821442e+01 4.027222623124582412e+01
5.502300000000000000e+04 9.443965333111071914e+01 8.408001169727654656e+00 2.667534902042129019e+01 7.122455721064261525e+01 1.131270102647213349e+01 3.747477491878492373e+01
5.502400000000000000e+04 8.939708471250256139e+01 8.408001169727654656e+00 2.450043710228132809e+01 6.717536531219512597e+01 1.018094207449878574e+01 3.448427377422747497e+01
5.502500000000000000e+04 8.121545972297793980e+01 8.408001169727654656e+00 2.251931758845931597e+01 6.263511075980132148e+01 9.172838121572022274e+00 3.138975180906150086e+01
5.502800000000000000e+04 5.817417603901516543e+01 8.408001169727654656e+00 1.746592271108397298e+01 5.037020186240613384e+01 6.716370971383953226e+00 2.356390431437412758e+01
5.502900000000000000e+04 5.945179891155272855e+01 8.408001169727654656e+00 1.608351834221329213e+01 4.667562647369172879e+01 6.071543353043900915e+00 2.136184277972161283e+01
5.503100000000000000e+04 5.442561064378359958e+01 8.408001169727654656e+00 1.374766826556793831e+01 3.973769161948965234e+01 5.006434182654020404e+00 1.743034109109994390e+01
5.503300000000000000e+04 3.436910982403843207e+01 8.408001169727654656e+00 1.191856637858315260e+01 3.357892482182590754e+01 4.192249869357422831e+00 1.414087628309016509e+01
5.503400000000000000e+04 5.445210420695230624e+01 8.408001169727654656e+00 1.120389095405789703e+01 3.082280213054507101e+01 3.874767751706000407e+00 1.272617759312348085e+01
5.503500000000000000e+04 3.866359166695596628e+01 8.408001169727654656e+00 1.057734296904548010e+01 2.831425807176243836e+01 3.597735703756966164e+00 1.146604765196502740e+01
5.503700000000000000e+04 3.803394874920392255e+01 8.408001169727654656e+00 9.552411890421453222e+00 2.384397674370710618e+01 3.145344712025503142e+00 9.298797575737893339e+00
5.503800000000000000e+04 4.120685684304427809e+01 8.408001169727654656e+00 9.142624982908879261e+00 2.192559303608291543e+01 2.963093496324381348e+00 8.395463714229940422e+00
5.503900000000000000e+04 3.909464736833930942e+01 8.408001169727654656e+00 8.781960106050380688e+00 2.018029221967966436e+01 2.802157021713587159e+00 7.589429191304875921e+00
5.504000000000000000e+04 2.923754029662506326e+01 8.408001169727654656e+00 8.444713614119246259e+00 1.862288725670983425e+01 2.653484246384680389e+00 6.881055001740258525e+00
5.504100000000000000e+04 2.392251445652219743e+01 8.408001169727654656e+00 8.121128276905263732e+00 1.723339806524080231e+01 2.513503025968822246e+00 6.258042728317525949e+00
5.504300000000000000e+04 2.871081938365821173e+01 8.408001169727654656e+00 7.510478069214364005e+00 1.492755372231444255e+01 2.256754227528354306e+00 5.240312336696778317e+00
5.504400000000000000e+04 2.211825512072864797e+01 8.408001169727654656e+00 7.191847995539021099e+00 1.402665926117572148e+01 2.129971270706062736e+00 4.843459689632500620e+00
5.504500000000000000e+04 1.512995280380201102e+01 8.408001169727654656e+00 6.860270854812774211e+00 1.323696908804781636e+01 2.002998789726357476e+00 4.497169629696206705e+00
5.504600000000000000e+04 1.221195959661615049e+01 8.408001169727654656e+00 6.538753639701166520e+00 1.254477976756393254e+01 1.882468299899572761e+00 4.194456255036756787e+00
5.504700000000000000e+04 1.105503342228456631e+01 8.408001169727654656e+00 6.227053608709400834e+00 1.194523288009485285e+01 1.768044749775525615e+00 3.931680890031879372e+00
5.504900000000000000e+04 -3.949095716632520237e-01 8.408001169727654656e+00 5.613256589178528877e+00 1.097394743628583491e+01 1.551051834533994978e+00 3.502696277141983838e+00
5.505000000000000000e+04 7.391194241491996664e+00 8.408001169727654656e+00 5.276341634392520241e+00 1.054892662150229654e+01 1.438675292267899364e+00 3.316855307980851375e+00
5.505100000000000000e+04 1.670590615111376920e+01 8.408001169727654656e+00 4.924094612456942244e+00 1.014135633402770331e+01 1.325106192803267691e+00 3.141878782461027253e+00
5.505300000000000000e+04 3.677726201364574621e+00 8.408001169727654656e+00 4.227741315383275911e+00 9.372864495482136959e+00 1.108770342350714921e+00 2.820942784410442883e+00
5.505400000000000000e+04 4.003040857245670381e+00 8.408001169727654656e+00 3.884315649802353221e+00 8.972503977849290990e+00 1.005908494057323077e+00 2.662464088382578531e+00
5.505500000000000000e+04 2.587540055015823626e+01 8.408001169727654656e+00 3.557319673712786567e+00 8.556310080013565411e+00 9.098004280595362037e-01 2.503748487157946734e+00
5.505700000000000000e+04 1.019762422041069527e+01 8.408001169727654656e+00 2.952713733376959304e+00 7.762158462702002382e+00 7.368888778080757707e-01 2.210055937219407074e+00
5.505800000000000000e+04 1.004867576618362257e+01 8.408001169727654656e+00 2.666124562508484175e+00 7.381470753270522600e+00 6.574095826676078502e-01 2.073679838540994247e+00
5.505900000000000000e+04 -5.530894820637863418e+00 8.408001169727654656e+00 2.392652761367392245e+00 6.993304958955149253e+00 5.830050588127172473e-01 1.938814793167494166e+00
5.506100000000000000e+04 1.499370801301665779e+01 8.408001169727654656e+00 1.892562090180064605e+00 6.131597630648919939e+00 4.505027589097987395e-01 1.656382741004084558e+00
5.506300000000000000e+04 5.408957332695223386e+00 8.408001169727654656e+00 1.467974589432598176e+00 5.261946852210905412e+00 3.415482990769190819e-01 1.385962927938393818e+00
5.506400000000000000e+04 1.296068824521674756e+01 8.408001169727654656e+00 1.288871788046810796e+00 4.833390313945437278e+00 2.965309531914898100e-01 1.257385617571653791e+00
5.506700000000000000e+04 1.486431798011954974e+01 8.408001169727654656e+00 8.534479903877064677e-01 3.671733055898189324e+00 1.899928740845295005e-01 9.211110972600947688e-01
5.506800000000000000e+04 -9.946174930787321955e+00 8.408001169727654656e+00 7.401059886302138180e-01 3.314659115810078660e+00 1.630009885761951050e-01 8.217619783345098128e-01
5.506900000000000000e+04 7.296051552262991180e+00 8.408001169727654656e+00 6.402504770452228655e-01 2.974054556268373783e+00 1.395185175518027509e-01 7.287563235158966979e-01
5.507000000000000000e+04 -1.339390899961231440e+01 8.408001169727654656e+00 5.525835092449212782e-01 2.650907121404472822e+00 1.191554736916271978e-01 6.421148923080304272e-01
5.507200000000000000e+04 8.978594187215030331e+00 8.408001169727654656e+00 4.099931660539237743e-01 2.074968825425356211e+00 8.659693020465177027e-02 4.913262041639884781e-01
5.507400000000000000e+04 1.182569574058175021e+01 8.408001169727654656e+00 3.024498295026383232e-01 1.600525819851066345e+00 6.259957145868536021e-02 3.706636914893623458e-01
5.507600000000000000e+04 -2.839673952765926934e+00 8.408001169727654656e+00 2.197450107585985912e-01 1.219474810183204916e+00 4.458659039435906163e-02 2.763494403062012883e-01
5.507800000000000000e+04 1.013279132751616984e+01 8.408001169727654656e+00 1.590952623647429731e-01 9.184290701325713568e-01 3.165759871947924908e-02 2.037512357202438951e-01
5.508000000000000000e+04 3.963589377010937387e+00 8.408001169727654656e+00 1.148939467390650837e-01 6.855014401479312403e-01 2.242927217941729015e-02 1.489443421145340285e-01
5.508200000000000000e+04 8.705902926904370176e+00 8.408001169727654656e+00 8.273684387000571072e-02 5.084538756966128226e-01 1.585148843184322476e-02 1.082461627558146955e-01
5.508300000000000000e+04 -1.768838738831542301e+01 8.408001169727654656e+00 7.019216413376362651e-02 4.368874266844217091e-01 1.332425287277213925e-02 9.208098189192380489e-02
5.508400000000000000e+04 -9.005020190934109436e+00 8.408001169727654656e+00 5.947948541671314177e-02 3.749714330375252813e-01 1.118771474028273233e-02 7.824946432335670721e-02
5.508600000000000000e+04 2.188626038844146038e+01 8.408001169727654656e+00 4.282211481070875847e-02 2.723571874239423263e-01 7.910245647124551638e-03 5.573323799294881836e-02
5.508900000000000000e+04 1.059431916349547720e+01 8.408001169727654656e+00 2.645166190723123242e-02 1.675298645017845034e-01 4.758348966942117439e-03 3.331275889874418111e-02
5.509000000000000000e+04 -1.092291584202523858e+01 8.408001169727654656e+00 2.251859233979373182e-02 1.423249466144924091e-01 4.015798901434460173e-03 2.803659022427161529e-02
5.509200000000000000e+04 -6.071467068457616634e+00 8.408001169727654656e+00 1.631681231006515409e-02 1.024640212234346204e-01 2.860340487345981557e-03 1.981436053980403095e-02
5.509300000000000000e+04 1.093259125592864223e+01 8.408001169727654656e+00 1.389015452264300184e-02 8.691743255231085263e-02 2.414419350363810127e-03 1.665531609096517277e-02
5.509500000000000000e+04 -3.808642261828918851e+00 8.408001169727654656e+00 1.005954541505592326e-02 6.238693207941051894e-02 1.719580412830072277e-03 1.174143337211776446e-02
5.509600000000000000e+04 7.408495573060212003e+00 8.408001169727654656e+00 8.563721241210521876e-03 5.300655608138160613e-02 1.451847290194205504e-03 9.887807058905687813e-03
5.509700000000000000e+04 5.995656779974158468e+00 8.408001169727654656e+00 7.288848819753298777e-03 4.515295385786882720e-02 1.225634575374692737e-03 8.348980041024522958e-03
5.509800000000000000e+04 3.140070010346447837e+00 8.408001169727654656e+00 6.200278619035576311e-03 3.845854931338550664e-02 1.034155386379047173e-03 7.049371162362620333e-03
5.510000000000000000e+04 -3.933747673348296559e+00 8.408001169727654656e+00 4.492452594350452612e-03 2.786161277815228654e-02 7.373742460977353481e-04 5.019748626793075000e-03
5.510100000000000000e+04 1.448042206739941662e+01 8.408001169727654656e+00 3.822323188696562148e-03 2.372336492734425373e-02 6.224268341795411233e-04 4.237980086345396677e-03
5.510200000000000000e+04 1.714321811255430150e+00 8.408001169727654656e+00 3.254465904767745322e-03 2.018399264895691728e-02 5.258043306838589264e-04 3.575425609182477163e-03
5.510600000000000000e+04 -2.908929774376309840e-01 8.408001169727654656e+00 1.703370282800629326e-03 1.058904821103143559e-02 2.668395524086519138e-04 1.814809112742756881e-03
5.510900000000000000e+04 6.788856643403643254e+00 8.408001169727654656e+00 1.047177572369643265e-03 6.525459534175936938e-03 1.603886617199637324e-04 1.091761675451888552e-03
5.511100000000000000e+04 -1.269171928021646067e+01 8.408001169727654656e+00 7.574817225599117044e-04 4.724064064714171562e-03 1.143196079927424701e-04 7.780335427244262957e-04
5.511200000000000000e+04 -1.068005617950086439e+01 8.408001169727654656e+00 6.437947302890440230e-04 4.021877325400835708e-03 9.645587389153405797e-05 6.572554133548237122e-04
5.511400000000000000e+04 1.571714850931657281e+01 8.408001169727654656e+00 4.656638964052915242e-04 2.910983105168963182e-03 6.876820444588222371e-05 4.684556010893086439e-04
5.511500000000000000e+04 -2.391239262144885558e+01 8.408001169727654656e+00 3.958370040161972173e-04 2.475826067836955652e-03 5.804061642466235168e-05 3.954109412969871438e-04
5.511700000000000000e+04 -3.730129990598926693e+00 8.408001169727654656e+00 2.863453365933568348e-04 1.789383255859392993e-03 4.139733072045060849e-05 2.815177709731275248e-04
5.511800000000000000e+04 7.803000696005678583e-01 8.408001169727654656e+00 2.434032690023445970e-04 1.521779934518314743e-03 3.494412016400036890e-05 2.376444397711154283e-04
5.511900000000000000e+04 2.235370144176783036e+00 8.408001169727654656e+00 2.071168746551687949e-04 1.293334070944357527e-03 2.952906681710418518e-05 2.004858271499546790e-04
5.512000000000000000e+04 1.756809832788656323e+00 8.408001169727654656e+00 1.777145639808814864e-04 1.100029990301856558e-03 2.516312410348764490e-05 1.692770513206106697e-04
