5.497500000000000000e+04 -3.740808825854841313e+00 1.153752359576702169e+01 9.676860811788584593e-01 1.458878869086958948e-18 9.676860811788584593e-01 1.458878869086958948e-18
5.497600000000000000e+04 -9.872464572437497310e+00 1.153752359576702169e+01 2.014654457448330049e+00 1.458878766632481191e-18 2.014654457448330049e+00 1.458878766632481191e-18
5.497900000000000000e+04 -4.687728225795166459e+00 1.153752359576702169e+01 7.421511495175619366e+00 1.458878339734227992e-18 7.421511495175619366e+00 1.458878339734227992e-18
5.498000000000000000e+04 1.626265071942351526e+01 1.153752359576702169e+01 1.010928248076253944e+01 1.458878145431422993e-18 1.010928248076253944e+01 1.458878145431422993e-18
5.498100000000000000e+04 3.631729909140321411e+01 1.153752359576702169e+01 1.326427468792255127e+01 1.458877917415035206e-18 1.326427468792255127e+01 1.458877917415035206e-18
5.498200000000000000e+04 1.376547366547003293e+01 1.153752359576702169e+01 1.681188057541250913e+01 1.458877649835416619e-18 1.681188057541250913e+01 1.458877649835416619e-18
5.498400000000000000e+04 2.643891842869483710e+01 1.153752359576702169e+01 2.504964300095078400e+01 1.458876967336947338e-18 2.504964300095078400e+01 1.458876967336947338e-18
5.498500000000000000e+04 3.502849241994717033e+01 1.153752359576702169e+01 2.982457128805857849e+01 4.727942875087466634e-03 2.982457128805857849e+01 4.727942875087466634e-03
5.498700000000000000e+04 3.605547045827639607e+01 1.153752359576702169e+01 4.097582893337165899e+01 7.741488649430867675e-01 4.097582893337165899e+01 7.741488649430867675e-01
5.499000000000000000e+04 5.231588069490092607e+01 1.153752359576702169e+01 6.053040193995693841e+01 4.184087600156392028e+00 6.053040193995693841e+01 4.184087600156392028e+00
5.499200000000000000e+04 9.724716897779063629e+01 1.153752359576702169e+01 7.440742163840896239e+01 8.087425984610032259e+00 7.440742163840896239e+01 8.087425984610032259e+00
5.499300000000000000e+04 1.000435999017098254e+02 1.153752359576702169e+01 8.115791156796579742e+01 1.061141975033804385e+01 8.115791156796579742e+01 1.061141975033804385e+01
5.499400000000000000e+04 1.023351330206775316e+02 1.153752359576702169e+01 8.659722275531558466e+01 1.344950446033000979e+01 8.659722275531558466e+01 1.344950446033000979e+01
5.499600000000000000e+04 1.058347119556060818e+02 1.153752359576702169e+01 9.298895886639343189e+01 2.003971440076062649e+01 9.298895886639343189e+01 2.003971440076062649e+01
5.499700000000000000e+04 1.132206499814950433e+02 1.153752359576702169e+01 9.908701069488850521e+01 2.385965703044686492e+01 9.534931745081652821e+01 2.385965703044686492e+01
5.499800000000000000e+04 1.333655502801959472e+02 1.153752359576702169e+01 1.048817279490067449e+02 2.807878116178207151e+01 9.725679520493949326e+01 2.807878116178207151e+01
5.500000000000000000e+04 1.499992149641033450e+02 1.153752359576702169e+01 1.150162744382733138e+02 3.790067896713478035e+01 9.942624000542298290e+01 3.790067896713478035e+01
5.500200000000000000e+04 1.757320324897545447e+02 1.153752359576702169e+01 1.227509135273360812e+02 4.842432155196556209e+01 9.937735874946248771e+01 4.842432155196556209e+01
5.500300000000000000e+04 1.809644389096457360e+02 1.153752359576702169e+01 1.252596187895297817e+02 5.387147402998105150e+01 9.828909195663038645e+01 5.387147402998105150e+01
5.500400000000000000e+04 1.881880394953998632e+02 1.153752359576702169e+01 1.268125650468206800e+02 5.952593731072717276e+01 9.653818898204983157e+01 5.952593731072717276e+01
5.500500000000000000e+04 1.968659517299294635e+02 1.153752359576702169e+01 1.276713043326739410e+02 6.492632925437264646e+01 9.437559456880096320e+01 6.492632925437264646e+01
5.500900000000000000e+04 2.129930281217582149e+02 1.153752359576702169e+01 1.246194895276141210e+02 9.165739187912092234e+01 8.255133116561614770e+01 7.627945396065322825e+01
5.501200000000000000e+04 2.259554892371193944e+02 1.153752359576702169e+01 1.162245864670445599e+02 1.116119199804876274e+02 7.142612246008147281e+01 7.954099200433840622e+01
5.501300000000000000e+04 2.108446315418225936e+02 1.153752359576702169e+01 1.127405816179517757e+02 1.173122283092000373e+02 6.765517379857884350e+01 7.978252741376498136e+01
5.501400000000000000e+04 2.377009346392228224e+02 1.153752359576702169e+01 1.085083704648016010e+02 1.222421014505388257e+02 6.361888512242121152e+01 7.950188699956999017e+01
5.501600000000000000e+04 2.297691579479901804e+02 1.153752359576702169e+01 9.890031861710120609e+01 1.291294815823898716e+02 5.543739832797152900e+01 7.723055118563988231e+01
5.501700000000000000e+04 2.244083618846472916e+02 1.153752359576702169e+01 9.500752535193132076e+01 1.313104272592468931e+02 5.211031447560955598e+01 7.550047565504078761e+01
5.501800000000000000e+04 2.101839100629771906e+02 1.153752359576702169e+01 9.167343473956290723e+01 1.328526029074453447e+02 4.922327896239417555e+01 7.354550648109243127e+01
5.501900000000000000e+04 2.125345777445184012e+02 1.153752359576702169e+01 8.854483303004218442e+01 1.336892283032250361e+02 4.656333247267679099e+01 7.135419956406119013e+01
5.502000000000000000e+04 2.219652084401151626e+02 1.153752359576702169e+01 8.520923179758916888e+01 1.336263277852754356e+02 4.390417961541074021e+01 6.885115817460605570e+01
5.502100000000000000e+04 2.283640396077076105e+02 1.153752359576702169e+01 8.152256880733605726e+01 1.326104583844457920e+02 4.117301454915962466e+01 6.604106493249292953e+01
5.502200000000000000e+04 2.186585961138631546e+02 1.153752359576702169e+01 7.772193594533788996e+01 1.308637395398607737e+02 3.849145005216814042e+01 6.306078428096606103e+01
5.502500000000000000e+04 1.865414395532930598e+02 1.153752359576702169e+01 6.703268384352176668e+01 1.232298397636834437e+02 3.137059333747742329e+01 5.412413903886307764e+01
5.502900000000000000e+04 1.561191726503821542e+02 1.153752359576702169e+01 5.427041326341336713e+01 1.061216132232893301e+02 2.366167303078713857e+01 4.168825158048764479e+01
5.503100000000000000e+04 1.625235914728864373e+02 1.153752359576702169e+01 4.859795634831821332e+01 9.983178482141903487e+01 2.048817721261307412e+01 3.725066597814144131e+01
5.503200000000000000e+04 1.284082346612188985e+02 1.153752359576702169e+01 4.598712242133983352e+01 9.649084979156512532e+01 1.907229695642826428e+01 3.512334369232860354e+01
5.503300000000000000e+04 1.401070436838349451e+02 1.153752359576702169e+01 4.390406447345309005e+01 9.270186571772390494e+01 1.791710107470335345e+01 3.293841163932770399e+01
5.503400000000000000e+04 1.236537180768589934e+02 1.153752359576702169e+01 4.211288768323449716e+01 8.873356997626216014e+01 1.691552365168480421e+01 3.079316004173451304e+01
5.503500000000000000e+04 1.126537562402905621e+02 1.153752359576702169e+01 4.038176310501249588e+01 8.480563142159869017e+01 1.596874529619285887e+01 2.875937039527899231e+01
5.503600000000000000e+04 1.286684167288280207e+02 1.153752359576702169e+01 3.883760709784037601e+01 8.102176423860655063e+01 1.512367877641758973e+01 2.686398018521436981e+01
5.503700000000000000e+04 9.699737469326561268e+01 1.153752359576702169e+01 3.740780938757902163e+01 7.737745070248831780e+01 1.434788638676704053e+01 2.509647466998194432e+01
5.503900000000000000e+04 1.249757377602474975e+02 1.153752359576702169e+01 3.443397415919961446e+01 7.029026107674279444e+01 1.282170619571031622e+01 2.184555602832633170e+01
5.504000000000000000e+04 7.941995223142642146e+01 1.153752359576702169e+01 3.299631664213885074e+01 6.683506140401401296e+01 1.210962883225882791e+01 2.034676735387665047e+01
5.504200000000000000e+04 9.490087791370433479e+01 1.153752359576702169e+01 3.031781968123286575e+01 6.023503403938925516e+01 1.081543224929825442e+01 1.761670391886676512e+01
5.504400000000000000e+04 8.657735361595626955e+01 1.153752359576702169e+01 2.778838392412017555e+01 5.422025157149079178e+01 9.643386980885679804e+00 1.525783756514261391e+01
5.504500000000000000e+04 5.998048013359977659e+01 1.153752359576702169e+01 2.652250425428224645e+01 5.189939165702871549e+01 9.080561577061848411e+00 1.433368085976268347e+01
5.504600000000000000e+04 7.624204131266186835e+01 1.153752359576702169e+01 2.522285331902444483e+01 4.990756098193084966e+01 8.521234229400151960e+00 1.353241892134784763e+01
5.504700000000000000e+04 9.502184551387509259e+01 1.153752359576702169e+01 2.387377083293625546e+01 4.797266586901074703e+01 7.960046289989414880e+00 1.277499623695428888e+01
5.504800000000000000e+04 7.709471291756918276e+01 1.153752359576702169e+01 2.251161035438041580e+01 4.624699980398288801e+01 7.409034476823465276e+00 1.209894302113407427e+01
5.505000000000000000e+04 5.134647770087154584e+01 1.153752359576702169e+01 1.959904555287000605e+01 4.300671569129155358e+01 6.288194800073795498e+00 1.086906482291032106e+01
5.505200000000000000e+04 6.166944185528347333e+01 1.153752359576702169e+01 1.651206002986341304e+01 3.963433078282984923e+01 5.167770414954748759e+00 9.687703065807063751e+00
5.505400000000000000e+04 5.708474654654487779e+01 1.153752359576702169e+01 1.360942776500846385e+01 3.656135241010776582e+01 4.157327640826142812e+00 8.652345799438604601e+00
5.505600000000000000e+04 6.825421303769380188e+01 1.153752359576702169e+01 1.111362431454789501e+01 3.363613378932925002e+01 3.315520380235053022e+00 7.714709584708543844e+00
5.505800000000000000e+04 3.075980793097124177e+01 1.153752359576702169e+01 9.021360104847993000e+00 3.063826809649284044e+01 2.629827455937498115e+00 6.816987383520122457e+00
5.506000000000000000e+04 4.536416937578867703e+01 1.153752359576702169e+01 7.227736994027250894e+00 2.743595102905637262e+01 2.059888564189253035e+00 5.927227581458772931e+00
5.506100000000000000e+04 3.083701664469204928e+01 1.153752359576702169e+01 6.443022994245730217e+00 2.577312608036829999e+01 1.815959130283463896e+00 5.488314753059690076e+00
5.506200000000000000e+04 2.359755032341730185e+01 1.153752359576702169e+01 5.728086679865169728e+00 2.396154357736920559e+01 1.596812745279095003e+00 5.030555840059037109e+00
5.506400000000000000e+04 3.410267650102279902e+01 1.153752359576702169e+01 4.479060947869609066e+00 2.024773790742590407e+01 1.221917543613490142e+00 4.134216331963799895e+00
5.506500000000000000e+04 1.126868209501136597e+01 1.153752359576702169e+01 3.938339277763386104e+00 1.846997118492005185e+01 1.063036946060080368e+00 3.720184334700300077e+00
5.506700000000000000e+04 3.160895976897638349e+01 1.153752359576702169e+01 3.022907305694515490e+00 1.513417009306821903e+01 7.990344961129509649e-01 2.967949892741649442e+00
5.506800000000000000e+04 3.449564128971646682e+01 1.153752359576702169e+01 2.636800026754263726e+00 1.370344359395710221e+01 6.898283870746817481e-01 2.652416304188042862e+00
5.506900000000000000e+04 4.698360131503747539e+00 1.153752359576702169e+01 2.290267831070694982e+00 1.238368203457117467e+01 5.930877954916861095e-01 2.366188098932125783e+00
5.507100000000000000e+04 1.462942500730619244e+01 1.153752359576702169e+01 1.712121578345672690e+00 1.000852562895325093e+01 4.345486239456022304e-01 1.864479439074748779e+00
5.507300000000000000e+04 2.319582607366167082e+01 1.153752359576702169e+01 1.269617735341789233e+00 7.993706814777385539e+00 3.159510589642119949e-01 1.452767304226771250e+00
5.507400000000000000e+04 1.882879732780812176e+01 1.153752359576702169e+01 1.091170381157310354e+00 7.114886612885158890e+00 2.689201451984696289e-01 1.277450196223276269e+00
5.507500000000000000e+04 7.392925900912672432e-01 1.153752359576702169e+01 9.344538545168696864e-01 6.311856715488138647e+00 2.280935985444418612e-01 1.119758855288131238e+00
5.507800000000000000e+04 1.205688698977918349e+01 1.153752359576702169e+01 5.820285073645893315e-01 4.309116267309041959e+00 1.381047141620609098e-01 7.380645840142919800e-01
5.508000000000000000e+04 -1.736706483791310518e+01 1.153752359576702169e+01 4.228304980379422040e-01 3.296165592255727361e+00 9.849760017656127020e-02 5.518627096597454873e-01
5.508100000000000000e+04 8.716756673633067720e+00 1.153752359576702169e+01 3.603677308011949965e-01 2.865800227815828105e+00 8.318738014801362046e-02 4.744702363933489542e-01
5.508200000000000000e+04 7.517546427664546727e+00 1.153752359576702169e+01 3.067402751453138787e-01 2.482496544281096007e+00 7.017301316464903682e-02 4.064868588356523871e-01
5.508400000000000000e+04 1.361784473672728879e+01 1.153752359576702169e+01 2.218768235361109620e-01 1.851612005585865361e+00 4.986444254227592049e-02 2.966566274009653781e-01
5.508500000000000000e+04 5.687576789639000374e+00 1.153752359576702169e+01 1.886536168167924632e-01 1.594617632634736548e+00 4.202762805578161287e-02 2.527608471713695959e-01
5.508800000000000000e+04 -1.149496110490779266e+00 1.153752359576702169e+01 1.169318148886124703e-01 1.005199496984342522e+00 2.538464199561750803e-02 1.543990379983322947e-01
5.508900000000000000e+04 2.161743646302892063e+00 1.153752359576702169e+01 9.967869341837667929e-02 8.590306992478349279e-01 2.145658115601357940e-02 1.305994130454626312e-01
5.509000000000000000e+04 -7.187498901007184138e+00 1.153752359576702169e+01 8.497457957563064879e-02 7.341425637312498642e-01 1.813835800367798873e-02 1.104837713296487195e-01
5.509100000000000000e+04 1.063979035468183909e+01 1.153752359576702169e+01 7.246033749023396420e-02 6.265066156758731797e-01 1.533876746194622574e-02 9.334127170379516447e-02
5.509300000000000000e+04 8.602836638861498741e+00 1.153752359576702169e+01 5.259889656492752058e-02 4.556272635562883533e-01 1.095262713745783802e-02 6.654990411841091302e-02
5.509500000000000000e+04 1.567271423794308127e+01 1.153752359576702169e+01 3.821668521789280126e-02 3.303535145538992746e-01 7.830004347216196550e-03 4.732315988911003218e-02
5.509600000000000000e+04 1.486362133802265006e+00 1.153752359576702169e+01 3.255479319445020447e-02 2.811556728303685748e-01 6.616827885050855125e-03 3.989155403382074055e-02
5.509700000000000000e+04 -7.413812595849888609e+00 1.153752359576702169e+01 2.773573975679277312e-02 2.392279833139978884e-01 5.592785077591702451e-03 3.362210244462529585e-02
5.509800000000000000e+04 3.483984378921828107e+00 1.153752359576702169e+01 2.364680470704540530e-02 2.039003802456974268e-01 4.730874821351913062e-03 2.838889232647826000e-02
5.509900000000000000e+04 -3.377968813352480559e+00 1.153752359576702169e+01 2.014261664518247896e-02 1.740700140307695487e-01 3.998454947828823484e-03 2.401098185151864448e-02
5.510100000000000000e+04 -6.624591226518395715e+00 1.153752359576702169e+01 1.461699294405891317e-02 1.267483162048034240e-01 2.857113554350843541e-03 1.716526492481086630e-02
5.510400000000000000e+04 7.889730187940915407e+00 1.153752359576702169e+01 9.037874930121413478e-03 7.867642896555236687e-02 1.726894476100850886e-03 1.037181356327150986e-02
5.510700000000000000e+04 -3.735228700644015021e+01 1.153752359576702169e+01 5.552034038516851129e-03 4.877904788211356174e-02 1.037530654529236849e-03 6.264003477772957240e-03
5.510800000000000000e+04 -1.495121567617988312e+00 1.153752359576702169e+01 4.720859603404087973e-03 4.157697035227475579e-02 8.757902202812570909e-04 5.293462308040685488e-03
5.510900000000000000e+04 -1.088417269452254565e+01 1.153752359576702169e+01 4.011216429286866211e-03 3.544304501652034700e-02 7.387683124515371895e-04 4.474228062073362308e-03
5.511000000000000000e+04 -8.234564533205062098e-01 1.153752359576702169e+01 3.407602960591131405e-03 3.023521021825293156e-02 6.230988444615148105e-04 3.784699857081531057e-03
5.511100000000000000e+04 2.777717200089274385e+01 1.153752359576702169e+01 2.896432075331525739e-03 2.576924244776720302e-02 5.258591276927242816e-04 3.198763958263059048e-03
5.511400000000000000e+04 -2.353493097084475849e+01 1.153752359576702169e+01 1.777981697359458466e-03 1.596802239961327835e-02 3.160519228810185948e-04 1.933736485130459161e-03
