5.497500000000000000e+04 -4.915642901680406851e+00 1.441629401786097020e+01 9.676860811788584593e-01 2.279497885001649794e-18 9.676860811788584593e-01 2.279497885001649794e-18
5.497600000000000000e+04 -1.283846385149426439e+01 1.441629401786097020e+01 2.014654457448330049e+00 2.279497664544057483e-18 2.014654457448330049e+00 2.279497664544057483e-18
5.497900000000000000e+04 -7.709149664583423878e+00 1.441629401786097020e+01 7.421511495175619366e+00 2.279496745960992233e-18 7.421511495175619366e+00 2.279496745960992233e-18
5.498000000000000000e+04 1.779800051391569582e+01 1.441629401786097020e+01 1.010928248076253944e+01 2.279496327867838250e-18 1.010928248076253944e+01 2.279496327867838250e-18
5.498100000000000000e+04 4.206934494783799039e+01 1.441629401786097020e+01 1.326427468792255127e+01 2.279495837231172164e-18 1.326427468792255127e+01 2.279495837231172164e-18
5.498200000000000000e+04 1.300535334734365378e+01 1.441629401786097020e+01 1.681188057541250913e+01 2.279495261463979831e-18 1.681188057541250913e+01 2.279495261463979831e-18
5.498400000000000000e+04 2.717306597342701480e+01 1.441629401786097020e+01 2.504964300095078400e+01 3.875042658400934537e-01 2.504964300095078400e+01 3.875042658400934537e-01
5.498500000000000000e+04 3.753064210768567932e+01 1.441629401786097020e+01 2.982457128805857849e+01 1.209607601473573046e+00 2.982457128805857849e+01 1.209607601473573046e+00
5.498700000000000000e+04 3.816277429903334451e+01 1.441629401786097020e+01 4.097582893337165899e+01 4.302310410807026031e+00 4.097582893337165899e+01 4.302310410807026031e+00
5.499000000000000000e+04 5.767477319051441498e+01 1.441629401786097020e+01 6.053040193995693841e+01 1.263660310095317385e+01 6.053040193995693841e+01 1.263660310095317385e+01
5.499200000000000000e+04 1.138555002796859128e+02 1.441629401786097020e+01 7.440742163840896239e+01 2.101485071926563819e+01 7.440742163840896239e+01 2.101485071926563819e+01
5.499300000000000000e+04 1.173935187119240027e+02 1.441629401786097020e+01 8.115791156796579742e+01 2.589679503310846798e+01 8.115791156796579742e+01 2.589679503310846798e+01
5.499400000000000000e+04 1.207686709548607098e+02 1.441629401786097020e+01 8.659722275531558466e+01 3.131205375118847201e+01 8.659722275531558466e+01 3.131205375118847201e+01
5.499600000000000000e+04 1.278731010779060142e+02 1.441629401786097020e+01 9.298895886639343189e+01 4.387309556528447985e+01 9.298895886639343189e+01 4.387309556528447985e+01
5.499700000000000000e+04 1.399847111530902453e+02 1.441629401786097020e+01 1.009177175899442176e+02 5.121978616671457729e+01 9.534931745081652821e+01 5.121978616671457729e+01
5.499800000000000000e+04 1.683423042690169495e+02 1.441629401786097020e+01 1.086163888848764287e+02 5.921981088614808897e+01 9.725679520493949326e+01 5.921981088614808897e+01
5.500000000000000000e+04 1.946694578843512033e+02 1.441629401786097020e+01 1.226522096706897997e+02 7.566300242494617123e+01 9.942624000542298290e+01 7.566300242494617123e+01
5.500200000000000000e+04 2.329022431830070730e+02 1.441629401786097020e+01 1.341991852552741307e+02 9.300927704801119944e+01 9.937735874946248771e+01 9.300927704801119944e+01
5.500300000000000000e+04 2.422078533000211564e+02 1.441629401786097020e+01 1.384696727485008978e+02 1.014473894599572503e+02 9.828909195663038645e+01 1.014473894599572503e+02
5.500400000000000000e+04 2.521983813464207458e+02 1.441629401786097020e+01 1.416408308744635178e+02 1.082465284441444737e+02 9.653818898204983157e+01 1.082465284441444737e+02
5.500500000000000000e+04 2.651841796057747160e+02 1.441629401786097020e+01 1.439794070741627365e+02 1.158714504544076647e+02 9.437559456880096320e+01 1.129241306445840110e+02
5.500900000000000000e+04 2.804683900572908897e+02 1.441629401786097020e+01 1.452243017865519050e+02 1.393473080019742554e+02 8.255133116561614770e+01 1.232616612135995240e+02
5.501200000000000000e+04 2.859755235468622914e+02 1.441629401786097020e+01 1.381666912867816279e+02 1.501591890704378045e+02 7.142612246008147281e+01 1.242216984368281061e+02
5.501300000000000000e+04 2.625438475051233240e+02 1.441629401786097020e+01 1.348232303458079002e+02 1.517214995715536077e+02 6.765517379857884350e+01 1.228613649457879831e+02
5.501400000000000000e+04 2.913480760739579409e+02 1.441629401786097020e+01 1.304950571631103458e+02 1.521683203829560682e+02 6.361888512242121152e+01 1.206727362275622966e+02
5.501600000000000000e+04 2.732678170551832295e+02 1.441629401786097020e+01 1.201882795750422872e+02 1.509061861108915252e+02 5.543739832797152900e+01 1.149148538767069141e+02
5.501700000000000000e+04 2.629521560192259813e+02 1.441629401786097020e+01 1.160184041484970976e+02 1.493198116814799334e+02 5.211031447560955598e+01 1.114909368188455971e+02
5.501800000000000000e+04 2.414343053634507896e+02 1.441629401786097020e+01 1.124653477732781965e+02 1.468896427681360706e+02 4.922327896239417555e+01 1.075799346478219434e+02
5.501900000000000000e+04 2.405752844834140092e+02 1.441629401786097020e+01 1.091072006499762495e+02 1.435877216461935859e+02 4.656333247267679099e+01 1.031891639570201704e+02
5.502000000000000000e+04 2.490304541299488221e+02 1.441629401786097020e+01 1.054402777643704496e+02 1.396796371823398033e+02 4.390417961541074021e+01 9.853247543900947392e+01
5.502100000000000000e+04 2.545982405024778927e+02 1.441629401786097020e+01 1.012856157909326811e+02 1.355307794605342906e+02 4.117301454915962466e+01 9.387738412449559178e+01
5.502200000000000000e+04 2.407507638185319365e+02 1.441629401786097020e+01 9.693686781138021047e+01 1.312276434897846968e+02 3.849145005216814042e+01 8.928265307510184812e+01
5.502500000000000000e+04 1.947077359731663648e+02 1.441629401786097020e+01 8.449983021382919901e+01 1.148574513347891610e+02 3.137059333747742329e+01 7.419252718480018416e+01
5.502900000000000000e+04 1.601058434462126172e+02 1.441629401786097020e+01 6.926244929572011699e+01 9.618238363887299158e+01 2.366167303078713857e+01 5.820416559084598873e+01
5.503100000000000000e+04 1.677110181219844662e+02 1.441629401786097020e+01 6.236601143519420276e+01 8.773454737744052068e+01 2.048817721261307412e+01 5.146626818644953261e+01
5.503200000000000000e+04 1.248658161698985225e+02 1.441629401786097020e+01 5.916989407762305575e+01 8.327625218786576511e+01 1.907229695642826428e+01 4.811431256521017019e+01
5.503300000000000000e+04 1.399560278049444833e+02 1.441629401786097020e+01 5.663237307692235589e+01 7.894896538666507979e+01 1.791710107470335345e+01 4.493651624262341926e+01
5.503400000000000000e+04 1.203083967500119940e+02 1.441629401786097020e+01 5.445445373950371248e+01 7.484136979724564753e+01 1.691552365168480421e+01 4.197496903939745039e+01
5.503500000000000000e+04 1.076188821017909163e+02 1.441629401786097020e+01 5.233915958280171310e+01 7.094067550853800697e+01 1.596874529619285887e+01 3.921324167184678089e+01
5.503600000000000000e+04 1.286373662608856421e+02 1.441629401786097020e+01 5.045259239812908447e+01 6.717775079241226877e+01 1.512367877641758973e+01 3.660513883631880816e+01
5.503700000000000000e+04 9.000927970637920339e+01 1.441629401786097020e+01 4.870246555124204235e+01 6.353302099300592687e+01 1.434788638676704053e+01 3.413368129425988684e+01
5.503900000000000000e+04 1.269198692122949410e+02 1.441629401786097020e+01 4.501957479437805887e+01 5.659576418051398861e+01 1.282170619571031622e+01 2.957709128848392055e+01
5.504000000000000000e+04 7.111179781095164287e+01 1.441629401786097020e+01 4.322653107963110841e+01 5.338962331411558893e+01 1.210962883225882791e+01 2.752609987322931318e+01
5.504200000000000000e+04 9.278817667150752868e+01 1.441629401786097020e+01 3.987000944381308898e+01 4.748525134726727259e+01 1.081543224929825442e+01 2.384037119553533302e+01
5.504400000000000000e+04 8.560356826603327818e+01 1.441629401786097020e+01 3.667572936570441300e+01 4.321916293005467224e+01 9.643386980885679804e+00 2.114440456460600615e+01
5.504500000000000000e+04 5.334381911835042445e+01 1.441629401786097020e+01 3.506549658598203933e+01 4.132112454706104643e+01 9.080561577061848411e+00 1.996093162024107315e+01
5.504600000000000000e+04 7.442005069485544766e+01 1.441629401786097020e+01 3.340323817924858929e+01 3.962781931390819778e+01 8.521234229400151960e+00 1.890459847052198938e+01
5.504700000000000000e+04 9.868938851566835524e+01 1.441629401786097020e+01 3.166824816009389210e+01 3.806314909829461612e+01 7.960046289989414880e+00 1.793485798345880156e+01
5.504800000000000000e+04 7.681095711527171943e+01 1.441629401786097020e+01 2.990879037604096169e+01 3.648609197740707799e+01 7.409034476823465276e+00 1.698291378579737554e+01
5.505000000000000000e+04 4.536057817684693561e+01 1.441629401786097020e+01 2.611864592158651632e+01 3.331056151033596535e+01 6.288194800073795498e+00 1.513703604032353489e+01
5.505200000000000000e+04 5.942583204329687163e+01 1.441629401786097020e+01 2.206844678002276083e+01 3.045625721402388564e+01 5.167770414954748759e+00 1.351929031162281980e+01
5.505400000000000000e+04 5.466313239931115220e+01 1.441629401786097020e+01 1.823902782583245497e+01 2.778500873867686138e+01 4.157327640826142812e+00 1.205423372610709798e+01
5.505600000000000000e+04 6.941005935031702734e+01 1.441629401786097020e+01 1.493310379257867737e+01 2.510781665692754672e+01 3.315520380235053022e+00 1.065154278675018951e+01
5.505800000000000000e+04 2.334561876822450444e+01 1.441629401786097020e+01 1.215190670839599285e+01 2.231415958557306922e+01 2.629827455937498115e+00 9.261293096029330485e+00
5.506000000000000000e+04 4.247810171318187145e+01 1.441629401786097020e+01 9.758928061703006307e+00 1.934877539982706907e+01 2.059888564189253035e+00 7.860243500092245483e+00
5.506100000000000000e+04 2.476075670856245381e+01 1.441629401786097020e+01 8.709339988839492008e+00 1.777466161142717027e+01 1.815959130283463896e+00 7.145018133789109882e+00
5.506200000000000000e+04 1.637785692164679574e+01 1.441629401786097020e+01 7.751567790682838854e+00 1.623842658639155445e+01 1.596812745279095003e+00 6.459713018693435949e+00
5.506400000000000000e+04 3.112431264811502274e+01 1.441629401786097020e+01 6.074396492811381165e+00 1.333462840794985027e+01 1.221917543613490142e+00 5.196659551032679403e+00
5.506500000000000000e+04 3.448192960103884985e+00 1.441629401786097020e+01 5.346650623903781430e+00 1.202066080777441925e+01 1.063036946060080368e+00 4.637421707408826421e+00
5.506700000000000000e+04 3.069688643507653936e+01 1.441629401786097020e+01 4.112151130795689724e+00 9.776423734384719566e+00 7.990344961129509649e-01 3.697168904581446203e+00
5.506800000000000000e+04 3.505420130090641351e+01 1.441629401786097020e+01 3.590418789046303516e+00 8.778364047919367863e+00 6.898283870746817481e-01 3.287284319921872644e+00
5.506900000000000000e+04 -1.487520282463757226e+00 1.441629401786097020e+01 3.121539685231842221e+00 7.855576261664157123e+00 5.930877954916861095e-01 2.913249123554294773e+00
5.507100000000000000e+04 1.221183794064124228e+01 1.441629401786097020e+01 2.337871596827339804e+00 6.239408576762697223e+00 4.345486239456022304e-01 2.269948912854329759e+00
5.507300000000000000e+04 2.404609122935431031e+01 1.441629401786097020e+01 1.736719780914480538e+00 4.900519652775822799e+00 3.159510589642119949e-01 1.749623211387704602e+00
5.507400000000000000e+04 1.908511609229747563e+01 1.441629401786097020e+01 1.493905190606538813e+00 4.317951119744170896e+00 2.689201451984696289e-01 1.527396929516862567e+00
5.507500000000000000e+04 -3.058993623326183631e+00 1.441629401786097020e+01 1.280426224789079193e+00 3.791188388505020601e+00 2.280935985444418612e-01 1.328796182575100682e+00
5.507800000000000000e+04 1.228085744230497411e+01 1.441629401786097020e+01 7.994605693413380232e-01 2.527703667338402571e+00 1.381047141620609098e-01 8.622854838433522406e-01
5.508000000000000000e+04 -2.387064405986797766e+01 1.441629401786097020e+01 5.816874276027002022e-01 1.894990925034456319e+00 9.849760017656127020e-02 6.351357169307066952e-01
5.508100000000000000e+04 8.991521702655047577e+00 1.441629401786097020e+01 4.961295352027533245e-01 1.634826241861348395e+00 8.318738014801362046e-02 5.431857799320026770e-01
5.508200000000000000e+04 7.737869849375002218e+00 1.441629401786097020e+01 4.226099544827823240e-01 1.407172171037266439e+00 7.017301316464903682e-02 4.635259803140082679e-01
5.508400000000000000e+04 1.576899063135801882e+01 1.441629401786097020e+01 3.061277856555403298e-01 1.038031760466092912e+00 4.986444254227592049e-02 3.361501814980870639e-01
5.508500000000000000e+04 6.026836607867574358e+00 1.441629401786097020e+01 2.604704276385121364e-01 8.878828440340581496e-01 4.202762805578161287e-02 2.851169981805523612e-01
5.508800000000000000e+04 -2.125551520654316739e+00 1.441629401786097020e+01 1.617712465096712848e-01 5.511068618637039451e-01 2.538464199561750803e-02 1.726308927025761164e-01
5.508900000000000000e+04 2.110603873904169703e+00 1.441629401786097020e+01 1.379915647305545445e-01 4.694045046541635569e-01 2.145658115601357940e-02 1.458457370371799289e-01
5.509000000000000000e+04 -9.487184261273840846e+00 1.441629401786097020e+01 1.177106881006686895e-01 3.994816419160883703e-01 1.813835800367798873e-02 1.231220002207015773e-01
5.509100000000000000e+04 1.286173467443721385e+01 1.441629401786097020e+01 1.004382493408238763e-01 3.401012053126352130e-01 1.533876746194622574e-02 1.039842251850170152e-01
5.509300000000000000e+04 1.043302723865322790e+01 1.441629401786097020e+01 7.299706934572898487e-02 2.457033249930057894e-01 1.095262713745783802e-02 7.394243732673441705e-02
5.509500000000000000e+04 1.935314720224906893e+01 1.441629401786097020e+01 5.309995748108135155e-02 1.773093093138356502e-01 7.830004347216196550e-03 5.253453506972701609e-02
5.509600000000000000e+04 1.661372669056537132e+00 1.441629401786097020e+01 4.525910273374784965e-02 1.508692196575278921e-01 6.616827885050855125e-03 4.435764426012227257e-02
5.509700000000000000e+04 -9.430071556059322901e+00 1.441629401786097020e+01 3.858126857925859438e-02 1.285825595307966140e-01 5.592785077591702451e-03 3.751715914299787180e-02
5.509800000000000000e+04 4.211453852687620625e+00 1.441629401786097020e+01 3.291174995718098434e-02 1.095791533345818886e-01 4.730874821351913062e-03 3.173080249452188417e-02
5.509900000000000000e+04 -4.342117042770468061e+00 1.441629401786097020e+01 2.804996115000875714e-02 9.332271766543655256e-02 3.998454947828823484e-03 2.682072644501697772e-02
5.510100000000000000e+04 -8.366063674273368278e+00 1.441629401786097020e+01 2.037693386963021838e-02 6.771490630669435573e-02 2.857113554350843541e-03 1.917345932743277914e-02
5.510400000000000000e+04 9.803116143347814671e+00 1.441629401786097020e+01 1.261876331576413345e-02 4.177149593645242825e-02 1.726894476100850886e-03 1.157105150594250030e-02
5.510700000000000000e+04 -4.670653443232333757e+01 1.441629401786097020e+01 7.763219369449561244e-03 2.578483650210184816e-02 1.037530654529236849e-03 6.990981346989627414e-03
5.510800000000000000e+04 -1.897455073534672021e+00 1.441629401786097020e+01 6.604158893096903453e-03 2.196545179553693883e-02 8.757902202812570909e-04 5.913593526689891328e-03
5.510900000000000000e+04 -1.362491242022057492e+01 1.441629401786097020e+01 5.614048159981721402e-03 1.869527591544214301e-02 7.387683124515371895e-04 4.998068684786028705e-03
5.511000000000000000e+04 -1.050277085340888927e+00 1.441629401786097020e+01 4.771441711348495263e-03 1.590876510714321970e-02 6.230988444615148105e-04 4.223640712351514441e-03
5.511100000000000000e+04 3.468974208781013147e+01 1.441629401786097020e+01 4.057529029277060634e-03 1.354521822198305470e-02 5.258591276927242816e-04 3.571391942938554210e-03
5.511400000000000000e+04 -2.941854296318165396e+01 1.441629401786097020e+01 2.494028933838694437e-03 8.356010646232991251e-03 3.160519228810185948e-04 2.158618095126063445e-03
