5.497500000000000000e+04 -2.938150939226079839e+00 9.570720086545014382e+00 9.676860811788584593e-01 1.458879233475697024e-18 9.676860811788584593e-01 1.458879233475697024e-18
5.497600000000000000e+04 -7.846065473145786839e+00 9.570720086545014382e+00 2.014654457448330049e+00 1.458879194246585025e-18 2.014654457448330049e+00 1.458879194246585025e-18
5.497900000000000000e+04 -2.623464176449789242e+00 9.570720086545014382e+00 7.421511495175619366e+00 1.458879030790155216e-18 7.421511495175619366e+00 1.458879030790155216e-18
5.498000000000000000e+04 1.521368504278785494e+01 9.570720086545014382e+00 1.010928248076253944e+01 1.458878956392917053e-18 1.010928248076253944e+01 1.458878956392917053e-18
5.498100000000000000e+04 3.238744630119255419e+01 9.570720086545014382e+00 1.326427468792255127e+01 1.458878869086958948e-18 1.326427468792255127e+01 1.458878869086958948e-18
5.498200000000000000e+04 1.428479514301754705e+01 9.570720086545014382e+00 1.681188057541250913e+01 1.458878766632481191e-18 1.681188057541250913e+01 1.458878766632481191e-18
5.498400000000000000e+04 2.620208842233494551e+01 9.570720086545014382e+00 2.504964300095078400e+01 1.458878505308197166e-18 2.504964300095078400e+01 1.458878505308197166e-18
5.498500000000000000e+04 3.413745717512847477e+01 9.570720086545014382e+00 2.982457128805857849e+01 1.458878339734227992e-18 2.982457128805857849e+01 1.458878339734227992e-18
5.498700000000000000e+04 3.625206517853273880e+01 9.570720086545014382e+00 4.097582893337165899e+01 1.458877917415035206e-18 4.097582893337165899e+01 1.458877917415035206e-18
5.499000000000000000e+04 5.024538594539590974e+01 9.570720086545014382e+00 6.053040193995693841e+01 1.458876967336947338e-18 6.053040193995693841e+01 1.458876967336947338e-18
5.499200000000000000e+04 8.689291512133527817e+01 9.570720086545014382e+00 7.440742163840896239e+01 2.480027301376598325e-01 7.440742163840896239e+01 2.480027301376598325e-01
5.499300000000000000e+04 8.879581311565321755e+01 9.570720086545014382e+00 8.115791156796579742e+01 7.741488649430867675e-01 8.115791156796579742e+01 7.741488649430867675e-01
5.499400000000000000e+04 9.010724721943412874e+01 9.570720086545014382e+00 8.659722275531558466e+01 1.611723565958664173e+00 8.659722275531558466e+01 1.611723565958664173e+00
5.499600000000000000e+04 9.120544090069678589e+01 9.570720086545014382e+00 9.298895886639343189e+01 4.184087600156392028e+00 9.298895886639343189e+01 4.184087600156392028e+00
5.499700000000000000e+04 9.585968081081915670e+01 9.570720086545014382e+00 9.799049354420412783e+01 5.937209196140496026e+00 9.534931745081652821e+01 5.937209196140496026e+00
5.499800000000000000e+04 1.110682413797985078e+02 9.570720086545014382e+00 1.026448216592931431e+02 8.087425984610032259e+00 9.725679520493949326e+01 8.087425984610032259e+00
5.500000000000000000e+04 1.214718207599842401e+02 9.570720086545014382e+00 1.104426673980238292e+02 1.344950446033000979e+01 9.942624000542298290e+01 1.344950446033000979e+01
5.500200000000000000e+04 1.397135895949299993e+02 9.570720086545014382e+00 1.158938757736231366e+02 2.003971440076062649e+01 9.937735874946248771e+01 2.003971440076062649e+01
5.500300000000000000e+04 1.427278192037638576e+02 9.570720086545014382e+00 1.173473468870210183e+02 2.385965703044686492e+01 9.828909195663038645e+01 2.385965703044686492e+01
5.500400000000000000e+04 1.475440790657500827e+02 9.570720086545014382e+00 1.179310516604720789e+02 2.807878116178207151e+01 9.653818898204983157e+01 2.807878116178207151e+01
5.500500000000000000e+04 1.542247907017722071e+02 9.570720086545014382e+00 1.179034302948030586e+02 3.278066314669732861e+01 9.437559456880096320e+01 3.278066314669732861e+01
5.500900000000000000e+04 1.634254852627759647e+02 9.570720086545014382e+00 1.122780655183545377e+02 5.387147402998105150e+01 8.255133116561614770e+01 5.387147402998105150e+01
5.501200000000000000e+04 1.707995982356348179e+02 9.570720086545014382e+00 1.030821799343895862e+02 6.927777820425247057e+01 7.142612246008147281e+01 6.927777820425247057e+01
5.501300000000000000e+04 1.602530125525772462e+02 9.570720086545014382e+00 9.951399514032958393e+01 7.667277452853707587e+01 6.765517379857884350e+01 7.227144361253377269e+01
5.501400000000000000e+04 1.845568887112375762e+02 9.570720086545014382e+00 9.533926124446041683e+01 8.345201124505612711e+01 6.361888512242121152e+01 7.439116709311475972e+01
5.501600000000000000e+04 1.843514065675839788e+02 9.570720086545014382e+00 8.614971700166772450e+01 9.675884041349021913e+01 5.543739832797152900e+01 7.780543616395159745e+01
5.501700000000000000e+04 1.837475176328598820e+02 9.570720086545014382e+00 8.242288440607163125e+01 1.029086957140099798e+02 5.211031447560955598e+01 7.888746317670370445e+01
5.501800000000000000e+04 1.759279928644601227e+02 9.570720086545014382e+00 7.921994516207718107e+01 1.086052704827236397e+02 4.922327896239417555e+01 7.954099200433840622e+01
5.501900000000000000e+04 1.819766393851378439e+02 9.570720086545014382e+00 7.622883159101917272e+01 1.137938188502529755e+02 4.656333247267679099e+01 7.978252741376498136e+01
5.502000000000000000e+04 1.939230216810087200e+02 9.570720086545014382e+00 7.309167822373581203e+01 1.182352063457605027e+02 4.390417961541074021e+01 7.950188699956999017e+01
5.502100000000000000e+04 2.032194511637736127e+02 9.570720086545014382e+00 6.968532712445265531e+01 1.217290746064476252e+02 4.117301454915962466e+01 7.863127356530432621e+01
5.502200000000000000e+04 1.988327374610269089e+02 9.570720086545014382e+00 6.621299237973961738e+01 1.242639568576945805e+02 3.849145005216814042e+01 7.723055118563988231e+01
5.502500000000000000e+04 1.813291600696444164e+02 9.570720086545014382e+00 5.657059096547304478e+01 1.278453193589284496e+02 3.137059333747742329e+01 7.135419956406119013e+01
5.502900000000000000e+04 1.640302781364074463e+02 9.570720086545014382e+00 4.529080834822966040e+01 1.222839295414949987e+02 2.366167303078713857e+01 6.008152583967718385e+01
5.503100000000000000e+04 1.687939147085691047e+02 9.570720086545014382e+00 4.035146502024145576e+01 1.167511803207315353e+02 2.048817721261307412e+01 5.412413903886307764e+01
5.503200000000000000e+04 1.393052741218366464e+02 9.570720086545014382e+00 3.809119148137853017e+01 1.128853497612241910e+02 1.907229695642826428e+01 5.089510809793696922e+01
5.503300000000000000e+04 1.473941202056664679e+02 9.570720086545014382e+00 3.628033796616680462e+01 1.082095041289223474e+02 1.791710107470335345e+01 4.748321739827211729e+01
5.503400000000000000e+04 1.325241514284112725e+02 9.570720086545014382e+00 3.472080384744823078e+01 1.037699396862302592e+02 1.691552365168480421e+01 4.434991866237722746e+01
5.503500000000000000e+04 1.229037394638933449e+02 9.570720086545014382e+00 3.321978083967000828e+01 1.000809855692766916e+02 1.596874529619285887e+01 4.168825158048764479e+01
5.503600000000000000e+04 1.361224996585465021e+02 9.570720086545014382e+00 3.188071486068827554e+01 9.693441879506359271e+01 1.512367877641758973e+01 3.937862316991534328e+01
5.503700000000000000e+04 1.098520041833661338e+02 9.570720086545014382e+00 3.064278095621837039e+01 9.396480492986177069e+01 1.434788638676704053e+01 3.725066597814144131e+01
5.503900000000000000e+04 1.319919079642242821e+02 9.570720086545014382e+00 2.809364044542087058e+01 8.709904189787425821e+01 1.282170619571031622e+01 3.293841163932770399e+01
5.504000000000000000e+04 9.323861423569110229e+01 9.570720086545014382e+00 2.686884445301588187e+01 8.330165654490021154e+01 1.210962883225882791e+01 3.079316004173451304e+01
5.504200000000000000e+04 1.041477438121863202e+02 9.570720086545014382e+00 2.459645602135408993e+01 7.594447198360101936e+01 1.081543224929825442e+01 2.686398018521436981e+01
5.504400000000000000e+04 9.533751169211448939e+01 9.570720086545014382e+00 2.246523431067127774e+01 6.908238937634362742e+01 9.643386980885679804e+00 2.342728885524403992e+01
5.504500000000000000e+04 7.185647312993437197e+01 9.570720086545014382e+00 2.140560780560789311e+01 6.574856997845375872e+01 9.080561577061848411e+00 2.184555602832633170e+01
5.504600000000000000e+04 8.372205524956673628e+01 9.570720086545014382e+00 2.032314363711936167e+01 6.247678383681365233e+01 8.521234229400151960e+00 2.034676735387665047e+01
5.504700000000000000e+04 9.770712009244519436e+01 9.570720086545014382e+00 1.920520368385746224e+01 5.927722327672795188e+01 7.960046289989414880e+00 1.892933842462971228e+01
5.504800000000000000e+04 8.123561930444745371e+01 9.570720086545014382e+00 1.808100773723998245e+01 5.623956559059025295e+01 7.409034476823465276e+00 1.761670391886676512e+01
5.505000000000000000e+04 5.692169017970547173e+01 9.570720086545014382e+00 1.569407658202418077e+01 5.056752525839564782e+01 6.288194800073795498e+00 1.525783756514261391e+01
5.505200000000000000e+04 6.426294293646904521e+01 9.570720086545014382e+00 1.318401588263255242e+01 4.649739141375119544e+01 5.167770414954748759e+00 1.353241892134784763e+01
5.505400000000000000e+04 5.961745111752787807e+01 9.570720086545014382e+00 1.083649022857742672e+01 4.304561948059081544e+01 4.157327640826142812e+00 1.209894302113407427e+01
5.505600000000000000e+04 6.831737288281718179e+01 9.570720086545014382e+00 8.825915252185710713e+00 3.999381092238081692e+01 3.315520380235053022e+00 1.086906482291032106e+01
5.505800000000000000e+04 3.659046109043978845e+01 9.570720086545014382e+00 7.146293128764558134e+00 3.682683443435897175e+01 2.629827455937498115e+00 9.687703065807063751e+00
5.506000000000000000e+04 4.853291062087583185e+01 9.570720086545014382e+00 5.711659010783961321e+00 3.394488304035753856e+01 2.059888564189253035e+00 8.652345799438604601e+00
5.506100000000000000e+04 3.650925809668930100e+01 9.570720086545014382e+00 5.085593544358840923e+00 3.256769605436809201e+01 1.815959130283463896e+00 8.174417322448755741e+00
5.506200000000000000e+04 3.066854399194593128e+01 9.570720086545014382e+00 4.516105806198337014e+00 3.120600027014605971e+01 1.596812745279095003e+00 7.714709584708543844e+00
5.506400000000000000e+04 3.970611472885662607e+01 9.570720086545014382e+00 3.523521428763860097e+00 2.840502302965164816e+01 1.221917543613490142e+00 6.816987383520122457e+00
5.506500000000000000e+04 2.077631549902213237e+01 9.570720086545014382e+00 3.094819461064711952e+00 2.692215016015060769e+01 1.063036946060080368e+00 6.368037031991533148e+00
5.506700000000000000e+04 3.740065846983618769e+01 9.570720086545014382e+00 2.370495639618291239e+00 2.387142501843312559e+01 7.990344961129509649e-01 5.488314753059690076e+00
5.506800000000000000e+04 3.931282969782090930e+01 9.570720086545014382e+00 2.065622122256427051e+00 2.218676347699637930e+01 6.898283870746817481e-01 5.030555840059037109e+00
5.506900000000000000e+04 1.396373381662376545e+01 9.570720086545014382e+00 1.792370626755424690e+00 2.044641253223120714e+01 5.930877954916861095e-01 4.572811605625031639e+00
5.507100000000000000e+04 2.083742003694464984e+01 9.570720086545014382e+00 1.337323390192590722e+00 1.708717866771194593e+01 4.345486239456022304e-01 3.720184334700300077e+00
5.507300000000000000e+04 2.654085576240300171e+01 9.570720086545014382e+00 9.898430726289796366e-01 1.399358694928760194e+01 3.159510589642119949e-01 2.967949892741649442e+00
5.507400000000000000e+04 2.232923887129441809e+01 9.570720086545014382e+00 8.499490109142830985e-01 1.266740978554125618e+01 2.689201451984696289e-01 2.652416304188042862e+00
5.507500000000000000e+04 6.774007223527267030e+00 9.570720086545014382e+00 7.272308202392441245e-01 1.144454197810501483e+01 2.280935985444418612e-01 2.366188098932125783e+00
5.507800000000000000e+04 1.466751647251795809e+01 9.570720086545014382e+00 4.517957619097660027e-01 8.271523727273230264e+00 1.381047141620609098e-01 1.647910851351402695e+00
5.508000000000000000e+04 -1.059620795395152371e+01 9.570720086545014382e+00 3.276818162673840185e-01 6.567626948823108712e+00 9.849760017656127020e-02 1.277450196223276269e+00
5.508100000000000000e+04 1.065875677853214576e+01 9.570720086545014382e+00 2.790520667065116700e-01 5.825097541094387488e+00 8.318738014801362046e-02 1.119758855288131238e+00
5.508200000000000000e+04 9.304374697053200194e+00 9.570720086545014382e+00 2.373391651254759538e-01 5.144761625630239088e+00 7.017301316464903682e-02 9.775340348907921584e-01
5.508400000000000000e+04 1.372213187276516422e+01 9.570720086545014382e+00 1.714140076833276793e-01 3.974330172000159145e+00 4.986444254227592049e-02 7.380645840142919800e-01
5.508500000000000000e+04 6.865418008587449883e+00 9.570720086545014382e+00 1.456383395017000204e-01 3.481041724385838254e+00 4.202762805578161287e-02 6.392275968903607941e-01
5.508800000000000000e+04 4.935627708351186804e-01 9.570720086545014382e+00 9.007486365724916288e-02 2.287870636270585400e+00 2.538464199561750803e-02 4.064868588356523871e-01
5.508900000000000000e+04 3.052505679124271065e+00 9.570720086545014382e+00 7.673087987202015237e-02 1.977821988970971834e+00 2.145658115601357940e-02 3.476388991564817732e-01
5.509000000000000000e+04 -4.870524961728785129e+00 9.570720086545014382e+00 6.536701457365473589e-02 1.705834938881031215e+00 1.813835800367798873e-02 2.966566274009653781e-01
5.509100000000000000e+04 9.770730925108590981e+00 9.570720086545014382e+00 5.570273403805772044e-02 1.468818558997546209e+00 1.533876746194622574e-02 2.527608471713695959e-01
5.509300000000000000e+04 7.837707373809621458e+00 9.570720086545014382e+00 4.038124099309330084e-02 1.082605208643455441e+00 1.095262713745783802e-02 1.824748788355535223e-01
5.509500000000000000e+04 1.351528662573451278e+01 9.570720086545014382e+00 2.930222526858716758e-02 7.907402661663626153e-01 7.830004347216196550e-03 1.305994130454626312e-01
5.509600000000000000e+04 1.673369541806656979e+00 9.570720086545014382e+00 2.494544112664172364e-02 6.756745519435999325e-01 6.616827885050855125e-03 1.104837713296487195e-01
5.509700000000000000e+04 -5.773671055792160445e+00 9.570720086545014382e+00 2.123971988917000911e-02 5.765223646784908285e-01 5.592785077591702451e-03 9.334127170379516447e-02
5.509800000000000000e+04 3.210904453624841004e+00 9.570720086545014382e+00 1.809748854159960729e-02 4.914951450730267180e-01 4.730874821351913062e-03 7.879808014124903282e-02
5.509900000000000000e+04 -2.528673388940695155e+00 9.570720086545014382e+00 1.540644675947923890e-02 4.191512611089874274e-01 3.998454947828823484e-03 6.654990411841091302e-02
5.510100000000000000e+04 -5.297576386054108077e+00 9.570720086545014382e+00 1.116702832718027144e-02 3.038194188040753141e-01 2.857113554350843541e-03 4.732315988911003218e-02
5.510400000000000000e+04 6.666344227496810326e+00 9.570720086545014382e+00 6.893071990804156349e-03 1.874461782532706455e-01 1.726894476100850886e-03 2.838889232647826000e-02
5.510700000000000000e+04 -3.090920333509235007e+01 9.570720086545014382e+00 4.227626158010281028e-03 1.164749051473041447e-01 1.037530654529236849e-03 1.716526492481086630e-02
5.510800000000000000e+04 -1.175714578936115640e+00 9.570720086545014382e+00 3.592841799681828398e-03 9.934596338910478552e-02 8.757902202812570909e-04 1.451068640294239306e-02
5.510900000000000000e+04 -8.973663744200351289e+00 9.570720086545014382e+00 3.051187007256094073e-03 8.475957479192093580e-02 7.387683124515371895e-04 1.227101396955698233e-02
5.511000000000000000e+04 -6.361258245789298549e-01 9.570720086545014382e+00 2.590720375502085938e-03 7.227287127158853186e-02 6.230988444615148105e-04 1.037181356327150986e-02
5.511100000000000000e+04 2.308200464754580850e+01 9.570720086545014382e+00 2.200983378957896853e-03 6.158968912952392238e-02 5.258591276927242816e-04 8.762101709966271107e-03
5.511400000000000000e+04 -1.949812383953223716e+01 9.570720086545014382e+00 1.349099238009915901e-03 3.817539147312781073e-02 3.160519228810185948e-04 5.293462308040685488e-03
