5.497500000000000000e+04 -3.759371214279722206e+00 1.158300819300550089e+01 9.676860811788584593e-01 2.279497885001649794e-18 9.676860811788584593e-01 2.279497885001649794e-18
5.497600000000000000e+04 -9.919327386360459187e+00 1.158300819300550089e+01 2.014654457448330049e+00 2.279497664544057483e-18 2.014654457448330049e+00 2.279497664544057483e-18
5.497900000000000000e+04 -4.735466710314896410e+00 1.158300819300550089e+01 7.421511495175619366e+00 2.279496745960992233e-18 7.421511495175619366e+00 2.279496745960992233e-18
5.498000000000000000e+04 1.628690925928021827e+01 1.158300819300550089e+01 1.010928248076253944e+01 2.279496327867838250e-18 1.010928248076253944e+01 2.279496327867838250e-18
5.498100000000000000e+04 3.640818146502677166e+01 1.158300819300550089e+01 1.326427468792255127e+01 2.279495837231172164e-18 1.326427468792255127e+01 2.279495837231172164e-18
5.498200000000000000e+04 1.375346375795624887e+01 1.158300819300550089e+01 1.681188057541250913e+01 2.279495261463979831e-18 1.681188057541250913e+01 2.279495261463979831e-18
5.498400000000000000e+04 2.683189966129991433e+01 1.158300819300550089e+01 2.504964300095078400e+01 3.875042658400934537e-01 2.504964300095078400e+01 3.875042658400934537e-01
5.498500000000000000e+04 3.625386895607785931e+01 1.158300819300550089e+01 2.982457128805857849e+01 1.209607601473573046e+00 2.982457128805857849e+01 1.209607601473573046e+00
5.498700000000000000e+04 3.956118244027307185e+01 1.158300819300550089e+01 4.097582893337165899e+01 4.302310410807026031e+00 4.097582893337165899e+01 4.302310410807026031e+00
5.499000000000000000e+04 6.071951692581271232e+01 1.158300819300550089e+01 6.053040193995693841e+01 1.263660310095317385e+01 6.053040193995693841e+01 1.263660310095317385e+01
5.499200000000000000e+04 1.102327520676239914e+02 1.158300819300550089e+01 7.440742163840896239e+01 2.101485071926563819e+01 7.440742163840896239e+01 2.101485071926563819e+01
5.499300000000000000e+04 1.153615949898340887e+02 1.158300819300550089e+01 8.115791156796579742e+01 2.589679503310846798e+01 8.115791156796579742e+01 2.589679503310846798e+01
5.499400000000000000e+04 1.202067039369737245e+02 1.158300819300550089e+01 8.659722275531558466e+01 3.131205375118847201e+01 8.659722275531558466e+01 3.131205375118847201e+01
5.499600000000000000e+04 1.296397322305431032e+02 1.158300819300550089e+01 9.298895886639343189e+01 4.387309556528447985e+01 9.298895886639343189e+01 4.387309556528447985e+01
5.499700000000000000e+04 1.377487010529583813e+02 1.158300819300550089e+01 9.629327569357960215e+01 5.121978616671457729e+01 9.534931745081652821e+01 5.121978616671457729e+01
5.499800000000000000e+04 1.588089286070066919e+02 1.158300819300550089e+01 9.918247974999729877e+01 5.921981088614808897e+01 9.725679520493949326e+01 5.921981088614808897e+01
5.500000000000000000e+04 1.760972804379000820e+02 1.158300819300550089e+01 1.033635191096377355e+02 7.566300242494617123e+01 9.942624000542298290e+01 7.566300242494617123e+01
5.500200000000000000e+04 2.028644126661629628e+02 1.158300819300550089e+01 1.052803738591805711e+02 9.300927704801119944e+01 9.937735874946248771e+01 9.300927704801119944e+01
5.500300000000000000e+04 2.083884892142437195e+02 1.158300819300550089e+01 1.051005260292248522e+02 1.014473894599572503e+02 9.828909195663038645e+01 1.014473894599572503e+02
5.500400000000000000e+04 2.142873705966246405e+02 1.158300819300550089e+01 1.041840135494281583e+02 1.082465284441444737e+02 9.653818898204983157e+01 1.082465284441444737e+02
5.500500000000000000e+04 2.227829619305209690e+02 1.158300819300550089e+01 1.027844600448811150e+02 1.157133566715052382e+02 9.437559456880096320e+01 1.129241306445840110e+02
5.500900000000000000e+04 2.283633645782892643e+02 1.158300819300550089e+01 9.317568748663094880e+01 1.384844763734790547e+02 8.255133116561614770e+01 1.232616612135995240e+02
5.501200000000000000e+04 2.296194935256061171e+02 1.158300819300550089e+01 8.274002025775837410e+01 1.487679060479453312e+02 7.142612246008147281e+01 1.242216984368281061e+02
5.501300000000000000e+04 2.099310827722577244e+02 1.158300819300550089e+01 7.904153954887965483e+01 1.501734463732366578e+02 6.765517379857884350e+01 1.228613649457879831e+02
5.501400000000000000e+04 2.324125361913936842e+02 1.158300819300550089e+01 7.495577045123665982e+01 1.504789020757701508e+02 6.361888512242121152e+01 1.206727362275622966e+02
5.501600000000000000e+04 2.171358346140836773e+02 1.158300819300550089e+01 6.641400319690988852e+01 1.489756165657628628e+02 5.543739832797152900e+01 1.149148538767069141e+02
5.501700000000000000e+04 2.083176065443374796e+02 1.158300819300550089e+01 6.294404885508876646e+01 1.472906766313768969e+02 5.211031447560955598e+01 1.114909368188455971e+02
5.501800000000000000e+04 1.903265163448853627e+02 1.158300819300550089e+01 5.994410912040362405e+01 1.447810760490387736e+02 4.922327896239417555e+01 1.075799346478219434e+02
5.501900000000000000e+04 1.888488304336580654e+02 1.158300819300550089e+01 5.716580327670529016e+01 1.414207492030961646e+02 4.656333247267679099e+01 1.031891639570201704e+02
5.502000000000000000e+04 1.949503093556041904e+02 1.158300819300550089e+01 5.433581269203234143e+01 1.374725097325060119e+02 4.390417961541074021e+01 9.853247543900947392e+01
5.502100000000000000e+04 1.989469489734732974e+02 1.158300819300550089e+01 5.136333565007664248e+01 1.332964977183712847e+02 4.117301454915962466e+01 9.387738412449559178e+01
5.502200000000000000e+04 1.874895012218447619e+02 1.158300819300550089e+01 4.839914929559621726e+01 1.289777206322920904e+02 3.849145005216814042e+01 8.928265307510184812e+01
5.502500000000000000e+04 1.493175279663466029e+02 1.158300819300550089e+01 4.037709068466720197e+01 1.126761910355560303e+02 3.137059333747742329e+01 7.419252718480018416e+01
5.502900000000000000e+04 1.212474806644164715e+02 1.158300819300550089e+01 3.139194160994529881e+01 9.414523784319338517e+01 2.366167303078713857e+01 5.820416559084598873e+01
5.503100000000000000e+04 1.275258658122365603e+02 1.158300819300550089e+01 2.758733061678350396e+01 8.578912243999273812e+01 2.048817721261307412e+01 5.146626818644953261e+01
5.503200000000000000e+04 9.313462978316725582e+01 1.158300819300550089e+01 2.586966359169930030e+01 8.139017113530951519e+01 1.907229695642826428e+01 4.811431256521017019e+01
5.503300000000000000e+04 1.051195940241048845e+02 1.158300819300550089e+01 2.448013519836719354e+01 7.712454282721458299e+01 1.791710107470335345e+01 4.493651624262341926e+01
5.503400000000000000e+04 8.913646909126008211e+01 1.158300819300550089e+01 2.327914364944863124e+01 7.307842109759096161e+01 1.691552365168480421e+01 4.197496903939745039e+01
5.503500000000000000e+04 7.879004878971052506e+01 1.158300819300550089e+01 2.213427785505292533e+01 6.923882081997986404e+01 1.596874529619285887e+01 3.921324167184678089e+01
5.503600000000000000e+04 9.549426960287610200e+01 1.158300819300550089e+01 2.111265557187895325e+01 6.553784057254519269e+01 1.512367877641758973e+01 3.660513883631880816e+01
5.503700000000000000e+04 6.426972747491664961e+01 1.158300819300550089e+01 2.017169347115578049e+01 6.195604491721111629e+01 1.434788638676704053e+01 3.413368129425988684e+01
5.503900000000000000e+04 9.375773363590050735e+01 1.158300819300550089e+01 1.827990652322419507e+01 5.514648670737827985e+01 1.282170619571031622e+01 2.957709128848392055e+01
5.504000000000000000e+04 4.889499686776711940e+01 1.158300819300550089e+01 1.738458315159077117e+01 5.200230788050483000e+01 1.210962883225882791e+01 2.752609987322931318e+01
5.504200000000000000e+04 6.632288918629494390e+01 1.158300819300550089e+01 1.574078009562868097e+01 4.621694359966479482e+01 1.081543224929825442e+01 2.384037119553533302e+01
5.504400000000000000e+04 6.084773021274264693e+01 1.158300819300550089e+01 1.422592447420255546e+01 4.203507627443674011e+01 9.643386980885679804e+00 2.114440456460600615e+01
5.504500000000000000e+04 3.514679135062689852e+01 1.158300819300550089e+01 1.348554199809455234e+01 4.017536707205920266e+01 9.080561577061848411e+00 1.996093162024107315e+01
5.504600000000000000e+04 5.237148349667041458e+01 1.158300819300550089e+01 1.273924517295322723e+01 3.851622892384150276e+01 8.521234229400151960e+00 1.890459847052198938e+01
5.504700000000000000e+04 7.222931797341261984e+01 1.158300819300550089e+01 1.197907366180507260e+01 3.698347064769038894e+01 7.960046289989414880e+00 1.793485798345880156e+01
5.504800000000000000e+04 5.503211624829330617e+01 1.158300819300550089e+01 1.122320542549218558e+01 3.543994448820196652e+01 7.409034476823465276e+00 1.698291378579737554e+01
5.505000000000000000e+04 3.068192890001927609e+01 1.158300819300550089e+01 9.649863740193248773e+00 3.233573638933913230e+01 6.288194800073795498e+00 1.513703604032353489e+01
5.505200000000000000e+04 4.312536790914538898e+01 1.158300819300550089e+01 8.032782333005661357e+00 2.954776090508283204e+01 5.167770414954748759e+00 1.351929031162281980e+01
5.505400000000000000e+04 4.042690098171125612e+01 1.158300819300550089e+01 6.544465172188513868e+00 2.694121237784936440e+01 4.157327640826142812e+00 1.205423372610709798e+01
5.505600000000000000e+04 5.321444081869519493e+01 1.158300819300550089e+01 5.284939486094674344e+00 2.433238434205213352e+01 3.315520380235053022e+00 1.065154278675018951e+01
5.505800000000000000e+04 1.692311517594833248e+01 1.158300819300550089e+01 4.244015548391934622e+00 2.161400582751325672e+01 2.629827455937498115e+00 9.261293096029330485e+00
5.506000000000000000e+04 3.284023233037470391e+01 1.158300819300550089e+01 3.365033958459563657e+00 1.873253230941983460e+01 2.059888564189253035e+00 7.860243500092245483e+00
5.506100000000000000e+04 1.880444858521664386e+01 1.158300819300550089e+01 2.984528830620873041e+00 1.720448916435080022e+01 1.815959130283463896e+00 7.145018133789109882e+00
5.506200000000000000e+04 1.223797122668637627e+01 1.158300819300550089e+01 2.640170193044455882e+00 1.571389788927365139e+01 1.596812745279095003e+00 6.459713018693435949e+00
5.506400000000000000e+04 2.435546178493630975e+01 1.158300819300550089e+01 2.044512433974091881e+00 1.289810900566311069e+01 1.221917543613490142e+00 5.196659551032679403e+00
5.506500000000000000e+04 2.230278142839628330e+00 1.158300819300550089e+01 1.789197483913721687e+00 1.162462499396170479e+01 1.063036946060080368e+00 4.637421707408826421e+00
5.506700000000000000e+04 2.431592326064606979e+01 1.158300819300550089e+01 1.360675843430744214e+00 9.450333437000633552e+00 7.990344961129509649e-01 3.697168904581446203e+00
5.506800000000000000e+04 2.789233347046326017e+01 1.158300819300550089e+01 1.181538061381515181e+00 8.483823372854370604e+00 6.898283870746817481e-01 3.287284319921872644e+00
5.506900000000000000e+04 -1.402733753291601104e+00 1.158300819300550089e+01 1.021712345293527946e+00 7.590470591420715785e+00 5.930877954916861095e-01 2.913249123554294773e+00
5.507100000000000000e+04 9.703933475643037099e+00 1.158300819300550089e+01 7.572009772252119575e-01 6.026487368736960448e+00 4.345486239456022304e-01 2.269948912854329759e+00
5.507300000000000000e+04 1.927573448927996580e+01 1.158300819300550089e+01 5.568005512126309453e-01 4.731506050555769782e+00 3.159510589642119949e-01 1.749623211387704602e+00
5.507400000000000000e+04 1.530946506564050580e+01 1.158300819300550089e+01 4.765802813207279942e-01 4.168266220651518417e+00 2.689201451984696289e-01 1.527396929516862567e+00
5.507500000000000000e+04 -2.467079069903427957e+00 1.158300819300550089e+01 4.064856019660498809e-01 3.659106047957054741e+00 2.280935985444418612e-01 1.328796182575100682e+00
5.507800000000000000e+04 9.882580868346412473e+00 1.158300819300550089e+01 2.502181211188219123e-01 2.438370891212231495e+00 1.381047141620609098e-01 8.622854838433522406e-01
5.508000000000000000e+04 -1.916136821532547785e+01 1.158300819300550089e+01 1.804082044833896503e-01 1.827412484753029087e+00 9.849760017656127020e-02 6.351357169307066952e-01
5.508100000000000000e+04 7.241694741962694692e+00 1.158300819300550089e+01 1.531895605425670770e-01 1.576270814784678898e+00 8.318738014801362046e-02 5.431857799320026770e-01
5.508200000000000000e+04 6.233423563093923647e+00 1.158300819300550089e+01 1.299183165730312117e-01 1.356555133986976580e+00 7.017301316464903682e-02 4.635259803140082679e-01
5.508400000000000000e+04 1.268355672501924225e+01 1.158300819300550089e+01 9.330634488510669566e-02 1.000382940138307086e+00 4.986444254227592049e-02 3.361501814980870639e-01
5.508500000000000000e+04 4.854306305254803888e+00 1.158300819300550089e+01 7.905817113573078425e-02 8.555505764403834590e-01 4.202762805578161287e-02 2.851169981805523612e-01
5.508800000000000000e+04 -1.701272459259395298e+00 1.158300819300550089e+01 4.850497392522593737e-02 5.308054688818810707e-01 2.538464199561750803e-02 1.726308927025761164e-01
5.508900000000000000e+04 1.701037515675609013e+00 1.158300819300550089e+01 4.121165542635528423e-02 4.520488619467391556e-01 2.145658115601357940e-02 1.458457370371799289e-01
5.509000000000000000e+04 -7.618505010955132661e+00 1.158300819300550089e+01 3.501791396190072347e-02 3.846577530895158858e-01 1.813835800367798873e-02 1.231220002207015773e-01
5.509100000000000000e+04 1.033721410235856375e+01 1.158300819300550089e+01 2.976487825990664984e-02 3.274359266851001316e-01 1.533876746194622574e-02 1.039842251850170152e-01
5.509300000000000000e+04 8.384482546833648797e+00 1.158300819300550089e+01 2.147043497755860009e-02 2.364900973020946373e-01 1.095262713745783802e-02 7.394243732673441705e-02
5.509500000000000000e+04 1.555059845549272524e+01 1.158300819300550089e+01 1.550419160792279247e-02 1.706164095459524188e-01 7.830004347216196550e-03 5.253453506972701609e-02
5.509600000000000000e+04 1.335598077169134923e+00 1.158300819300550089e+01 1.316748749125120146e-02 1.451559550768241336e-01 6.616827885050855125e-03 4.435764426012227257e-02
5.509700000000000000e+04 -7.576173552220925700e+00 1.158300819300550089e+01 1.118501087667564571e-02 1.236978254103782843e-01 5.592785077591702451e-03 3.751715914299787180e-02
5.509800000000000000e+04 3.384186599781734639e+00 1.158300819300550089e+01 9.508112215953075722e-03 1.054033797263028011e-01 4.730874821351913062e-03 3.173080249452188417e-02
5.509900000000000000e+04 -3.488432881914496075e+00 1.158300819300550089e+01 8.075679458129874852e-03 8.975556104824929105e-02 3.998454947828823484e-03 2.682072644501697772e-02
5.510100000000000000e+04 -6.721691860316137301e+00 1.158300819300550089e+01 5.827083094098546058e-03 6.511115053002898556e-02 2.857113554350843541e-03 1.917345932743277914e-02
5.510400000000000000e+04 7.876498757436158904e+00 1.158300819300550089e+01 3.573290049947880700e-03 4.015154872562046867e-02 1.726894476100850886e-03 1.157105150594250030e-02
5.510700000000000000e+04 -3.752713249545366381e+01 1.158300819300550089e+01 2.177673090791414946e-03 2.477673699186593720e-02 1.037530654529236849e-03 6.990981346989627414e-03
5.510800000000000000e+04 -1.524544865390636161e+00 1.158300819300550089e+01 1.846866416529114761e-03 2.110443257805088429e-02 8.757902202812570909e-04 5.913593526689891328e-03
5.510900000000000000e+04 -1.094716558864364941e+01 1.158300819300550089e+01 1.565228423591071829e-03 1.796055981877859448e-02 7.387683124515371895e-04 4.998068684786028705e-03
5.511000000000000000e+04 -8.438699201042383358e-01 1.158300819300550089e+01 1.326328200320780245e-03 1.528197682543024939e-02 6.230988444615148105e-04 4.223640712351514441e-03
5.511100000000000000e+04 2.787203456053835637e+01 1.158300819300550089e+01 1.124549744570890698e-03 1.301022370893086151e-02 5.258591276927242816e-04 3.571391942938554210e-03
5.511400000000000000e+04 -2.363682029109842375e+01 1.158300819300550089e+01 6.852637791906245404e-04 8.023583459583578589e-03 3.160519228810185948e-04 2.158618095126063445e-03
