5.497600000000000000e+04 -5.932780065585069096e+00 8.224557906889868875e+00 1.164140563987932975e+00 1.400047904695842546e-18 1.164140563987932975e+00 1.400047904695842546e-18
5.497900000000000000e+04 4.103379706759186618e+00 8.224557906889868875e+00 4.289077145657377521e+00 1.400047904115777677e-18 4.289077145657377521e+00 1.400047904115777677e-18
5.498300000000000000e+04 1.286516036263531859e+01 8.224557906889868875e+00 1.143383206421574805e+01 1.400047902751678668e-18 1.143383206421574805e+01 1.400047902751678668e-18
5.499200000000000000e+04 4.982216245422865342e+01 8.224557906889868875e+00 3.733751665722944324e+01 7.130369544559223449e+00 3.733751665722944324e+01 7.130369544559223449e+00
5.499500000000000000e+04 5.456931863208767197e+01 8.224557906889868875e+00 4.526446668391263017e+01 1.429229008026968373e+01 4.526446668391263017e+01 1.429229008026968373e+01
5.499600000000000000e+04 4.651144291893605498e+01 8.224557906889868875e+00 4.750204251648135312e+01 1.722624419581170585e+01 4.750204251648135312e+01 1.722624419581170585e+01
5.499800000000000000e+04 7.438183967636231841e+01 8.224557906889868875e+00 5.156845632445348571e+01 2.388689422327730227e+01 5.091672227927872996e+01 2.388689422327730227e+01
5.500200000000000000e+04 9.520501258762423902e+01 8.224557906889868875e+00 5.726209240702214487e+01 3.917569678333893535e+01 5.381775602163734362e+01 3.917569678333893535e+01
5.500700000000000000e+04 1.203920358469286072e+02 8.224557906889868875e+00 5.877581833983199289e+01 6.010555369790048275e+01 5.210622193247517231e+01 5.658058335489079127e+01
5.501100000000000000e+04 1.351550779276045375e+02 8.224557906889868875e+00 5.647265790661376172e+01 8.546101162525467032e+01 4.789065290588005297e+01 6.516279956176489918e+01
5.501600000000000000e+04 1.543742526139150755e+02 8.224557906889868875e+00 5.012099669628450727e+01 1.088666627703809127e+02 4.031611703369087962e+01 6.707742622943986532e+01
5.502200000000000000e+04 1.685424873772276158e+02 8.224557906889868875e+00 4.184059036395051123e+01 1.226505677738468734e+02 3.169741694238675578e+01 6.142356158546017753e+01
5.502800000000000000e+04 1.582736933660747809e+02 8.224557906889868875e+00 3.677309170850931963e+01 1.194667338000844978e+02 2.632666932167046880e+01 5.039514629211360131e+01
5.503000000000000000e+04 1.521990802818974942e+02 8.224557906889868875e+00 3.559876079969532725e+01 1.159904622631901390e+02 2.502725028100064719e+01 4.648543694420893502e+01
5.503300000000000000e+04 1.425158952429346755e+02 8.224557906889868875e+00 3.380093361396748008e+01 1.102444791286408758e+02 2.313864568316503068e+01 4.110379148004953720e+01
5.503800000000000000e+04 1.486517283208492017e+02 8.224557906889868875e+00 2.978099110271744365e+01 1.041797928211245221e+02 1.953108020902245556e+01 3.480083939775672519e+01
5.504200000000000000e+04 1.542016056465882627e+02 8.224557906889868875e+00 2.611246245802299981e+01 1.014479590140361296e+02 1.656882135661357935e+01 3.128406285125081610e+01
5.504400000000000000e+04 1.169542797761415329e+02 8.224557906889868875e+00 2.429715326512819829e+01 1.001966709149007073e+02 1.517055024046465839e+01 2.975490613378295279e+01
5.504600000000000000e+04 1.109321783853619934e+02 8.224557906889868875e+00 2.262628373494803569e+01 9.794617534438353346e+01 1.390504162668881349e+01 2.804873291649012756e+01
5.505000000000000000e+04 1.121524883271552966e+02 8.224557906889868875e+00 1.994654138246396968e+01 9.133709659749352738e+01 1.188425964160150627e+01 2.441385026127807123e+01
5.505600000000000000e+04 1.001985760649686483e+02 8.224557906889868875e+00 1.746568834296954975e+01 7.803351779939008281e+01 9.950825172612551839e+00 1.896318780058082254e+01
5.505900000000000000e+04 8.735568098096000256e+01 8.224557906889868875e+00 1.649332238431214392e+01 7.172235627340151609e+01 9.195652533626304859e+00 1.667225092945013287e+01
5.506300000000000000e+04 8.563160913609394242e+01 8.224557906889868875e+00 1.543634116582872373e+01 6.543149988864669808e+01 8.367487622413662507e+00 1.437707365002894022e+01
5.506500000000000000e+04 6.734922370954517135e+01 8.224557906889868875e+00 1.498221222048491263e+01 6.323376561822399822e+01 8.010164788539839265e+00 1.352391419856364152e+01
5.506700000000000000e+04 8.831486472183594572e+01 8.224557906889868875e+00 1.454261561878128362e+01 6.139913170560090805e+01 7.670155917078735897e+00 1.279068635410305710e+01
5.507000000000000000e+04 7.016503938824422448e+01 8.224557906889868875e+00 1.392856136751225726e+01 5.880648848985335775e+01 7.200455628366551508e+00 1.179148389674634423e+01
5.507400000000000000e+04 6.660197331075835336e+01 8.224557906889868875e+00 1.311232318930817797e+01 5.605736434857598738e+01 6.603708294373577203e+00 1.070532509903292251e+01
5.507900000000000000e+04 7.096227616689432693e+01 8.224557906889868875e+00 1.197060119420459401e+01 5.319157251545139786e+01 5.840457257125583723e+00 9.587694896348420315e+00
5.508300000000000000e+04 5.732143734286665193e+01 8.224557906889868875e+00 1.082993759035267622e+01 5.110164484004262420e+01 5.155149271873892936e+00 8.815035938666337501e+00
5.509100000000000000e+04 5.892560873230488028e+01 8.224557906889868875e+00 7.616700344753585483e+00 4.596074832779263630e+01 3.457107999615824934e+00 7.300571571406979210e+00
