5.497600000000000000e+04 -2.983859047895585537e+00 4.807079687989312511e+00 1.164140563987932975e+00 8.960306592350573665e-19 1.164140563987932975e+00 8.960306592350573665e-19
5.497900000000000000e+04 4.180540930489954121e+00 4.807079687989312511e+00 4.289077145657377521e+00 8.960306590053393761e-19 4.289077145657377521e+00 8.960306590053393761e-19
5.498300000000000000e+04 1.227041310213549963e+01 4.807079687989312511e+00 1.143383206421574805e+01 8.960306584651271971e-19 1.143383206421574805e+01 8.960306584651271971e-19
5.499200000000000000e+04 4.205420968018226091e+01 4.807079687989312511e+00 3.733751665722944324e+01 1.587232095280796784e+00 3.733751665722944324e+01 1.587232095280796784e+00
5.499500000000000000e+04 4.691285136699305980e+01 4.807079687989312511e+00 4.526446668391263017e+01 4.563436508517902723e+00 4.526446668391263017e+01 4.563436508517902723e+00
5.499600000000000000e+04 4.275408558872373277e+01 4.807079687989312511e+00 4.750204251648135312e+01 5.899401966142534093e+00 4.750204251648135312e+01 5.899401966142534093e+00
5.499800000000000000e+04 5.980803566366567736e+01 4.807079687989312511e+00 5.128841435191746712e+01 9.147065651372599859e+00 5.091672227927872996e+01 9.147065651372599859e+00
5.500200000000000000e+04 7.269842133572181808e+01 4.807079687989312511e+00 5.578210411642709943e+01 1.763684900154167678e+01 5.381775602163734362e+01 1.763684900154167678e+01
5.500700000000000000e+04 8.666294042092260952e+01 4.807079687989312511e+00 5.590997613354585383e+01 2.987001332578356028e+01 5.210622193247517231e+01 2.987001332578356028e+01
5.501100000000000000e+04 8.870204931927544578e+01 4.807079687989312511e+00 5.278507763286099674e+01 3.987891473343642446e+01 4.789065290588005297e+01 3.800163401318508249e+01
5.501600000000000000e+04 9.344515528548130590e+01 4.807079687989312511e+00 4.590796246626380395e+01 5.023363129352245693e+01 4.031611703369087962e+01 4.282857131343035206e+01
5.502200000000000000e+04 9.492013539900912633e+01 4.807079687989312511e+00 3.748219553437233742e+01 5.507002383599436257e+01 3.169741694238675578e+01 4.168497754598013927e+01
5.502800000000000000e+04 8.623422489137885805e+01 4.807079687989312511e+00 3.228439458916449922e+01 5.276107766937548860e+01 2.632666932167046880e+01 3.590898908961783320e+01
5.503000000000000000e+04 8.228715804337622330e+01 4.807079687989312511e+00 3.105631487369370092e+01 5.087439455769931840e+01 2.502725028100064719e+01 3.349864657779635024e+01
5.503300000000000000e+04 7.571239376226272100e+01 4.807079687989312511e+00 2.921948176870079550e+01 4.738688253743103473e+01 2.313864568316503068e+01 2.975067964429372225e+01
5.503800000000000000e+04 7.597841286690176332e+01 4.807079687989312511e+00 2.537673251558288001e+01 4.201513488495726278e+01 1.953108020902245556e+01 2.448006460697853726e+01
5.504200000000000000e+04 7.687576610312758874e+01 4.807079687989312511e+00 2.201167917226113957e+01 3.929287972931244610e+01 1.656882135661357935e+01 2.164777683285353405e+01
5.504400000000000000e+04 5.425295763353864942e+01 4.807079687989312511e+00 2.037556602796808392e+01 3.828409542733572835e+01 1.517055024046465839e+01 2.053316997979926484e+01
5.504600000000000000e+04 5.061205191800605263e+01 4.807079687989312511e+00 1.887887501655540490e+01 3.736771653690940553e+01 1.390504162668881349e+01 1.952438295465249141e+01
5.505000000000000000e+04 5.199721173907430938e+01 4.807079687989312511e+00 1.648227969693713035e+01 3.500710743889398202e+01 1.188425964160150627e+01 1.739310748690514785e+01
5.505600000000000000e+04 4.689262238575625474e+01 4.807079687989312511e+00 1.423664557445677836e+01 2.990929474558048895e+01 9.950825172612551839e+00 1.384112857863875767e+01
5.505900000000000000e+04 3.997989829519956118e+01 4.807079687989312511e+00 1.335760487034556832e+01 2.712494382995081210e+01 9.195652533626304859e+00 1.213644019237172778e+01
5.506300000000000000e+04 3.909230305283357154e+01 4.807079687989312511e+00 1.239894315889256760e+01 2.390903846989745318e+01 8.367487622413662507e+00 1.024468183644590624e+01
5.506500000000000000e+04 2.829307730192185844e+01 4.807079687989312511e+00 1.198641058957101535e+01 2.265805406229177521e+01 8.010164788539839265e+00 9.507407713281207151e+00
5.506700000000000000e+04 4.051436278192785778e+01 4.807079687989312511e+00 1.158960559070597185e+01 2.169293245465083686e+01 7.670155917078735897e+00 8.917591241737580887e+00
5.507000000000000000e+04 3.005540644238146797e+01 4.807079687989312511e+00 1.103757843272308925e+01 2.051994462965128818e+01 7.200455628366551508e+00 8.186039266625957822e+00
5.507400000000000000e+04 2.798229635249142788e+01 4.807079687989312511e+00 1.031565272664096611e+01 1.916741814109067477e+01 6.603708294373577203e+00 7.356522026901044953e+00
5.507900000000000000e+04 3.059709691042570512e+01 4.807079687989312511e+00 9.336554971240957457e+00 1.787050504892340186e+01 5.840457257125583723e+00 6.548371216168340503e+00
5.508300000000000000e+04 2.268565937249773512e+01 4.807079687989312511e+00 8.391551984756324245e+00 1.698863942944273475e+01 5.155149271873892936e+00 6.007723116713606260e+00
5.509100000000000000e+04 2.422154779472727526e+01 4.807079687989312511e+00 5.829375508952204576e+00 1.526628614302633835e+01 3.457107999615824934e+00 5.046038918168288312e+00
