5.497400000000000000e+04 3.357275981095166006e+00 6.628834513837825959e+00 2.872527343123094101e-01 1.361878786922353313e-18 2.872527343123094101e-01 1.361878786922353313e-18
5.497600000000000000e+04 -4.515138195220700368e+00 6.628834513837825959e+00 1.958814406946931541e+00 1.361878729124037428e-18 1.958814406946931541e+00 1.361878729124037428e-18
5.498000000000000000e+04 1.040542268176272955e+01 6.628834513837825959e+00 9.740658635389692677e+00 1.361878539915005324e-18 9.740658635389692677e+00 1.361878539915005324e-18
5.498100000000000000e+04 7.799662902314512536e+00 6.628834513837825959e+00 1.261836908227294352e+01 1.361878470464420193e-18 1.261836908227294352e+01 1.361878470464420193e-18
5.498500000000000000e+04 2.971240873761677648e+01 6.628834513837825959e+00 2.761301931683333422e+01 1.361878049372206945e-18 2.761301931683333422e+01 1.361878049372206945e-18
5.498700000000000000e+04 3.276549740270718303e+01 6.628834513837825959e+00 3.698113532148148863e+01 1.361877713423546935e-18 3.698113532148148863e+01 1.361877713423546935e-18
5.498800000000000000e+04 4.712898632567149093e+01 6.628834513837825959e+00 4.209516568424355398e+01 1.361877500567910188e-18 4.209516568424355398e+01 1.361877500567910188e-18
5.498900000000000000e+04 4.989876239792151580e+01 6.628834513837825959e+00 4.711547825657126509e+01 1.361877250779591196e-18 4.711547825657126509e+01 1.361877250779591196e-18
5.499300000000000000e+04 6.654072733840823162e+01 6.628834513837825959e+00 6.549985504210982867e+01 -1.940482729049532867e-02 6.549985504210982867e+01 -1.940482729049532867e-02
5.499500000000000000e+04 6.544187858243532219e+01 6.628834513837825959e+00 6.925870503056015082e+01 1.172809985443463487e+00 6.925870503056015082e+01 1.172809985443463487e+00
5.499700000000000000e+04 8.581414303215696293e+01 6.628834513837825959e+00 7.366698359796477291e+01 4.188406388058739438e+00 6.841287481237441170e+01 4.188406388058739438e+00
5.499900000000000000e+04 8.540313176900004066e+01 6.628834513837825959e+00 7.503915283807144476e+01 9.046702486275524535e+00 6.504780932565140006e+01 9.046702486275524535e+00
5.500000000000000000e+04 9.841399564995053595e+01 6.628834513837825959e+00 7.534391452384639365e+01 1.217582329423711585e+01 6.320798198309262261e+01 1.217582329423711585e+01
5.500200000000000000e+04 9.184613182298912193e+01 6.628834513837825959e+00 7.503841145929503398e+01 1.983239277984976923e+01 5.914124484496770862e+01 1.983239277984976923e+01
5.500300000000000000e+04 8.853987295070577090e+01 6.628834513837825959e+00 7.357542563849486328e+01 2.434500671405781702e+01 5.628475033544589223e+01 2.434500671405781702e+01
5.500500000000000000e+04 1.068456464254832667e+02 6.628834513837825959e+00 6.920871173299124735e+01 3.451627414604166688e+01 5.000629460476246635e+01 3.451627414604166688e+01
5.500700000000000000e+04 1.163094884401525348e+02 6.628834513837825959e+00 6.508366450672302506e+01 4.622641915185185724e+01 4.455343955827151348e+01 4.622641915185185724e+01
5.500900000000000000e+04 1.178100498430394225e+02 6.628834513837825959e+00 6.054726537011438836e+01 5.889434782071408847e+01 3.937777404403901471e+01 5.889434782071408847e+01
5.501000000000000000e+04 1.231405796146315339e+02 6.628834513837825959e+00 5.809821191864504186e+01 6.489662410672829651e+01 3.686434766411487374e+01 6.489662410672829651e+01
5.501300000000000000e+04 1.312951266502411158e+02 6.628834513837825959e+00 5.070187147411923689e+01 8.187481880263729295e+01 2.997981993502793685e+01 8.187481880263729295e+01
5.501600000000000000e+04 1.269573983593455893e+02 6.628834513837825959e+00 4.117025860653058089e+01 9.030740164346410381e+01 2.279133005233092391e+01 8.648477460588402721e+01
5.501700000000000000e+04 1.254413436019828367e+02 6.628834513837825959e+00 3.823130245807331562e+01 9.118581051554355099e+01 2.072381963252022885e+01 8.551609351546802884e+01
5.501800000000000000e+04 1.267253847577646866e+02 6.628834513837825959e+00 3.550043568386348625e+01 9.102810057921605846e+01 1.885112345149930135e+01 8.363478553768472068e+01
5.501900000000000000e+04 1.158486093023293364e+02 6.628834513837825959e+00 3.283913366841044734e+01 9.029449032016984233e+01 1.708947422377729097e+01 8.130976165706424297e+01
5.502000000000000000e+04 1.160272988519387951e+02 6.628834513837825959e+00 3.027519817053115148e+01 8.948670049256338643e+01 1.544652967884242400e+01 7.900997747886577827e+01
5.502200000000000000e+04 1.022008697095787255e+02 6.628834513837825959e+00 2.560057251363238251e+01 8.699677116694751078e+01 1.256901635586821442e+01 7.392655605620964820e+01
5.502300000000000000e+04 1.050978015865566562e+02 6.628834513837825959e+00 2.347611717013496602e+01 8.434973397145760998e+01 1.131270102647213349e+01 7.035593791930737950e+01
5.502400000000000000e+04 1.006782691811239090e+02 6.628834513837825959e+00 2.151843916866063111e+01 8.095636194023261112e+01 1.018094207449878574e+01 6.630332673237724350e+01
5.502500000000000000e+04 9.433801154723013838e+01 6.628834513837825959e+00 1.973994763762299343e+01 7.770353102897530562e+01 9.172838121572022274e+00 6.250786825595308471e+01
5.502800000000000000e+04 7.626121142207279036e+01 6.628834513837825959e+00 1.522735626632169925e+01 6.865129675969021150e+01 6.716370971383953226e+00 5.242958359530334889e+01
5.502900000000000000e+04 7.693043473842303115e+01 6.628834513837825959e+00 1.399855035477801835e+01 6.553938267454745414e+01 6.071543353043900915e+00 4.922221755504877194e+01
5.503100000000000000e+04 7.191615172923833654e+01 6.628834513837825959e+00 1.192732879675493862e+01 5.924753299266443207e+01 5.006434182654020404e+00 4.306718978895430183e+01
5.503300000000000000e+04 5.474644239102701704e+01 6.628834513837825959e+00 1.030958087872377327e+01 5.321043290718272090e+01 4.192249869357422831e+00 3.747477491878492373e+01
5.503400000000000000e+04 6.920008718123210656e+01 6.628834513837825959e+00 9.677619936660905253e+00 4.972632278243602144e+01 3.874767751706000407e+00 3.448427377422747497e+01
5.503500000000000000e+04 5.490183168942645153e+01 6.628834513837825959e+00 9.123857744727663643e+00 4.595773562364694698e+01 3.597735703756966164e+00 3.138975180906150086e+01
5.503700000000000000e+04 5.094656196076108756e+01 6.628834513837825959e+00 8.218156663580234778e+00 3.907217143966283146e+01 3.145344712025503142e+00 2.590477454065029050e+01
5.503800000000000000e+04 5.191121496299392390e+01 6.628834513837825959e+00 7.855753477455198919e+00 3.606219916271816572e+01 2.963093496324381348e+00 2.356390431437412758e+01
5.503900000000000000e+04 4.868928219160697068e+01 6.628834513837825959e+00 7.536681525600863907e+00 3.316426091551780786e+01 2.802157021713587159e+00 2.136184277972161283e+01
5.504000000000000000e+04 3.935210863415709781e+01 6.628834513837825959e+00 7.238705024137408905e+00 3.040263204038160083e+01 2.653484246384680389e+00 1.930816209855303001e+01
5.504100000000000000e+04 3.365538794459669703e+01 6.628834513837825959e+00 6.953354771040149096e+00 2.783102562015928427e+01 2.513503025968822246e+00 1.743034109109994390e+01
5.504300000000000000e+04 3.456560817674430552e+01 6.628834513837825959e+00 6.416403619708617612e+00 2.320376389292265529e+01 2.256754227528354306e+00 1.414087628309016509e+01
5.504400000000000000e+04 2.801071617055663054e+01 6.628834513837825959e+00 6.137725213666590740e+00 2.116363333736434882e+01 2.129971270706062736e+00 1.272617759312348085e+01
5.504500000000000000e+04 2.125400403908231439e+01 6.628834513837825959e+00 5.848756466000962995e+00 1.932143689832627231e+01 2.002998789726357476e+00 1.146604765196502740e+01
5.504600000000000000e+04 1.777422947717548851e+01 6.628834513837825959e+00 5.569094218422895537e+00 1.762265658408434277e+01 1.882468299899572761e+00 1.032254954550394999e+01
5.504700000000000000e+04 1.576767328521718170e+01 6.628834513837825959e+00 5.298476506127295593e+00 1.608041064772353934e+01 1.768044749775525615e+00 9.298797575737893339e+00
5.504900000000000000e+04 4.838535110156589880e+00 6.628834513837825959e+00 4.767312918623687779e+00 1.345985267077920078e+01 1.551051834533994978e+00 7.589429191304875921e+00
5.505000000000000000e+04 1.018338963030088884e+01 6.628834513837825959e+00 4.477157509537701863e+00 1.235562236112481038e+01 1.438675292267899364e+00 6.881055001740258525e+00
5.505100000000000000e+04 1.684318714318917998e+01 6.628834513837825959e+00 4.174614549807413866e+00 1.137524426726276872e+01 1.325106192803267691e+00 6.258042728317525949e+00
5.505300000000000000e+04 5.512002568031411087e+00 6.628834513837825959e+00 3.578223648834227166e+00 9.756937539695732298e+00 1.108770342350714921e+00 5.240312336696778317e+00
5.505400000000000000e+04 5.429689041106234626e+00 6.628834513837825959e+00 3.284894778193594433e+00 9.125078055267630717e+00 1.005908494057323077e+00 4.843459689632500620e+00
5.505500000000000000e+04 2.242776073297141437e+01 6.628834513837825959e+00 3.005980614308707111e+00 8.572055031163939631e+00 9.098004280595362037e-01 4.497169629696206705e+00
5.505700000000000000e+04 9.751434921444120718e+00 6.628834513837825959e+00 2.491273918093542150e+00 7.667957239829172877e+00 7.368888778080757707e-01 3.931680890031879372e+00
5.505800000000000000e+04 9.554173683025078745e+00 6.628834513837825959e+00 2.247814845057084732e+00 7.305507015187761688e+00 6.574095826676078502e-01 3.703866870405477130e+00
5.505900000000000000e+04 -2.758460901693695178e+00 6.628834513837825959e+00 2.015798291350851201e+00 6.986127724759686686e+00 5.830050588127172473e-01 3.502696277141983838e+00
5.506100000000000000e+04 1.349236923984838299e+01 6.628834513837825959e+00 1.592256951090792683e+00 6.405348273803298298e+00 4.505027589097987395e-01 3.141878782461027253e+00
5.506300000000000000e+04 6.067698119924354039e+00 6.628834513837825959e+00 1.233399217626569788e+00 5.875741725648511604e+00 3.415482990769190819e-01 2.820942784410442883e+00
5.506400000000000000e+04 1.207809410964481600e+01 6.628834513837825959e+00 1.082219366767661395e+00 5.604486906045327288e+00 2.965309531914898100e-01 2.662464088382578531e+00
5.506700000000000000e+04 1.366531385998099601e+01 6.628834513837825959e+00 7.152851723534366934e-01 4.798694456484498438e+00 1.899928740845295005e-01 2.210055937219407074e+00
5.506800000000000000e+04 -5.869950441751709214e+00 6.628834513837825959e+00 6.199253597529851278e-01 4.548409357855818236e+00 1.630009885761951050e-01 2.073679838540994247e+00
5.506900000000000000e+04 7.734092750190122878e+00 6.628834513837825959e+00 5.359743370270053653e-01 4.295444174262582848e+00 1.395185175518027509e-01 1.938814793167494166e+00
5.507000000000000000e+04 -8.599025495147083475e+00 6.628834513837825959e+00 4.623232379235135969e-01 4.023974792473314466e+00 1.191554736916271978e-01 1.798344115334874260e+00
5.507200000000000000e+04 8.926687145307164784e+00 6.628834513837825959e+00 3.426467334337660597e-01 3.464486745034894177e+00 8.659693020465177027e-02 1.518313062071563468e+00
5.507400000000000000e+04 1.100021343483732217e+01 6.628834513837825959e+00 2.525016314357532710e-01 2.924678946471666929e+00 6.259957145868536021e-02 1.257385617571653791e+00
5.507600000000000000e+04 -7.570288332415104904e-01 6.628834513837825959e+00 1.832687211569734853e-01 2.433165193242681656e+00 4.458659039435906163e-02 1.026565350283807909e+00
5.507800000000000000e+04 9.255755121102179572e+00 6.628834513837825959e+00 1.325566973582035235e-01 1.984062120490840853e+00 3.165759871947924908e-02 8.217619783345098128e-01
5.508000000000000000e+04 4.168191588728920038e+00 6.628834513837825959e+00 9.563841657303531751e-02 1.578703674228523868e+00 2.242927217941729015e-02 6.421148923080304272e-01
5.508200000000000000e+04 7.696106032987813705e+00 6.628834513837825959e+00 6.880814098494507369e-02 1.229691223781630427e+00 1.585148843184322476e-02 4.913262041639884781e-01
5.508300000000000000e+04 -1.320891474201162730e+01 6.628834513837825959e+00 5.834956818044373383e-02 1.077969125424141028e+00 1.332425287277213925e-02 4.269353738461487691e-01
5.508400000000000000e+04 -6.448538020425245598e+00 6.628834513837825959e+00 4.942284863667299744e-02 9.440804222234059351e-01 1.118771474028273233e-02 3.706636914893623458e-01
5.508600000000000000e+04 1.775818258242073355e+01 6.628834513837825959e+00 3.555180803643658016e-02 7.160766697214288046e-01 7.910245647124551638e-03 2.763494403062012883e-01
5.508900000000000000e+04 8.684981781847165294e+00 6.628834513837825959e+00 2.193408539801638274e-02 4.634630754923947937e-01 4.758348966942117439e-03 1.743981469397534456e-01
5.509000000000000000e+04 -8.323768483662977502e+00 6.628834513837825959e+00 1.866543329386737005e-02 3.991112591301053669e-01 4.015798901434460173e-03 1.489443421145340285e-01
5.509200000000000000e+04 -4.572011267485900810e+00 6.628834513837825959e+00 1.351453673461229348e-02 2.948408981142880969e-01 2.860340487345981557e-03 1.082461627558146955e-01
5.509300000000000000e+04 8.804080478257098719e+00 6.628834513837825959e+00 1.150036224965290087e-02 2.528451681770336190e-01 2.414419350363810127e-03 9.208098189192380489e-02
5.509500000000000000e+04 -2.867035664872249257e+00 6.628834513837825959e+00 8.322769198097549476e-03 1.844764145643766062e-01 1.719580412830072277e-03 6.611820886863432889e-02
5.509600000000000000e+04 5.956102239809863974e+00 6.628834513837825959e+00 7.082691820483410713e-03 1.567330118837706732e-01 1.451847290194205504e-03 5.573323799294881836e-02
5.509700000000000000e+04 4.824849356501682784e+00 6.628834513837825959e+00 6.026200080202289908e-03 1.332162244784305394e-01 1.225634575374692737e-03 4.700145520178898584e-02
5.509800000000000000e+04 2.558567706268088937e+00 6.628834513837825959e+00 5.124446770585453469e-03 1.130334562279006472e-01 1.034155386379047173e-03 3.957199839934906482e-02
5.510000000000000000e+04 -3.041825356735675001e+00 6.628834513837825959e+00 3.710467206363804362e-03 8.132293360452225173e-02 7.373742460977353481e-04 2.803659022427161529e-02
5.510100000000000000e+04 1.146662243330043829e+01 6.628834513837825959e+00 3.155953020023944278e-03 6.887651374162716278e-02 6.224268341795411233e-04 2.356605663996549915e-02
5.510200000000000000e+04 1.394121234570759427e+00 6.628834513837825959e+00 2.686229164597698366e-03 5.834932891761490659e-02 5.258043306838589264e-04 1.981436053980403095e-02
5.510600000000000000e+04 -2.076342414311634355e-01 6.628834513837825959e+00 1.404216460595289571e-03 2.999169637107273328e-02 2.668395524086519138e-04 9.887807058905687813e-03
5.510900000000000000e+04 5.365635338832285051e+00 6.628834513837825959e+00 8.625060672652767619e-04 1.843562827879637045e-02 1.603886617199637324e-04 5.947936208677647232e-03
5.511100000000000000e+04 -9.996475895234031128e+00 6.628834513837825959e+00 6.235448698356145254e-04 1.332293799744402145e-02 1.143196079927424701e-04 4.237980086345396677e-03
5.511200000000000000e+04 -8.411943103689671020e+00 6.628834513837825959e+00 5.298128241114183779e-04 1.131908239354988653e-02 9.645587389153405797e-05 3.575425609182477163e-03
5.511400000000000000e+04 1.239723676320398305e+01 6.628834513837825959e+00 3.830113914817855699e-04 8.178826489988360801e-03 6.876820444588222371e-05 2.547921024918492483e-03
5.511500000000000000e+04 -1.884742595647637842e+01 6.628834513837825959e+00 3.254917769095064185e-04 6.947319815385095791e-03 5.804061642466235168e-05 2.149475516037590347e-03
5.511700000000000000e+04 -2.937201301931515740e+00 6.628834513837825959e+00 2.353355456796176034e-04 5.019433199125132410e-03 4.139733072045060849e-05 1.532043219218365976e-03
5.511800000000000000e+04 6.182576073303864828e-01 6.628834513837825959e+00 1.999921885226068870e-04 4.263822658040811522e-03 3.494412016400036890e-05 1.292694232973808696e-03
5.511900000000000000e+04 1.764969266257305103e+00 6.628834513837825959e+00 1.701346713734274547e-04 3.625194643337995709e-03 2.952906681710418518e-05 1.091761675451888552e-03
5.512000000000000000e+04 1.387281361232802324e+00 6.628834513837825959e+00 1.459461198002283194e-04 3.080933943757863201e-03 2.516312410348764490e-05 9.217178076221691852e-04
