5.497600000000000000e+04 -3.697845680127020973e+00 5.634512416638278509e+00 1.164140563987932975e+00 8.960306594862700832e-19 1.164140563987932975e+00 8.960306594862700832e-19
5.497900000000000000e+04 4.161858815255293997e+00 5.634512416638278509e+00 4.289077145657377521e+00 8.960306594113178972e-19 4.289077145657377521e+00 8.960306594113178972e-19
5.498300000000000000e+04 1.241441207362570687e+01 5.634512416638278509e+00 1.143383206421574805e+01 8.960306592350573665e-19 1.143383206421574805e+01 8.960306592350573665e-19
5.499200000000000000e+04 4.100564525064741161e+01 5.634512416638278509e+00 3.733751665722944324e+01 8.960306580341437497e-19 3.733751665722944324e+01 8.960306580341437497e-19
5.499500000000000000e+04 4.184822227562253971e+01 5.634512416638278509e+00 4.526446668391263017e+01 5.692856059696972670e-04 4.526446668391263017e+01 5.692856059696972670e-04
5.499600000000000000e+04 3.516340310084262200e+01 5.634512416638278509e+00 4.750204251648135312e+01 1.414274411638661300e-01 4.750204251648135312e+01 1.414274411638661300e-01
5.499800000000000000e+04 5.176432373378271024e+01 5.634512416638278509e+00 5.156845632445348571e+01 9.313124511903465574e-01 5.091672227927872996e+01 9.313124511903465574e-01
5.500200000000000000e+04 6.098097348122994532e+01 5.634512416638278509e+00 5.726209240702214487e+01 4.563436508517902723e+00 5.381775602163734362e+01 4.563436508517902723e+00
5.500700000000000000e+04 7.288677436794125697e+01 5.634512416638278509e+00 5.877581833983199289e+01 1.307602453554221000e+01 5.210622193247517231e+01 1.307602453554221000e+01
5.501100000000000000e+04 7.440087133059762436e+01 5.634512416638278509e+00 5.647265790661376172e+01 2.257211756982848527e+01 4.789065290588005297e+01 2.257211756982848527e+01
5.501600000000000000e+04 8.116430572890087092e+01 5.634512416638278509e+00 5.012099669628450727e+01 3.420387990938652933e+01 4.031611703369087962e+01 3.420387990938652933e+01
5.502200000000000000e+04 1.028597083311953213e+02 5.634512416638278509e+00 4.184059036395051123e+01 5.824361742826307164e+01 3.169741694238675578e+01 4.239599463405377122e+01
5.502800000000000000e+04 1.119369405730991360e+02 5.634512416638278509e+00 3.677309170850931963e+01 7.377047868876820758e+01 2.632666932167046880e+01 4.221245061156341194e+01
5.503000000000000000e+04 1.127857931743953372e+02 5.634512416638278509e+00 3.559876079969532725e+01 7.676922899708365833e+01 2.502725028100064719e+01 4.100482266696061373e+01
5.503300000000000000e+04 1.116424004799153806e+02 5.634512416638278509e+00 3.380093361396748008e+01 7.888931471879810431e+01 2.313864568316503068e+01 3.831252232470404806e+01
5.503800000000000000e+04 1.163042305920829733e+02 5.634512416638278509e+00 2.978099110271744365e+01 7.645870963205409510e+01 1.953108020902245556e+01 3.225289362695270512e+01
5.504200000000000000e+04 1.160628239724476174e+02 5.634512416638278509e+00 2.611246245802299981e+01 7.169891447924943861e+01 1.656882135661357935e+01 2.736808705979442635e+01
5.504400000000000000e+04 8.872424543351999660e+01 5.634512416638278509e+00 2.429715326512819829e+01 6.959231284534897100e+01 1.517055024046465839e+01 2.535793355390940462e+01
5.504600000000000000e+04 8.392239971366555551e+01 5.634512416638278509e+00 2.262628373494803569e+01 6.790051731979708904e+01 1.390504162668881349e+01 2.366696316479508511e+01
5.505000000000000000e+04 8.621523301209057877e+01 5.634512416638278509e+00 1.994654138246396968e+01 6.567345622306629593e+01 1.188425964160150627e+01 2.106133545733638002e+01
5.505600000000000000e+04 8.337070335749497474e+01 5.634512416638278509e+00 1.746568834296954975e+01 6.268555222040546937e+01 9.950825172612551839e+00 1.795118906655368463e+01
5.505900000000000000e+04 7.558945624681034303e+01 5.634512416638278509e+00 1.649332238431214392e+01 5.968530444683918290e+01 9.195652533626304859e+00 1.622368220034227093e+01
5.506300000000000000e+04 7.306925927327100112e+01 5.634512416638278509e+00 1.543634116582872373e+01 5.436933716975090647e+01 8.367487622413662507e+00 1.384112857863875767e+01
5.506500000000000000e+04 5.893837220293210777e+01 5.634512416638278509e+00 1.498221222048491263e+01 5.140079855907339379e+01 8.010164788539839265e+00 1.268309979990460690e+01
5.506700000000000000e+04 7.154605317121551877e+01 5.634512416638278509e+00 1.454261561878128362e+01 4.852681371468685256e+01 7.670155917078735897e+00 1.161678924537065605e+01
5.507000000000000000e+04 5.687772897727891319e+01 5.634512416638278509e+00 1.392856136751225726e+01 4.470984047061722322e+01 7.200455628366551508e+00 1.024468183644590624e+01
5.507400000000000000e+04 5.249363888157007807e+01 5.634512416638278509e+00 1.311232318930817797e+01 4.114041543463215334e+01 6.603708294373577203e+00 8.917591241737580887e+00
5.507900000000000000e+04 5.410324307105946673e+01 5.634512416638278509e+00 1.197060119420459401e+01 3.815908491694748506e+01 5.840457257125583723e+00 7.748194870342034690e+00
5.508300000000000000e+04 4.396250208487403199e+01 5.634512416638278509e+00 1.082993759035267622e+01 3.629090078836927802e+01 5.155149271873892936e+00 7.013954269992709989e+00
5.509100000000000000e+04 4.465103228960782644e+01 5.634512416638278509e+00 7.616700344753585483e+00 3.337039345672771873e+01 3.457107999615824934e+00 5.882837101230095733e+00
