5.497600000000000000e+04 -5.737770512249362298e+00 7.998563077932236531e+00 1.164140563987932975e+00 8.960306594862700832e-19 1.164140563987932975e+00 8.960306594862700832e-19
5.497900000000000000e+04 4.108482310621518252e+00 7.998563077932236531e+00 4.289077145657377521e+00 8.960306594113178972e-19 4.289077145657377521e+00 8.960306594113178972e-19
5.498300000000000000e+04 1.282583024937627414e+01 7.998563077932236531e+00 1.143383206421574805e+01 8.960306592350573665e-19 1.143383206421574805e+01 8.960306592350573665e-19
5.499200000000000000e+04 4.254466782895860177e+01 7.998563077932236531e+00 3.733751665722944324e+01 8.960306580341437497e-19 3.733751665722944324e+01 8.960306580341437497e-19
5.499500000000000000e+04 4.041464292122783064e+01 7.998563077932236531e+00 4.526446668391263017e+01 5.692856059696972670e-04 4.526446668391263017e+01 5.692856059696972670e-04
5.499600000000000000e+04 2.992718954335796155e+01 7.998563077932236531e+00 4.750204251648135312e+01 1.414274411638661300e-01 4.750204251648135312e+01 1.414274411638661300e-01
5.499800000000000000e+04 5.408305876131668555e+01 7.998563077932236531e+00 5.419575919406428000e+01 9.313124511903465574e-01 5.091672227927872996e+01 9.313124511903465574e-01
5.500200000000000000e+04 7.451160766584737871e+01 7.998563077932236531e+00 7.114707346060455961e+01 4.563436508517902723e+00 5.381775602163734362e+01 4.563436508517902723e+00
5.500700000000000000e+04 1.002078071031864397e+02 7.998563077932236531e+00 8.566262885698918694e+01 1.307602453554221000e+01 5.210622193247517231e+01 1.307602453554221000e+01
5.501100000000000000e+04 1.070486540232454757e+02 7.998563077932236531e+00 9.106886556582149694e+01 2.257211756982848527e+01 4.789065290588005297e+01 2.257211756982848527e+01
5.501600000000000000e+04 1.193641583256519141e+02 7.998563077932236531e+00 8.964691783611505116e+01 3.420387990938652933e+01 4.031611703369087962e+01 3.420387990938652933e+01
5.502200000000000000e+04 1.465927636397569813e+02 7.998563077932236531e+00 8.273025821962943382e+01 5.992249881577158988e+01 3.169741694238675578e+01 4.239599463405377122e+01
5.502800000000000000e+04 1.579769178636082643e+02 7.998563077932236531e+00 7.888523195545340627e+01 7.711370477720404892e+01 2.632666932167046880e+01 4.221245061156341194e+01
5.503000000000000000e+04 1.593663367203951111e+02 7.998563077932236531e+00 7.821516257818322515e+01 8.055807461151081839e+01 2.502725028100064719e+01 4.100482266696061373e+01
5.503300000000000000e+04 1.584837722201974657e+02 7.998563077932236531e+00 7.678328183501483295e+01 8.318797972362989412e+01 2.313864568316503068e+01 3.831252232470404806e+01
5.503800000000000000e+04 1.665300400441307715e+02 7.998563077932236531e+00 7.110094439292535640e+01 8.114182978668762303e+01 1.953108020902245556e+01 3.225289362695270512e+01
5.504200000000000000e+04 1.668896802000961657e+02 7.998563077932236531e+00 6.458526564807974069e+01 7.639527821871017466e+01 1.656882135661357935e+01 2.736808705979442635e+01
5.504400000000000000e+04 1.280348582629022758e+02 7.998563077932236531e+00 6.108877170830308501e+01 7.427845896611142962e+01 1.517055024046465839e+01 2.535793355390940462e+01
5.504600000000000000e+04 1.209949824494912320e+02 7.998563077932236531e+00 5.778379098386803037e+01 7.258657602642652762e+01 1.390504162668881349e+01 2.366696316479508511e+01
5.505000000000000000e+04 1.236922105822791309e+02 7.998563077932236531e+00 5.244761465031577785e+01 7.039961989969258127e+01 1.188425964160150627e+01 2.106133545733638002e+01
5.505600000000000000e+04 1.197548870244607997e+02 7.998563077932236531e+00 4.775998049847120797e+01 6.742466613397564856e+01 9.950825172612551839e+00 1.795118906655368463e+01
5.505900000000000000e+04 1.093652728092212811e+02 7.998563077932236531e+00 4.591205396988942056e+01 6.428958545529633284e+01 9.195652533626304859e+00 1.622368220034227093e+01
5.506300000000000000e+04 1.072283812826337623e+02 7.998563077932236531e+00 4.393265701272069634e+01 5.866285525484466490e+01 8.367487622413662507e+00 1.384112857863875767e+01
5.506500000000000000e+04 8.802263456957551568e+01 7.998563077932236531e+00 4.308827843051349760e+01 5.550251303436255768e+01 8.010164788539839265e+00 1.268309979990460690e+01
5.506700000000000000e+04 1.067173720014839517e+02 7.998563077932236531e+00 4.224721879126968105e+01 5.243702497467860013e+01 7.670155917078735897e+00 1.161678924537065605e+01
5.507000000000000000e+04 8.691289111748307050e+01 7.998563077932236531e+00 4.105123762844338131e+01 4.836104507712654055e+01 7.200455628366551508e+00 1.024468183644590624e+01
5.507400000000000000e+04 8.140708790413461315e+01 7.998563077932236531e+00 3.935017698451327561e+01 4.455406936196930445e+01 6.603708294373577203e+00 8.917591241737580887e+00
5.507900000000000000e+04 8.370425522552712039e+01 7.998563077932236531e+00 3.668274394055436716e+01 4.138078434403570327e+01 5.840457257125583723e+00 7.748194870342034690e+00
5.508300000000000000e+04 6.861543208419830364e+01 7.998563077932236531e+00 3.370642799922026711e+01 3.939247136656005210e+01 5.155149271873892936e+00 7.013954269992709989e+00
5.509100000000000000e+04 6.586865784803451618e+01 7.998563077932236531e+00 2.438505698609018779e+01 3.628239782183661788e+01 3.457107999615824934e+00 5.882837101230095733e+00
