5.497500000000000000e+04 -3.815412188572793628e+00 1.172032894539077219e+01 9.676860811788584593e-01 1.458878646401056061e-18 9.676860811788584593e-01 1.458878646401056061e-18
5.497600000000000000e+04 -1.006080905834387274e+01 1.172032894539077219e+01 2.014654457448330049e+00 1.458878505308197166e-18 2.014654457448330049e+00 1.458878505308197166e-18
5.497900000000000000e+04 -4.879592084836981591e+00 1.172032894539077219e+01 7.421511495175619366e+00 1.458877917415035206e-18 7.421511495175619366e+00 1.458877917415035206e-18
5.498000000000000000e+04 1.636014725955148563e+01 1.172032894539077219e+01 1.010928248076253944e+01 1.458877649835416619e-18 1.010928248076253944e+01 1.458877649835416619e-18
5.498100000000000000e+04 3.668256085238537878e+01 1.172032894539077219e+01 1.326427468792255127e+01 1.458877335827950478e-18 1.326427468792255127e+01 1.458877335827950478e-18
5.498200000000000000e+04 1.371720512017556715e+01 1.172032894539077219e+01 1.681188057541250913e+01 1.458876967336947338e-18 1.681188057541250913e+01 1.458876967336947338e-18
5.498400000000000000e+04 2.670893341979858704e+01 1.172032894539077219e+01 2.504964300095078400e+01 2.480027301376598325e-01 2.504964300095078400e+01 2.480027301376598325e-01
5.498500000000000000e+04 3.588029153355600442e+01 1.172032894539077219e+01 2.982457128805857849e+01 7.741488649430867675e-01 2.982457128805857849e+01 7.741488649430867675e-01
5.498700000000000000e+04 3.794457410012626042e+01 1.172032894539077219e+01 4.097582893337165899e+01 2.753478662916496678e+00 4.097582893337165899e+01 2.753478662916496678e+00
5.499000000000000000e+04 5.602277033487452229e+01 1.172032894539077219e+01 6.053040193995693841e+01 8.087425984610032259e+00 6.053040193995693841e+01 8.087425984610032259e+00
5.499200000000000000e+04 1.028429894034737941e+02 1.172032894539077219e+01 7.440742163840896239e+01 1.344950446033000979e+01 7.440742163840896239e+01 1.344950446033000979e+01
5.499300000000000000e+04 1.061372299448552354e+02 1.172032894539077219e+01 8.115791156796579742e+01 1.657394882118942192e+01 8.115791156796579742e+01 1.657394882118942192e+01
5.499400000000000000e+04 1.089616014198491172e+02 1.172032894539077219e+01 8.659722275531558466e+01 2.003971440076062649e+01 8.659722275531558466e+01 2.003971440076062649e+01
5.499600000000000000e+04 1.137597945846063396e+02 1.172032894539077219e+01 9.298895886639343189e+01 2.807878116178207151e+01 9.298895886639343189e+01 2.807878116178207151e+01
5.499700000000000000e+04 1.238182598995896342e+02 1.172032894539077219e+01 1.009177175899442176e+02 3.278066314669732861e+01 9.534931745081652821e+01 3.278066314669732861e+01
5.499800000000000000e+04 1.469285266631219997e+02 1.172032894539077219e+01 1.086163888848764287e+02 3.790067896713478035e+01 9.725679520493949326e+01 3.790067896713478035e+01
5.500000000000000000e+04 1.681125629130910681e+02 1.172032894539077219e+01 1.226522096706897997e+02 4.842432155196556209e+01 9.942624000542298290e+01 4.842432155196556209e+01
5.500200000000000000e+04 1.983541197805862168e+02 1.172032894539077219e+01 1.341991852552741307e+02 5.952593731072717276e+01 9.937735874946248771e+01 5.952593731072717276e+01
5.500300000000000000e+04 2.052583963952898500e+02 1.172032894539077219e+01 1.384696727485008978e+02 6.492632925437264646e+01 9.828909195663038645e+01 6.492632925437264646e+01
5.500400000000000000e+04 2.127974510565815649e+02 1.172032894539077219e+01 1.416408308744635178e+02 6.927777820425247057e+01 9.653818898204983157e+01 6.927777820425247057e+01
5.500500000000000000e+04 2.224730825258216100e+02 1.172032894539077219e+01 1.439794070741627365e+02 7.415772829082089856e+01 9.437559456880096320e+01 7.227144361253377269e+01
5.500900000000000000e+04 2.310706948778619960e+02 1.172032894539077219e+01 1.452243017865519050e+02 8.918227712126353879e+01 8.255133116561614770e+01 7.888746317670370445e+01
5.501200000000000000e+04 2.323577514579986882e+02 1.172032894539077219e+01 1.381666912867816279e+02 9.610188100508021591e+01 7.142612246008147281e+01 7.950188699956999017e+01
5.501300000000000000e+04 2.124124692737769635e+02 1.172032894539077219e+01 1.348232303458079002e+02 9.710175972579430947e+01 6.765517379857884350e+01 7.863127356530432621e+01
5.501400000000000000e+04 2.349433709706352431e+02 1.172032894539077219e+01 1.304950571631103458e+02 9.738772504509189787e+01 6.361888512242121152e+01 7.723055118563988231e+01
5.501600000000000000e+04 2.185351555461961652e+02 1.172032894539077219e+01 1.201882795750422872e+02 9.657995911097059150e+01 5.543739832797152900e+01 7.354550648109243127e+01
5.501700000000000000e+04 2.096432365439221996e+02 1.172032894539077219e+01 1.160184041484970976e+02 9.556467947614716252e+01 5.211031447560955598e+01 7.135419956406119013e+01
5.501800000000000000e+04 1.919053488925653994e+02 1.172032894539077219e+01 1.124653477732781965e+02 9.400937137160710222e+01 4.922327896239417555e+01 6.885115817460605570e+01
5.501900000000000000e+04 1.911501762398313531e+02 1.172032894539077219e+01 1.091072006499762495e+02 9.189614185356390408e+01 4.656333247267679099e+01 6.604106493249292953e+01
5.502000000000000000e+04 1.980144818838435299e+02 1.172032894539077219e+01 1.054402777643704496e+02 8.939496779669750026e+01 4.390417961541074021e+01 6.306078428096606103e+01
5.502100000000000000e+04 2.024818091746898858e+02 1.172032894539077219e+01 1.012856157909326811e+02 8.673969885474195962e+01 4.117301454915962466e+01 6.008152583967718385e+01
5.502200000000000000e+04 1.911550798411239214e+02 1.172032894539077219e+01 9.693686781138021047e+01 8.398569183346221223e+01 3.849145005216814042e+01 5.714089796806518251e+01
5.502500000000000000e+04 1.542285566020229908e+02 1.172032894539077219e+01 8.449983021382919901e+01 7.350876885426507101e+01 3.137059333747742329e+01 4.748321739827211729e+01
5.502900000000000000e+04 1.264786201048992780e+02 1.172032894539077219e+01 6.926244929572011699e+01 6.155672552887872939e+01 2.366167303078713857e+01 3.725066597814144131e+01
5.503100000000000000e+04 1.328332809191095123e+02 1.172032894539077219e+01 6.236601143519420276e+01 5.615011032156193949e+01 2.048817721261307412e+01 3.293841163932770399e+01
5.503200000000000000e+04 9.817403111948665639e+01 1.172032894539077219e+01 5.916989407762305575e+01 5.329680140023409507e+01 1.907229695642826428e+01 3.079316004173451304e+01
5.503300000000000000e+04 1.107162975236260252e+02 1.172032894539077219e+01 5.663237307692235589e+01 5.052733784746565249e+01 1.791710107470335345e+01 2.875937039527899231e+01
5.503400000000000000e+04 9.504622605266597191e+01 1.172032894539077219e+01 5.445445373950371248e+01 4.789847667023722266e+01 1.691552365168480421e+01 2.686398018521436981e+01
5.503500000000000000e+04 8.500896541452205213e+01 1.172032894539077219e+01 5.233915958280171310e+01 4.540203232546433298e+01 1.596874529619285887e+01 2.509647466998194432e+01
5.503600000000000000e+04 1.023949724973892756e+02 1.172032894539077219e+01 5.045259239812908447e+01 4.299376050714385400e+01 1.512367877641758973e+01 2.342728885524403992e+01
5.503700000000000000e+04 7.129387489364087571e+01 1.172032894539077219e+01 4.870246555124204235e+01 4.066113343552379433e+01 1.434788638676704053e+01 2.184555602832633170e+01
5.503900000000000000e+04 1.018132396707547542e+02 1.172032894539077219e+01 4.501957479437805887e+01 3.622128907552895782e+01 1.282170619571031622e+01 1.892933842462971228e+01
5.504000000000000000e+04 5.666105701789182092e+01 1.172032894539077219e+01 4.322653107963110841e+01 3.416935892103397521e+01 1.210962883225882791e+01 1.761670391886676512e+01
5.504200000000000000e+04 7.467748641309924551e+01 1.172032894539077219e+01 3.987000944381308898e+01 3.039056086225106057e+01 1.081543224929825442e+01 1.525783756514261391e+01
5.504400000000000000e+04 6.897710044213025071e+01 1.172032894539077219e+01 3.667572936570441300e+01 2.766026427523499720e+01 9.643386980885679804e+00 1.353241892134784763e+01
5.504500000000000000e+04 4.277740701336097828e+01 1.172032894539077219e+01 3.506549658598203933e+01 2.644551971011907554e+01 9.080561577061848411e+00 1.277499623695428888e+01
5.504600000000000000e+04 5.989428263518747286e+01 1.172032894539077219e+01 3.340323817924858929e+01 2.536180436090124601e+01 8.521234229400151960e+00 1.209894302113407427e+01
5.504700000000000000e+04 7.957127326566957493e+01 1.172032894539077219e+01 3.166824816009389210e+01 2.436041542290855588e+01 7.960046289989414880e+00 1.147830910941363491e+01
5.504800000000000000e+04 6.172807269962601850e+01 1.172032894539077219e+01 2.990879037604096169e+01 2.335109886554053560e+01 7.409034476823465276e+00 1.086906482291032106e+01
5.505000000000000000e+04 3.599972494705801296e+01 1.172032894539077219e+01 2.611864592158651632e+01 2.131875936661502280e+01 6.288194800073795498e+00 9.687703065807063751e+00
5.505200000000000000e+04 4.717101197042042315e+01 1.172032894539077219e+01 2.206844678002276083e+01 1.949200461697529008e+01 5.167770414954748759e+00 8.652345799438604601e+00
5.505400000000000000e+04 4.304494756509140529e+01 1.172032894539077219e+01 1.823902782583245497e+01 1.778240559275319299e+01 4.157327640826142812e+00 7.714709584708543844e+00
5.505600000000000000e+04 5.487897580195254221e+01 1.172032894539077219e+01 1.493310379257867737e+01 1.606900266043363246e+01 3.315520380235053022e+00 6.816987383520122457e+00
5.505800000000000000e+04 1.739213609792288651e+01 1.172032894539077219e+01 1.215190670839599285e+01 1.428106213476676523e+01 2.629827455937498115e+00 5.927227581458772931e+00
5.506000000000000000e+04 3.301216857251440473e+01 1.172032894539077219e+01 9.758928061703006307e+00 1.238321625588932484e+01 2.059888564189253035e+00 5.030555840059037109e+00
5.506100000000000000e+04 1.868413943916479170e+01 1.172032894539077219e+01 8.709339988839492008e+00 1.137578343131339231e+01 1.815959130283463896e+00 4.572811605625031639e+00
5.506200000000000000e+04 1.195555540956525320e+01 1.172032894539077219e+01 7.751567790682838854e+00 1.039259301529059876e+01 1.596812745279095003e+00 4.134216331963799895e+00
5.506400000000000000e+04 2.413299164667140673e+01 1.172032894539077219e+01 6.074396492811381165e+00 8.534162181087907584e+00 1.221917543613490142e+00 3.325862112660915137e+00
5.506500000000000000e+04 1.723744242004210392e+00 1.172032894539077219e+01 5.346650623903781430e+00 7.693222916975629211e+00 1.063036946060080368e+00 2.967949892741649442e+00
5.506700000000000000e+04 2.403408194177590929e+01 1.172032894539077219e+01 4.112151130795689724e+00 6.256911190006220203e+00 7.990344961129509649e-01 2.366188098932125783e+00
5.506800000000000000e+04 2.765163116320230330e+01 1.172032894539077219e+01 3.590418789046303516e+00 5.618152990668396463e+00 6.898283870746817481e-01 2.103861964749998759e+00
5.506900000000000000e+04 -1.984538657654976390e+00 1.172032894539077219e+01 3.121539685231842221e+00 5.027568807465060630e+00 5.930877954916861095e-01 1.864479439074748779e+00
5.507100000000000000e+04 9.285958778073588604e+00 1.172032894539077219e+01 2.337871596827339804e+00 3.993221489128126578e+00 4.345486239456022304e-01 1.452767304226771250e+00
5.507300000000000000e+04 1.902630626388662449e+01 1.172032894539077219e+01 1.736719780914480538e+00 3.136332577776526964e+00 3.159510589642119949e-01 1.119758855288131238e+00
5.507400000000000000e+04 1.504844538200485360e+01 1.172032894539077219e+01 1.493905190606538813e+00 2.763488716636269160e+00 2.689201451984696289e-01 9.775340348907921584e-01
5.507500000000000000e+04 -2.903331101030057759e+00 1.172032894539077219e+01 1.280426224789079193e+00 2.426360568643213256e+00 2.280935985444418612e-01 8.504295568480645384e-01
5.507800000000000000e+04 9.696470148397470012e+00 1.172032894539077219e+01 7.994605693413380232e-01 1.617730347096577814e+00 1.381047141620609098e-01 5.518627096597454873e-01
5.508000000000000000e+04 -1.962567567754484088e+01 1.172032894539077219e+01 5.816874276027002022e-01 1.212794192022052187e+00 9.849760017656127020e-02 4.064868588356523871e-01
5.508100000000000000e+04 7.120002229146193073e+00 1.172032894539077219e+01 4.961295352027533245e-01 1.046288794791263133e+00 8.318738014801362046e-02 3.476388991564817732e-01
5.508200000000000000e+04 6.126427067316452479e+00 1.172032894539077219e+01 4.226099544827823240e-01 9.005901894638504990e-01 7.017301316464903682e-02 2.966566274009653781e-01
5.508400000000000000e+04 1.269773762358940417e+01 1.172032894539077219e+01 3.061277856555403298e-01 6.643403266982994548e-01 4.986444254227592049e-02 2.151361161587757309e-01
5.508500000000000000e+04 4.794882438031057070e+00 1.172032894539077219e+01 2.604704276385121364e-01 5.682450201817972335e-01 4.202762805578161287e-02 1.824748788355535223e-01
5.508800000000000000e+04 -1.793140399289395726e+00 1.172032894539077219e+01 1.617712465096712848e-01 3.527083915927705648e-01 2.538464199561750803e-02 1.104837713296487195e-01
5.508900000000000000e+04 1.660506079250781086e+00 1.172032894539077219e+01 1.379915647305545445e-01 3.004188829786647030e-01 2.145658115601357940e-02 9.334127170379516447e-02
5.509000000000000000e+04 -7.760097278901367801e+00 1.172032894539077219e+01 1.177106881006686895e-01 2.556682508262965725e-01 1.813835800367798873e-02 7.879808014124903282e-02
5.509100000000000000e+04 1.041643298615470314e+01 1.172032894539077219e+01 1.004382493408238763e-01 2.176647714000865819e-01 1.533876746194622574e-02 6.654990411841091302e-02
5.509300000000000000e+04 8.453112070220074159e+00 1.172032894539077219e+01 7.299706934572898487e-02 1.572501279955237363e-01 1.095262713745783802e-02 4.732315988911003218e-02
5.509500000000000000e+04 1.571320721298175727e+01 1.172032894539077219e+01 5.309995748108135155e-02 1.134779579608548306e-01 7.830004347216196550e-03 3.362210244462529585e-02
5.509600000000000000e+04 1.333047054598488046e+00 1.172032894539077219e+01 4.525910273374784965e-02 9.655630058081784983e-02 6.616827885050855125e-03 2.838889232647826000e-02
5.509700000000000000e+04 -7.681599644858642328e+00 1.172032894539077219e+01 3.858126857925859438e-02 8.229283809970984465e-02 5.592785077591702451e-03 2.401098185151864448e-02
5.509800000000000000e+04 3.411075955023846529e+00 1.172032894539077219e+01 3.291174995718098434e-02 7.013065813413241201e-02 4.730874821351913062e-03 2.030771359649400851e-02
5.509900000000000000e+04 -3.541004080499525752e+00 1.172032894539077219e+01 2.804996115000875714e-02 5.972653930587940724e-02 3.998454947828823484e-03 1.716526492481086630e-02
5.510100000000000000e+04 -6.809444707092923821e+00 1.172032894539077219e+01 2.037693386963021838e-02 4.333754003628439294e-02 2.857113554350843541e-03 1.227101396955698233e-02
5.510400000000000000e+04 7.964986807757683529e+00 1.172032894539077219e+01 1.261876331576413345e-02 2.673375739932955242e-02 1.726894476100850886e-03 7.405472963803201060e-03
5.510700000000000000e+04 -3.797503867659871446e+01 1.172032894539077219e+01 7.763219369449561244e-03 1.650229536134518310e-02 1.037530654529236849e-03 4.474228062073362308e-03
5.510800000000000000e+04 -1.545180243192391112e+00 1.172032894539077219e+01 6.604158893096903453e-03 1.405788914914364064e-02 8.757902202812570909e-04 3.784699857081531057e-03
5.510900000000000000e+04 -1.107912644571218586e+01 1.172032894539077219e+01 5.614048159981721402e-03 1.196497658588297104e-02 7.387683124515371895e-04 3.198763958263059048e-03
5.511000000000000000e+04 -8.557264543947074031e-01 1.172032894539077219e+01 4.771441711348495263e-03 1.018160966857166103e-02 6.230988444615148105e-04 2.703130055904970092e-03
5.511100000000000000e+04 2.820089173559741269e+01 1.172032894539077219e+01 4.057529029277060634e-03 8.668939662069156948e-03 5.258591276927242816e-04 2.285690843480675440e-03
5.511400000000000000e+04 -2.391801356450718430e+01 1.172032894539077219e+01 2.494028933838694437e-03 5.347846813589116066e-03 3.160519228810185948e-04 1.381515580880680839e-03
