5.497400000000000000e+04 3.549403377489124711e+00 7.043678511388883123e+00 2.872527343123094101e-01 1.361878828892547995e-18 2.872527343123094101e-01 1.361878828892547995e-18
5.497600000000000000e+04 -4.920289413256522693e+00 7.043678511388883123e+00 1.958814406946931541e+00 1.361878786922353313e-18 1.958814406946931541e+00 1.361878786922353313e-18
5.498000000000000000e+04 1.044702477242435812e+01 7.043678511388883123e+00 9.740658635389692677e+00 1.361878649528380196e-18 9.740658635389692677e+00 1.361878649528380196e-18
5.498100000000000000e+04 7.498099885385222763e+00 7.043678511388883123e+00 1.261836908227294352e+01 1.361878599096895607e-18 1.261836908227294352e+01 1.361878599096895607e-18
5.498500000000000000e+04 2.984379218034960246e+01 7.043678511388883123e+00 2.761301931683333422e+01 1.361878293321106731e-18 2.761301931683333422e+01 1.361878293321106731e-18
5.498700000000000000e+04 3.250167544685635335e+01 7.043678511388883123e+00 3.698113532148148863e+01 1.361878049372206945e-18 3.698113532148148863e+01 1.361878049372206945e-18
5.498800000000000000e+04 4.744401157988258433e+01 7.043678511388883123e+00 4.209516568424355398e+01 1.361877894807208667e-18 4.209516568424355398e+01 1.361877894807208667e-18
5.498900000000000000e+04 5.007294516219295133e+01 7.043678511388883123e+00 4.711547825657126509e+01 1.361877713423546935e-18 4.711547825657126509e+01 1.361877713423546935e-18
5.499300000000000000e+04 6.662648615289563736e+01 7.043678511388883123e+00 6.549985504210982867e+01 1.361876613660269607e-18 6.549985504210982867e+01 1.361876613660269607e-18
5.499500000000000000e+04 6.393740364009534005e+01 7.043678511388883123e+00 6.925870503056015082e+01 -1.940482729049532867e-02 6.925870503056015082e+01 -1.940482729049532867e-02
5.499700000000000000e+04 8.736034400665739952e+01 7.043678511388883123e+00 7.773070836181982202e+01 1.172809985443463487e+00 6.841287481237441170e+01 1.172809985443463487e+00
5.499900000000000000e+04 8.835495287053926461e+01 7.043678511388883123e+00 8.276683258595882364e+01 4.188406388058739438e+00 6.504780932565140006e+01 4.188406388058739438e+00
5.500000000000000000e+04 1.026936874453435280e+02 7.043678511388883123e+00 8.473029984833564754e+01 6.387348154830737812e+00 6.320798198309262261e+01 6.387348154830737812e+00
5.500200000000000000e+04 9.629573787813899344e+01 7.043678511388883123e+00 8.733387626256380543e+01 1.217582329423711585e+01 5.914124484496770862e+01 1.217582329423711585e+01
5.500300000000000000e+04 9.275403254035337852e+01 7.043678511388883123e+00 8.694868231819680204e+01 1.577296135284117895e+01 5.628475033544589223e+01 1.577296135284117895e+01
5.500500000000000000e+04 1.117215448578261601e+02 7.043678511388883123e+00 8.406058123060572029e+01 2.434500671405781702e+01 5.000629460476246635e+01 2.434500671405781702e+01
5.500700000000000000e+04 1.207910607427309486e+02 7.043678511388883123e+00 8.096251036529099565e+01 3.451627414604166688e+01 4.455343955827151348e+01 3.451627414604166688e+01
5.500900000000000000e+04 1.214132935485860401e+02 7.043678511388883123e+00 7.692054381762579851e+01 4.622641915185185724e+01 3.937777404403901471e+01 4.622641915185185724e+01
5.501000000000000000e+04 1.272951003849695581e+02 7.043678511388883123e+00 7.452127880300821516e+01 5.261895710530443893e+01 3.686434766411487374e+01 5.261895710530443893e+01
5.501300000000000000e+04 1.362269832744110545e+02 7.043678511388883123e+00 6.672908321138518772e+01 7.085966617111323274e+01 2.997981993502793685e+01 7.085966617111323274e+01
5.501600000000000000e+04 1.357922539059871099e+02 7.043678511388883123e+00 5.538521116016937640e+01 8.521019049050045169e+01 2.279133005233092391e+01 8.521019049050045169e+01
5.501700000000000000e+04 1.366489902913261290e+02 7.043678511388883123e+00 5.177224620596203408e+01 8.910132402181562838e+01 2.072381963252022885e+01 8.657338128820018142e+01
5.501800000000000000e+04 1.401222911724344726e+02 7.043678511388883123e+00 4.837763811358266253e+01 9.153548544286765321e+01 1.885112345149930135e+01 8.648477460588402721e+01
5.501900000000000000e+04 1.302868906218459983e+02 7.043678511388883123e+00 4.502051089511889614e+01 9.300730330742301533e+01 1.708947422377729097e+01 8.551609351546802884e+01
5.502000000000000000e+04 1.311792573802963489e+02 7.043678511388883123e+00 4.174424645707163961e+01 9.340332848848629510e+01 1.544652967884242400e+01 8.363478553768472068e+01
5.502200000000000000e+04 1.174850888613744502e+02 7.043678511388883123e+00 3.567966672940310247e+01 9.285252553316306035e+01 1.256901635586821442e+01 7.900997747886577827e+01
5.502300000000000000e+04 1.223924072195067367e+02 7.043678511388883123e+00 3.288375934374918330e+01 9.240742351854930803e+01 1.131270102647213349e+01 7.672486177229268378e+01
5.502400000000000000e+04 1.195741221067266338e+02 7.043678511388883123e+00 3.028728457742643698e+01 9.119579955094020818e+01 1.018094207449878574e+01 7.392655605620964820e+01
5.502500000000000000e+04 1.134586121534668024e+02 7.043678511388883123e+00 2.791294640394366411e+01 8.884547840450134970e+01 9.172838121572022274e+00 7.035593791930737950e+01
5.502800000000000000e+04 9.343235037813025201e+01 7.043678511388883123e+00 2.181007145537510894e+01 7.971643327604608942e+01 6.716370971383953226e+00 5.903171895441801809e+01
5.502900000000000000e+04 9.419132128012229543e+01 7.043678511388883123e+00 2.012959483268174665e+01 7.683240651823921041e+01 6.071543353043900915e+00 5.569179944783939362e+01
5.503100000000000000e+04 8.884943822305051242e+01 7.043678511388883123e+00 1.728020822484862151e+01 7.078154884416012749e+01 5.006434182654020404e+00 4.922221755504877194e+01
5.503300000000000000e+04 7.016406012334427089e+01 7.043678511388883123e+00 1.504095408128055844e+01 6.444574280019121204e+01 4.192249869357422831e+00 4.306718978895430183e+01
5.503400000000000000e+04 8.601427598898314386e+01 7.043678511388883123e+00 1.416576342346196782e+01 6.143930833838862782e+01 3.874767751706000407e+00 4.027222623124582412e+01
5.503500000000000000e+04 7.147273632692915157e+01 7.043678511388883123e+00 1.339796776079093910e+01 5.826578004372679942e+01 3.597735703756966164e+00 3.747477491878492373e+01
5.503700000000000000e+04 6.666465460963316048e+01 7.043678511388883123e+00 1.214165965736084907e+01 5.063794761837801417e+01 3.145344712025503142e+00 3.138975180906150086e+01
5.503800000000000000e+04 6.692401536570629617e+01 7.043678511388883123e+00 1.163992018161106579e+01 4.679060059743537892e+01 2.963093496324381348e+00 2.848916256541365399e+01
5.503900000000000000e+04 6.298922539491332628e+01 7.043678511388883123e+00 1.119854032157617851e+01 4.330242112215101713e+01 2.802157021713587159e+00 2.590477454065029050e+01
5.504000000000000000e+04 5.268040980839837317e+01 7.043678511388883123e+00 1.078508671943053621e+01 4.007748845788751879e+01 2.653484246384680389e+00 2.356390431437412758e+01
5.504100000000000000e+04 4.614364385576379846e+01 7.043678511388883123e+00 1.038730260511875514e+01 3.695598800891838920e+01 2.513503025968822246e+00 2.136184277972161283e+01
5.504300000000000000e+04 4.606098939936540404e+01 7.043678511388883123e+00 9.633632446473038513e+00 3.117242200732314217e+01 2.256754227528354306e+00 1.743034109109994390e+01
5.504400000000000000e+04 3.854802801804239465e+01 7.043678511388883123e+00 9.237472403925123032e+00 2.855680516053258344e+01 2.129971270706062736e+00 1.571127044483526802e+01
5.504500000000000000e+04 3.077730872126094397e+01 7.043678511388883123e+00 8.823209668744603107e+00 2.611537031961091770e+01 2.002998789726357476e+00 1.414087628309016509e+01
5.504600000000000000e+04 2.653821888102846316e+01 7.043678511388883123e+00 8.420468952280778296e+00 2.387430916469964615e+01 1.882468299899572761e+00 1.272617759312348085e+01
5.504700000000000000e+04 2.391178540858018309e+01 7.043678511388883123e+00 8.029044817680617285e+00 2.184511398652377068e+01 1.768044749775525615e+00 1.146604765196502740e+01
5.504900000000000000e+04 1.128749450071743077e+01 7.043678511388883123e+00 7.254889850849307820e+00 1.825911891971892942e+01 1.551051834533994978e+00 9.298797575737893339e+00
5.505000000000000000e+04 1.649219303813078241e+01 7.043678511388883123e+00 6.827233599457316338e+00 1.673048008971742817e+01 1.438675292267899364e+00 8.395463714229940422e+00
5.505100000000000000e+04 2.309862405755812631e+01 7.043678511388883123e+00 6.378531169677808421e+00 1.534582582481846380e+01 1.325106192803267691e+00 7.589429191304875921e+00
5.505300000000000000e+04 1.019467803388051230e+01 7.043678511388883123e+00 5.488191440567568691e+00 1.301923209199178189e+01 1.108770342350714921e+00 6.258042728317525949e+00
5.505400000000000000e+04 9.669922170702111686e+00 7.043678511388883123e+00 5.047548232330241191e+00 1.203949603562291770e+01 1.005908494057323077e+00 5.707004188293002933e+00
5.505500000000000000e+04 2.736394476402055176e+01 7.043678511388883123e+00 4.627244977110800406e+00 1.120798002572706764e+01 9.098004280595362037e-01 5.240312336696778317e+00
5.505700000000000000e+04 1.329604537356553529e+01 7.043678511388883123e+00 3.848181097689333363e+00 9.881181110368505216e+00 7.368888778080757707e-01 4.497169629696206705e+00
5.505800000000000000e+04 1.281733645273220823e+01 7.043678511388883123e+00 3.477893915186445639e+00 9.338537406213836434e+00 6.574095826676078502e-01 4.194456255036756787e+00
5.505900000000000000e+04 -5.040986706140042628e-01 7.043678511388883123e+00 3.123974307142064255e+00 8.868299415555906506e+00 5.830050588127172473e-01 3.931680890031879372e+00
5.506100000000000000e+04 1.641920755189990189e+01 7.043678511388883123e+00 2.475332459105779925e+00 8.105239185306551519e+00 4.505027589097987395e-01 3.502696277141983838e+00
5.506300000000000000e+04 8.270365258684407195e+00 7.043678511388883123e+00 1.923190162442315554e+00 7.453793223510541743e+00 3.415482990769190819e-01 3.141878782461027253e+00
5.506400000000000000e+04 1.456887470304543974e+01 7.043678511388883123e+00 1.689900249142981536e+00 7.150184185631054845e+00 2.965309531914898100e-01 2.977258571631851591e+00
5.506700000000000000e+04 1.601535557856780301e+01 7.043678511388883123e+00 1.121565934295794875e+00 6.232330734233562985e+00 1.899928740845295005e-01 2.503748487157946734e+00
5.506800000000000000e+04 -4.829742239253034697e+00 7.043678511388883123e+00 9.733278030850337492e-01 5.926010208083854813e+00 1.630009885761951050e-01 2.353085374874466229e+00
5.506900000000000000e+04 9.557275283769008922e+00 7.043678511388883123e+00 8.426081349023575306e-01 5.630338505660161807e+00 1.395185175518027509e-01 2.210055937219407074e+00
5.507000000000000000e+04 -7.833025575730319545e+00 7.043678511388883123e+00 7.277420555716130890e-01 5.343458207952434869e+00 1.191554736916271978e-01 2.073679838540994247e+00
5.507200000000000000e+04 1.071962590879806676e+01 7.043678511388883123e+00 5.406852531187841260e-01 4.738996412730461572e+00 8.659693020465177027e-02 1.798344115334874260e+00
5.507400000000000000e+04 1.280171893455247911e+01 7.043678511388883123e+00 3.993790059492666744e-01 4.089728063995962337e+00 6.259957145868536021e-02 1.518313062071563468e+00
5.507600000000000000e+04 1.662759852650541603e-01 7.043678511388883123e+00 2.905306816686830107e-01 3.460325219557190746e+00 4.458659039435906163e-02 1.257385617571653791e+00
5.507800000000000000e+04 1.068157097907186426e+01 7.043678511388883123e+00 2.105958439615917832e-01 2.885059260437613737e+00 3.165759871947924908e-02 1.026565350283807909e+00
5.508000000000000000e+04 5.159650816254831796e+00 7.043678511388883123e+00 1.522611141899742615e-01 2.357470763446042117e+00 2.242927217941729015e-02 8.217619783345098128e-01
5.508200000000000000e+04 8.787345539582544163e+00 7.043678511388883123e+00 1.097668019439847764e-01 1.879598712764066759e+00 1.585148843184322476e-02 6.421148923080304272e-01
5.508300000000000000e+04 -1.348497632260789914e+01 7.043678511388883123e+00 9.317383548872100463e-02 1.664832945551160792e+00 1.332425287277213925e-02 5.631284486372484244e-01
5.508400000000000000e+04 -6.361878333726205703e+00 7.043678511388883123e+00 7.899533500966232635e-02 1.466903515152004012e+00 1.118771474028273233e-02 4.913262041639884781e-01
5.508600000000000000e+04 1.925608495650235952e+01 7.043678511388883123e+00 5.693082894692010759e-02 1.128300276893619003e+00 7.910245647124551638e-03 3.706636914893623458e-01
5.508900000000000000e+04 9.491674442846555593e+00 7.043678511388883123e+00 3.521844404392539263e-02 7.437271056038908812e-01 4.758348966942117439e-03 2.374910926056618965e-01
5.509000000000000000e+04 -8.614593367080905395e+00 7.043678511388883123e+00 2.999600989426469411e-02 6.440169058645468514e-01 4.015798901434460173e-03 2.037512357202438951e-01
5.509200000000000000e+04 -4.684552024259375891e+00 7.043678511388883123e+00 2.175489164460733121e-02 4.794816261351078635e-01 2.860340487345981557e-03 1.489443421145340285e-01
5.509300000000000000e+04 9.505562107632073321e+00 7.043678511388883123e+00 1.852777121082180289e-02 4.128679170570322965e-01 2.414419350363810127e-03 1.270988539148603380e-01
5.509500000000000000e+04 -2.933401323401106264e+00 7.043678511388883123e+00 1.342992302420286527e-02 3.044933909202136024e-01 1.719580412830072277e-03 9.208098189192380489e-02
5.509600000000000000e+04 6.427255916799016866e+00 7.043678511388883123e+00 1.143779813687896725e-02 2.610402129827179563e-01 1.451847290194205504e-03 7.824946432335670721e-02
5.509700000000000000e+04 5.211080500296395357e+00 7.043678511388883123e+00 9.739137462842384352e-03 2.225009964847282362e-01 1.225634575374692737e-03 6.611820886863432889e-02
5.509800000000000000e+04 2.790603829444636474e+00 7.043678511388883123e+00 8.288031513057595931e-03 1.891809030432654859e-01 1.034155386379047173e-03 5.573323799294881836e-02
5.510000000000000000e+04 -3.179898854227548366e+00 7.043678511388883123e+00 6.009968792819590441e-03 1.366341960732724570e-01 7.373742460977353481e-04 3.957199839934906482e-02
5.510100000000000000e+04 1.222879373604188125e+01 7.043678511388883123e+00 5.115477179387975179e-03 1.159950264854272411e-01 6.224268341795411233e-04 3.331275889874418111e-02
5.510200000000000000e+04 1.519311755934875219e+00 7.043678511388883123e+00 4.357182747077933613e-03 9.844207559546248876e-02 5.258043306838589264e-04 2.803659022427161529e-02
5.510600000000000000e+04 -2.009688844509445182e-01 7.043678511388883123e+00 2.283906413020891837e-03 5.073628634718219121e-02 2.668395524086519138e-04 1.398464342535341541e-02
5.510900000000000000e+04 5.713347309207435387e+00 7.043678511388883123e+00 1.405549998116730186e-03 3.102147024043072285e-02 1.603886617199637324e-04 8.348980041024522958e-03
5.511100000000000000e+04 -1.061342711787249904e+01 7.043678511388883123e+00 1.017398783292210694e-03 2.244751125154943738e-02 1.143196079927424701e-04 5.947936208677647232e-03
5.511200000000000000e+04 -8.931011463647775983e+00 7.043678511388883123e+00 8.649873402971099395e-04 1.909110797741942270e-02 9.645587389153405797e-05 5.019748626793075000e-03
5.511400000000000000e+04 1.317841267990365317e+01 7.043678511388883123e+00 6.260588564548670706e-04 1.380686353241905237e-02 6.876820444588222371e-05 3.575425609182477163e-03
5.511500000000000000e+04 -2.002238374569237678e+01 7.043678511388883123e+00 5.323485338470030411e-04 1.174252851049439189e-02 5.804061642466235168e-05 3.018024187954762658e-03
5.511700000000000000e+04 -3.117726047890462038e+00 7.043678511388883123e+00 3.853346338120983258e-04 8.488708707935652131e-03 4.139733072045060849e-05 2.149475516037590347e-03
5.511800000000000000e+04 6.597537591006724655e-01 7.043678511388883123e+00 3.276465538937166052e-04 7.220036574135784042e-03 3.494412016400036890e-05 1.814809112742756881e-03
5.511900000000000000e+04 1.877809966951061948e+00 7.043678511388883123e+00 2.788843186474587559e-04 6.139816405339524295e-03 2.952906681710418518e-05 1.532043219218365976e-03
5.512000000000000000e+04 1.476128731049552334e+00 7.043678511388883123e+00 2.393642180344262009e-04 5.218348079668671223e-03 2.516312410348764490e-05 1.292694232973808696e-03
