5.497600000000000000e+04 -5.805144565142436264e+00 8.076642265845359603e+00 1.164140563987932975e+00 8.960306593772031297e-19 1.164140563987932975e+00 8.960306593772031297e-19
5.497900000000000000e+04 4.106719406719465226e+00 8.076642265845359603e+00 4.289077145657377521e+00 8.960306592350573665e-19 4.289077145657377521e+00 8.960306592350573665e-19
5.498300000000000000e+04 1.283941845100885715e+01 8.076642265845359603e+00 1.143383206421574805e+01 8.960306589007829505e-19 1.143383206421574805e+01 8.960306589007829505e-19
5.499200000000000000e+04 4.273692566689101113e+01 8.076642265845359603e+00 3.733751665722944324e+01 1.414274411638661300e-01 3.733751665722944324e+01 1.414274411638661300e-01
5.499500000000000000e+04 4.195395788272291071e+01 8.076642265845359603e+00 4.526446668391263017e+01 1.587232095280796784e+00 4.526446668391263017e+01 1.587232095280796784e+00
5.499600000000000000e+04 3.203930902720412632e+01 8.076642265845359603e+00 4.750204251648135312e+01 2.426487086150368899e+00 4.750204251648135312e+01 2.426487086150368899e+00
5.499800000000000000e+04 5.770499152836441681e+01 8.076642265845359603e+00 5.419575919406428000e+01 4.563436508517902723e+00 5.091672227927872996e+01 4.563436508517902723e+00
5.500200000000000000e+04 8.096126417578528844e+01 8.076642265845359603e+00 7.114707346060455961e+01 1.102479628531949452e+01 5.381775602163734362e+01 1.102479628531949452e+01
5.500700000000000000e+04 1.097182415044819948e+02 8.076642265845359603e+00 8.566262885698918694e+01 2.257211756982848527e+01 5.210622193247517231e+01 2.257211756982848527e+01
5.501100000000000000e+04 1.164902162915249022e+02 8.076642265845359603e+00 9.106886556582149694e+01 3.207803185965695292e+01 4.789065290588005297e+01 3.207803185965695292e+01
5.501600000000000000e+04 1.370759781559170278e+02 8.076642265845359603e+00 8.964691783611505116e+01 5.195949675155836900e+01 4.031611703369087962e+01 4.073337782342299107e+01
5.502200000000000000e+04 1.592167404536432969e+02 8.076642265845359603e+00 8.273025821962943382e+01 7.250801465697533388e+01 3.169741694238675578e+01 4.292955278684152631e+01
5.502800000000000000e+04 1.635301348109861408e+02 8.076642265845359603e+00 7.888523195545340627e+01 8.264761336145376447e+01 2.632666932167046880e+01 3.931107941469451816e+01
5.503000000000000000e+04 1.620194224212565928e+02 8.076642265845359603e+00 7.821516257818322515e+01 8.320537068125258884e+01 2.502725028100064719e+01 3.714193852390528150e+01
5.503300000000000000e+04 1.572491104547535770e+02 8.076642265845359603e+00 7.678328183501483295e+01 8.196783831120990271e+01 2.313864568316503068e+01 3.349864657779635024e+01
5.503800000000000000e+04 1.619229557911362178e+02 8.076642265845359603e+00 7.110094439292535640e+01 7.639527821871017466e+01 1.953108020902245556e+01 2.736808705979442635e+01
5.504200000000000000e+04 1.633338939759338473e+02 8.076642265845359603e+00 6.458526564807974069e+01 7.258657602642652762e+01 1.656882135661357935e+01 2.366696316479508511e+01
5.504400000000000000e+04 1.250638504954519021e+02 8.076642265845359603e+00 6.108877170830308501e+01 7.137902726523569186e+01 1.517055024046465839e+01 2.227253721456430569e+01
5.504600000000000000e+04 1.187165070828952764e+02 8.076642265845359603e+00 5.778379098386803037e+01 7.039961989969258127e+01 1.390504162668881349e+01 2.106133545733638002e+01
5.505000000000000000e+04 1.222027279233011541e+02 8.076642265845359603e+00 5.244761465031577785e+01 6.890188887888224656e+01 1.188425964160150627e+01 1.904313992562109448e+01
5.505600000000000000e+04 1.153680363625308019e+02 8.076642265845359603e+00 4.775998049847120797e+01 6.299320237655595633e+01 9.950825172612551839e+00 1.562486416721796978e+01
5.505900000000000000e+04 1.037303782890616901e+02 8.076642265845359603e+00 4.591205396988942056e+01 5.866285525484466490e+01 9.195652533626304859e+00 1.384112857863875767e+01
5.506300000000000000e+04 1.010477754567702959e+02 8.076642265845359603e+00 4.393265701272069634e+01 5.243702497467860013e+01 8.367487622413662507e+00 1.161678924537065605e+01
5.506500000000000000e+04 8.205171704216306239e+01 8.076642265845359603e+00 4.308827843051349760e+01 4.963475817505484144e+01 8.010164788539839265e+00 1.067024059484808518e+01
5.506700000000000000e+04 1.015718056634264173e+02 8.076642265845359603e+00 4.224721879126968105e+01 4.717399542835091353e+01 7.670155917078735897e+00 9.849461411076502415e+00
5.507000000000000000e+04 8.308151721185420513e+01 8.076642265845359603e+00 4.105123762844338131e+01 4.455406936196930445e+01 7.200455628366551508e+00 8.917591241737580887e+00
5.507400000000000000e+04 7.879565026686793772e+01 8.076642265845359603e+00 3.935017698451327561e+01 4.196700811598309144e+01 6.603708294373577203e+00 7.960660138090042359e+00
5.507900000000000000e+04 8.177100506052127571e+01 8.076642265845359603e+00 3.668274394055436716e+01 3.939247136656005210e+01 5.840457257125583723e+00 7.013954269992709989e+00
5.508300000000000000e+04 6.693526660511915338e+01 8.076642265845359603e+00 3.370642799922026711e+01 3.775607193407831375e+01 5.155149271873892936e+00 6.408131830831871767e+00
5.509100000000000000e+04 6.446548730416000694e+01 8.076642265845359603e+00 2.438505698609018779e+01 3.482845494478349480e+01 3.457107999615824934e+00 5.405543130602271873e+00
