5.497600000000000000e+04 -7.559144738296971866e+00 1.010933739458773850e+01 1.164140563987932975e+00 1.400047904340757880e-18 1.164140563987932975e+00 1.400047904340757880e-18
5.497900000000000000e+04 4.060824383091255818e+00 1.010933739458773850e+01 4.289077145657377521e+00 1.400047903541934524e-18 4.289077145657377521e+00 1.400047903541934524e-18
5.498300000000000000e+04 1.319405999030484011e+01 1.010933739458773850e+01 1.143383206421574805e+01 8.895087593276518713e-04 1.143383206421574805e+01 8.895087593276518713e-04
5.499200000000000000e+04 5.554842490094169705e+01 1.010933739458773850e+01 3.733751665722944324e+01 1.162962013649368842e+01 3.733751665722944324e+01 1.162962013649368842e+01
5.499500000000000000e+04 5.956537143257283873e+01 1.010933739458773850e+01 4.526446668391263017e+01 2.043128833678469647e+01 4.526446668391263017e+01 2.043128833678469647e+01
5.499600000000000000e+04 4.899743287335958541e+01 1.010933739458773850e+01 4.750204251648135312e+01 2.388689422327730227e+01 4.750204251648135312e+01 2.388689422327730227e+01
5.499800000000000000e+04 8.447973147613672040e+01 1.010933739458773850e+01 5.442488444432102312e+01 3.137436884907111789e+01 5.091672227927872996e+01 3.137436884907111789e+01
5.500200000000000000e+04 1.175145831383342170e+02 1.010933739458773850e+01 7.235797297109141368e+01 4.667189582153680050e+01 5.381775602163734362e+01 4.667189582153680050e+01
5.500700000000000000e+04 1.616686982862516686e+02 1.010933739458773850e+01 8.800740884395055730e+01 7.180443460464917393e+01 5.210622193247517231e+01 6.171416811744663988e+01
5.501100000000000000e+04 1.782034566003160592e+02 1.010933739458773850e+01 9.408597669889195458e+01 9.244948635860002639e+01 4.789065290588005297e+01 6.691964267723490423e+01
5.501600000000000000e+04 1.965161104008464577e+02 1.010933739458773850e+01 9.309394584249561433e+01 1.090928020492591628e+02 4.031611703369087962e+01 6.595695408056781162e+01
5.502200000000000000e+04 2.062418756648098679e+02 1.010933739458773850e+01 8.629621762564794096e+01 1.149659065872755264e+02 3.169741694238675578e+01 5.803427894360199701e+01
5.502800000000000000e+04 1.923461496504307036e+02 1.010933739458773850e+01 8.255780232582642952e+01 1.072883884672342134e+02 2.632666932167046880e+01 4.648543694420893502e+01
5.503000000000000000e+04 1.860386155820213219e+02 1.010933739458773850e+01 8.193170924491184337e+01 1.033572912867548723e+02 2.502725028100064719e+01 4.276263603092878185e+01
5.503300000000000000e+04 1.773560988019737579e+02 1.010933739458773850e+01 8.053174243568757618e+01 9.870438549735641232e+01 2.313864568316503068e+01 3.825010094840395425e+01
5.503800000000000000e+04 1.866495054628294952e+02 1.010933739458773850e+01 7.470442869149000842e+01 9.388748446840730821e+01 1.953108020902245556e+01 3.290833665208808867e+01
5.504200000000000000e+04 1.920641755634430297e+02 1.010933739458773850e+01 6.794045197279397996e+01 9.137731673684746170e+01 1.656882135661357935e+01 2.975490613378295279e+01
5.504400000000000000e+04 1.442249708760697899e+02 1.010933739458773850e+01 6.429734308416136912e+01 8.919497067443862193e+01 1.517055024046465839e+01 2.804873291649012756e+01
5.504600000000000000e+04 1.354295573806615778e+02 1.010933739458773850e+01 6.084985266255291947e+01 8.642919878419428414e+01 1.390504162668881349e+01 2.627826049990705215e+01
5.505000000000000000e+04 1.354616447914348782e+02 1.010933739458773850e+01 5.528201057483773440e+01 7.911167391956169581e+01 1.188425964160150627e+01 2.255821896765374390e+01
5.505600000000000000e+04 1.228181368515278962e+02 1.010933739458773850e+01 5.040192458179983959e+01 6.663991199590613235e+01 9.950825172612551839e+00 1.738130203336101687e+01
5.505900000000000000e+04 1.089412214815670552e+02 1.010933739458773850e+01 4.847764102677115261e+01 6.152065936059110385e+01 9.195652533626304859e+00 1.538978345480703069e+01
5.506300000000000000e+04 1.092833173671884310e+02 1.010933739458773850e+01 4.641780083657756251e+01 5.701006030404502667e+01 8.367487622413662507e+00 1.352391419856364152e+01
5.506500000000000000e+04 8.749567990566288245e+01 1.010933739458773850e+01 4.553938885580668483e+01 5.531332313831867253e+01 8.010164788539839265e+00 1.279068635410305710e+01
5.506700000000000000e+04 1.135463280664398127e+02 1.010933739458773850e+01 4.466331790514948352e+01 5.367440930884595218e+01 7.670155917078735897e+00 1.210655448490942732e+01
5.507000000000000000e+04 9.183350935021626071e+01 1.010933739458773850e+01 4.341658730236179764e+01 5.157588855208516065e+01 7.200455628366551508e+00 1.121946672875465723e+01
5.507400000000000000e+04 8.774847943584707366e+01 1.010933739458773850e+01 4.163836190851372265e+01 4.926626157164149333e+01 6.603708294373577203e+00 1.023183002526303120e+01
5.507900000000000000e+04 9.273111365914138560e+01 1.010933739458773850e+01 3.883787266843370389e+01 4.676395898829392195e+01 5.840457257125583723e+00 9.191932970672024084e+00
5.508300000000000000e+04 7.484595046022901954e+01 1.010933739458773850e+01 3.570147076743546677e+01 4.481110793657867220e+01 5.155149271873892936e+00 8.446161141566047803e+00
5.509100000000000000e+04 7.196460246935271243e+01 1.010933739458773850e+01 2.584741366992767553e+01 3.954341850119825352e+01 3.457107999615824934e+00 6.887297483444787538e+00
