5.497600000000000000e+04 -7.360196787506758653e+00 9.878778392009513354e+00 1.164140563987932975e+00 1.400047905054776955e-18 1.164140563987932975e+00 1.400047905054776955e-18
5.497900000000000000e+04 4.066030038736020202e+00 9.878778392009513354e+00 4.289077145657377521e+00 1.400047904695842546e-18 4.289077145657377521e+00 1.400047904695842546e-18
5.498300000000000000e+04 1.315304606044207958e+01 9.878778392009513354e+00 1.143383206421574805e+01 1.400047903851760993e-18 1.143383206421574805e+01 1.400047903851760993e-18
5.499200000000000000e+04 4.624875850616579243e+01 9.878778392009513354e+00 3.733751665722944324e+01 2.480050148876244531e+00 3.733751665722944324e+01 2.480050148876244531e+00
5.499500000000000000e+04 4.640426547578172034e+01 9.878778392009513354e+00 4.526446668391263017e+01 7.130369544559223449e+00 4.526446668391263017e+01 7.130369544559223449e+00
5.499600000000000000e+04 3.483902693950638252e+01 9.878778392009513354e+00 4.750204251648135312e+01 9.217815572097707744e+00 4.750204251648135312e+01 9.217815572097707744e+00
5.499800000000000000e+04 6.742774643377768484e+01 9.878778392009513354e+00 5.442488444432102312e+01 1.429229008026968373e+01 5.091672227927872996e+01 1.429229008026968373e+01
5.500200000000000000e+04 9.843482230383020237e+01 9.878778392009513354e+00 7.235797297109141368e+01 2.755757656490886376e+01 5.381775602163734362e+01 2.755757656490886376e+01
5.500700000000000000e+04 1.364938110699441722e+02 9.878778392009513354e+00 8.800740884395055730e+01 4.667189582153680050e+01 5.210622193247517231e+01 4.667189582153680050e+01
5.501100000000000000e+04 1.517937009145431944e+02 9.878778392009513354e+00 9.408597669889195458e+01 6.584970643847226768e+01 4.789065290588005297e+01 5.937755314560169495e+01
5.501600000000000000e+04 1.800021223280969025e+02 9.878778392009513354e+00 9.309394584249561433e+01 9.244948635860002639e+01 4.031611703369087962e+01 6.691964267723490423e+01
5.502200000000000000e+04 2.024417483939039357e+02 9.878778392009513354e+00 8.629621762564794096e+01 1.112793502145422906e+02 3.169741694238675578e+01 6.513277741559396361e+01
5.502800000000000000e+04 1.992081634163954504e+02 9.878778392009513354e+00 8.255780232582642952e+01 1.142074176436204453e+02 2.632666932167046880e+01 5.610779545252785994e+01
5.503000000000000000e+04 1.949108650232696505e+02 9.878778392009513354e+00 8.193170924491184337e+01 1.122466368532566605e+02 2.502725028100064719e+01 5.234163527780678749e+01
5.503300000000000000e+04 1.859829787304848026e+02 9.878778392009513354e+00 8.053174243568757618e+01 1.072883884672342134e+02 2.313864568316503068e+01 4.648543694420893502e+01
5.503800000000000000e+04 1.910545752997009288e+02 9.878778392009513354e+00 7.470442869149000842e+01 9.870438549735641232e+01 1.953108020902245556e+01 3.825010094840395425e+01
5.504200000000000000e+04 1.945983132720815263e+02 9.878778392009513354e+00 6.794045197279397996e+01 9.465828666678220316e+01 1.656882135661357935e+01 3.382465130133363829e+01
5.504400000000000000e+04 1.485229057797800749e+02 9.878778392009513354e+00 6.429734308416136912e+01 9.328154955666617809e+01 1.517055024046465839e+01 3.208307809343634887e+01
5.504600000000000000e+04 1.412945126488882011e+02 9.878778392009513354e+00 6.084985266255291947e+01 9.202390809798319538e+01 1.390504162668881349e+01 3.050684836664451893e+01
5.505000000000000000e+04 1.442287490281693465e+02 9.878778392009513354e+00 5.528201057483773440e+01 8.790313463499171576e+01 1.188425964160150627e+01 2.717673044828928397e+01
5.505600000000000000e+04 1.330702052990645257e+02 9.878778392009513354e+00 5.040192458179983959e+01 7.702371786378425611e+01 9.950825172612551839e+00 2.162676340412305720e+01
5.505900000000000000e+04 1.180825449899560056e+02 9.878778392009513354e+00 4.847764102677115261e+01 7.063787455716355623e+01 9.195652533626304859e+00 1.896318780058082254e+01
5.506300000000000000e+04 1.152565588711676696e+02 9.878778392009513354e+00 4.641780083657756251e+01 6.311684450172843697e+01 8.367487622413662507e+00 1.600731536944672584e+01
5.506500000000000000e+04 9.268075953194416172e+01 9.878778392009513354e+00 4.553938885580668483e+01 6.019377508471163196e+01 8.010164788539839265e+00 1.485532455200188373e+01
5.506700000000000000e+04 1.175033400091678573e+02 9.878778392009513354e+00 4.466331790514948352e+01 5.797827680760947544e+01 7.670155917078735897e+00 1.393373631521496847e+01
5.507000000000000000e+04 9.564298903079821912e+01 9.878778392009513354e+00 4.341658730236179764e+01 5.531332313831867253e+01 7.200455628366551508e+00 1.279068635410305710e+01
5.507400000000000000e+04 9.076826313050717943e+01 9.878778392009513354e+00 4.163836190851372265e+01 5.221406454249686391e+01 6.603708294373577203e+00 1.149456566703288019e+01
5.507900000000000000e+04 9.507082199091561847e+01 9.878778392009513354e+00 3.883787266843370389e+01 4.926626157164149333e+01 5.840457257125583723e+00 1.023183002526303120e+01
5.508300000000000000e+04 7.740918877703765588e+01 9.878778392009513354e+00 3.570147076743546677e+01 4.724511007253058636e+01 5.155149271873892936e+00 9.387067369865008004e+00
5.509100000000000000e+04 7.539123845911365152e+01 9.878778392009513354e+00 2.584741366992767553e+01 4.311997944290995122e+01 3.457107999615824934e+00 7.884435809637948545e+00
