5.497400000000000000e+04 2.849390067587062259e+00 5.532200579198210733e+00 2.872527343123094101e-01 8.716023034220134351e-19 2.872527343123094101e-01 8.716023034220134351e-19
5.497600000000000000e+04 -3.444126979000865951e+00 5.532200579198210733e+00 1.958814406946931541e+00 8.716022210972289233e-19 1.958814406946931541e+00 8.716022210972289233e-19
5.498000000000000000e+04 1.029544817413862035e+01 5.532200579198210733e+00 9.740658635389692677e+00 8.716019515982127606e-19 9.740658635389692677e+00 8.716019515982127606e-19
5.498100000000000000e+04 8.596840250303641184e+00 5.532200579198210733e+00 1.261836908227294352e+01 8.716018526766135158e-19 1.261836908227294352e+01 8.716018526766135158e-19
5.498500000000000000e+04 2.936509856174068389e+01 5.532200579198210733e+00 2.761301931683333422e+01 8.716012528962566048e-19 2.761301931683333422e+01 8.716012528962566048e-19
5.498700000000000000e+04 3.346290681732310190e+01 5.532200579198210733e+00 3.698113532148148863e+01 8.716007743899730289e-19 3.698113532148148863e+01 8.716007743899730289e-19
5.498800000000000000e+04 4.628380266428036549e+01 5.532200579198210733e+00 4.209516568424355398e+01 -1.241908946591701104e-02 4.209516568424355398e+01 -1.241908946591701104e-02
5.498900000000000000e+04 4.966811503986266985e+01 5.532200579198210733e+00 4.711547825657126509e+01 2.298021874498475392e-01 4.711547825657126509e+01 2.298021874498475392e-01
5.499300000000000000e+04 7.047262920698399569e+01 5.532200579198210733e+00 6.549985504210982867e+01 4.087902819091672413e+00 6.549985504210982867e+01 4.087902819091672413e+00
5.499500000000000000e+04 7.288705051148045300e+01 5.532200579198210733e+00 6.925870503056015082e+01 7.792526908311754319e+00 6.925870503056015082e+01 7.792526908311754319e+00
5.499700000000000000e+04 9.109994256159352233e+01 5.532200579198210733e+00 7.176510567818075970e+01 1.269273137910385429e+01 6.841287481237441170e+01 1.269273137910385429e+01
5.499900000000000000e+04 9.126228979129639640e+01 5.532200579198210733e+00 7.142249463956524380e+01 1.874044088442200007e+01 6.504780932565140006e+01 1.874044088442200007e+01
5.500000000000000000e+04 1.021333535194237498e+02 5.532200579198210733e+00 7.095095977602146320e+01 2.209041545346666879e+01 6.320798198309262261e+01 2.209041545346666879e+01
5.500200000000000000e+04 9.634458752571666196e+01 5.532200579198210733e+00 6.928396833587967762e+01 2.958490825718519801e+01 5.914124484496770862e+01 2.958490825718519801e+01
5.500300000000000000e+04 9.316399705658267294e+01 5.532200579198210733e+00 6.731656140119328313e+01 3.367613254739485029e+01 5.628475033544589223e+01 3.367613254739485029e+01
5.500500000000000000e+04 1.063960737182955825e+02 5.532200579198210733e+00 6.225783678292928158e+01 4.153383942830611630e+01 5.000629460476246635e+01 4.153383942830611630e+01
5.500700000000000000e+04 1.109379401141364099e+02 5.532200579198210733e+00 5.765215078840333973e+01 4.911345556622313779e+01 4.455343955827151348e+01 4.911345556622313779e+01
5.500900000000000000e+04 1.060572249921818866e+02 5.532200579198210733e+00 5.288435054114439993e+01 5.453452191392029391e+01 3.937777404403901471e+01 5.453452191392029391e+01
5.501000000000000000e+04 1.095420447758530571e+02 5.532200579198210733e+00 5.041199543067708788e+01 5.900841668603724344e+01 3.686434766411487374e+01 5.540696402444812918e+01
5.501300000000000000e+04 1.095744620240698595e+02 5.532200579198210733e+00 4.320092052637526336e+01 6.744309105758897260e+01 2.997981993502793685e+01 5.352626274411823459e+01
5.501600000000000000e+04 1.021912033017560333e+02 5.532200579198210733e+00 3.451746936425518442e+01 7.144619128235896710e+01 2.279133005233092391e+01 4.910391153426733268e+01
5.501700000000000000e+04 1.004916698000844519e+02 5.532200579198210733e+00 3.189395841444863677e+01 7.191575373148074846e+01 2.072381963252022885e+01 4.731299587597417400e+01
5.501800000000000000e+04 1.010070780226045457e+02 5.532200579198210733e+00 2.947373151641916067e+01 7.136906342534540215e+01 1.885112345149930135e+01 4.502780026835672089e+01
5.501900000000000000e+04 9.107457178903001704e+01 5.532200579198210733e+00 2.713808506735833959e+01 7.001631302939037482e+01 1.708947422377729097e+01 4.243412910872144295e+01
5.502000000000000000e+04 9.039939489896586622e+01 5.532200579198210733e+00 2.490752910713340995e+01 6.860863619773412836e+01 1.544652967884242400e+01 4.000503568380997876e+01
5.502200000000000000e+04 7.796775270961295234e+01 5.532200579198210733e+00 2.088342067527503687e+01 6.576087678800875835e+01 1.256901635586821442e+01 3.564275164661721362e+01
5.502300000000000000e+04 8.088639923507007268e+01 5.532200579198210733e+00 1.907321393063201498e+01 6.408992298689882716e+01 1.131270102647213349e+01 3.355493350099414585e+01
5.502400000000000000e+04 7.813205976042766565e+01 5.532200579198210733e+00 1.741450141843017363e+01 6.221688298958165575e+01 1.018094207449878574e+01 3.150221923523121603e+01
5.502500000000000000e+04 7.348577194091461706e+01 5.532200579198210733e+00 1.591487414092745922e+01 6.016261538783548701e+01 9.172838121572022274e+00 2.949147813129190610e+01
5.502800000000000000e+04 5.939321640105543310e+01 5.532200579198210733e+00 1.214655690174787850e+01 5.360391804382997094e+01 6.716370971383953226e+00 2.398385594802235588e+01
5.502900000000000000e+04 5.971386027789751694e+01 5.532200579198210733e+00 1.112913896612947262e+01 5.076085099566284953e+01 6.071543353043900915e+00 2.206993521550558768e+01
5.503100000000000000e+04 5.434711020880936161e+01 5.532200579198210733e+00 9.422109131754869082e+00 4.430634562173132451e+01 5.006434182654020404e+00 1.823306404186474339e+01
5.503300000000000000e+04 3.938021004916335244e+01 5.532200579198210733e+00 8.095234497729183687e+00 3.860710082867057480e+01 4.192249869357422831e+00 1.508089876119944250e+01
5.503400000000000000e+04 5.164053430409906298e+01 5.532200579198210733e+00 7.577108338461084003e+00 3.588789586993231495e+01 3.874767751706000407e+00 1.367157937902183562e+01
5.503500000000000000e+04 4.021442555866825330e+01 5.532200579198210733e+00 7.123516693438791236e+00 3.324093186886889839e+01 3.597735703756966164e+00 1.235722374307394134e+01
5.503700000000000000e+04 3.778897415700466667e+01 5.532200579198210733e+00 6.381904420699745728e+00 2.835570089883870182e+01 3.145344712025503142e+00 1.005521308469457331e+01
5.503800000000000000e+04 3.886533224062683445e+01 5.532200579198210733e+00 6.084712494702118057e+00 2.610971396909768316e+01 2.963093496324381348e+00 9.050160821177707149e+00
5.503900000000000000e+04 3.651670315176320969e+01 5.532200579198210733e+00 5.822882291120834886e+00 2.402702329581713769e+01 2.802157021713587159e+00 8.144753659599029305e+00
5.504000000000000000e+04 2.913158813707147488e+01 5.532200579198210733e+00 5.578950628023791047e+00 2.212488554923172401e+01 2.653484246384680389e+00 7.338270497257618707e+00
5.504100000000000000e+04 2.475181177529410093e+01 5.532200579198210733e+00 5.346220936235684285e+00 2.034780966409739023e+01 2.513503025968822246e+00 6.606431709122529305e+00
5.504300000000000000e+04 2.628563498998011383e+01 5.532200579198210733e+00 4.910697199101699439e+00 1.724764065451399375e+01 2.256754227528354306e+00 5.373096777107163824e+00
5.504400000000000000e+04 2.118645118942067285e+01 5.532200579198210733e+00 4.687001781188691041e+00 1.590744358497502375e+01 2.129971270706062736e+00 4.857234682435121798e+00
5.504500000000000000e+04 1.589729662007178490e+01 5.532200579198210733e+00 4.456672307141145595e+00 1.470894317171997656e+01 2.002998789726357476e+00 4.403875201113765847e+00
5.504600000000000000e+04 1.335085950067584371e+01 5.532200579198210733e+00 4.234612440624089480e+00 1.363752671354955837e+01 1.882468299899572761e+00 4.005147346123217211e+00
5.504700000000000000e+04 1.201171977805604385e+01 5.532200579198210733e+00 4.020533760989545513e+00 1.267411490136110253e+01 1.768044749775525615e+00 3.652482680507522339e+00
5.504900000000000000e+04 3.588727390025685082e+00 5.532200579198210733e+00 3.603093411622470654e+00 1.115933112491328494e+01 1.551051834533994978e+00 3.099814201364801125e+00
5.505000000000000000e+04 8.376495640263005527e+00 5.532200579198210733e+00 3.377290248598893818e+00 1.054856108341542509e+01 1.438675292267899364e+00 2.878188563005573020e+00
5.505100000000000000e+04 1.423552584073361693e+01 5.532200579198210733e+00 3.143151889329351079e+00 1.001300597202374831e+01 1.325106192803267691e+00 2.684452003223524841e+00
5.505300000000000000e+04 5.305422722389731227e+00 5.532200579198210733e+00 2.684332998831081341e+00 9.150032716649691977e+00 1.108770342350714921e+00 2.370474797059505256e+00
5.505400000000000000e+04 5.433214036873268427e+00 5.532200579198210733e+00 2.459949222217183706e+00 8.798773048180665413e+00 1.005908494057323077e+00 2.241725617370870172e+00
5.505500000000000000e+04 1.977194154283600724e+01 5.532200579198210733e+00 2.247207057307054168e+00 8.469921714459902162e+00 9.098004280595362037e-01 2.122787397107745111e+00
5.505700000000000000e+04 9.366325569501073645e+00 5.532200579198210733e+00 1.856223083198542900e+00 7.850435401678867997e+00 7.368888778080757707e-01 1.905445485844385223e+00
5.505800000000000000e+04 9.228445329697052557e+00 5.532200579198210733e+00 1.672121273515060569e+00 7.555613153764932477e+00 6.574095826676078502e-01 1.805403382022683800e+00
5.505900000000000000e+04 -1.075760953345772819e+00 5.532200579198210733e+00 1.497156991031058260e+00 7.241902320400614101e+00 5.830050588127172473e-01 1.703977016564850455e+00
5.506100000000000000e+04 1.236087842677794058e+01 5.532200579198210733e+00 1.178965720066943224e+00 6.596168922848102412e+00 4.505027589097987395e-01 1.505974639919658298e+00
5.506300000000000000e+04 6.026884374049799931e+00 5.532200579198210733e+00 9.105677653390663595e-01 5.985469485964727276e+00 3.415482990769190819e-01 1.327155096666236656e+00
5.506400000000000000e+04 1.097413577383205663e+01 5.532200579198210733e+00 7.978165295617034580e-01 5.676849714394423430e+00 2.965309531914898100e-01 1.240841467627196382e+00
5.506700000000000000e+04 1.196307365300978276e+01 5.532200579198210733e+00 5.251403039696396213e-01 4.635106115892068779e+00 1.899928740845295005e-01 9.717203597258007308e-01
5.506800000000000000e+04 -4.468926674326533011e+00 5.532200579198210733e+00 4.545282566447201300e-01 4.288723684212565779e+00 1.630009885761951050e-01 8.870162738805721370e-01
5.506900000000000000e+04 6.758100410716673778e+00 5.532200579198210733e+00 3.924655898732211656e-01 3.943161296704707830e+00 1.395185175518027509e-01 8.047267952458585505e-01
5.507000000000000000e+04 -6.968736487679910496e+00 5.532200579198210733e+00 3.381036565999922527e-01 3.613727300252478347e+00 1.191554736916271978e-01 7.278403424476290740e-01
5.507200000000000000e+04 7.526127051290213643e+00 5.532200579198210733e+00 2.499620390357272792e-01 3.003559065945717421e+00 8.659693020465177027e-02 5.895111022464607498e-01
5.507400000000000000e+04 9.149560222933947884e+00 5.532200579198210733e+00 1.837610420169708825e-01 2.436961145837158949e+00 6.259957145868536021e-02 4.664040470501739089e-01
5.507600000000000000e+04 -7.523551564141119918e-01 5.532200579198210733e+00 1.330686790319645929e-01 1.929953819169578200e+00 4.458659039435906163e-02 3.604022071278390471e-01
5.507800000000000000e+04 7.552828416359240293e+00 5.532200579198210733e+00 9.603332571554029640e-02 1.498713936349521214e+00 3.165759871947924908e-02 2.732386392615352988e-01
5.508000000000000000e+04 3.302969075767550944e+00 5.532200579198210733e+00 6.913823149305380056e-02 1.152548590498740699e+00 2.242927217941729015e-02 2.052624382010224402e-01
5.508200000000000000e+04 6.262071842788365039e+00 5.532200579198210733e+00 4.963893602431706381e-02 8.732072492924978224e-01 1.585148843184322476e-02 1.519942992676236448e-01
5.508300000000000000e+04 -1.117236560973833548e+01 5.532200579198210733e+00 4.205134206646887057e-02 7.576285949021549504e-01 1.332425287277213925e-02 1.304007908609561006e-01
5.508400000000000000e+04 -5.519555830124521556e+00 5.532200579198210733e+00 3.558252673146922868e-02 6.557370324934730377e-01 1.118771474028273233e-02 1.116148140414422174e-01
5.508600000000000000e+04 1.470710601659816064e+01 5.532200579198210733e+00 2.554613831738873631e-02 4.884663153655913193e-01 7.910245647124551638e-03 8.134326650551063076e-02
5.508900000000000000e+04 7.169306073954522240e+00 5.532200579198210733e+00 1.571682663780981162e-02 3.104938744350794755e-01 4.758348966942117439e-03 5.007965716694829511e-02
5.509000000000000000e+04 -7.016927139541520475e+00 5.532200579198210733e+00 1.336257084452316564e-02 2.651075702796762412e-01 4.015798901434460173e-03 4.231565367592597660e-02
5.509200000000000000e+04 -3.870963118253912594e+00 5.532200579198210733e+00 9.657939655523707298e-03 1.923675558498820215e-01 2.860340487345981557e-03 3.008093132914495954e-02
5.509300000000000000e+04 7.298791215574151003e+00 5.532200579198210733e+00 8.211440210587318822e-03 1.636064701822687872e-01 2.414419350363810127e-03 2.532607897558340412e-02
5.509500000000000000e+04 -2.429454766195284776e+00 5.532200579198210733e+00 5.932552424263750658e-03 1.182471229298879822e-01 1.719580412830072277e-03 1.794341774353383490e-02
5.509600000000000000e+04 4.939462986366462971e+00 5.532200579198210733e+00 5.044443409779767427e-03 1.003725484409410812e-01 1.451847290194205504e-03 1.508227624957792119e-02
5.509700000000000000e+04 3.999954808599312628e+00 5.532200579198210733e+00 4.288495379236050356e-03 8.521760180958919129e-02 1.225634575374692737e-03 1.268119074547458328e-02
5.509800000000000000e+04 2.112651187225135008e+00 5.532200579198210733e+00 3.643846503906572783e-03 7.232404459340717462e-02 1.034155386379047173e-03 1.065940229821771279e-02
5.510000000000000000e+04 -2.554973166906576498e+00 5.532200579198210733e+00 2.634269494184159587e-03 5.196288753164438751e-02 7.373742460977353481e-04 7.514517358155370884e-03
5.510100000000000000e+04 9.555948210152793720e+00 5.532200579198210733e+00 2.238869322543809038e-03 4.417081169354349773e-02 6.224268341795411233e-04 6.328196517699642178e-03
5.510200000000000000e+04 1.152096197885917217e+00 5.532200579198210733e+00 1.904200383571595266e-03 3.764388120897137202e-02 5.258043306838589264e-04 5.343347226255695630e-03
5.510600000000000000e+04 -1.786805498231507916e-01 5.532200579198210733e+00 9.925097151839807567e-04 1.981340449968200385e-02 2.668395524086519138e-04 2.712307255261054220e-03
5.510900000000000000e+04 4.474710174372495075e+00 5.532200579198210733e+00 6.083541939038225469e-04 1.223002091960876531e-02 1.603886617199637324e-04 1.630669455947835432e-03
5.511100000000000000e+04 -8.345057888926167067e+00 5.532200579198210733e+00 4.392159339081165462e-04 8.862075859345430393e-03 1.143196079927424701e-04 1.161477832155364534e-03
5.511200000000000000e+04 -7.022293297193571426e+00 5.532200579198210733e+00 3.729466364016164942e-04 7.545006446006610051e-03 9.645587389153405797e-05 9.805076602997543633e-04
5.511400000000000000e+04 1.034490494234813696e+01 5.532200579198210733e+00 2.692619045078518871e-04 5.467542470663059456e-03 6.876820444588222371e-05 6.987274722892087252e-04
5.511500000000000000e+04 -1.573060946380878100e+01 5.532200579198210733e+00 2.286800287131696586e-04 4.654306241368906180e-03 5.804061642466235168e-05 5.898993968781883653e-04
5.511700000000000000e+04 -2.452135397865457644e+00 5.532200579198210733e+00 1.651339522438774791e-04 3.373560585667639226e-03 4.139733072045060849e-05 4.206434645470872170e-04
5.511800000000000000e+04 5.152632927109703775e-01 5.532200579198210733e+00 1.402482262782155011e-04 2.871551828053186747e-03 3.494412016400036890e-05 3.551702941315011404e-04
5.511900000000000000e+04 1.472378769802120457e+00 5.532200579198210733e+00 1.192383718074667176e-04 2.443464415281833887e-03 2.952906681710418518e-05 2.998115846971575321e-04
5.512000000000000000e+04 1.157266090681994264e+00 5.532200579198210733e+00 1.022251916704185686e-04 2.078912564963039927e-03 2.516312410348764490e-05 2.530630024300718631e-04
