5.497600000000000000e+04 -5.494846693338290677e+00 7.717040834711496267e+00 1.164140563987932975e+00 8.960306594862700832e-19 1.164140563987932975e+00 8.960306594862700832e-19
5.497900000000000000e+04 4.114838635198571737e+00 7.717040834711496267e+00 4.289077145657377521e+00 8.960306594113178972e-19 4.289077145657377521e+00 8.960306594113178972e-19
5.498300000000000000e+04 1.277683664292128896e+01 7.717040834711496267e+00 1.143383206421574805e+01 8.960306592350573665e-19 1.143383206421574805e+01 8.960306592350573665e-19
5.499200000000000000e+04 4.236139380031473678e+01 7.717040834711496267e+00 3.733751665722944324e+01 8.960306580341437497e-19 3.733751665722944324e+01 8.960306580341437497e-19
5.499500000000000000e+04 4.058536027610178820e+01 7.717040834711496267e+00 4.526446668391263017e+01 5.692856059696972670e-04 4.526446668391263017e+01 5.692856059696972670e-04
5.499600000000000000e+04 3.055074241843851723e+01 7.717040834711496267e+00 4.750204251648135312e+01 1.414274411638661300e-01 4.750204251648135312e+01 1.414274411638661300e-01
5.499800000000000000e+04 5.434892971779264315e+01 7.717040834711496267e+00 5.442488444432102312e+01 9.313124511903465574e-01 5.091672227927872996e+01 9.313124511903465574e-01
5.500200000000000000e+04 7.576470446383848412e+01 7.717040834711496267e+00 7.235797297109141368e+01 4.563436508517902723e+00 5.381775602163734362e+01 4.563436508517902723e+00
5.500700000000000000e+04 1.025008778713506530e+02 7.717040834711496267e+00 8.800740884395055730e+01 1.307602453554221000e+01 5.210622193247517231e+01 1.307602453554221000e+01
5.501100000000000000e+04 1.102977927419823914e+02 7.717040834711496267e+00 9.408597669889195458e+01 2.257211756982848527e+01 4.789065290588005297e+01 2.257211756982848527e+01
5.501600000000000000e+04 1.229691007951294210e+02 7.717040834711496267e+00 9.309394584249561433e+01 3.420387990938652933e+01 4.031611703369087962e+01 3.420387990938652933e+01
5.502200000000000000e+04 1.463570342640796866e+02 7.717040834711496267e+00 8.629621762564794096e+01 5.625948487938934761e+01 3.169741694238675578e+01 4.239599463405377122e+01
5.502800000000000000e+04 1.542855585531802376e+02 7.717040834711496267e+00 8.255780232582642952e+01 6.981939331152587158e+01 2.632666932167046880e+01 4.221245061156341194e+01
5.503000000000000000e+04 1.547954360491880550e+02 7.717040834711496267e+00 8.193170924491184337e+01 7.229150236185157041e+01 2.502725028100064719e+01 4.100482266696061373e+01
5.503300000000000000e+04 1.529056819263782074e+02 7.717040834711496267e+00 8.053174243568757618e+01 7.380907425854233850e+01 2.313864568316503068e+01 3.831252232470404806e+01
5.503800000000000000e+04 1.594129444278119081e+02 7.717040834711496267e+00 7.470442869149000842e+01 7.092411308566900630e+01 1.953108020902245556e+01 3.225289362695270512e+01
5.504200000000000000e+04 1.590863411634744011e+02 7.717040834711496267e+00 6.794045197279397996e+01 6.614866642352312454e+01 1.656882135661357935e+01 2.736808705979442635e+01
5.504400000000000000e+04 1.212771854251367643e+02 7.717040834711496267e+00 6.429734308416136912e+01 6.405414015717515497e+01 1.517055024046465839e+01 2.535793355390940462e+01
5.504600000000000000e+04 1.141668977223064445e+02 7.717040834711496267e+00 6.084985266255291947e+01 6.236244793923504659e+01 1.390504162668881349e+01 2.366696316479508511e+01
5.505000000000000000e+04 1.161852363815710873e+02 7.717040834711496267e+00 5.528201057483773440e+01 6.008799005978069374e+01 1.188425964160150627e+01 2.106133545733638002e+01
5.505600000000000000e+04 1.118960892721926399e+02 7.717040834711496267e+00 5.040192458179983959e+01 5.708478123164072571e+01 9.950825172612551839e+00 1.795118906655368463e+01
5.505900000000000000e+04 1.019145931107678393e+02 7.717040834711496267e+00 4.847764102677115261e+01 5.424388143684439001e+01 9.195652533626304859e+00 1.622368220034227093e+01
5.506300000000000000e+04 1.001827880364709529e+02 7.717040834711496267e+00 4.641780083657756251e+01 4.929517943282193215e+01 8.367487622413662507e+00 1.384112857863875767e+01
5.506500000000000000e+04 8.189651299080918534e+01 7.717040834711496267e+00 4.553938885580668483e+01 4.655331781554986748e+01 8.010164788539839265e+00 1.268309979990460690e+01
5.506700000000000000e+04 1.001785758652413563e+02 7.717040834711496267e+00 4.466331790514948352e+01 4.390565495287840037e+01 7.670155917078735897e+00 1.161678924537065605e+01
5.507000000000000000e+04 8.139994628697255052e+01 7.717040834711496267e+00 4.341658730236179764e+01 4.039478048110620989e+01 7.200455628366551508e+00 1.024468183644590624e+01
5.507400000000000000e+04 7.633519211548487249e+01 7.717040834711496267e+00 4.163836190851372265e+01 3.710609715687007082e+01 6.603708294373577203e+00 8.917591241737580887e+00
5.507900000000000000e+04 7.863168714449452068e+01 7.717040834711496267e+00 3.883787266843370389e+01 3.435162195766141480e+01 5.840457257125583723e+00 7.748194870342034690e+00
5.508300000000000000e+04 6.400121458733259772e+01 7.717040834711496267e+00 3.570147076743546677e+01 3.262540828687109240e+01 5.155149271873892936e+00 7.013954269992709989e+00
5.509100000000000000e+04 6.079448578792244717e+01 7.717040834711496267e+00 2.584741366992767553e+01 2.992893375250811872e+01 3.457107999615824934e+00 5.882837101230095733e+00
