5.497600000000000000e+04 -4.181119190046102219e+00 6.194573769252635920e+00 1.164140563987932975e+00 8.960306587780850352e-19 1.164140563987932975e+00 8.960306587780850352e-19
5.497900000000000000e+04 4.149213520519242415e+00 6.194573769252635920e+00 4.289077145657377521e+00 8.960306582668382648e-19 4.289077145657377521e+00 8.960306582668382648e-19
5.498300000000000000e+04 1.251244941428379320e+01 6.194573769252635920e+00 1.143383206421574805e+01 5.692856059696972670e-04 1.143383206421574805e+01 5.692856059696972670e-04
5.499200000000000000e+04 4.881320814286844012e+01 6.194573769252635920e+00 3.733751665722944324e+01 7.442956887355959950e+00 3.733751665722944324e+01 7.442956887355959950e+00
5.499500000000000000e+04 5.458405181218135738e+01 6.194573769252635920e+00 4.526446668391263017e+01 1.307602453554221000e+01 4.526446668391263017e+01 1.307602453554221000e+01
5.499600000000000000e+04 4.906908965363671626e+01 6.194573769252635920e+00 4.750204251648135312e+01 1.528761230289747708e+01 4.750204251648135312e+01 1.528761230289747708e+01
5.499800000000000000e+04 7.083950530726566797e+01 6.194573769252635920e+00 5.156845632445348571e+01 2.007959606340551773e+01 5.091672227927872996e+01 2.007959606340551773e+01
5.500200000000000000e+04 8.620360286455246523e+01 6.194573769252635920e+00 5.726209240702214487e+01 2.987001332578356028e+01 5.381775602163734362e+01 2.987001332578356028e+01
5.500700000000000000e+04 1.067926898650120222e+02 6.194573769252635920e+00 5.877581833983199289e+01 4.687906952870235244e+01 5.210622193247517231e+01 3.949706759516585208e+01
5.501100000000000000e+04 1.128732685192644283e+02 6.194573769252635920e+00 5.647265790661376172e+01 6.150611126321732058e+01 4.789065290588005297e+01 4.282857131343035206e+01
5.501600000000000000e+04 1.204167489133724445e+02 6.194573769252635920e+00 5.012099669628450727e+01 7.377047868876820758e+01 4.031611703369087962e+01 4.221245061156341194e+01
5.502200000000000000e+04 1.236848795183620240e+02 6.194573769252635920e+00 4.184059036395051123e+01 7.879290838461267299e+01 3.169741694238675578e+01 3.714193852390528150e+01
5.502800000000000000e+04 1.125388564577126402e+02 6.194573769252635920e+00 3.677309170850931963e+01 7.423389584844170486e+01 2.632666932167046880e+01 2.975067964429372225e+01
5.503000000000000000e+04 1.077570076314736127e+02 6.194573769252635920e+00 3.559876079969532725e+01 7.169891447924943861e+01 2.502725028100064719e+01 2.736808705979442635e+01
5.503300000000000000e+04 1.013571287244487422e+02 6.194573769252635920e+00 3.380093361396748008e+01 6.870819733240665528e+01 2.313864568316503068e+01 2.448006460697853726e+01
5.503800000000000000e+04 1.065193750504720214e+02 6.194573769252635920e+00 2.978099110271744365e+01 6.567345622306629593e+01 1.953108020902245556e+01 2.106133545733638002e+01
5.504200000000000000e+04 1.103039429727749621e+02 6.194573769252635920e+00 2.611246245802299981e+01 6.412586938553646121e+01 1.656882135661357935e+01 1.904313992562109448e+01
5.504400000000000000e+04 8.130407029016210174e+01 6.194573769252635920e+00 2.429715326512819829e+01 6.268555222040546937e+01 1.517055024046465839e+01 1.795118906655368463e+01
5.504600000000000000e+04 7.618970809396333266e+01 6.194573769252635920e+00 2.262628373494803569e+01 6.082429243133687180e+01 1.390504162668881349e+01 1.681808671994051352e+01
5.505000000000000000e+04 7.641250246498299248e+01 6.194573769252635920e+00 1.994654138246396968e+01 5.581156024649975933e+01 1.188425964160150627e+01 1.443726013929840057e+01
5.505600000000000000e+04 6.816661207702603065e+01 6.194573769252635920e+00 1.746568834296954975e+01 4.716145158440792784e+01 9.950825172612551839e+00 1.112403330135105328e+01
5.505900000000000000e+04 5.944423014008816608e+01 6.194573769252635920e+00 1.649332238431214392e+01 4.359864093613013125e+01 9.195652533626304859e+00 9.849461411076502415e+00
5.506300000000000000e+04 5.949392672629131340e+01 6.194573769252635920e+00 1.543634116582872373e+01 4.046960999566336881e+01 8.367487622413662507e+00 8.655305087080730431e+00
5.506500000000000000e+04 4.609303299217861394e+01 6.194573769252635920e+00 1.498221222048491263e+01 3.929544429158458740e+01 8.010164788539839265e+00 8.186039266625957822e+00
5.506700000000000000e+04 6.202088697004671758e+01 6.194573769252635920e+00 1.454261561878128362e+01 3.815908491694748506e+01 7.670155917078735897e+00 7.748194870342034690e+00
5.507000000000000000e+04 4.869794930875080752e+01 6.194573769252635920e+00 1.392856136751225726e+01 3.670506881539076005e+01 7.200455628366551508e+00 7.180458706402981228e+00
5.507400000000000000e+04 4.628418988892823904e+01 6.194573769252635920e+00 1.311232318930817797e+01 3.510581808987847552e+01 6.603708294373577203e+00 6.548371216168340503e+00
5.507900000000000000e+04 4.970951669762953884e+01 6.194573769252635920e+00 1.197060119420459401e+01 3.337039345672771873e+01 5.840457257125583723e+00 5.882837101230095733e+00
5.508300000000000000e+04 3.936767257198326320e+01 6.194573769252635920e+00 1.082993759035267622e+01 3.201000475648747567e+01 5.155149271873892936e+00 5.405543130602271873e+00
5.509100000000000000e+04 3.994379703512398549e+01 6.194573769252635920e+00 7.616700344753585483e+00 2.829896868701689172e+01 3.457107999615824934e+00 4.407870389404665801e+00
