5.497400000000000000e+04 2.510740313748126340e+00 4.800983583137138133e+00 2.872527343123094101e-01 8.716023866393842389e-19 2.872527343123094101e-01 8.716023866393842389e-19
5.497600000000000000e+04 -2.729994779061835963e+00 4.800983583137138133e+00 1.958814406946931541e+00 8.716023356981633868e-19 1.958814406946931541e+00 8.716023356981633868e-19
5.498000000000000000e+04 1.022211902886223989e+01 4.800983583137138133e+00 9.740658635389692677e+00 8.716021689365841492e-19 9.740658635389692677e+00 8.716021689365841492e-19
5.498100000000000000e+04 9.128384649315973931e+00 4.800983583137138133e+00 1.261836908227294352e+01 8.716021077255084616e-19 1.261836908227294352e+01 8.716021077255084616e-19
5.498500000000000000e+04 2.913351799918129359e+01 4.800983583137138133e+00 2.761301931683333422e+01 8.716017365910701769e-19 2.761301931683333422e+01 8.716017365910701769e-19
5.498700000000000000e+04 3.392792764247907655e+01 4.800983583137138133e+00 3.698113532148148863e+01 8.716014404989387201e-19 3.698113532148148863e+01 8.716014404989387201e-19
5.498800000000000000e+04 4.574094839453790229e+01 4.800983583137138133e+00 4.209516568424355398e+01 8.716012528962566048e-19 4.209516568424355398e+01 8.716012528962566048e-19
5.498900000000000000e+04 4.913129286801374462e+01 4.800983583137138133e+00 4.711547825657126509e+01 8.716010327425725717e-19 4.711547825657126509e+01 8.716010327425725717e-19
5.499300000000000000e+04 6.701836716684448447e+01 4.800983583137138133e+00 6.549985504210982867e+01 7.505983906838168407e-01 6.549985504210982867e+01 7.505983906838168407e-01
5.499500000000000000e+04 6.832550315568160215e+01 4.800983583137138133e+00 6.925870503056015082e+01 2.680580088357593205e+00 6.925870503056015082e+01 2.680580088357593205e+00
5.499700000000000000e+04 8.185514689729428994e+01 4.800983583137138133e+00 7.030107015719596575e+01 5.789889591216336839e+00 6.841287481237441170e+01 5.789889591216336839e+00
5.499900000000000000e+04 7.968719110430296837e+01 4.800983583137138133e+00 6.863844840042735029e+01 1.009469526581835552e+01 6.504780932565140006e+01 1.009469526581835552e+01
5.500000000000000000e+04 8.815231283350189528e+01 4.800983583137138133e+00 6.756933273992601130e+01 1.269273137910385429e+01 6.320798198309262261e+01 1.269273137910385429e+01
5.500200000000000000e+04 8.140408808440780319e+01 4.800983583137138133e+00 6.485428909699159306e+01 1.874044088442200007e+01 5.914124484496770862e+01 1.874044088442200007e+01
5.500300000000000000e+04 7.779506105953163342e+01 4.800983583137138133e+00 6.249858677247912198e+01 2.209041545346666879e+01 5.628475033544589223e+01 2.209041545346666879e+01
5.500500000000000000e+04 8.875223354449670410e+01 4.800983583137138133e+00 5.690716326021968285e+01 2.958490825718519801e+01 5.000629460476246635e+01 2.958490825718519801e+01
5.500700000000000000e+04 9.324472851761576919e+01 4.800983583137138133e+00 5.193148914912127623e+01 3.769238260525701634e+01 4.455343955827151348e+01 3.769238260525701634e+01
5.500900000000000000e+04 9.115407423175987844e+01 4.800983583137138133e+00 4.698555998934735101e+01 4.535018634951246952e+01 3.937777404403901471e+01 4.535018634951246952e+01
5.501000000000000000e+04 9.371427909474560636e+01 4.800983583137138133e+00 4.449526763058666035e+01 4.911345556622313779e+01 3.686434766411487374e+01 4.911345556622313779e+01
5.501300000000000000e+04 9.509148950360119557e+01 4.800983583137138133e+00 3.742680720688887419e+01 5.859286445585389913e+01 2.997981993502793685e+01 5.540696402444812918e+01
5.501600000000000000e+04 9.195972677984015320e+01 4.800983583137138133e+00 2.939625750149642514e+01 6.583730317526543274e+01 2.279133005233092391e+01 5.352626274411823459e+01
5.501700000000000000e+04 9.113533381066797290e+01 4.800983583137138133e+00 2.701557127295336969e+01 6.699924360542095769e+01 2.072381963252022885e+01 5.203824746052112715e+01
5.501800000000000000e+04 9.298882766141616685e+01 4.800983583137138133e+00 2.483447003500518235e+01 6.801178861380765284e+01 1.885112345149930135e+01 5.056638558647409809e+01
5.501900000000000000e+04 8.634151697259599700e+01 4.800983583137138133e+00 2.274950808669233027e+01 6.886823592680993045e+01 1.708947422377729097e+01 4.910391153426733268e+01
5.502000000000000000e+04 8.714774420931500742e+01 4.800983583137138133e+00 2.077558241804306149e+01 6.907697397892229674e+01 1.544652967884242400e+01 4.731299587597417400e+01
5.502200000000000000e+04 7.655626021175142171e+01 4.800983583137138133e+00 1.725223185006471027e+01 6.683375334623627850e+01 1.256901635586821442e+01 4.243412910872144295e+01
5.502300000000000000e+04 7.901633891279402633e+01 4.800983583137138133e+00 1.568392870310096399e+01 6.530822075381979630e+01 1.131270102647213349e+01 4.000503568380997876e+01
5.502400000000000000e+04 7.680291046369430319e+01 4.800983583137138133e+00 1.425535509271319690e+01 6.384870722109852892e+01 1.018094207449878574e+01 3.778030013082754124e+01
5.502500000000000000e+04 7.300694353386737134e+01 4.800983583137138133e+00 1.297039310390283973e+01 6.228570850246358503e+01 9.172838121572022274e+00 3.564275164661721362e+01
5.502800000000000000e+04 6.088165457100740952e+01 4.800983583137138133e+00 9.775006311752205690e+00 5.662363801208045544e+01 6.716370971383953226e+00 2.949147813129190610e+01
5.502900000000000000e+04 6.153764651280065578e+01 4.800983583137138133e+00 8.920311494292100463e+00 5.450583539690057222e+01 6.071543353043900915e+00 2.756300146493076042e+01
5.503100000000000000e+04 5.821673410700681472e+01 4.800983583137138133e+00 7.493630684596537250e+00 5.018621857123678609e+01 5.006434182654020404e+00 2.398385594802235588e+01
5.503300000000000000e+04 4.438378154979067602e+01 4.800983583137138133e+00 6.390665700848454200e+00 4.434744135584210056e+01 4.192249869357422831e+00 2.008944115779936368e+01
5.503400000000000000e+04 5.435298960319415329e+01 4.800983583137138133e+00 5.960167755674170564e+00 4.129789005482363962e+01 3.874767751706000407e+00 1.823306404186474339e+01
5.503500000000000000e+04 4.395834893251080189e+01 4.800983583137138133e+00 5.583685812230811507e+00 3.850485687722259343e+01 3.597735703756966164e+00 1.657905570601618450e+01
5.503700000000000000e+04 4.094091629590570847e+01 4.800983583137138133e+00 4.968386507115485351e+00 3.332447473636572255e+01 3.145344712025503142e+00 1.367157937902183562e+01
5.503800000000000000e+04 4.134184716980294638e+01 4.800983583137138133e+00 4.721393177043268885e+00 3.083127323896948369e+01 2.963093496324381348e+00 1.235722374307394134e+01
5.503900000000000000e+04 3.876344751522903209e+01 4.800983583137138133e+00 4.503626765298077039e+00 2.847420520642087993e+01 2.802157021713587159e+00 1.115541829830396736e+01
5.504000000000000000e+04 3.178444337589698776e+01 4.800983583137138133e+00 4.301297963389567158e+00 2.624410615105284350e+01 2.653484246384680389e+00 1.005521308469457331e+01
5.504100000000000000e+04 2.743269741036236908e+01 4.800983583137138133e+00 4.109074746853830007e+00 2.414130399049153297e+01 2.513503025968822246e+00 9.050160821177707149e+00
5.504300000000000000e+04 2.775213872906722656e+01 4.800983583137138133e+00 3.751628227843136099e+00 2.041873765861932455e+01 2.256754227528354306e+00 7.338270497257618707e+00
5.504400000000000000e+04 2.284628152430898496e+01 4.800983583137138133e+00 3.570257843957503230e+00 1.876226605390798241e+01 2.129971270706062736e+00 6.606431709122529305e+00
5.504500000000000000e+04 1.779242841105365258e+01 4.800983583137138133e+00 3.385067954637544396e+00 1.724369022444835053e+01 2.002998789726357476e+00 5.951230448472252910e+00
5.504600000000000000e+04 1.516116963013508112e+01 4.800983583137138133e+00 3.207349489368891859e+00 1.587750097635166746e+01 1.882468299899572761e+00 5.373096777107163824e+00
5.504700000000000000e+04 1.360524901654427410e+01 4.800983583137138133e+00 3.036793662214442691e+00 1.463241948083580546e+01 1.768044749775525615e+00 4.857234682435121798e+00
5.504900000000000000e+04 5.536176997553843293e+00 4.800983583137138133e+00 2.706895661628728078e+00 1.252609832500036013e+01 1.551051834533994978e+00 4.005147346123217211e+00
5.505000000000000000e+04 9.347915952817579921e+00 4.800983583137138133e+00 2.530629839099234779e+00 1.163315733741645808e+01 1.438675292267899364e+00 3.652482680507522339e+00
5.505100000000000000e+04 1.416054725161406225e+01 4.800983583137138133e+00 2.349148258601632566e+00 1.087469616111315673e+01 1.325106192803267691e+00 3.353799895485938709e+00
5.505300000000000000e+04 5.993766365120415607e+00 4.800983583137138133e+00 1.996230124368227221e+00 9.663518100291211610e+00 1.108770342350714921e+00 2.878188563005573020e+00
5.505400000000000000e+04 5.936799397023506231e+00 4.800983583137138133e+00 1.824919189918795759e+00 9.167403591008337571e+00 1.005908494057323077e+00 2.684452003223524841e+00
5.505500000000000000e+04 1.825887832970839497e+01 4.800983583137138133e+00 1.663115182492832078e+00 8.737767610006850205e+00 9.098004280595362037e-01 2.516275769620402780e+00
5.505700000000000000e+04 9.114212142309325415e+00 4.800983583137138133e+00 1.367371001660665275e+00 8.042190652317996680e+00 7.368888778080757707e-01 2.241725617370870172e+00
5.505800000000000000e+04 8.967138475394238029e+00 4.800983583137138133e+00 1.228961473838826368e+00 7.737560062457730758e+00 6.574095826676078502e-01 2.122787397107745111e+00
5.505900000000000000e+04 2.536182730474578761e-02 4.800983583137138133e+00 1.097915126756109139e+00 7.444995962919652044e+00 5.830050588127172473e-01 2.010802420775057886e+00
5.506100000000000000e+04 1.173257252094060377e+01 4.800983583137138133e+00 8.608206717248434447e-01 6.892127410871596638e+00 4.505027589097987395e-01 1.805403382022683800e+00
5.506300000000000000e+04 6.209218565899800701e+00 4.800983583137138133e+00 6.620572229307000178e-01 6.301434192479121954e+00 3.415482990769190819e-01 1.602399031781086114e+00
5.506400000000000000e+04 1.049247999878427606e+01 4.800983583137138133e+00 5.788877268204265514e-01 6.008838813279437474e+00 2.965309531914898100e-01 1.505974639919658298e+00
5.506700000000000000e+04 1.144743793291838685e+01 4.800983583137138133e+00 3.787697937749180399e-01 5.165002608998204181e+00 1.899928740845295005e-01 1.240841467627196382e+00
5.506800000000000000e+04 -2.810385625666769194e+00 4.800983583137138133e+00 3.272081844678540463e-01 4.856967786696429812e+00 1.630009885761951050e-01 1.150940233814319757e+00
5.506900000000000000e+04 6.918792012936695990e+00 4.800983583137138133e+00 2.819948276757037187e-01 4.534513391772782676e+00 1.395185175518027509e-01 1.060084954242614286e+00
5.507000000000000000e+04 -5.022255483164573597e+00 4.800983583137138133e+00 2.424813889624613805e-01 4.212407759411346930e+00 1.191554736916271978e-01 9.717203597258007308e-01
5.507200000000000000e+04 7.467524570111491400e+00 4.800983583137138133e+00 1.786148282401146814e-01 3.581034238844071016e+00 8.659693020465177027e-02 8.047267952458585505e-01
5.507400000000000000e+04 8.795949725974402611e+00 4.800983583137138133e+00 1.308456242629441602e-01 2.999213327389173678e+00 6.259957145868536021e-02 6.570018241816371063e-01
5.507600000000000000e+04 1.125110233908324098e-01 4.800983583137138133e+00 9.442548113717361136e-02 2.461341477507524189e+00 4.458659039435906163e-02 5.259276661340864800e-01
5.507800000000000000e+04 7.209013911391652485e+00 4.800983583137138133e+00 6.791821229277078542e-02 1.970522181514884119e+00 3.165759871947924908e-02 4.109535310771395000e-01
5.508000000000000000e+04 3.398871652062722681e+00 4.800983583137138133e+00 4.873880844587377692e-02 1.543943463964917884e+00 2.242927217941729015e-02 3.144487706649526926e-01
5.508200000000000000e+04 5.860452282610719266e+00 4.800983583137138133e+00 3.488278544311419760e-02 1.192054431829789429e+00 1.585148843184322476e-02 2.372247625531919146e-01
5.508300000000000000e+04 -9.316892354888942407e+00 4.800983583137138133e+00 2.950522556146662617e-02 1.043246342156696427e+00 1.332425287277213925e-02 2.052624382010224402e-01
5.508400000000000000e+04 -4.455947163625387120e+00 4.800983583137138133e+00 2.492846598429798721e-02 9.090791188312800086e-01 1.118771474028273233e-02 1.768636417959688623e-01
5.508600000000000000e+04 1.302022565396102216e+01 4.800983583137138133e+00 1.784393213078356091e-02 6.852561559743243214e-01 7.910245647124551638e-03 1.304007908609561006e-01
5.508900000000000000e+04 6.391032698474024443e+00 4.800983583137138133e+00 1.093087924685943318e-02 4.414905789586589524e-01 4.758348966942117439e-03 8.134326650551063076e-02
5.509000000000000000e+04 -5.941862434471673282e+00 4.800983583137138133e+00 9.280511261215037416e-03 3.799873297380120252e-01 4.015798901434460173e-03 6.927754416372142177e-02
5.509200000000000000e+04 -3.247507260717383826e+00 4.800983583137138133e+00 6.689192263707312985e-03 2.804460801349105137e-01 2.860340487345981557e-03 5.007965716694829511e-02
5.509300000000000000e+04 6.430048180514877920e+00 4.800983583137138133e+00 5.679680079795828250e-03 2.394008106715512230e-01 2.414419350363810127e-03 4.231565367592597660e-02
5.509500000000000000e+04 -2.038373777461283787e+00 4.800983583137138133e+00 4.092601382535572194e-03 1.736421760974892758e-01 1.719580412830072277e-03 3.008093132914495954e-02
5.509600000000000000e+04 4.346233849283259509e+00 4.800983583137138133e+00 3.475432043266888857e-03 1.476510404276512312e-01 1.451847290194205504e-03 2.532607897558340412e-02
5.509700000000000000e+04 3.522059608229917149e+00 4.800983583137138133e+00 2.950837803672110189e-03 1.255224755304681084e-01 1.225634575374692737e-03 2.132016569519628105e-02
5.509800000000000000e+04 1.876662998545362449e+00 4.800983583137138133e+00 2.504103852578224744e-03 1.066736184853086522e-01 1.034155386379047173e-03 1.794341774353383490e-02
5.510000000000000000e+04 -2.185997282958245691e+00 4.800983583137138133e+00 1.805829528693353534e-03 7.684801591757597916e-02 7.373742460977353481e-04 1.268119074547458328e-02
5.510100000000000000e+04 8.319359857357817134e+00 4.800983583137138133e+00 1.532912807217373446e-03 6.520889355934687825e-02 6.224268341795411233e-04 1.065940229821771279e-02
5.510200000000000000e+04 1.022066911727193439e+00 4.800983583137138133e+00 1.302207005371645073e-03 5.526731081699670645e-02 5.258043306838589264e-04 8.950171792226187251e-03
5.510600000000000000e+04 -1.435470322596074932e-01 4.800983583137138133e+00 6.755843787882248683e-04 2.889678226875685638e-02 2.668395524086519138e-04 4.511597543912077707e-03
5.510900000000000000e+04 3.890378110208415396e+00 4.800983583137138133e+00 4.127121043378106642e-04 1.784020097147958478e-02 1.603886617199637324e-04 2.712307255261054220e-03
5.511100000000000000e+04 -7.236900071981150262e+00 4.800983583137138133e+00 2.973224364675246495e-04 1.292680120184784044e-02 1.143196079927424701e-04 1.931535480291048318e-03
5.511200000000000000e+04 -6.089735918853673269e+00 4.800983583137138133e+00 2.521935278768049874e-04 1.100701882764788808e-02 9.645587389153405797e-05 1.630669455947835432e-03
5.511400000000000000e+04 8.980746853212735914e+00 4.800983583137138133e+00 1.816993497869100042e-04 7.973545317746577599e-03 6.876820444588222371e-05 1.161477832155364534e-03
5.511500000000000000e+04 -1.364871661035918038e+01 4.800983583137138133e+00 1.541558772239031946e-04 6.787564278425051514e-03 5.804061642466235168e-05 9.805076602997543633e-04
5.511700000000000000e+04 -2.126067697874617135e+00 4.800983583137138133e+00 1.110938767214012624e-04 4.917294586235306832e-03 4.139733072045060849e-05 6.987274722892087252e-04
5.511800000000000000e+04 4.488243956912724708e-01 4.800983583137138133e+00 9.425826973037459630e-05 4.185336220850746983e-03 3.494412016400036890e-05 5.898993968781883653e-04
5.511900000000000000e+04 1.279185143119152324e+00 4.800983583137138133e+00 8.005920595453287455e-05 3.561526345175334684e-03 2.952906681710418518e-05 4.979414673436328770e-04
5.512000000000000000e+04 1.005513345469008168e+00 4.800983583137138133e+00 6.856951318200382294e-05 3.032839379384498490e-03 2.516312410348764490e-05 4.206434645470872170e-04
