5.497600000000000000e+04 -5.880995251016285508e+00 8.164544947981500655e+00 1.164140563987932975e+00 1.400047904695842546e-18 1.164140563987932975e+00 1.400047904695842546e-18
5.497900000000000000e+04 4.104734703939113771e+00 8.164544947981500655e+00 4.289077145657377521e+00 1.400047904115777677e-18 4.289077145657377521e+00 1.400047904115777677e-18
5.498300000000000000e+04 1.285471624547669656e+01 8.164544947981500655e+00 1.143383206421574805e+01 1.400047902751678668e-18 1.143383206421574805e+01 1.400047902751678668e-18
5.499200000000000000e+04 4.978309336816233355e+01 8.164544947981500655e+00 3.733751665722944324e+01 7.130369544559223449e+00 3.733751665722944324e+01 7.130369544559223449e+00
5.499500000000000000e+04 5.460571097354455361e+01 8.164544947981500655e+00 4.526446668391263017e+01 1.429229008026968373e+01 4.526446668391263017e+01 1.429229008026968373e+01
5.499600000000000000e+04 4.664436759530012466e+01 8.164544947981500655e+00 4.750204251648135312e+01 1.722624419581170585e+01 4.750204251648135312e+01 1.722624419581170585e+01
5.499800000000000000e+04 7.679803383492145485e+01 8.164544947981500655e+00 5.397681728826338343e+01 2.388689422327730227e+01 5.091672227927872996e+01 2.388689422327730227e+01
5.500200000000000000e+04 1.079419072117717775e+02 8.164544947981500655e+00 6.998999170613936371e+01 3.917569678333893535e+01 5.381775602163734362e+01 3.917569678333893535e+01
5.500700000000000000e+04 1.423340200407368172e+02 8.164544947981500655e+00 8.342206131389274049e+01 5.741231793020768492e+01 5.210622193247517231e+01 5.658058335489079127e+01
5.501100000000000000e+04 1.514089840173303969e+02 8.164544947981500655e+00 8.818584826088752493e+01 6.995226532955462062e+01 4.789065290588005297e+01 6.516279956176489918e+01
5.501600000000000000e+04 1.587111552166803676e+02 8.164544947981500655e+00 8.635309107446248333e+01 7.693780788516754399e+01 4.031611703369087962e+01 6.707742622943986532e+01
5.502200000000000000e+04 1.592149366665679224e+02 8.164544947981500655e+00 7.932278589832286286e+01 7.587038327036042062e+01 3.169741694238675578e+01 6.142356158546017753e+01
5.502800000000000000e+04 1.440878506671759851e+02 8.164544947981500655e+00 7.537588693487474245e+01 6.669293660298313853e+01 2.632666932167046880e+01 5.039514629211360131e+01
5.503000000000000000e+04 1.381547020739375000e+02 8.164544947981500655e+00 7.466379576330923840e+01 6.288549909812584815e+01 2.502725028100064719e+01 4.648543694420893502e+01
5.503300000000000000e+04 1.291009488862477497e+02 8.164544947981500655e+00 7.320141948326089221e+01 5.741788631848120161e+01 2.313864568316503068e+01 4.110379148004953720e+01
5.503800000000000000e+04 1.334125167079409664e+02 8.164544947981500655e+00 6.765761495207469522e+01 5.117115425046147692e+01 1.953108020902245556e+01 3.480083939775672519e+01
5.504200000000000000e+04 1.356655763940901522e+02 8.164544947981500655e+00 6.137919871557500784e+01 4.783958891213274001e+01 1.656882135661357935e+01 3.128406285125081610e+01
5.504400000000000000e+04 9.691427035291400216e+01 8.164544947981500655e+00 5.802280350470517334e+01 4.637599670011411490e+01 1.517055024046465839e+01 2.975490613378295279e+01
5.504600000000000000e+04 8.982544909630421159e+01 8.164544947981500655e+00 5.485399871312469600e+01 4.454138787138632694e+01 1.390504162668881349e+01 2.804873291649012756e+01
5.505000000000000000e+04 9.080643100774763354e+01 8.164544947981500655e+00 4.973919187799478436e+01 4.020472861027273126e+01 1.188425964160150627e+01 2.441385026127807123e+01
5.505600000000000000e+04 8.280166654361741507e+01 8.164544947981500655e+00 4.523545615217939542e+01 3.290113083400772354e+01 9.950825172612551839e+00 1.896318780058082254e+01
5.505900000000000000e+04 7.226837218780258354e+01 8.164544947981500655e+00 4.346049300442464869e+01 2.966160162858473370e+01 9.195652533626304859e+00 1.667225092945013287e+01
5.506300000000000000e+04 7.271059550278364725e+01 8.164544947981500655e+00 4.155796402547969137e+01 2.642362366138818430e+01 8.367487622413662507e+00 1.437707365002894022e+01
5.506500000000000000e+04 5.521184963799512957e+01 8.164544947981500655e+00 4.074610624634445344e+01 2.525320498297788419e+01 8.010164788539839265e+00 1.352391419856364152e+01
5.506700000000000000e+04 7.648142989530315106e+01 8.164544947981500655e+00 3.993850186022897475e+01 2.426009480782726868e+01 7.670155917078735897e+00 1.279068635410305710e+01
5.507000000000000000e+04 5.912466893826569247e+01 8.164544947981500655e+00 3.879101460669912171e+01 2.288491194680529972e+01 7.200455628366551508e+00 1.179148389674634423e+01
5.507400000000000000e+04 5.602107910780933508e+01 8.164544947981500655e+00 3.716368916824617941e+01 2.140636806802622871e+01 6.603708294373577203e+00 1.070532509903292251e+01
5.507900000000000000e+04 6.025742926757388318e+01 8.164544947981500655e+00 3.462339871169188399e+01 1.987625028961991092e+01 5.840457257125583723e+00 9.587694896348420315e+00
5.508300000000000000e+04 4.601632313794571871e+01 8.164544947981500655e+00 3.180005379848130431e+01 1.879277511764276554e+01 5.155149271873892936e+00 8.815035938666337501e+00
5.509100000000000000e+04 4.471946528485611339e+01 8.164544947981500655e+00 2.298769393264546679e+01 1.642263574988000130e+01 3.457107999615824934e+00 7.300571571406979210e+00
