5.497600000000000000e+04 -3.948930536000880398e+00 5.925492412676630849e+00 1.164140563987932975e+00 1.400047905375606646e-18 1.164140563987932975e+00 1.400047905375606646e-18
5.497900000000000000e+04 4.155288949659276199e+00 5.925492412676630849e+00 4.289077145657377521e+00 1.400047905214326962e-18 4.289077145657377521e+00 1.400047905214326962e-18
5.498300000000000000e+04 1.246505162256180199e+01 5.925492412676630849e+00 1.143383206421574805e+01 1.400047904835056466e-18 1.143383206421574805e+01 1.400047904835056466e-18
5.499200000000000000e+04 4.119507637878356121e+01 5.925492412676630849e+00 3.733751665722944324e+01 1.400047902250976364e-18 3.733751665722944324e+01 1.400047902250976364e-18
5.499500000000000000e+04 4.236974706445807470e+01 5.925492412676630849e+00 4.526446668391263017e+01 6.985466867700927951e-01 4.526446668391263017e+01 6.985466867700927951e-01
5.499600000000000000e+04 3.583265020182526683e+01 5.925492412676630849e+00 4.750204251648135312e+01 1.455175704984916107e+00 4.750204251648135312e+01 1.455175704984916107e+00
5.499800000000000000e+04 5.430637520224243531e+01 5.925492412676630849e+00 5.128841435191746712e+01 3.791386072109951044e+00 5.091672227927872996e+01 3.791386072109951044e+00
5.500200000000000000e+04 6.652355391127566975e+01 5.925492412676630849e+00 5.578210411642709943e+01 1.162962013649368842e+01 5.381775602163734362e+01 1.162962013649368842e+01
5.500700000000000000e+04 8.455593058342260804e+01 5.925492412676630849e+00 5.590997613354585383e+01 2.755757656490886376e+01 5.210622193247517231e+01 2.755757656490886376e+01
5.501100000000000000e+04 9.091627919004693581e+01 5.925492412676630849e+00 5.278507763286099674e+01 4.301492826619860210e+01 4.789065290588005297e+01 4.301492826619860210e+01
5.501600000000000000e+04 1.048949762536795305e+02 5.925492412676630849e+00 4.590796246626380395e+01 6.231080427099440300e+01 4.031611703369087962e+01 5.937755314560169495e+01
5.502200000000000000e+04 1.209662104709185826e+02 5.925492412676630849e+00 3.748219553437233742e+01 8.056518076439110132e+01 3.169741694238675578e+01 6.727219502704667775e+01
5.502800000000000000e+04 1.199751754716429559e+02 5.925492412676630849e+00 3.228439458916449922e+01 8.622545366436811776e+01 2.632666932167046880e+01 6.407003541712595052e+01
5.503000000000000000e+04 1.171938477631792779e+02 5.925492412676630849e+00 3.105631487369370092e+01 8.569815312403403595e+01 2.502725028100064719e+01 6.142356158546017753e+01
5.503300000000000000e+04 1.105567043494269228e+02 5.925492412676630849e+00 2.921948176870079550e+01 8.243918385839917562e+01 2.313864568316503068e+01 5.610779545252785994e+01
5.503800000000000000e+04 1.100030232644870836e+02 5.925492412676630849e+00 2.537673251558288001e+01 7.404200396473598289e+01 1.953108020902245556e+01 4.648543694420893502e+01
5.504200000000000000e+04 1.082298636768100835e+02 5.925492412676630849e+00 2.201167917226113957e+01 6.702418812467678322e+01 1.656882135661357935e+01 3.962177117798344028e+01
5.504400000000000000e+04 7.932513646193139323e+01 5.925492412676630849e+00 2.037556602796808392e+01 6.438153573423163323e+01 1.517055024046465839e+01 3.697962994499231826e+01
5.504600000000000000e+04 7.424082910200961294e+01 5.925492412676630849e+00 1.887887501655540490e+01 6.230742285774364575e+01 1.390504162668881349e+01 3.480083939775672519e+01
5.505000000000000000e+04 7.621010605366318202e+01 5.925492412676630849e+00 1.648227969693713035e+01 5.910185153858304119e+01 1.188425964160150627e+01 3.128406285125081610e+01
5.505600000000000000e+04 7.116169724048248213e+01 5.925492412676630849e+00 1.423664557445677836e+01 5.353932794251062433e+01 9.950825172612551839e+00 2.627826049990705215e+01
5.505900000000000000e+04 6.233752842619470869e+01 5.925492412676630849e+00 1.335760487034556832e+01 4.959952034952657129e+01 9.195652533626304859e+00 2.349018250036778355e+01
5.506300000000000000e+04 5.963333759434669190e+01 5.925492412676630849e+00 1.239894315889256760e+01 4.380227419957679302e+01 8.367487622413662507e+00 1.981734343735094583e+01
5.506500000000000000e+04 4.517365432949722504e+01 5.925492412676630849e+00 1.198641058957101535e+01 4.101634165275635269e+01 8.010164788539839265e+00 1.815123319589164907e+01
5.506700000000000000e+04 5.900187762765684596e+01 5.925492412676630849e+00 1.158960559070597185e+01 3.849789462119329642e+01 7.670155917078735897e+00 1.667225092945013287e+01
5.507000000000000000e+04 4.458918959330507903e+01 5.925492412676630849e+00 1.103757843272308925e+01 3.540320947233089299e+01 7.200455628366551508e+00 1.485532455200188373e+01
5.507400000000000000e+04 4.110273466810646426e+01 5.925492412676630849e+00 1.031565272664096611e+01 3.263702589504993057e+01 6.603708294373577203e+00 1.314948666198627159e+01
5.507900000000000000e+04 4.346440697227308192e+01 5.925492412676630849e+00 9.336554971240957457e+00 2.994909084545417599e+01 5.840457257125583723e+00 1.149456566703288019e+01
5.508300000000000000e+04 3.335535745504149929e+01 5.925492412676630849e+00 8.391551984756324245e+00 2.828524597161658605e+01 5.155149271873892936e+00 1.045935952801707813e+01
5.509100000000000000e+04 3.526288152834980849e+01 5.925492412676630849e+00 5.829375508952204576e+00 2.558035279041584431e+01 3.457107999615824934e+00 8.815035938666337501e+00
