5.497400000000000000e+04 3.221607697270075565e+00 6.335897773637136687e+00 2.872527343123094101e-01 1.361878828892547995e-18 2.872527343123094101e-01 1.361878828892547995e-18
5.497600000000000000e+04 -4.229045886303671509e+00 6.335897773637136687e+00 1.958814406946931541e+00 1.361878786922353313e-18 1.958814406946931541e+00 1.361878786922353313e-18
5.498000000000000000e+04 1.037604590182643349e+01 6.335897773637136687e+00 9.740658635389692677e+00 1.361878649528380196e-18 9.740658635389692677e+00 1.361878649528380196e-18
5.498100000000000000e+04 8.012607738604398122e+00 6.335897773637136687e+00 1.261836908227294352e+01 1.361878599096895607e-18 1.261836908227294352e+01 1.361878599096895607e-18
5.498500000000000000e+04 2.961963401348505798e+01 6.335897773637136687e+00 2.761301931683333422e+01 1.361878293321106731e-18 2.761301931683333422e+01 1.361878293321106731e-18
5.498700000000000000e+04 3.295179187531986287e+01 6.335897773637136687e+00 3.698113532148148863e+01 1.361878049372206945e-18 3.698113532148148863e+01 1.361878049372206945e-18
5.498800000000000000e+04 4.690653530409649363e+01 6.335897773637136687e+00 4.209516568424355398e+01 1.361877894807208667e-18 4.209516568424355398e+01 1.361877894807208667e-18
5.498900000000000000e+04 4.977576548470586459e+01 6.335897773637136687e+00 4.711547825657126509e+01 1.361877713423546935e-18 4.711547825657126509e+01 1.361877713423546935e-18
5.499300000000000000e+04 6.651327715315541411e+01 6.335897773637136687e+00 6.549985504210982867e+01 1.361876613660269607e-18 6.549985504210982867e+01 1.361876613660269607e-18
5.499500000000000000e+04 6.447016223418782488e+01 6.335897773637136687e+00 6.925870503056015082e+01 -1.940482729049532867e-02 6.925870503056015082e+01 -1.940482729049532867e-02
5.499700000000000000e+04 8.244683907544153101e+01 6.335897773637136687e+00 7.366698359796477291e+01 1.172809985443463487e+00 6.841287481237441170e+01 1.172809985443463487e+00
5.499900000000000000e+04 8.048662352702943679e+01 6.335897773637136687e+00 7.503915283807144476e+01 4.188406388058739438e+00 6.504780932565140006e+01 4.188406388058739438e+00
5.500000000000000000e+04 9.214408921677585340e+01 6.335897773637136687e+00 7.534391452384639365e+01 6.387348154830737812e+00 6.320798198309262261e+01 6.387348154830737812e+00
5.500200000000000000e+04 8.432322650954942844e+01 6.335897773637136687e+00 7.503841145929503398e+01 1.217582329423711585e+01 5.914124484496770862e+01 1.217582329423711585e+01
5.500300000000000000e+04 8.038236659882774404e+01 6.335897773637136687e+00 7.357542563849486328e+01 1.577296135284117895e+01 5.628475033544589223e+01 1.577296135284117895e+01
5.500500000000000000e+04 9.653647298214227135e+01 6.335897773637136687e+00 6.920871173299124735e+01 2.434500671405781702e+01 5.000629460476246635e+01 2.434500671405781702e+01
5.500700000000000000e+04 1.043784132939682223e+02 6.335897773637136687e+00 6.508366450672302506e+01 3.451627414604166688e+01 4.455343955827151348e+01 3.451627414604166688e+01
5.500900000000000000e+04 1.052142220612237082e+02 6.335897773637136687e+00 6.054726537011438836e+01 4.622641915185185724e+01 3.937777404403901471e+01 4.622641915185185724e+01
5.501000000000000000e+04 1.108564720161685813e+02 6.335897773637136687e+00 5.809821191864504186e+01 5.261895710530443893e+01 3.686434766411487374e+01 5.261895710530443893e+01
5.501300000000000000e+04 1.203366079670118296e+02 6.335897773637136687e+00 5.070187147411923689e+01 7.085966617111323274e+01 2.997981993502793685e+01 7.085966617111323274e+01
5.501600000000000000e+04 1.220599434049016025e+02 6.335897773637136687e+00 4.117025860653058089e+01 8.521019049050045169e+01 2.279133005233092391e+01 8.521019049050045169e+01
5.501700000000000000e+04 1.229178804734882107e+02 6.335897773637136687e+00 3.823130245807331562e+01 8.848665301466941457e+01 2.072381963252022885e+01 8.657338128820018142e+01
5.501800000000000000e+04 1.259959868333404387e+02 6.335897773637136687e+00 3.550043568386348625e+01 9.030740164346410381e+01 1.885112345149930135e+01 8.648477460588402721e+01
5.501900000000000000e+04 1.170618636853871095e+02 6.335897773637136687e+00 3.283913366841044734e+01 9.118581051554355099e+01 1.708947422377729097e+01 8.551609351546802884e+01
5.502000000000000000e+04 1.177337357172816326e+02 6.335897773637136687e+00 3.027519817053115148e+01 9.102810057921605846e+01 1.544652967884242400e+01 8.363478553768472068e+01
5.502200000000000000e+04 1.051502326186229936e+02 6.335897773637136687e+00 2.560057251363238251e+01 8.948670049256338643e+01 1.256901635586821442e+01 7.900997747886577827e+01
5.502300000000000000e+04 1.094628215292272415e+02 6.335897773637136687e+00 2.347611717013496602e+01 8.859419788846638255e+01 1.131270102647213349e+01 7.672486177229268378e+01
5.502400000000000000e+04 1.067980694690409678e+02 6.335897773637136687e+00 2.151843916866063111e+01 8.699677116694751078e+01 1.018094207449878574e+01 7.392655605620964820e+01
5.502500000000000000e+04 1.011214490839460183e+02 6.335897773637136687e+00 1.973994763762299343e+01 8.434973397145760998e+01 9.172838121572022274e+00 7.035593791930737950e+01
5.502800000000000000e+04 8.263347004511035720e+01 6.335897773637136687e+00 1.522735626632169925e+01 7.468693082112967829e+01 6.716370971383953226e+00 5.903171895441801809e+01
5.502900000000000000e+04 8.319833420301627314e+01 6.335897773637136687e+00 1.399855035477801835e+01 7.169205342920363933e+01 6.071543353043900915e+00 5.569179944783939362e+01
5.503100000000000000e+04 7.817524285332950740e+01 6.335897773637136687e+00 1.192732879675493862e+01 6.553938267454745414e+01 5.006434182654020404e+00 4.922221755504877194e+01
5.503300000000000000e+04 6.117125790355233761e+01 6.335897773637136687e+00 1.030958087872377327e+01 5.924753299266443207e+01 4.192249869357422831e+00 4.306718978895430183e+01
5.503400000000000000e+04 7.533337797608574249e+01 6.335897773637136687e+00 9.677619936660905253e+00 5.629251782603542154e+01 3.874767751706000407e+00 4.027222623124582412e+01
5.503500000000000000e+04 6.216247287322615733e+01 6.335897773637136687e+00 9.123857744727663643e+00 5.321043290718272090e+01 3.597735703756966164e+00 3.747477491878492373e+01
5.503700000000000000e+04 5.767055245854184875e+01 6.335897773637136687e+00 8.218156663580234778e+00 4.595773562364694698e+01 3.145344712025503142e+00 3.138975180906150086e+01
5.503800000000000000e+04 5.783637664148209012e+01 6.335897773637136687e+00 7.855753477455198919e+00 4.234059340471776522e+01 2.963093496324381348e+00 2.848916256541365399e+01
5.503900000000000000e+04 5.424417768705598064e+01 6.335897773637136687e+00 7.536681525600863907e+00 3.907217143966283146e+01 2.802157021713587159e+00 2.590477454065029050e+01
5.504000000000000000e+04 4.493607455604256984e+01 6.335897773637136687e+00 7.238705024137408905e+00 3.606219916271816572e+01 2.653484246384680389e+00 2.356390431437412758e+01
5.504100000000000000e+04 3.903851487118068064e+01 6.335897773637136687e+00 6.953354771040149096e+00 3.316426091551780786e+01 2.513503025968822246e+00 2.136184277972161283e+01
5.504300000000000000e+04 3.897432450750481792e+01 6.335897773637136687e+00 6.416403619708617612e+00 2.783102562015928427e+01 2.256754227528354306e+00 1.743034109109994390e+01
5.504400000000000000e+04 3.224914000188690721e+01 6.335897773637136687e+00 6.137725213666590740e+00 2.543340459609932935e+01 2.129971270706062736e+00 1.571127044483526802e+01
5.504500000000000000e+04 2.530939248702334865e+01 6.335897773637136687e+00 5.848756466000962995e+00 2.320376389292265529e+01 2.002998789726357476e+00 1.414087628309016509e+01
5.504600000000000000e+04 2.155461347975362685e+01 6.335897773637136687e+00 5.569094218422895537e+00 2.116363333736434882e+01 1.882468299899572761e+00 1.272617759312348085e+01
5.504700000000000000e+04 1.925666630823143066e+01 6.335897773637136687e+00 5.298476506127295593e+00 1.932143689832627231e+01 1.768044749775525615e+00 1.146604765196502740e+01
5.504900000000000000e+04 8.050753922826231701e+00 6.335897773637136687e+00 4.767312918623687779e+00 1.608041064772353934e+01 1.551051834533994978e+00 9.298797575737893339e+00
5.505000000000000000e+04 1.282542754252575534e+01 6.335897773637136687e+00 4.477157509537701863e+00 1.470381514910232035e+01 1.438675292267899364e+00 8.395463714229940422e+00
5.505100000000000000e+04 1.887064170117339401e+01 6.335897773637136687e+00 4.174614549807413866e+00 1.345985267077920078e+01 1.325106192803267691e+00 7.589429191304875921e+00
5.505300000000000000e+04 7.476024757279958521e+00 6.335897773637136687e+00 3.578223648834227166e+00 1.137524426726276872e+01 1.108770342350714921e+00 6.258042728317525949e+00
5.505400000000000000e+04 7.112825028215251422e+00 6.335897773637136687e+00 3.284894778193594433e+00 1.049974630562146594e+01 1.005908494057323077e+00 5.707004188293002933e+00
5.505500000000000000e+04 2.313317990710093852e+01 6.335897773637136687e+00 3.005980614308707111e+00 9.756937539695732298e+00 9.098004280595362037e-01 5.240312336696778317e+00
5.505700000000000000e+04 1.067355375402388873e+01 6.335897773637136687e+00 2.491273918093542150e+00 8.572055031163939631e+00 7.368888778080757707e-01 4.497169629696206705e+00
5.505800000000000000e+04 1.033637957565272814e+01 6.335897773637136687e+00 2.247814845057084732e+00 8.087750550961873230e+00 6.574095826676078502e-01 4.194456255036756787e+00
5.505900000000000000e+04 -1.556924732308312187e+00 6.335897773637136687e+00 2.015798291350851201e+00 7.667957239829172877e+00 5.830050588127172473e-01 3.931680890031879372e+00
5.506100000000000000e+04 1.383032798750426551e+01 6.335897773637136687e+00 1.592256951090792683e+00 6.986127724759686686e+00 4.505027589097987395e-01 3.502696277141983838e+00
5.506300000000000000e+04 6.643327368621884332e+00 6.335897773637136687e+00 1.233399217626569788e+00 6.405348273803298298e+00 3.415482990769190819e-01 3.141878782461027253e+00
5.506400000000000000e+04 1.237088929125711445e+01 6.335897773637136687e+00 1.082219366767661395e+00 6.135534464418920031e+00 2.965309531914898100e-01 2.977258571631851591e+00
5.506700000000000000e+04 1.383212484567183154e+01 6.335897773637136687e+00 7.152851723534366934e-01 5.325723407033668977e+00 1.899928740845295005e-01 2.503748487157946734e+00
5.506800000000000000e+04 -4.873312664939174255e+00 6.335897773637136687e+00 6.199253597529851278e-01 5.057251087680201707e+00 1.630009885761951050e-01 2.353085374874466229e+00
5.506900000000000000e+04 8.109070116919424365e+00 6.335897773637136687e+00 5.359743370270053653e-01 4.798694456484498438e+00 1.395185175518027509e-01 2.210055937219407074e+00
5.507000000000000000e+04 -7.496333619215884703e+00 6.335897773637136687e+00 4.623232379235135969e-01 4.548409357855818236e+00 1.191554736916271978e-01 2.073679838540994247e+00
5.507200000000000000e+04 9.259935518287655043e+00 6.335897773637136687e+00 3.426467334337660597e-01 4.023974792473314466e+00 8.659693020465177027e-02 1.798344115334874260e+00
5.507400000000000000e+04 1.119431132937321749e+01 6.335897773637136687e+00 2.525016314357532710e-01 3.464486745034894177e+00 6.259957145868536021e-02 1.518313062071563468e+00
5.507600000000000000e+04 -1.164374135811860889e-01 6.335897773637136687e+00 1.832687211569734853e-01 2.924678946471666929e+00 4.458659039435906163e-02 1.257385617571653791e+00
5.507800000000000000e+04 9.389370559918113202e+00 6.335897773637136687e+00 1.325566973582035235e-01 2.433165193242681656e+00 3.165759871947924908e-02 1.026565350283807909e+00
5.508000000000000000e+04 4.463343611682742740e+00 6.335897773637136687e+00 9.563841657303531751e-02 1.984062120490840853e+00 2.242927217941729015e-02 8.217619783345098128e-01
5.508200000000000000e+04 7.762399999731016464e+00 6.335897773637136687e+00 6.880814098494507369e-02 1.578703674228523868e+00 1.585148843184322476e-02 6.421148923080304272e-01
5.508300000000000000e+04 -1.225599677169414470e+01 6.335897773637136687e+00 5.834956818044373383e-02 1.396952742534422365e+00 1.332425287277213925e-02 5.631284486372484244e-01
5.508400000000000000e+04 -5.834053823135515238e+00 6.335897773637136687e+00 4.942284863667299744e-02 1.229691223781630427e+00 1.118771474028273233e-02 4.913262041639884781e-01
5.508600000000000000e+04 1.723464479152365669e+01 6.335897773637136687e+00 3.555180803643658016e-02 9.440804222234059351e-01 7.910245647124551638e-03 3.706636914893623458e-01
5.508900000000000000e+04 8.479803966893355138e+00 6.335897773637136687e+00 2.193408539801638274e-02 6.206354723063761680e-01 4.758348966942117439e-03 2.374910926056618965e-01
5.509000000000000000e+04 -7.799613589015176984e+00 6.335897773637136687e+00 1.866543329386737005e-02 5.369660066171307866e-01 4.015798901434460173e-03 2.037512357202438951e-01
5.509200000000000000e+04 -4.252071212230237762e+00 6.335897773637136687e+00 1.351453673461229348e-02 3.991112591301053669e-01 2.860340487345981557e-03 1.489443421145340285e-01
5.509300000000000000e+04 8.517236390614424835e+00 6.335897773637136687e+00 1.150036224965290087e-02 3.433829736217781647e-01 2.414419350363810127e-03 1.270988539148603380e-01
5.509500000000000000e+04 -2.663448865879155747e+00 6.335897773637136687e+00 8.322769198097549476e-03 2.528451681770336190e-01 1.719580412830072277e-03 9.208098189192380489e-02
5.509600000000000000e+04 5.759995138225261435e+00 6.335897773637136687e+00 7.082691820483410713e-03 2.165945172470513935e-01 1.451847290194205504e-03 7.824946432335670721e-02
5.509700000000000000e+04 4.669046537601683866e+00 6.335897773637136687e+00 6.026200080202289908e-03 1.844764145643766062e-01 1.225634575374692737e-03 6.611820886863432889e-02
5.509800000000000000e+04 2.494422407593795299e+00 6.335897773637136687e+00 5.124446770585453469e-03 1.567330118837706732e-01 1.034155386379047173e-03 5.573323799294881836e-02
5.510000000000000000e+04 -2.871934915818732392e+00 6.335897773637136687e+00 3.710467206363804362e-03 1.130334562279006472e-01 7.373742460977353481e-04 3.957199839934906482e-02
5.510100000000000000e+04 1.099009508043701722e+01 6.335897773637136687e+00 3.155953020023944278e-03 9.589077649003512060e-02 6.224268341795411233e-04 3.331275889874418111e-02
5.510200000000000000e+04 1.358184065174592448e+00 6.335897773637136687e+00 2.686229164597698366e-03 8.132293360452225173e-02 5.258043306838589264e-04 2.803659022427161529e-02
5.510600000000000000e+04 -1.852627880324078935e-01 6.335897773637136687e+00 1.404216460595289571e-03 4.180009919838136023e-02 2.668395524086519138e-04 1.398464342535341541e-02
5.510900000000000000e+04 5.136446818014732685e+00 6.335897773637136687e+00 8.625060672652767619e-04 2.550863871934222482e-02 1.603886617199637324e-04 8.348980041024522958e-03
5.511100000000000000e+04 -9.548989738945714123e+00 6.335897773637136687e+00 6.235448698356145254e-04 1.843562827879637045e-02 1.143196079927424701e-04 5.947936208677647232e-03
5.511200000000000000e+04 -8.035334314018951929e+00 6.335897773637136687e+00 5.298128241114183779e-04 1.566964731339726136e-02 9.645587389153405797e-05 5.019748626793075000e-03
5.511400000000000000e+04 1.185290550802151799e+01 6.335897773637136687e+00 3.830113914817855699e-04 1.131908239354988653e-02 6.876820444588222371e-05 3.575425609182477163e-03
5.511500000000000000e+04 -1.801153867907709838e+01 6.335897773637136687e+00 3.254917769095064185e-04 9.621159308780989280e-03 5.804061642466235168e-05 3.018024187954762658e-03
5.511700000000000000e+04 -2.805242489406891693e+00 6.335897773637136687e+00 2.353355456796176034e-04 6.947319815385095791e-03 4.139733072045060849e-05 2.149475516037590347e-03
5.511800000000000000e+04 5.927751977589674759e-01 6.335897773637136687e+00 1.999921885226068870e-04 5.905751814687479687e-03 3.494412016400036890e-05 1.814809112742756881e-03
5.511900000000000000e+04 1.688534958793818319e+00 6.335897773637136687e+00 1.701346713734274547e-04 5.019433199125132410e-03 2.952906681710418518e-05 1.532043219218365976e-03
5.512000000000000000e+04 1.327301098698172588e+00 6.335897773637136687e+00 1.459461198002283194e-04 4.263822658040811522e-03 2.516312410348764490e-05 1.292694232973808696e-03
