5.497600000000000000e+04 -5.971037045470289684e+00 8.268893579054157783e+00 1.164140563987932975e+00 8.960306590053393761e-19 1.164140563987932975e+00 8.960306590053393761e-19
5.497900000000000000e+04 4.102378677784018990e+00 8.268893579054157783e+00 4.289077145657377521e+00 8.960306586340978904e-19 4.289077145657377521e+00 8.960306586340978904e-19
5.498300000000000000e+04 1.287287614540645642e+01 8.268893579054157783e+00 1.143383206421574805e+01 8.960306577610746169e-19 1.143383206421574805e+01 8.960306577610746169e-19
5.499200000000000000e+04 4.728409242083047559e+01 8.268893579054157783e+00 3.733751665722944324e+01 4.563436508517902723e+00 3.733751665722944324e+01 4.563436508517902723e+00
5.499500000000000000e+04 4.939720869463589281e+01 8.268893579054157783e+00 4.526446668391263017e+01 9.147065651372599859e+00 4.526446668391263017e+01 9.147065651372599859e+00
5.499600000000000000e+04 4.021179447007645535e+01 8.268893579054157783e+00 4.750204251648135312e+01 1.102479628531949452e+01 4.750204251648135312e+01 1.102479628531949452e+01
5.499800000000000000e+04 6.840407370955516342e+01 8.268893579054157783e+00 5.419575919406428000e+01 1.528761230289747708e+01 5.091672227927872996e+01 1.528761230289747708e+01
5.500200000000000000e+04 9.498009733814406275e+01 8.268893579054157783e+00 7.114707346060455961e+01 2.507244594133692317e+01 5.381775602163734362e+01 2.507244594133692317e+01
5.500700000000000000e+04 1.258879868692802830e+02 8.268893579054157783e+00 8.566262885698918694e+01 3.870655075074736828e+01 5.210622193247517231e+01 3.621157334713011267e+01
5.501100000000000000e+04 1.403250187473564665e+02 8.268893579054157783e+00 9.106886556582149694e+01 5.607128576690746513e+01 4.789065290588005297e+01 4.170419171952954684e+01
5.501600000000000000e+04 1.575166564016405744e+02 8.268893579054157783e+00 8.964691783611505116e+01 7.250801465697533388e+01 4.031611703369087962e+01 4.292955278684152631e+01
5.502200000000000000e+04 1.694510400983229204e+02 8.268893579054157783e+00 8.273025821962943382e+01 8.264761336145376447e+01 3.169741694238675578e+01 3.931107941469451816e+01
5.502800000000000000e+04 1.620718934592696030e+02 8.268893579054157783e+00 7.888523195545340627e+01 8.114182978668762303e+01 2.632666932167046880e+01 3.225289362695270512e+01
5.503000000000000000e+04 1.577747108250767667e+02 8.268893579054157783e+00 7.821516257818322515e+01 7.894640350409781604e+01 2.502725028100064719e+01 2.975067964429372225e+01
5.503300000000000000e+04 1.504897911024876578e+02 8.268893579054157783e+00 7.678328183501483295e+01 7.524427185304685395e+01 2.313864568316503068e+01 2.630642654723170537e+01
5.503800000000000000e+04 1.572501097214957895e+02 8.268893579054157783e+00 7.110094439292535640e+01 7.137902726523569186e+01 1.953108020902245556e+01 2.227253721456430569e+01
5.504200000000000000e+04 1.610539364919374066e+02 8.268893579054157783e+00 6.458526564807974069e+01 6.968387350239574118e+01 1.656882135661357935e+01 2.002180022480052202e+01
5.504400000000000000e+04 1.224104731757657589e+02 8.268893579054157783e+00 6.108877170830308501e+01 6.890188887888224656e+01 1.517055024046465839e+01 1.904313992562109448e+01
5.504600000000000000e+04 1.155162090927107101e+02 8.268893579054157783e+00 5.778379098386803037e+01 6.742466613397564856e+01 1.390504162668881349e+01 1.795118906655368463e+01
5.505000000000000000e+04 1.163143510378711909e+02 8.268893579054157783e+00 5.244761465031577785e+01 6.299320237655595633e+01 1.188425964160150627e+01 1.562486416721796978e+01
5.505600000000000000e+04 1.064311597112669006e+02 8.268893579054157783e+00 4.775998049847120797e+01 5.394647665509233292e+01 9.950825172612551839e+00 1.213644019237172778e+01
5.505900000000000000e+04 9.468217852599283901e+01 8.268893579054157783e+00 4.591205396988942056e+01 4.963475817505484144e+01 9.195652533626304859e+00 1.067024059484808518e+01
5.506300000000000000e+04 9.405980407435311008e+01 8.268893579054157783e+00 4.393265701272069634e+01 4.533769919730406883e+01 8.367487622413662507e+00 9.201327136018521813e+00
5.506500000000000000e+04 7.600293128383718511e+01 8.268893579054157783e+00 4.308827843051349760e+01 4.383998579657261274e+01 8.010164788539839265e+00 8.655305087080730431e+00
5.506700000000000000e+04 9.727817897279501835e+01 8.268893579054157783e+00 4.224721879126968105e+01 4.259114370032820318e+01 7.670155917078735897e+00 8.186039266625957822e+00
5.507000000000000000e+04 7.929118836938917525e+01 8.268893579054157783e+00 4.105123762844338131e+01 4.082381522421697895e+01 7.200455628366551508e+00 7.546549693917661727e+00
5.507400000000000000e+04 7.572024624339722720e+01 8.268893579054157783e+00 3.935017698451327561e+01 3.895162512193406457e+01 6.603708294373577203e+00 6.851408063381070335e+00
5.507900000000000000e+04 7.951310399781651483e+01 8.268893579054157783e+00 3.668274394055436716e+01 3.699899130656773139e+01 5.840457257125583723e+00 6.136124733662989605e+00
5.508300000000000000e+04 6.464355676261725137e+01 8.268893579054157783e+00 3.370642799922026711e+01 3.557212550660663908e+01 5.155149271873892936e+00 5.641623000746457173e+00
5.509100000000000000e+04 6.179812322505360100e+01 8.268893579054157783e+00 2.438505698609018779e+01 3.203607614678525550e+01 3.457107999615824934e+00 4.672365805700467334e+00
