5.497500000000000000e+04 -4.586698755843447550e+00 1.361026132180475123e+01 9.676860811788584593e-01 2.279498899048011058e-18 9.676860811788584593e-01 2.279498899048011058e-18
5.497600000000000000e+04 -1.200800777307589762e+01 1.361026132180475123e+01 2.014654457448330049e+00 2.279498854538347167e-18 2.014654457448330049e+00 2.279498854538347167e-18
5.497900000000000000e+04 -6.863175824662859803e+00 1.361026132180475123e+01 7.421511495175619366e+00 2.279498669079372028e-18 7.421511495175619366e+00 2.279498669079372028e-18
5.498000000000000000e+04 1.736811484997180344e+01 1.361026132180475123e+01 1.010928248076253944e+01 2.279498584667664851e-18 1.010928248076253944e+01 2.279498584667664851e-18
5.498100000000000000e+04 4.045881810835185632e+01 1.361026132180475123e+01 1.326427468792255127e+01 2.279498485609617514e-18 1.326427468792255127e+01 2.279498485609617514e-18
5.498200000000000000e+04 1.321818095757763167e+01 1.361026132180475123e+01 1.681188057541250913e+01 2.279498369363932715e-18 1.681188057541250913e+01 2.279498369363932715e-18
5.498400000000000000e+04 2.668850436167605267e+01 1.361026132180475123e+01 2.504964300095078400e+01 2.279498072863251428e-18 2.504964300095078400e+01 2.279498072863251428e-18
5.498500000000000000e+04 3.595780927259306026e+01 1.361026132180475123e+01 2.982457128805857849e+01 2.279497885001649794e-18 2.982457128805857849e+01 2.279497885001649794e-18
5.498700000000000000e+04 3.425829268275957418e+01 1.361026132180475123e+01 4.097582893337165899e+01 2.279497405834730840e-18 4.097582893337165899e+01 2.279497405834730840e-18
5.499000000000000000e+04 4.590435979066135985e+01 1.361026132180475123e+01 6.053040193995693841e+01 2.279496327867838250e-18 6.053040193995693841e+01 2.279496327867838250e-18
5.499200000000000000e+04 9.181002515857402102e+01 1.361026132180475123e+01 7.440742163840896239e+01 2.279495261463979831e-18 7.440742163840896239e+01 2.279495261463979831e-18
5.499300000000000000e+04 9.092605541246065570e+01 1.361026132180475123e+01 8.115791156796579742e+01 7.387410742324164448e-03 8.115791156796579742e+01 7.387410742324164448e-03
5.499400000000000000e+04 8.968424921569720709e+01 1.361026132180475123e+01 8.659722275531558466e+01 3.875042658400934537e-01 8.659722275531558466e+01 3.875042658400934537e-01
5.499600000000000000e+04 8.702090700132725942e+01 1.361026132180475123e+01 9.298895886639343189e+01 2.518318071810412118e+00 9.298895886639343189e+01 2.518318071810412118e+00
5.499700000000000000e+04 9.191600605542402036e+01 1.361026132180475123e+01 9.908701069488850521e+01 4.302310410807026031e+00 9.534931745081652821e+01 4.302310410807026031e+00
5.499800000000000000e+04 1.118971723984642352e+02 1.361026132180475123e+01 1.048817279490067449e+02 6.537636875244362322e+00 9.725679520493949326e+01 6.537636875244362322e+00
5.500000000000000000e+04 1.242109619214415233e+02 1.361026132180475123e+01 1.150162744382733138e+02 1.263660310095317385e+01 9.942624000542298290e+01 1.263660310095317385e+01
5.500200000000000000e+04 1.491411988476231443e+02 1.361026132180475123e+01 1.227509135273360812e+02 2.101485071926563819e+01 9.937735874946248771e+01 2.101485071926563819e+01
5.500300000000000000e+04 1.533191239720848671e+02 1.361026132180475123e+01 1.252596187895297817e+02 2.589679503310846798e+01 9.828909195663038645e+01 2.589679503310846798e+01
5.500400000000000000e+04 1.603064287472242597e+02 1.361026132180475123e+01 1.268125650468206800e+02 3.131205375118847201e+01 9.653818898204983157e+01 3.131205375118847201e+01
5.500500000000000000e+04 1.699871479354010262e+02 1.361026132180475123e+01 1.276713043326739410e+02 3.728071411007321956e+01 9.437559456880096320e+01 3.728071411007321956e+01
5.500900000000000000e+04 1.882093477100397081e+02 1.361026132180475123e+01 1.246194895276141210e+02 6.746366186135364273e+01 8.255133116561614770e+01 6.746366186135364273e+01
5.501200000000000000e+04 2.070149180392759263e+02 1.361026132180475123e+01 1.162245864670445599e+02 9.300927704801119944e+01 7.142612246008147281e+01 9.300927704801119944e+01
5.501300000000000000e+04 1.915290074649473127e+02 1.361026132180475123e+01 1.127405816179517757e+02 1.014473894599572503e+02 6.765517379857884350e+01 1.014473894599572503e+02
5.501400000000000000e+04 2.249540252807619538e+02 1.361026132180475123e+01 1.085083704648016010e+02 1.082465284441444737e+02 6.361888512242121152e+01 1.082465284441444737e+02
5.501600000000000000e+04 2.328104989158242972e+02 1.361026132180475123e+01 9.890031861710120609e+01 1.318583436725459137e+02 5.543739832797152900e+01 1.162361985829917899e+02
5.501700000000000000e+04 2.359695478854652890e+02 1.361026132180475123e+01 9.500752535193132076e+01 1.432146748111264287e+02 5.211031447560955598e+01 1.191866468135206389e+02
5.501800000000000000e+04 2.290039942644598341e+02 1.361026132180475123e+01 9.167343473956290723e+01 1.542492771950340398e+02 4.922327896239417555e+01 1.215709940061743595e+02
5.501900000000000000e+04 2.417803984268969941e+02 1.361026132180475123e+01 8.854483303004218442e+01 1.646775793813689575e+02 4.656333247267679099e+01 1.232616612135995240e+02
5.502000000000000000e+04 2.632947529040065433e+02 1.361026132180475123e+01 8.520923179758916888e+01 1.743936249695119045e+02 4.390417961541074021e+01 1.242828000067787144e+02
5.502100000000000000e+04 2.816105659944021227e+02 1.361026132180475123e+01 8.152256880733605726e+01 1.833003567331249997e+02 4.117301454915962466e+01 1.246601990840077718e+02
5.502200000000000000e+04 2.806077591499766868e+02 1.361026132180475123e+01 7.772193594533788996e+01 1.910032835164668654e+02 3.849145005216814042e+01 1.242216984368281061e+02
5.502500000000000000e+04 2.678156426615728947e+02 1.361026132180475123e+01 6.703268384352176668e+01 2.051725425925732509e+02 3.137059333747742329e+01 1.179694932110012076e+02
5.502900000000000000e+04 2.564337744571960798e+02 1.361026132180475123e+01 5.427041326341336713e+01 2.072038412256965501e+02 2.366167303078713857e+01 1.031891639570201704e+02
5.503100000000000000e+04 2.663467010073100028e+02 1.361026132180475123e+01 4.859795634831821332e+01 2.011229077483193350e+02 2.048817721261307412e+01 9.387738412449559178e+01
5.503200000000000000e+04 2.266686803978437865e+02 1.361026132180475123e+01 4.598712242133983352e+01 1.972789502347449968e+02 1.907229695642826428e+01 8.928265307510184812e+01
5.503300000000000000e+04 2.405807841940988112e+02 1.361026132180475123e+01 4.390406447345309005e+01 1.925466246307553320e+02 1.791710107470335345e+01 8.456896724822354372e+01
5.503400000000000000e+04 2.200312923698496661e+02 1.361026132180475123e+01 4.211288768323449716e+01 1.864033334086941238e+02 1.691552365168480421e+01 7.952360640302650552e+01
5.503500000000000000e+04 2.044894547705670220e+02 1.361026132180475123e+01 4.038176310501249588e+01 1.788930215479902017e+02 1.596874529619285887e+01 7.419252718480018416e+01
5.503600000000000000e+04 2.209742740160986614e+02 1.361026132180475123e+01 3.883760709784037601e+01 1.717450600200557460e+02 1.512367877641758973e+01 6.929674790996440947e+01
5.503700000000000000e+04 1.822393177204123162e+02 1.361026132180475123e+01 3.740780938757902163e+01 1.658150206613895534e+02 1.434788638676704053e+01 6.513789309451193787e+01
5.503900000000000000e+04 2.143108608305234384e+02 1.361026132180475123e+01 3.443397415919961446e+01 1.559871637834672242e+02 1.282170619571031622e+01 5.820416559084598873e+01
5.504000000000000000e+04 1.596848927444893036e+02 1.361026132180475123e+01 3.299631664213885074e+01 1.507669527993204781e+02 1.210962883225882791e+01 5.488022451926343592e+01
5.504200000000000000e+04 1.740931776532191293e+02 1.361026132180475123e+01 3.031781968123286575e+01 1.386462030879096119e+02 1.081543224929825442e+01 4.811431256521017019e+01
5.504400000000000000e+04 1.597743874357186940e+02 1.361026132180475123e+01 2.778838392412017555e+01 1.265965066228227016e+02 9.643386980885679804e+00 4.197496903939745039e+01
5.504500000000000000e+04 1.256703203103327837e+02 1.361026132180475123e+01 2.652250425428224645e+01 1.209022667226380037e+02 9.080561577061848411e+00 3.921324167184678089e+01
5.504600000000000000e+04 1.418550155956196193e+02 1.361026132180475123e+01 2.522285331902444483e+01 1.153208293899387655e+02 8.521234229400151960e+00 3.660513883631880816e+01
5.504700000000000000e+04 1.610412181824513311e+02 1.361026132180475123e+01 2.387377083293625546e+01 1.098285329324106243e+02 7.960046289989414880e+00 3.413368129425988684e+01
5.504800000000000000e+04 1.367750930332148300e+02 1.361026132180475123e+01 2.251161035438041580e+01 1.044297834437718961e+02 7.409034476823465276e+00 3.179182399043226326e+01
5.505000000000000000e+04 1.004342513167139401e+02 1.361026132180475123e+01 1.959904555287000605e+01 9.411724068654567077e+01 6.288194800073795498e+00 2.752609987322931318e+01
5.505200000000000000e+04 1.077464806184736688e+02 1.361026132180475123e+01 1.651206002986341304e+01 8.471914308045434439e+01 5.167770414954748759e+00 2.384037119553533302e+01
5.505400000000000000e+04 9.974606518055443871e+01 1.361026132180475123e+01 1.360942776500846385e+01 7.798056403426693350e+01 4.157327640826142812e+00 2.114440456460600615e+01
5.505600000000000000e+04 1.111016357994297579e+02 1.361026132180475123e+01 1.111362431454789501e+01 7.226093719372325097e+01 3.315520380235053022e+00 1.890459847052198938e+01
5.505800000000000000e+04 6.572066371943014929e+01 1.361026132180475123e+01 9.021360104847993000e+00 6.719799326764305647e+01 2.629827455937498115e+00 1.698291378579737554e+01
5.506000000000000000e+04 8.177922171403029949e+01 1.361026132180475123e+01 7.227736994027250894e+00 6.192864184817162965e+01 2.059888564189253035e+00 1.513703604032353489e+01
5.506100000000000000e+04 6.431503460388576343e+01 1.361026132180475123e+01 6.443022994245730217e+00 5.949890776398465420e+01 1.815959130283463896e+00 1.430812518372081854e+01
5.506200000000000000e+04 5.566866631506348995e+01 1.361026132180475123e+01 5.728086679865169728e+00 5.712711314079338365e+01 1.596812745279095003e+00 1.351929031162281980e+01
5.506400000000000000e+04 6.809579162134753005e+01 1.361026132180475123e+01 4.479060947869609066e+00 5.255645904582693362e+01 1.221917543613490142e+00 1.205423372610709798e+01
5.506500000000000000e+04 4.104928357457738031e+01 1.361026132180475123e+01 3.938339277763386104e+00 5.025182776746027002e+01 1.063036946060080368e+00 1.135070197132731273e+01
5.506700000000000000e+04 6.427962948726658965e+01 1.361026132180475123e+01 3.022907305694515490e+00 4.538818394551964985e+01 7.990344961129509649e-01 9.950057862486769267e+00
5.506800000000000000e+04 6.692252237853881525e+01 1.361026132180475123e+01 2.636800026754263726e+00 4.286867348290056867e+01 6.898283870746817481e-01 9.261293096029330485e+00
5.506900000000000000e+04 3.079305421552226107e+01 1.361026132180475123e+01 2.290267831070694982e+00 4.027050950057546430e+01 5.930877954916861095e-01 8.575491801655763524e+00
5.507100000000000000e+04 3.965676235229392432e+01 1.361026132180475123e+01 1.712121578345672690e+00 3.451329559345492015e+01 4.345486239456022304e-01 7.145018133789109882e+00
5.507300000000000000e+04 4.656444923235067535e+01 1.361026132180475123e+01 1.269617735341789233e+00 2.885932997643757858e+01 3.159510589642119949e-01 5.812788022969217927e+00
5.507400000000000000e+04 3.977189677516903998e+01 1.361026132180475123e+01 1.091170381157310354e+00 2.614959086079644024e+01 2.689201451984696289e-01 5.196659551032679403e+00
5.507500000000000000e+04 1.690557867600212560e+01 1.361026132180475123e+01 9.344538545168696864e-01 2.364714077041908524e+01 2.280935985444418612e-01 4.637421707408826421e+00
5.507800000000000000e+04 2.646034645730477308e+01 1.361026132180475123e+01 5.820285073645893315e-01 1.742523672304186277e+01 1.381047141620609098e-01 3.287284319921872644e+00
5.508000000000000000e+04 -1.045649786917204338e+01 1.361026132180475123e+01 4.228304980379422040e-01 1.399488290510178601e+01 9.849760017656127020e-02 2.574860705236566183e+00
5.508100000000000000e+04 1.932751789151555855e+01 1.361026132180475123e+01 3.603677308011949965e-01 1.249016689808966518e+01 8.318738014801362046e-02 2.269948912854329759e+00
5.508200000000000000e+04 1.700150989419334024e+01 1.361026132180475123e+01 3.067402751453138787e-01 1.111701033263305938e+01 7.017301316464903682e-02 1.996015931598868809e+00
5.508400000000000000e+04 2.255246998076335530e+01 1.361026132180475123e+01 2.218768235361109620e-01 8.712272085964183788e+00 4.986444254227592049e-02 1.527396929516862567e+00
5.508500000000000000e+04 1.246312348971100548e+01 1.361026132180475123e+01 1.886536168167924632e-01 7.668748528877420867e+00 4.202762805578161287e-02 1.328796182575100682e+00
5.508800000000000000e+04 2.587461008790425510e+00 1.361026132180475123e+01 1.169318148886124703e-01 5.150258737899573447e+00 2.538464199561750803e-02 8.622854838433522406e-01
5.508900000000000000e+04 5.996653160203647026e+00 1.361026132180475123e+01 9.967869341837667929e-02 4.477812855962230110e+00 2.145658115601357940e-02 7.413597443646077201e-01
5.509000000000000000e+04 -5.481144184631895122e+00 1.361026132180475123e+01 8.497457957563064879e-02 3.878900850439211290e+00 1.813835800367798873e-02 6.351357169307066952e-01
5.509100000000000000e+04 1.515301756382409692e+01 1.361026132180475123e+01 7.246033749023396420e-02 3.353846279612157311e+00 1.533876746194622574e-02 5.431857799320026770e-01
5.509300000000000000e+04 1.209301136160526546e+01 1.361026132180475123e+01 5.259889656492752058e-02 2.491590050991775218e+00 1.095262713745783802e-02 3.949388237052650075e-01
5.509500000000000000e+04 1.992884471020506254e+01 1.361026132180475123e+01 3.821668521789280126e-02 1.837065842676935068e+00 7.830004347216196550e-03 2.851169981805523612e-01
5.509600000000000000e+04 2.986499743734101209e+00 1.361026132180475123e+01 3.255479319445020447e-02 1.570624214038034872e+00 6.616827885050855125e-03 2.412484968723941914e-01
5.509700000000000000e+04 -7.690670964892797556e+00 1.361026132180475123e+01 2.773573975679277312e-02 1.342235467574741881e+00 5.592785077591702451e-03 2.040615828835353474e-01
5.509800000000000000e+04 5.012206796352152161e+00 1.361026132180475123e+01 2.364680470704540530e-02 1.147097755830077670e+00 4.730874821351913062e-03 1.726308927025761164e-01
5.509900000000000000e+04 -3.214871328210084478e+00 1.361026132180475123e+01 2.014261664518247896e-02 9.789165869935515518e-01 3.998454947828823484e-03 1.458457370371799289e-01
5.510100000000000000e+04 -7.254938709020715137e+00 1.361026132180475123e+01 1.461699294405891317e-02 7.119175993067005104e-01 2.857113554350843541e-03 1.039842251850170152e-01
5.510400000000000000e+04 9.652006266056721628e+00 1.361026132180475123e+01 9.037874930121413478e-03 4.393057387974508288e-01 1.726894476100850886e-03 6.233055317784489541e-02
5.510700000000000000e+04 -4.384925066694964357e+01 1.361026132180475123e+01 5.552034038516851129e-03 2.719843969230773539e-01 1.037530654529236849e-03 3.751715914299787180e-02
5.510800000000000000e+04 -1.581449484435126562e+00 1.361026132180475123e+01 4.720859603404087973e-03 2.321679356919177095e-01 8.757902202812570909e-04 3.173080249452188417e-02
5.510900000000000000e+04 -1.268402154021742234e+01 1.361026132180475123e+01 4.011216429286866211e-03 1.980442440700053153e-01 7.387683124515371895e-04 2.682072644501697772e-02
5.511000000000000000e+04 -8.387304858351525283e-01 1.361026132180475123e+01 3.407602960591131405e-03 1.689406664462567709e-01 6.230988444615148105e-04 2.267294750459748418e-02
5.511100000000000000e+04 3.288062763501211094e+01 1.361026132180475123e+01 2.896432075331525739e-03 1.441537366073706028e-01 5.258591276927242816e-04 1.917345932743277914e-02
5.511400000000000000e+04 -2.769285301297797375e+01 1.361026132180475123e+01 1.777981697359458466e-03 8.932851762587609712e-02 3.160519228810185948e-04 1.157105150594250030e-02
