5.497500000000000000e+04 -3.889534399198622427e+00 1.190195529753748538e+01 9.676860811788584593e-01 2.279498802305776228e-18 9.676860811788584593e-01 2.279498802305776228e-18
5.497600000000000000e+04 -1.024793882228420827e+01 1.190195529753748538e+01 2.014654457448330049e+00 2.279498741010288571e-18 2.014654457448330049e+00 2.279498741010288571e-18
5.497900000000000000e+04 -5.070218523824020274e+00 1.190195529753748538e+01 7.421511495175619366e+00 2.279498485609617514e-18 7.421511495175619366e+00 2.279498485609617514e-18
5.498000000000000000e+04 1.645701499874410345e+01 1.190195529753748538e+01 1.010928248076253944e+01 2.279498369363932715e-18 1.010928248076253944e+01 2.279498369363932715e-18
5.498100000000000000e+04 3.704546686888006946e+01 1.190195529753748538e+01 1.326427468792255127e+01 2.279498232948373031e-18 1.326427468792255127e+01 2.279498232948373031e-18
5.498200000000000000e+04 1.366924788137863800e+01 1.190195529753748538e+01 1.681188057541250913e+01 2.279498072863251428e-18 1.681188057541250913e+01 2.279498072863251428e-18
5.498400000000000000e+04 2.648280098322728549e+01 1.190195529753748538e+01 2.504964300095078400e+01 2.279497664544057483e-18 2.504964300095078400e+01 2.279497664544057483e-18
5.498500000000000000e+04 3.518798956454239146e+01 1.190195529753748538e+01 2.982457128805857849e+01 2.279497405834730840e-18 2.982457128805857849e+01 2.279497405834730840e-18
5.498700000000000000e+04 3.510145119190366358e+01 1.190195529753748538e+01 4.097582893337165899e+01 2.279496745960992233e-18 4.097582893337165899e+01 2.279496745960992233e-18
5.499000000000000000e+04 4.774016259591678590e+01 1.190195529753748538e+01 6.053040193995693841e+01 2.279495261463979831e-18 6.053040193995693841e+01 2.279495261463979831e-18
5.499200000000000000e+04 9.001322364743359117e+01 1.190195529753748538e+01 7.440742163840896239e+01 3.875042658400934537e-01 7.440742163840896239e+01 3.875042658400934537e-01
5.499300000000000000e+04 9.090314416574689460e+01 1.190195529753748538e+01 8.115791156796579742e+01 1.209607601473573046e+00 8.115791156796579742e+01 1.209607601473573046e+00
5.499400000000000000e+04 9.147622970182595736e+01 1.190195529753748538e+01 8.659722275531558466e+01 2.518318071810412118e+00 8.659722275531558466e+01 2.518318071810412118e+00
5.499600000000000000e+04 9.210540130319935770e+01 1.190195529753748538e+01 9.298895886639343189e+01 6.537636875244362322e+00 9.298895886639343189e+01 6.537636875244362322e+00
5.499700000000000000e+04 9.881695153575122959e+01 1.190195529753748538e+01 9.957329221388769724e+01 9.276889368969523986e+00 9.534931745081652821e+01 9.276889368969523986e+00
5.499800000000000000e+04 1.189281854234821196e+02 1.190195529753748538e+01 1.058737472600971330e+02 1.263660310095317385e+01 9.725679520493949326e+01 1.263660310095317385e+01
5.500000000000000000e+04 1.350495204339385396e+02 1.190195529753748538e+01 1.170445697343839413e+02 2.101485071926563819e+01 9.942624000542298290e+01 2.101485071926563819e+01
5.500200000000000000e+04 1.618046458245599695e+02 1.190195529753748538e+01 1.257918607050696238e+02 3.131205375118847201e+01 9.937735874946248771e+01 3.131205375118847201e+01
5.500300000000000000e+04 1.679405088310206793e+02 1.190195529753748538e+01 1.287685393723814684e+02 3.728071411007321956e+01 9.828909195663038645e+01 3.728071411007321956e+01
5.500400000000000000e+04 1.765323765397880891e+02 1.190195529753748538e+01 1.307513231572883114e+02 4.387309556528447985e+01 9.653818898204983157e+01 4.387309556528447985e+01
5.500500000000000000e+04 1.876260702976193215e+02 1.190195529753748538e+01 1.320031441233819294e+02 5.121978616671457729e+01 9.437559456880096320e+01 5.121978616671457729e+01
5.500900000000000000e+04 2.108792417514983981e+02 1.190195529753748538e+01 1.300926427838944903e+02 8.417417817184538364e+01 8.255133116561614770e+01 8.417417817184538364e+01
5.501200000000000000e+04 2.283590542641705383e+02 1.190195529753748538e+01 1.220529580597872155e+02 1.082465284441444737e+02 7.142612246008147281e+01 1.082465284441444737e+02
5.501300000000000000e+04 2.142224311678851336e+02 1.190195529753748538e+01 1.186062851862885452e+02 1.154310463448937583e+02 6.765517379857884350e+01 1.129241306445840110e+02
5.501400000000000000e+04 2.429156744656033027e+02 1.190195529753748538e+01 1.143485841190398844e+02 1.213970858000766384e+02 6.361888512242121152e+01 1.162361985829917899e+02
5.501600000000000000e+04 2.387157297507017404e+02 1.190195529753748538e+01 1.045549332465542989e+02 1.323664982739226730e+02 5.543739832797152900e+01 1.215709940061743595e+02
5.501700000000000000e+04 2.355623373430902916e+02 1.190195529753748538e+01 1.005885400322690941e+02 1.369437056083090738e+02 5.211031447560955598e+01 1.232616612135995240e+02
5.501800000000000000e+04 2.232384082808128198e+02 1.190195529753748538e+01 9.719628663914353695e+01 1.408372689676816663e+02 4.922327896239417555e+01 1.242828000067787144e+02
5.501900000000000000e+04 2.280332481837639591e+02 1.190195529753748538e+01 9.400671192908716023e+01 1.440323940216625829e+02 4.656333247267679099e+01 1.246601990840077718e+02
5.502000000000000000e+04 2.400950794371918278e+02 1.190195529753748538e+01 9.058310338251546057e+01 1.462834720792087921e+02 4.390417961541074021e+01 1.242216984368281061e+02
5.502100000000000000e+04 2.488617162264653473e+02 1.190195529753748538e+01 8.677212816235392268e+01 1.474090656619564186e+02 4.117301454915962466e+01 1.228613649457879831e+02
5.502200000000000000e+04 2.406790763237349040e+02 1.190195529753748538e+01 8.282590222225537957e+01 1.474620836700811140e+02 3.849145005216814042e+01 1.206727362275622966e+02
5.502500000000000000e+04 2.115009951551336655e+02 1.190195529753748538e+01 7.167239459813467306e+01 1.436672211847644292e+02 3.137059333747742329e+01 1.114909368188455971e+02
5.502900000000000000e+04 1.831515627592605426e+02 1.190195529753748538e+01 5.825267283449485944e+01 1.293067088930802129e+02 2.366167303078713857e+01 9.387738412449559178e+01
5.503100000000000000e+04 1.870342814122357140e+02 1.190195529753748538e+01 5.225509598076965290e+01 1.202401576335242197e+02 2.048817721261307412e+01 8.456896724822354372e+01
5.503200000000000000e+04 1.498067303830351591e+02 1.190195529753748538e+01 4.948879614254007464e+01 1.148320876459702760e+02 1.907229695642826428e+01 7.952360640302650552e+01
5.503300000000000000e+04 1.596778067383278312e+02 1.190195529753748538e+01 4.728502144624961545e+01 1.087810833583540102e+02 1.791710107470335345e+01 7.419252718480018416e+01
5.503400000000000000e+04 1.411124616369155547e+02 1.190195529753748538e+01 4.539111616693100615e+01 1.031412795891910292e+02 1.691552365168480421e+01 6.929674790996440947e+01
5.503500000000000000e+04 1.290257139403603333e+02 1.190195529753748538e+01 4.355794654442525626e+01 9.839730130856973744e+01 1.596874529619285887e+01 6.513789309451193787e+01
5.503600000000000000e+04 1.453219336725222206e+02 1.190195529753748538e+01 4.192283756822956775e+01 9.431180249194721910e+01 1.512367877641758973e+01 6.152909870299270523e+01
5.503700000000000000e+04 1.125656848453684233e+02 1.190195529753748538e+01 4.040795243105201706e+01 9.050747749376552065e+01 1.434788638676704053e+01 5.820416559084598873e+01
5.503900000000000000e+04 1.404521032803936293e+02 1.190195529753748538e+01 3.724577432791889464e+01 8.231514933740739082e+01 1.282170619571031622e+01 5.146626818644953261e+01
5.504000000000000000e+04 9.267973226160074773e+01 1.190195529753748538e+01 3.571371735209773135e+01 7.802216925574479944e+01 1.210962883225882791e+01 4.811431256521017019e+01
5.504200000000000000e+04 1.072707822112633096e+02 1.190195529753748538e+01 3.285512008691823382e+01 6.993029841963614501e+01 1.081543224929825442e+01 4.197496903939745039e+01
5.504400000000000000e+04 9.747154313614753107e+01 1.190195529753748538e+01 3.014908505704098118e+01 6.260942946563968547e+01 9.643386980885679804e+00 3.660513883631880816e+01
5.504500000000000000e+04 6.890783450807478516e+01 1.190195529753748538e+01 2.879173659239000571e+01 5.914001621043468049e+01 9.080561577061848411e+00 3.413368129425988684e+01
5.504600000000000000e+04 8.433080036926176604e+01 1.190195529753748538e+01 2.739576804752148931e+01 5.578829273841054004e+01 8.521234229400151960e+00 3.179182399043226326e+01
5.504700000000000000e+04 1.024101123952884222e+02 1.190195529753748538e+01 2.594417887296250314e+01 5.255849121963593262e+01 7.960046289989414880e+00 2.957709128848392055e+01
5.504800000000000000e+04 8.260085749602862393e+01 1.190195529753748538e+01 2.447648629763399697e+01 4.952495889191418854e+01 7.409034476823465276e+00 2.752609987322931318e+01
5.505000000000000000e+04 5.366799616256029992e+01 1.190195529753748538e+01 2.133081440081033264e+01 4.395210833608894063e+01 6.288194800073795498e+00 2.384037119553533302e+01
5.505200000000000000e+04 6.360611679257893059e+01 1.190195529753748538e+01 1.798797526037448691e+01 3.992063581797614091e+01 5.167770414954748759e+00 2.114440456460600615e+01
5.505400000000000000e+04 5.850276676218006600e+01 1.190195529753748538e+01 1.483916528116483491e+01 3.653124608443668819e+01 4.157327640826142812e+00 1.890459847052198938e+01
5.505600000000000000e+04 6.994687941141762622e+01 1.190195529753748538e+01 1.212817355089982385e+01 3.357182397176424615e+01 3.315520380235053022e+00 1.698291378579737554e+01
5.505800000000000000e+04 3.126695302662458431e+01 1.190195529753748538e+01 9.852911546415430877e+00 3.059497724470192992e+01 2.629827455937498115e+00 1.513703604032353489e+01
5.506000000000000000e+04 4.686400438447520145e+01 1.190195529753748538e+01 7.900084621378622884e+00 2.792544606768809246e+01 2.059888564189253035e+00 1.351929031162281980e+01
5.506100000000000000e+04 3.228880085386246890e+01 1.190195529753748538e+01 7.045013445934697138e+00 2.666648200907579636e+01 1.815959130283463896e+00 1.277252706632618029e+01
5.506200000000000000e+04 2.541549869101346815e+01 1.190195529753748538e+01 6.265573849926113326e+00 2.543443316208598404e+01 1.596812745279095003e+00 1.205423372610709798e+01
5.506400000000000000e+04 3.752253592857596232e+01 1.190195529753748538e+01 4.902821951994766891e+00 2.294768377977460361e+01 1.221917543613490142e+00 1.065154278675018951e+01
5.506500000000000000e+04 1.447822602981673690e+01 1.190195529753748538e+01 4.312421979081927148e+00 2.165729594348870179e+01 1.063036946060080368e+00 9.950057862486769267e+00
5.506700000000000000e+04 3.623518723780878048e+01 1.190195529753748538e+01 3.312237696737015291e+00 1.904616729147744891e+01 7.990344961129509649e-01 8.575491801655763524e+00
5.506800000000000000e+04 3.925106906248960570e+01 1.190195529753748538e+01 2.890105010488086990e+00 1.763209821940692024e+01 6.898283870746817481e-01 7.860243500092245483e+00
5.506900000000000000e+04 8.406713317494528326e+00 1.190195529753748538e+01 2.511074417332249897e+00 1.618632408028585346e+01 5.930877954916861095e-01 7.145018133789109882e+00
5.507100000000000000e+04 1.830537054424620536e+01 1.190195529753748538e+01 1.878336427004865472e+00 1.342637777545429856e+01 4.345486239456022304e-01 5.812788022969217927e+00
5.507300000000000000e+04 2.668369245093524000e+01 1.190195529753748538e+01 1.393691716197035246e+00 1.091741818358186045e+01 3.159510589642119949e-01 4.637421707408826421e+00
5.507400000000000000e+04 2.200517720263940902e+01 1.190195529753748538e+01 1.198146814917261604e+00 9.848753289488223928e+00 2.689201451984696289e-01 4.144400475293815944e+00
5.507500000000000000e+04 3.181829230614768633e+00 1.190195529753748538e+01 1.026352765370425191e+00 8.868029334529056840e+00 2.280935985444418612e-01 3.697168904581446203e+00
5.507800000000000000e+04 1.437941450469351068e+01 1.190195529753748538e+01 6.397838988271632443e-01 6.347546610549183121e+00 1.381047141620609098e-01 2.574860705236566183e+00
5.508000000000000000e+04 -1.627787046998762577e+01 1.190195529753748538e+01 4.650268699535810568e-01 5.009201581940520676e+00 9.849760017656127020e-02 1.996015931598868809e+00
5.508100000000000000e+04 1.049014351721202409e+01 1.190195529753748538e+01 3.964294600953588432e-01 4.429696046591391045e+00 8.318738014801362046e-02 1.749623211387704602e+00
5.508200000000000000e+04 9.116150978288343865e+00 1.190195529753748538e+01 3.375181587193289423e-01 3.900971757986066990e+00 7.017301316464903682e-02 1.527396929516862567e+00
5.508400000000000000e+04 1.514980161565500261e+01 1.190195529753748538e+01 2.442559853490843813e-01 2.996542211098024655e+00 4.986444254227592049e-02 1.153225912522330976e+00
5.508500000000000000e+04 6.852796674549036737e+00 1.190195529753748538e+01 2.077299571913117926e-01 2.617437250641998947e+00 4.202762805578161287e-02 9.987931201411885951e-01
5.508800000000000000e+04 -5.078015317077455570e-01 1.190195529753748538e+01 1.288422889129562099e-01 1.706736698536195140e+00 2.538464199561750803e-02 6.351357169307066952e-01
5.508900000000000000e+04 2.822597175684652626e+00 1.190195529753748538e+01 1.098555498606739317e-01 1.471707552147768050e+00 2.145658115601357940e-02 5.431857799320026770e-01
5.509000000000000000e+04 -6.899680534328974879e+00 1.190195529753748538e+01 9.367010840259386295e-02 1.266167567825745133e+00 1.813835800367798873e-02 4.635259803140082679e-01
5.509100000000000000e+04 1.142229519861995435e+01 1.190195529753748538e+01 7.989197032554690159e-02 1.087582532719558737e+00 1.533876746194622574e-02 3.949388237052650075e-01
5.509300000000000000e+04 9.206123639767708866e+00 1.190195529753748538e+01 5.801716120982790270e-02 7.978143843088216780e-01 1.095262713745783802e-02 2.851169981805523612e-01
5.509500000000000000e+04 1.640978616560745351e+01 1.190195529753748538e+01 4.217005441280226308e-02 5.800654555047375371e-01 7.830004347216196550e-03 2.040615828835353474e-01
5.509600000000000000e+04 1.740174160588690455e+00 1.190195529753748538e+01 3.592937541582614386e-02 4.945529814143399538e-01 6.616827885050855125e-03 1.726308927025761164e-01
5.509700000000000000e+04 -7.471713074131203669e+00 1.190195529753748538e+01 3.061658335026025413e-02 4.210566428263383676e-01 5.592785077591702451e-03 1.458457370371799289e-01
5.509800000000000000e+04 3.743591459636464780e+00 1.190195529753748538e+01 2.610780578911267233e-02 3.581865230420650525e-01 4.730874821351913062e-03 1.231220002207015773e-01
5.509900000000000000e+04 -3.357952320753839981e+00 1.190195529753748538e+01 2.224300502927696252e-02 3.048193577073589067e-01 3.998454947828823484e-03 1.039842251850170152e-01
5.510100000000000000e+04 -6.743485543918926517e+00 1.190195529753748538e+01 1.614697725241379112e-02 2.200379049968962386e-01 2.857113554350843541e-03 7.394243732673441705e-02
5.510400000000000000e+04 8.193398162258397122e+00 1.190195529753748538e+01 9.989048407557760481e-03 1.349536968969960171e-01 1.726894476100850886e-03 4.435764426012227257e-02
5.510700000000000000e+04 -3.849864276485591574e+01 1.190195529753748538e+01 6.139380142045851481e-03 8.338563851755777245e-02 1.037530654529236849e-03 2.682072644501697772e-02
5.510800000000000000e+04 -1.513893025990856511e+00 1.190195529753748538e+01 5.221110977228741665e-03 7.099353322639564978e-02 8.757902202812570909e-04 2.267294750459748418e-02
5.510900000000000000e+04 -1.120376916514371501e+01 1.190195529753748538e+01 4.436968607752687054e-03 6.046158664312652892e-02 7.387683124515371895e-04 1.917345932743277914e-02
5.511000000000000000e+04 -8.289386446615768511e-01 1.190195529753748538e+01 3.769872628761057175e-03 5.146364242425782026e-02 6.230988444615148105e-04 1.620595869261173133e-02
5.511100000000000000e+04 2.867197387791378560e+01 1.190195529753748538e+01 3.204848453723308215e-03 4.378038882520333963e-02 5.258591276927242816e-04 1.369078392182229709e-02
5.511400000000000000e+04 -2.426765895460955491e+01 1.190195529753748538e+01 1.968181744549255853e-03 2.699996618495001388e-02 3.160519228810185948e-04 8.271034856313568689e-03
