5.497400000000000000e+04 2.800948235241873085e+00 5.427604338599760325e+00 2.872527343123094101e-01 8.716024236303062206e-19 2.872527343123094101e-01 8.716024236303062206e-19
5.497600000000000000e+04 -3.341974616834376022e+00 5.427604338599760325e+00 1.958814406946931541e+00 8.716023866393842389e-19 1.958814406946931541e+00 8.716023866393842389e-19
5.498000000000000000e+04 1.028495887620992910e+01 5.427604338599760325e+00 9.740658635389692677e+00 8.716022655456037539e-19 9.740658635389692677e+00 8.716022655456037539e-19
5.498100000000000000e+04 8.672874513931738250e+00 5.427604338599760325e+00 1.261836908227294352e+01 8.716022210972289233e-19 1.261836908227294352e+01 8.716022210972289233e-19
5.498500000000000000e+04 2.933197234015410970e+01 5.427604338599760325e+00 2.761301931683333422e+01 8.716019515982127606e-19 2.761301931683333422e+01 8.716019515982127606e-19
5.498700000000000000e+04 3.352942527952148311e+01 5.427604338599760325e+00 3.698113532148148863e+01 8.716017365910701769e-19 3.698113532148148863e+01 8.716017365910701769e-19
5.498800000000000000e+04 4.621679320354773068e+01 5.427604338599760325e+00 4.209516568424355398e+01 8.716016003634627670e-19 4.209516568424355398e+01 8.716016003634627670e-19
5.498900000000000000e+04 4.939439547039116718e+01 5.427604338599760325e+00 4.711547825657126509e+01 8.716014404989387201e-19 4.711547825657126509e+01 8.716014404989387201e-19
5.499300000000000000e+04 6.635557720795750924e+01 5.427604338599760325e+00 6.549985504210982867e+01 -1.241908946591701104e-02 6.549985504210982867e+01 -1.241908946591701104e-02
5.499500000000000000e+04 6.592385336236304738e+01 5.427604338599760325e+00 6.925870503056015082e+01 7.505983906838168407e-01 6.925870503056015082e+01 7.505983906838168407e-01
5.499700000000000000e+04 8.424602826464794703e+01 5.427604338599760325e+00 7.504892366917474078e+01 2.680580088357593205e+00 6.841287481237441170e+01 2.680580088357593205e+00
5.499900000000000000e+04 8.453554291599387227e+01 5.427604338599760325e+00 7.766708433482776286e+01 5.789889591216336839e+00 6.504780932565140006e+01 5.789889591216336839e+00
5.500000000000000000e+04 9.524852254667366935e+01 5.427604338599760325e+00 7.853591761399258075e+01 7.792526908311754319e+00 6.320798198309262261e+01 7.792526908311754319e+00
5.500200000000000000e+04 8.943586602413093090e+01 5.427604338599760325e+00 7.921969746983425864e+01 1.269273137910385429e+01 5.914124484496770862e+01 1.269273137910385429e+01
5.500300000000000000e+04 8.602335652041476521e+01 5.427604338599760325e+00 7.812323346559890069e+01 1.558080429699700353e+01 5.628475033544589223e+01 1.558080429699700353e+01
5.500500000000000000e+04 9.890491961136578425e+01 5.427604338599760325e+00 7.425934748807226526e+01 2.209041545346666879e+01 5.000629460476246635e+01 2.209041545346666879e+01
5.500700000000000000e+04 1.041618978948120287e+02 5.427604338599760325e+00 7.048354138118553180e+01 2.958490825718519801e+01 4.455343955827151348e+01 2.958490825718519801e+01
5.500900000000000000e+04 1.024717621661201434e+02 5.427604338599760325e+00 6.611528261994149602e+01 3.769238260525701634e+01 3.937777404403901471e+01 3.769238260525701634e+01
5.501000000000000000e+04 1.053363329921687779e+02 5.427604338599760325e+00 6.368316058975845095e+01 4.153383942830611630e+01 3.686434766411487374e+01 4.153383942830611630e+01
5.501300000000000000e+04 1.075027589776527464e+02 5.427604338599760325e+00 5.615220273830733078e+01 5.239988403368787573e+01 2.997981993502793685e+01 5.239988403368787573e+01
5.501600000000000000e+04 1.029006274758798014e+02 5.427604338599760325e+00 4.600429971062996515e+01 6.059745999265398808e+01 2.279133005233092391e+01 5.535025574776578594e+01
5.501700000000000000e+04 1.020937749045595808e+02 5.427604338599760325e+00 4.283613518041931911e+01 6.251294848855524577e+01 2.072381963252022885e+01 5.473029984989954499e+01
5.501800000000000000e+04 1.037155708346256660e+02 5.427604338599760325e+00 3.987955166164677223e+01 6.367484216040304545e+01 1.885112345149930135e+01 5.352626274411823459e+01
5.501900000000000000e+04 9.538805811496017384e+01 5.427604338599760325e+00 3.698162222025406010e+01 6.437131210866463960e+01 1.708947422377729097e+01 5.203824746052112715e+01
5.502000000000000000e+04 9.606507032780386623e+01 5.427604338599760325e+00 3.417544691443887217e+01 6.494746564726733595e+01 1.544652967884242400e+01 5.056638558647409809e+01
5.502200000000000000e+04 8.576972817682872119e+01 5.427604338599760325e+00 2.902814327387763882e+01 6.525408391214358517e+01 1.256901635586821442e+01 4.731299587597417400e+01
5.502300000000000000e+04 8.867831703744225536e+01 5.427604338599760325e+00 2.667534902042129019e+01 6.423665986283769769e+01 1.131270102647213349e+01 4.502780026835672089e+01
5.502400000000000000e+04 8.557736620051640841e+01 5.427604338599760325e+00 2.450043710228132809e+01 6.254790630625539194e+01 1.018094207449878574e+01 4.243412910872144295e+01
5.502500000000000000e+04 8.084026239042593431e+01 5.427604338599760325e+00 2.251931758845931597e+01 6.086366128934850650e+01 9.172838121572022274e+00 4.000503568380997876e+01
5.502800000000000000e+04 6.705084698992934022e+01 5.427604338599760325e+00 1.746592271108397298e+01 5.582198737225386509e+01 6.716370971383953226e+00 3.355493350099414585e+01
5.502900000000000000e+04 6.784882943057776572e+01 5.427604338599760325e+00 1.608351834221329213e+01 5.390029711148059732e+01 6.071543353043900915e+00 3.150221923523121603e+01
5.503100000000000000e+04 6.412789496786862742e+01 5.427604338599760325e+00 1.374766826556793831e+01 4.977326804537197091e+01 5.006434182654020404e+00 2.756300146493076042e+01
5.503300000000000000e+04 5.031859571496622863e+01 5.427604338599760325e+00 1.191856637858315260e+01 4.558371661481128001e+01 4.192249869357422831e+00 2.398385594802235588e+01
5.503400000000000000e+04 6.221708169180448778e+01 5.427604338599760325e+00 1.120389095405789703e+01 4.299223379980488602e+01 3.874767751706000407e+00 2.206993521550558768e+01
5.503500000000000000e+04 5.051662730743630902e+01 5.427604338599760325e+00 1.057734296904548010e+01 4.008647088627285626e+01 3.597735703756966164e+00 2.008944115779936368e+01
5.503700000000000000e+04 4.719963132734024214e+01 5.427604338599760325e+00 9.552411890421453222e+00 3.465354223671502609e+01 3.145344712025503142e+00 1.657905570601618450e+01
5.503800000000000000e+04 4.792433443333035115e+01 5.427604338599760325e+00 9.142624982908879261e+00 3.223692919193993589e+01 2.963093496324381348e+00 1.508089876119944250e+01
5.503900000000000000e+04 4.519511076885829937e+01 5.427604338599760325e+00 8.781960106050380688e+00 2.987240094316270955e+01 2.802157021713587159e+00 1.367157937902183562e+01
5.504000000000000000e+04 3.743173762929974657e+01 5.427604338599760325e+00 8.444713614119246259e+00 2.758626628403826686e+01 2.653484246384680389e+00 1.235722374307394134e+01
5.504100000000000000e+04 3.262884643644749616e+01 5.427604338599760325e+00 8.121128276905263732e+00 2.543212263647338389e+01 2.513503025968822246e+00 1.115541829830396736e+01
5.504300000000000000e+04 3.305025308715502774e+01 5.427604338599760325e+00 7.510478069214364005e+00 2.149051188596858353e+01 2.256754227528354306e+00 9.050160821177707149e+00
5.504400000000000000e+04 2.749925424336175439e+01 5.427604338599760325e+00 7.191847995539021099e+00 1.972659336354884729e+01 2.129971270706062736e+00 8.144753659599029305e+00
5.504500000000000000e+04 2.177487063108045007e+01 5.427604338599760325e+00 6.860270854812774211e+00 1.812112516592796041e+01 2.002998789726357476e+00 7.338270497257618707e+00
5.504600000000000000e+04 1.873002426695568445e+01 5.427604338599760325e+00 6.538753639701166520e+00 1.662706732551957955e+01 1.882468299899572761e+00 6.606431709122529305e+00
5.504700000000000000e+04 1.689280906619359612e+01 5.427604338599760325e+00 6.227053608709400834e+00 1.526014511597255030e+01 1.768044749775525615e+00 5.951230448472252910e+00
5.504900000000000000e+04 7.566205382454691986e+00 5.427604338599760325e+00 5.613256589178528877e+00 1.291538702059498789e+01 1.551051834533994978e+00 4.857234682435121798e+00
5.505000000000000000e+04 1.175055437591113261e+01 5.427604338599760325e+00 5.276341634392520241e+00 1.191864784429429669e+01 1.438675292267899364e+00 4.403875201113765847e+00
5.505100000000000000e+04 1.701242995309166162e+01 5.427604338599760325e+00 4.924094612456942244e+00 1.102937476175411469e+01 1.325106192803267691e+00 4.005147346123217211e+00
5.505300000000000000e+04 7.375874160171944638e+00 5.427604338599760325e+00 4.227741315383275911e+00 9.553634382281243731e+00 1.108770342350714921e+00 3.353799895485938709e+00
5.505400000000000000e+04 7.146011094814512354e+00 5.427604338599760325e+00 3.884315649802353221e+00 8.977061927152464094e+00 1.005908494057323077e+00 3.099814201364801125e+00
5.505500000000000000e+04 2.091259507680444685e+01 5.427604338599760325e+00 3.557319673712786567e+00 8.471660216350603179e+00 9.098004280595362037e-01 2.878188563005573020e+00
5.505700000000000000e+04 1.026376446951362631e+01 5.427604338599760325e+00 2.952713733376959304e+00 7.644949043260708343e+00 7.368888778080757707e-01 2.516275769620402780e+00
5.505800000000000000e+04 9.981159057838590698e+00 5.427604338599760325e+00 2.666124562508484175e+00 7.314337033806808996e+00 6.574095826676078502e-01 2.370474797059505256e+00
5.505900000000000000e+04 -2.132742459612426700e-01 5.427604338599760325e+00 2.392652761367392245e+00 7.023326359222935800e+00 5.830050588127172473e-01 2.241725617370870172e+00
5.506100000000000000e+04 1.288207216181037573e+01 5.427604338599760325e+00 1.892562090180064605e+00 6.490468053777732393e+00 4.505027589097987395e-01 2.010802420775057886e+00
5.506300000000000000e+04 6.613887893728118250e+00 5.427604338599760325e+00 1.467974589432598176e+00 5.998633277108568862e+00 3.415482990769190819e-01 1.805403382022683800e+00
5.506400000000000000e+04 1.144567326827982434e+01 5.427604338599760325e+00 1.288871788046810796e+00 5.742402545823545701e+00 2.965309531914898100e-01 1.703977016564850455e+00
5.506700000000000000e+04 1.249543690799742102e+01 5.427604338599760325e+00 8.534479903877064677e-01 4.967781416129282590e+00 1.899928740845295005e-01 1.414435799820420669e+00
5.506800000000000000e+04 -3.573758474718040645e+00 5.427604338599760325e+00 7.401059886302138180e-01 4.724141282093135885e+00 1.630009885761951050e-01 1.327155096666236656e+00
5.506900000000000000e+04 7.492637939051376428e+00 5.427604338599760325e+00 6.402504770452228655e-01 4.475715173731297014e+00 1.395185175518027509e-01 1.240841467627196382e+00
5.507000000000000000e+04 -5.955514899698654219e+00 5.427604338599760325e+00 5.525835092449212782e-01 4.205995990451049771e+00 1.191554736916271978e-01 1.150940233814319757e+00
5.507200000000000000e+04 8.244991755240425491e+00 5.427604338599760325e+00 4.099931660539237743e-01 3.643173972683972472e+00 8.659693020465177027e-02 9.717203597258007308e-01
5.507400000000000000e+04 9.801218194329777589e+00 5.427604338599760325e+00 3.024498295026383232e-01 3.093369800925080515e+00 6.259957145868536021e-02 8.047267952458585505e-01
5.507600000000000000e+04 4.539593908704198100e-02 5.427604338599760325e+00 2.197450107585985912e-01 2.587798785086631970e+00 4.458659039435906163e-02 6.570018241816371063e-01
5.507800000000000000e+04 8.125909968959296847e+00 5.427604338599760325e+00 1.590952623647429731e-01 2.121381834118450715e+00 3.165759871947924908e-02 5.259276661340864800e-01
5.508000000000000000e+04 3.853406359352917754e+00 5.427604338599760325e+00 1.148939467390650837e-01 1.696580557698863068e+00 2.242927217941729015e-02 4.109535310771395000e-01
5.508200000000000000e+04 6.648994848335886054e+00 5.427604338599760325e+00 8.273684387000571072e-02 1.327980048272228375e+00 1.585148843184322476e-02 3.144487706649526926e-01
5.508300000000000000e+04 -1.050860731259028036e+01 5.427604338599760325e+00 7.019216413376362651e-02 1.166892932830312590e+00 1.332425287277213925e-02 2.732386392615352988e-01
5.508400000000000000e+04 -5.009631565964373756e+00 5.427604338599760325e+00 5.947948541671314177e-02 1.024336524704682505e+00 1.118771474028273233e-02 2.372247625531919146e-01
5.508600000000000000e+04 1.474803349613731740e+01 5.427604338599760325e+00 4.282211481070875847e-02 7.804638785172514082e-01 7.910245647124551638e-03 1.768636417959688623e-01
5.508900000000000000e+04 7.248571439192305732e+00 5.427604338599760325e+00 2.645166190723123242e-02 5.084054779587692252e-01 4.758348966942117439e-03 1.116148140414422174e-01
5.509000000000000000e+04 -6.696225108856866726e+00 5.427604338599760325e+00 2.251859233979373182e-02 4.387209216946760804e-01 4.015798901434460173e-03 9.532437895330177213e-02
5.509200000000000000e+04 -3.654254117287524029e+00 5.427604338599760325e+00 1.631681231006515409e-02 3.254104804458322064e-01 2.860340487345981557e-03 6.927754416372142177e-02
5.509300000000000000e+04 7.285723114361537966e+00 5.427604338599760325e+00 1.389015452264300184e-02 2.796079530780299360e-01 2.414419350363810127e-03 5.893182841083124957e-02
5.509500000000000000e+04 -2.290511451910353546e+00 5.427604338599760325e+00 1.005954541505592326e-02 2.047823743992761569e-01 1.719580412830072277e-03 4.231565367592597660e-02
5.509600000000000000e+04 4.925521948084233159e+00 5.427604338599760325e+00 8.563721241210521876e-03 1.743085999513231121e-01 1.451847290194205504e-03 3.566927231548724930e-02
5.509700000000000000e+04 3.992228798205965212e+00 5.427604338599760325e+00 7.288848819753298777e-03 1.484253313642670546e-01 1.225634575374692737e-03 3.008093132914495954e-02
5.509800000000000000e+04 2.130540794730709564e+00 5.427604338599760325e+00 6.200278619035576311e-03 1.261643950247662849e-01 1.034155386379047173e-03 2.532607897558340412e-02
5.510000000000000000e+04 -2.464651266828708831e+00 5.427604338599760325e+00 4.492452594350452612e-03 9.108796583327515017e-02 7.373742460977353481e-04 1.794341774353383490e-02
5.510100000000000000e+04 9.410844423559954208e+00 5.427604338599760325e+00 3.822323188696562148e-03 7.727856704758735706e-02 6.224268341795411233e-04 1.508227624957792119e-02
5.510200000000000000e+04 1.160344824884589565e+00 5.427604338599760325e+00 3.254465904767745322e-03 6.557697358299816037e-02 5.258043306838589264e-04 1.268119074547458328e-02
5.510600000000000000e+04 -1.600872460782867268e-01 5.427604338599760325e+00 1.703370282800629326e-03 3.392419589208423708e-02 2.668395524086519138e-04 6.328196517699642178e-03
5.510900000000000000e+04 4.399507389838744231e+00 5.427604338599760325e+00 1.047177572369643265e-03 2.094815549206598126e-02 1.603886617199637324e-04 3.806679173553694298e-03
5.511100000000000000e+04 -8.180464500942873585e+00 5.427604338599760325e+00 7.574817225599117044e-04 1.518295355350032794e-02 1.143196079927424701e-04 2.712307255261054220e-03
5.511200000000000000e+04 -6.883730863186360516e+00 5.427604338599760325e+00 6.437947302890440230e-04 1.291775529533242817e-02 9.645587389153405797e-05 2.288272389876785419e-03
5.511400000000000000e+04 1.015351320304309191e+01 5.427604338599760325e+00 4.656638964052915242e-04 9.360042677140575224e-03 6.876820444588222371e-05 1.630669455947835432e-03
5.511500000000000000e+04 -1.542962719738838828e+01 5.427604338599760325e+00 3.958370040161972173e-04 7.961519744970210755e-03 5.804061642466235168e-05 1.375664330264058039e-03
5.511700000000000000e+04 -2.403191252355240337e+00 5.427604338599760325e+00 2.863453365933568348e-04 5.767542159415215905e-03 4.139733072045060849e-05 9.805076602997543633e-04
5.511800000000000000e+04 5.077155587860294750e-01 5.427604338599760325e+00 2.434032690023445970e-04 4.905702223258558842e-03 3.494412016400036890e-05 8.273243091032378470e-04
5.511900000000000000e+04 1.446409951422503504e+00 5.427604338599760325e+00 2.071168746551687949e-04 4.176294101872600299e-03 2.952906681710418518e-05 6.987274722892087252e-04
5.512000000000000000e+04 1.136977490820554548e+00 5.427604338599760325e+00 1.777145639808814864e-04 3.553789926552957529e-03 2.516312410348764490e-05 5.898993968781883653e-04
