5.497600000000000000e+04 -3.917915610784551195e+00 5.889549492960632016e+00 1.164140563987932975e+00 1.400047905447296692e-18 1.164140563987932975e+00 1.400047905447296692e-18
5.497900000000000000e+04 4.156100483630262410e+00 5.889549492960632016e+00 4.289077145657377521e+00 1.400047905330183781e-18 4.289077145657377521e+00 1.400047905330183781e-18
5.498300000000000000e+04 1.245879643915866453e+01 5.889549492960632016e+00 1.143383206421574805e+01 1.400047905054776955e-18 1.143383206421574805e+01 1.400047905054776955e-18
5.499200000000000000e+04 4.117167714886051755e+01 5.889549492960632016e+00 3.733751665722944324e+01 1.400047903178349573e-18 3.733751665722944324e+01 1.400047903178349573e-18
5.499500000000000000e+04 4.169388596234583133e+01 5.889549492960632016e+00 4.526446668391263017e+01 8.895087593276518713e-04 4.526446668391263017e+01 8.895087593276518713e-04
5.499600000000000000e+04 3.467806602861167420e+01 5.889549492960632016e+00 4.750204251648135312e+01 2.209803768185407968e-01 4.750204251648135312e+01 2.209803768185407968e-01
5.499800000000000000e+04 5.197485628668241020e+01 5.889549492960632016e+00 5.128841435191746712e+01 1.455175704984916107e+00 5.091672227927872996e+01 1.455175704984916107e+00
5.500200000000000000e+04 6.202969079316795842e+01 5.889549492960632016e+00 5.578210411642709943e+01 7.130369544559223449e+00 5.381775602163734362e+01 7.130369544559223449e+00
5.500700000000000000e+04 7.742304046026329445e+01 5.889549492960632016e+00 5.590997613354585383e+01 2.043128833678469647e+01 5.210622193247517231e+01 2.043128833678469647e+01
5.501100000000000000e+04 8.319990839208919908e+01 5.889549492960632016e+00 5.278507763286099674e+01 3.526893370285700513e+01 4.789065290588005297e+01 3.526893370285700513e+01
5.501600000000000000e+04 9.604789582746991528e+01 5.889549492960632016e+00 4.590796246626380395e+01 5.344356235841644320e+01 4.031611703369087962e+01 5.344356235841644320e+01
5.502200000000000000e+04 1.164443887319462476e+02 5.889549492960632016e+00 3.748219553437233742e+01 7.606106412315708099e+01 3.169741694238675578e+01 6.624374161570899844e+01
5.502800000000000000e+04 1.192474286787072657e+02 5.889549492960632016e+00 3.228439458916449922e+01 8.550659527004812333e+01 2.632666932167046880e+01 6.595695408056781162e+01
5.503000000000000000e+04 1.177184831087017614e+02 5.889549492960632016e+00 3.105631487369370092e+01 8.622545366436811776e+01 2.502725028100064719e+01 6.407003541712595052e+01
5.503300000000000000e+04 1.131241273566857330e+02 5.889549492960632016e+00 2.921948176870079550e+01 8.499992257632385417e+01 2.313864568316503068e+01 5.986331613235006444e+01
5.503800000000000000e+04 1.136766857990475046e+02 5.889549492960632016e+00 2.537673251558288001e+01 7.777986878724814801e+01 1.953108020902245556e+01 5.039514629211360131e+01
5.504200000000000000e+04 1.113140492791372083e+02 5.889549492960632016e+00 2.201167917226113957e+01 7.022480088999124348e+01 1.656882135661357935e+01 4.276263603092878185e+01
5.504400000000000000e+04 8.200073812968386733e+01 5.889549492960632016e+00 2.037556602796808392e+01 6.702418812467678322e+01 1.517055024046465839e+01 3.962177117798344028e+01
5.504600000000000000e+04 7.635707188249313049e+01 5.889549492960632016e+00 1.887887501655540490e+01 6.438153573423163323e+01 1.390504162668881349e+01 3.697962994499231826e+01
5.505000000000000000e+04 7.764921524237330175e+01 5.889549492960632016e+00 1.648227969693713035e+01 6.054475777251165880e+01 1.188425964160150627e+01 3.290833665208808867e+01
5.505600000000000000e+04 7.336271317422999516e+01 5.889549492960632016e+00 1.423664557445677836e+01 5.576088103798237938e+01 9.950825172612551839e+00 2.804873291649012756e+01
5.505900000000000000e+04 6.501497747356435752e+01 5.889549492960632016e+00 1.335760487034556832e+01 5.227321103957154946e+01 9.195652533626304859e+00 2.534950343803479100e+01
5.506300000000000000e+04 6.254351784051931418e+01 5.889549492960632016e+00 1.239894315889256760e+01 4.673327303996951088e+01 8.367487622413662507e+00 2.162676340412305720e+01
5.506500000000000000e+04 4.800707670807030070e+01 5.889549492960632016e+00 1.198641058957101535e+01 4.380227419957679302e+01 8.010164788539839265e+00 1.981734343735094583e+01
5.506700000000000000e+04 6.146625172663336656e+01 5.889549492960632016e+00 1.158960559070597185e+01 4.101634165275635269e+01 7.670155917078735897e+00 1.815123319589164907e+01
5.507000000000000000e+04 4.655508417642676022e+01 5.889549492960632016e+00 1.103757843272308925e+01 3.735787260921477326e+01 7.200455628366551508e+00 1.600731536944672584e+01
5.507400000000000000e+04 4.237213714466157199e+01 5.889549492960632016e+00 1.031565272664096611e+01 3.389520696039193126e+01 6.603708294373577203e+00 1.393373631521496847e+01
5.507900000000000000e+04 4.443553246843700322e+01 5.889549492960632016e+00 9.336554971240957457e+00 3.094556391887698155e+01 5.840457257125583723e+00 1.210655448490942732e+01
5.508300000000000000e+04 3.418611370181225340e+01 5.889549492960632016e+00 8.391551984756324245e+00 2.909585498656819169e+01 5.155149271873892936e+00 1.095930354686360708e+01
5.509100000000000000e+04 3.587914503580596204e+01 5.889549492960632016e+00 5.829375508952204576e+00 2.621998879884195333e+01 3.457107999615824934e+00 9.191932970672024084e+00
