5.497600000000000000e+04 -4.834197217402392610e+00 6.951420059927918338e+00 1.164140563987932975e+00 1.400047904695842546e-18 1.164140563987932975e+00 1.400047904695842546e-18
5.497900000000000000e+04 4.132125134807925981e+00 6.951420059927918338e+00 4.289077145657377521e+00 1.400047904115777677e-18 4.289077145657377521e+00 1.400047904115777677e-18
5.498300000000000000e+04 1.264359486953823186e+01 6.951420059927918338e+00 1.143383206421574805e+01 1.400047902751678668e-18 1.143383206421574805e+01 1.400047902751678668e-18
5.499200000000000000e+04 4.899333593039076362e+01 6.951420059927918338e+00 3.733751665722944324e+01 7.130369544559223449e+00 3.733751665722944324e+01 7.130369544559223449e+00
5.499500000000000000e+04 5.534135967274125534e+01 6.951420059927918338e+00 4.526446668391263017e+01 1.429229008026968373e+01 4.526446668391263017e+01 1.429229008026968373e+01
5.499600000000000000e+04 4.933135780652993674e+01 6.951420059927918338e+00 4.750204251648135312e+01 1.722624419581170585e+01 4.750204251648135312e+01 1.722624419581170585e+01
5.499800000000000000e+04 7.445636596348151670e+01 6.951420059927918338e+00 5.147680622435078135e+01 2.388689422327730227e+01 5.091672227927872996e+01 2.388689422327730227e+01
5.500200000000000000e+04 9.491148304659519397e+01 6.951420059927918338e+00 5.677773260282739187e+01 3.917569678333893535e+01 5.381775602163734362e+01 3.917569678333893535e+01
5.500700000000000000e+04 1.176529952918267981e+02 6.951420059927918338e+00 5.783790634504742911e+01 5.853827153897001523e+01 5.210622193247517231e+01 5.658058335489079127e+01
5.501100000000000000e+04 1.259724921680969771e+02 6.951420059927918338e+00 5.526581345338557583e+01 7.643596388595022972e+01 4.789065290588005297e+01 6.516279956176489918e+01
5.501600000000000000e+04 1.351291364230070542e+02 6.951420059927918338e+00 4.874218549373227916e+01 9.028621570482607694e+01 4.031611703369087962e+01 6.707742622943986532e+01
5.502200000000000000e+04 1.392660470366330685e+02 6.951420059927918338e+00 4.041420660154310696e+01 9.542764527917093176e+01 3.169741694238675578e+01 6.142356158546017753e+01
5.502800000000000000e+04 1.257790261882053500e+02 6.951420059927918338e+00 3.530406356036009896e+01 8.875593164967048665e+01 2.632666932167046880e+01 5.039514629211360131e+01
5.503000000000000000e+04 1.197145389958282919e+02 6.951420059927918338e+00 3.411214213300389275e+01 8.508694378268002367e+01 2.502725028100064719e+01 4.648543694420893502e+01
5.503300000000000000e+04 1.105117502530411286e+02 6.951420059927918338e+00 3.230154937369837853e+01 7.950295348071179546e+01 2.313864568316503068e+01 4.110379148004953720e+01
5.503800000000000000e+04 1.140887547306337808e+02 6.951420059927918338e+00 2.833959738329158284e+01 7.333232877895297008e+01 1.953108020902245556e+01 3.480083939775672519e+01
5.504200000000000000e+04 1.175390851559700138e+02 6.951420059927918338e+00 2.477038792813730339e+01 7.025149153876881769e+01 1.656882135661357935e+01 3.128406285125081610e+01
5.504400000000000000e+04 8.551793676143782363e+01 6.951420059927918338e+00 2.301372471478488535e+01 6.887665671848078830e+01 1.517055024046465839e+01 2.975490613378295279e+01
5.504600000000000000e+04 8.012004529432194033e+01 6.951420059927918338e+00 2.139985906347408573e+01 6.686817927291245667e+01 1.390504162668881349e+01 2.804873291649012756e+01
5.505000000000000000e+04 8.112863373064428174e+01 6.951420059927918338e+00 1.881278301265518493e+01 6.158149589904781607e+01 1.188425964160150627e+01 2.441385026127807123e+01
5.505600000000000000e+04 7.215033441530991354e+01 6.951420059927918338e+00 1.640891070963809995e+01 5.176950269558565054e+01 9.950825172612551839e+00 1.896318780058082254e+01
5.505900000000000000e+04 6.198603972908165360e+01 6.951420059927918338e+00 1.546708756155944187e+01 4.724582468387578871e+01 9.195652533626304859e+00 1.667225092945013287e+01
5.506300000000000000e+04 6.120017245868692157e+01 6.951420059927918338e+00 1.444228363628598011e+01 4.273153830261600916e+01 8.367487622413662507e+00 1.437707365002894022e+01
5.506500000000000000e+04 4.594878876762679454e+01 6.951420059927918338e+00 1.400176805036763739e+01 4.113163264351145187e+01 8.010164788539839265e+00 1.352391419856364152e+01
5.506700000000000000e+04 6.382067945078874516e+01 6.951420059927918338e+00 1.357617597322936476e+01 3.978670897307296883e+01 7.670155917078735897e+00 1.279068635410305710e+01
5.507000000000000000e+04 4.871278707604731295e+01 6.951420059927918338e+00 1.298242149794489109e+01 3.790254583770144592e+01 7.200455628366551508e+00 1.179148389674634423e+01
5.507400000000000000e+04 4.591962374250284995e+01 6.951420059927918338e+00 1.219704921970799916e+01 3.589281399203757417e+01 6.603708294373577203e+00 1.070532509903292251e+01
5.507900000000000000e+04 4.981510769111760339e+01 6.951420059927918338e+00 1.110854970305285683e+01 3.380429466554526385e+01 5.840457257125583723e+00 9.587694896348420315e+00
5.508300000000000000e+04 3.843546724734775211e+01 6.951420059927918338e+00 1.003192048306659601e+01 3.230005468646119482e+01 5.155149271873892936e+00 8.815035938666337501e+00
5.509100000000000000e+04 4.032359053904416157e+01 6.951420059927918338e+00 7.031757671218587191e+00 2.877155256291490204e+01 3.457107999615824934e+00 7.300571571406979210e+00
