5.497400000000000000e+04 3.891439398822595930e+00 7.782207180696855353e+00 2.872527343123094101e-01 1.361878599096895607e-18 2.872527343123094101e-01 1.361878599096895607e-18
5.497600000000000000e+04 -5.641562450086887281e+00 7.782207180696855353e+00 1.958814406946931541e+00 1.361878470464420193e-18 1.958814406946931541e+00 1.361878470464420193e-18
5.498000000000000000e+04 1.052108715934121363e+01 7.782207180696855353e+00 9.740658635389692677e+00 1.361878049372206945e-18 9.740658635389692677e+00 1.361878049372206945e-18
5.498100000000000000e+04 6.961240403459427739e+00 7.782207180696855353e+00 1.261836908227294352e+01 1.361877894807208667e-18 1.261836908227294352e+01 1.361877894807208667e-18
5.498500000000000000e+04 3.007768839122254079e+01 7.782207180696855353e+00 2.761301931683333422e+01 1.361876957650400692e-18 2.761301931683333422e+01 1.361876957650400692e-18
5.498700000000000000e+04 3.203200472933619380e+01 7.782207180696855353e+00 3.698113532148148863e+01 1.361876209984332906e-18 3.698113532148148863e+01 1.361876209984332906e-18
5.498800000000000000e+04 4.798543246819686914e+01 7.782207180696855353e+00 4.209516568424355398e+01 -1.940482729049532867e-02 4.209516568424355398e+01 -1.940482729049532867e-02
5.498900000000000000e+04 5.074210105576857188e+01 7.782207180696855353e+00 4.711547825657126509e+01 3.590659178903867210e-01 4.711547825657126509e+01 3.590659178903867210e-01
5.499300000000000000e+04 7.313196141612638712e+01 7.782207180696855353e+00 6.549985504210982867e+01 6.387348154830737812e+00 6.549985504210982867e+01 6.387348154830737812e+00
5.499500000000000000e+04 7.557672867671092831e+01 7.782207180696855353e+00 6.925870503056015082e+01 1.217582329423711585e+01 6.925870503056015082e+01 1.217582329423711585e+01
5.499700000000000000e+04 1.042248390510322622e+02 7.782207180696855353e+00 7.504892366917474078e+01 1.983239277984976923e+01 6.841287481237441170e+01 1.983239277984976923e+01
5.499900000000000000e+04 1.084954969120967263e+02 7.782207180696855353e+00 7.766708433482776286e+01 2.928193888190937244e+01 6.504780932565140006e+01 2.928193888190937244e+01
5.500000000000000000e+04 1.258419772570979660e+02 7.782207180696855353e+00 7.853591761399258075e+01 3.451627414604166688e+01 6.320798198309262261e+01 3.451627414604166688e+01
5.500200000000000000e+04 1.218951715276239440e+02 7.782207180696855353e+00 7.921969746983425864e+01 4.622641915185185724e+01 5.914124484496770862e+01 4.622641915185185724e+01
5.500300000000000000e+04 1.197294768602782824e+02 7.782207180696855353e+00 7.812323346559890069e+01 5.261895710530443893e+01 5.628475033544589223e+01 5.261895710530443893e+01
5.500500000000000000e+04 1.428196061088929980e+02 7.782207180696855353e+00 7.425934748807226526e+01 6.489662410672829651e+01 5.000629460476246635e+01 6.489662410672829651e+01
5.500700000000000000e+04 1.530925833264258529e+02 7.782207180696855353e+00 7.048354138118553180e+01 7.673977432222363859e+01 4.455343955827151348e+01 7.673977432222363859e+01
5.500900000000000000e+04 1.494100287024664055e+02 7.782207180696855353e+00 6.611528261994149602e+01 8.521019049050045169e+01 3.937777404403901471e+01 8.521019049050045169e+01
5.501000000000000000e+04 1.545312221455702684e+02 7.782207180696855353e+00 6.368316058975845095e+01 9.067695956126088674e+01 3.686434766411487374e+01 8.657338128820018142e+01
5.501300000000000000e+04 1.541395965271198918e+02 7.782207180696855353e+00 5.615220273830733078e+01 9.949194087562976563e+01 2.997981993502793685e+01 8.363478553768472068e+01
5.501600000000000000e+04 1.428797135305843824e+02 7.782207180696855353e+00 4.600429971062996515e+01 1.021821709083393728e+02 2.279133005233092391e+01 7.672486177229268378e+01
5.501700000000000000e+04 1.401281147636856588e+02 7.782207180696855353e+00 4.283613518041931911e+01 1.019595061127243270e+02 2.072381963252022885e+01 7.392655605620964820e+01
5.501800000000000000e+04 1.404804315074835301e+02 7.782207180696855353e+00 3.987955166164677223e+01 1.003697810356839000e+02 1.885112345149930135e+01 7.035593791930737950e+01
5.501900000000000000e+04 1.261601675294844114e+02 7.782207180696855353e+00 3.698162222025406010e+01 9.773110360352406190e+01 1.708947422377729097e+01 6.630332673237724350e+01
5.502000000000000000e+04 1.248905225931925855e+02 7.782207180696855353e+00 3.417544691443887217e+01 9.509947076460701965e+01 1.544652967884242400e+01 6.250786825595308471e+01
5.502200000000000000e+04 1.068318389525030341e+02 7.782207180696855353e+00 2.902814327387763882e+01 9.000908626759803610e+01 1.256901635586821442e+01 5.569179944783939362e+01
5.502300000000000000e+04 1.106944924414777773e+02 7.782207180696855353e+00 2.667534902042129019e+01 8.722185526914665843e+01 1.131270102647213349e+01 5.242958359530334889e+01
5.502400000000000000e+04 1.066105349265065882e+02 7.782207180696855353e+00 2.450043710228132809e+01 8.421921423668844398e+01 1.018094207449878574e+01 4.922221755504877194e+01
5.502500000000000000e+04 9.990135622140259386e+01 7.782207180696855353e+00 2.251931758845931597e+01 8.102783616572449432e+01 9.172838121572022274e+00 4.608043458014359572e+01
5.502800000000000000e+04 7.974765465961380073e+01 7.782207180696855353e+00 1.746592271108397298e+01 7.122455721064261525e+01 6.716370971383953226e+00 3.747477491878492373e+01
5.502900000000000000e+04 8.019769818043775444e+01 7.782207180696855353e+00 1.608351834221329213e+01 6.717536531219512597e+01 6.071543353043900915e+00 3.448427377422747497e+01
5.503100000000000000e+04 7.281559896288132450e+01 7.782207180696855353e+00 1.374766826556793831e+01 5.819766128862700327e+01 5.006434182654020404e+00 2.848916256541365399e+01
5.503300000000000000e+04 5.198865437224563379e+01 7.782207180696855353e+00 1.191856637858315260e+01 5.037020186240613384e+01 4.192249869357422831e+00 2.356390431437412758e+01
5.503400000000000000e+04 6.938012520687409790e+01 7.782207180696855353e+00 1.120389095405789703e+01 4.667562647369172879e+01 3.874767751706000407e+00 2.136184277972161283e+01
5.503500000000000000e+04 5.346984503457283466e+01 7.782207180696855353e+00 1.057734296904548010e+01 4.310354106880978975e+01 3.597735703756966164e+00 1.930816209855303001e+01
5.503700000000000000e+04 5.040807445245857110e+01 7.782207180696855353e+00 9.552411890421453222e+00 3.656326857922064022e+01 3.145344712025503142e+00 1.571127044483526802e+01
5.503800000000000000e+04 5.210558606570842954e+01 7.782207180696855353e+00 9.142624982908879261e+00 3.357892482182590754e+01 2.963093496324381348e+00 1.414087628309016509e+01
5.503900000000000000e+04 4.898301943072535636e+01 7.782207180696855353e+00 8.781960106050380688e+00 3.082280213054507101e+01 2.802157021713587159e+00 1.272617759312348085e+01
5.504000000000000000e+04 3.876740601411498233e+01 7.782207180696855353e+00 8.444713614119246259e+00 2.831425807176243836e+01 2.653484246384680389e+00 1.146604765196502740e+01
5.504100000000000000e+04 3.277549142631768575e+01 7.782207180696855353e+00 8.121128276905263732e+00 2.597979269612433484e+01 2.513503025968822246e+00 1.032254954550394999e+01
5.504300000000000000e+04 3.524198521699058517e+01 7.782207180696855353e+00 7.510478069214364005e+00 2.192559303608291543e+01 2.256754227528354306e+00 8.395463714229940422e+00
5.504400000000000000e+04 2.820492129443117335e+01 7.782207180696855353e+00 7.191847995539021099e+00 2.018029221967966436e+01 2.129971270706062736e+00 7.589429191304875921e+00
5.504500000000000000e+04 2.088557815621238234e+01 7.782207180696855353e+00 6.860270854812774211e+00 1.862288725670983425e+01 2.002998789726357476e+00 6.881055001740258525e+00
5.504600000000000000e+04 1.741201806884581060e+01 7.782207180696855353e+00 6.538753639701166520e+00 1.723339806524080231e+01 1.882468299899572761e+00 6.258042728317525949e+00
5.504700000000000000e+04 1.562598636042611133e+01 7.782207180696855353e+00 6.227053608709400834e+00 1.598646013224635709e+01 1.768044749775525615e+00 5.707004188293002933e+00
5.504900000000000000e+04 3.921753624734936494e+00 7.782207180696855353e+00 5.613256589178528877e+00 1.402665926117572148e+01 1.551051834533994978e+00 4.843459689632500620e+00
5.505000000000000000e+04 1.070697125691664198e+01 7.782207180696855353e+00 5.276341634392520241e+00 1.323696908804781636e+01 1.438675292267899364e+00 4.497169629696206705e+00
5.505100000000000000e+04 1.898723314512673355e+01 7.782207180696855353e+00 4.924094612456942244e+00 1.254477976756393254e+01 1.325106192803267691e+00 4.194456255036756787e+00
5.505300000000000000e+04 6.472057273347182615e+00 7.782207180696855353e+00 4.227741315383275911e+00 1.142865161532313856e+01 1.108770342350714921e+00 3.703866870405477130e+00
5.505400000000000000e+04 6.663456813768586784e+00 7.782207180696855353e+00 3.884315649802353221e+00 1.097394743628583491e+01 1.005908494057323077e+00 3.502696277141983838e+00
5.505500000000000000e+04 2.684375064960202195e+01 7.782207180696855353e+00 3.557319673712786567e+00 1.054892662150229654e+01 9.098004280595362037e-01 3.316855307980851375e+00
5.505700000000000000e+04 1.222508096550632573e+01 7.782207180696855353e+00 2.952713733376959304e+00 9.751117273808640462e+00 7.368888778080757707e-01 2.977258571631851591e+00
5.505800000000000000e+04 1.203998909221129310e+01 7.782207180696855353e+00 2.666124562508484175e+00 9.372864495482136959e+00 6.574095826676078502e-01 2.820942784410442883e+00
5.505900000000000000e+04 -2.441458485293136249e+00 7.782207180696855353e+00 2.392652761367392245e+00 8.972503977849290990e+00 5.830050588127172473e-01 2.662464088382578531e+00
5.506100000000000000e+04 1.649634833177138660e+01 7.782207180696855353e+00 1.892562090180064605e+00 8.152970206865049363e+00 4.505027589097987395e-01 2.353085374874466229e+00
5.506300000000000000e+04 7.626798465450949749e+00 7.782207180696855353e+00 1.467974589432598176e+00 7.381470753270522600e+00 3.415482990769190819e-01 2.073679838540994247e+00
5.506400000000000000e+04 1.461162984318779223e+01 7.782207180696855353e+00 1.288871788046810796e+00 6.993304958955149253e+00 2.965309531914898100e-01 1.938814793167494166e+00
5.506700000000000000e+04 1.611551894197960166e+01 7.782207180696855353e+00 8.534479903877064677e-01 5.692459332318705378e+00 1.899928740845295005e-01 1.518313062071563468e+00
5.506800000000000000e+04 -6.956819770993175389e+00 7.782207180696855353e+00 7.401059886302138180e-01 5.261946852210905412e+00 1.630009885761951050e-01 1.385962927938393818e+00
5.506900000000000000e+04 8.881360844650181718e+00 7.782207180696855353e+00 6.402504770452228655e-01 4.833390313945437278e+00 1.395185175518027509e-01 1.257385617571653791e+00
5.507000000000000000e+04 -1.038400165843160750e+01 7.782207180696855353e+00 5.525835092449212782e-01 4.425496732188599402e+00 1.191554736916271978e-01 1.137250535074420199e+00
5.507200000000000000e+04 1.009204782899536212e+01 7.782207180696855353e+00 4.099931660539237743e-01 3.671733055898189324e+00 8.659693020465177027e-02 9.211110972600947688e-01
5.507400000000000000e+04 1.246069239754564961e+01 7.782207180696855353e+00 3.024498295026383232e-01 2.974054556268373783e+00 6.259957145868536021e-02 7.287563235158966979e-01
5.507600000000000000e+04 -1.389165813156938434e+00 7.782207180696855353e+00 2.197450107585985912e-01 2.351511775819421501e+00 4.458659039435906163e-02 5.631284486372484244e-01
5.507800000000000000e+04 1.036366352271025804e+01 7.782207180696855353e+00 1.590952623647429731e-01 1.823270207547363242e+00 3.165759871947924908e-02 4.269353738461487691e-01
5.508000000000000000e+04 4.442738763419891157e+00 7.782207180696855353e+00 1.148939467390650837e-01 1.400082262066785876e+00 2.242927217941729015e-02 3.207225596890974639e-01
5.508200000000000000e+04 8.652741858652062135e+00 7.782207180696855353e+00 8.273684387000571072e-02 1.059257771239773271e+00 1.585148843184322476e-02 2.374910926056618965e-01
5.508300000000000000e+04 -1.585258643480119112e+01 7.782207180696855353e+00 7.019216413376362651e-02 9.184290701325713568e-01 1.332425287277213925e-02 2.037512357202438951e-01
5.508400000000000000e+04 -7.883043428829012989e+00 7.782207180696855353e+00 5.947948541671314177e-02 7.943835593105766923e-01 1.118771474028273233e-02 1.743981469397534456e-01
5.508600000000000000e+04 2.059938661909576041e+01 7.782207180696855353e+00 4.282211481070875847e-02 5.909842509333176341e-01 7.910245647124551638e-03 1.270988539148603380e-01
5.508900000000000000e+04 1.002768034766915051e+01 7.782207180696855353e+00 2.645166190723123242e-02 3.749714330375252813e-01 4.758348966942117439e-03 7.824946432335670721e-02
5.509000000000000000e+04 -9.920024250723876946e+00 7.782207180696855353e+00 2.251859233979373182e-02 3.199724599988689744e-01 4.015798901434460173e-03 6.611820886863432889e-02
5.509200000000000000e+04 -5.481286325225084077e+00 7.782207180696855353e+00 1.631681231006515409e-02 2.319145802566672243e-01 2.860340487345981557e-03 4.700145520178898584e-02
5.509300000000000000e+04 1.023661347278315681e+01 7.782207180696855353e+00 1.389015452264300184e-02 1.971318672261972993e-01 2.414419350363810127e-03 3.957199839934906482e-02
5.509500000000000000e+04 -3.439841061509769204e+00 7.782207180696855353e+00 1.005954541505592326e-02 1.423249466144924091e-01 1.719580412830072277e-03 2.803659022427161529e-02
5.509600000000000000e+04 6.929416957783660180e+00 7.782207180696855353e+00 8.563721241210521876e-03 1.207477610118552203e-01 1.451847290194205504e-03 2.356605663996549915e-02
5.509700000000000000e+04 5.610623925968640791e+00 7.782207180696855353e+00 7.288848819753298777e-03 1.024640212234346204e-01 1.225634575374692737e-03 1.981436053980403095e-02
5.509800000000000000e+04 2.958142423313728564e+00 7.782207180696855353e+00 6.200278619035576311e-03 8.691743255231085263e-02 1.034155386379047173e-03 1.665531609096517277e-02
5.510000000000000000e+04 -3.604031787600379566e+00 7.782207180696855353e+00 4.492452594350452612e-03 6.238693207941051894e-02 7.373742460977353481e-04 1.174143337211776446e-02
5.510100000000000000e+04 1.343400094075140139e+01 7.782207180696855353e+00 3.822323188696562148e-03 5.300655608138160613e-02 6.224268341795411233e-04 9.887807058905687813e-03
5.510200000000000000e+04 1.613441047076251245e+00 7.782207180696855353e+00 3.254465904767745322e-03 4.515295385786882720e-02 5.258043306838589264e-04 8.348980041024522958e-03
5.510600000000000000e+04 -2.551930598721001697e-01 7.782207180696855353e+00 1.703370282800629326e-03 2.372336492734425373e-02 2.668395524086519138e-04 4.237980086345396677e-03
5.510900000000000000e+04 6.292236200758681619e+00 7.782207180696855353e+00 1.047177572369643265e-03 1.462506668303214727e-02 1.603886617199637324e-04 2.547921024918492483e-03
5.511100000000000000e+04 -1.174082208282088935e+01 7.782207180696855353e+00 7.574817225599117044e-04 1.058904821103143559e-02 1.143196079927424701e-04 1.814809112742756881e-03
5.511200000000000000e+04 -9.879819628654590957e+00 7.782207180696855353e+00 6.437947302890440230e-04 9.011784624086272358e-03 9.645587389153405797e-05 1.532043219218365976e-03
5.511400000000000000e+04 1.455121224735569108e+01 7.782207180696855353e+00 4.656638964052915242e-04 6.525459534175936938e-03 6.876820444588222371e-05 1.091761675451888552e-03
5.511500000000000000e+04 -2.212934103690649223e+01 7.782207180696855353e+00 3.958370040161972173e-04 5.552796760238995488e-03 5.804061642466235168e-05 9.217178076221691852e-04
5.511700000000000000e+04 -3.450115434211714405e+00 7.782207180696855353e+00 2.863453365933568348e-04 4.021877325400835708e-03 4.139733072045060849e-05 6.572554133548237122e-04
5.511800000000000000e+04 7.242553683938556253e-01 7.782207180696855353e+00 2.434032690023445970e-04 3.422176774673929035e-03 3.494412016400036890e-05 5.549535845804704675e-04
5.511900000000000000e+04 2.070724468779592264e+00 7.782207180696855353e+00 2.071168746551687949e-04 2.910983105168963182e-03 2.952906681710418518e-05 4.684556010893086439e-04
5.512000000000000000e+04 1.627524202185711699e+00 7.782207180696855353e+00 1.777145639808814864e-04 2.475826067836955652e-03 2.516312410348764490e-05 3.954109412969871438e-04
