5.497500000000000000e+04 -3.347328364748975549e+00 1.057335347471612508e+01 9.676860811788584593e-01 2.279498232948373031e-18 9.676860811788584593e-01 2.279498232948373031e-18
5.497600000000000000e+04 -8.879079388965680053e+00 1.057335347471612508e+01 2.014654457448330049e+00 2.279498072863251428e-18 2.014654457448330049e+00 2.279498072863251428e-18
5.497900000000000000e+04 -3.675780815183908423e+00 1.057335347471612508e+01 7.421511495175619366e+00 2.279497405834730840e-18 7.421511495175619366e+00 2.279497405834730840e-18
5.498000000000000000e+04 1.574842478954397151e+01 1.057335347471612508e+01 1.010928248076253944e+01 2.279497102236597885e-18 1.010928248076253944e+01 2.279497102236597885e-18
5.498100000000000000e+04 3.439079925413761174e+01 1.057335347471612508e+01 1.326427468792255127e+01 2.279496745960992233e-18 1.326427468792255127e+01 2.279496745960992233e-18
5.498200000000000000e+04 1.402005641841080852e+01 1.057335347471612508e+01 1.681188057541250913e+01 2.279496327867838250e-18 1.681188057541250913e+01 2.279496327867838250e-18
5.498400000000000000e+04 2.632281917687337369e+01 1.057335347471612508e+01 2.504964300095078400e+01 2.279495261463979831e-18 2.504964300095078400e+01 2.279495261463979831e-18
5.498500000000000000e+04 3.459666465276707470e+01 1.057335347471612508e+01 2.982457128805857849e+01 7.387410742324164448e-03 2.982457128805857849e+01 7.387410742324164448e-03
5.498700000000000000e+04 3.696680894367988657e+01 1.057335347471612508e+01 4.097582893337165899e+01 1.209607601473573046e+00 4.097582893337165899e+01 1.209607601473573046e+00
5.499000000000000000e+04 5.570555943849434755e+01 1.057335347471612508e+01 6.053040193995693841e+01 6.537636875244362322e+00 6.053040193995693841e+01 6.537636875244362322e+00
5.499200000000000000e+04 1.005635210993809494e+02 1.057335347471612508e+01 7.440742163840896239e+01 1.263660310095317385e+01 7.440742163840896239e+01 1.263660310095317385e+01
5.499300000000000000e+04 1.053210577495410405e+02 1.057335347471612508e+01 8.115791156796579742e+01 1.658034335990318908e+01 8.115791156796579742e+01 1.658034335990318908e+01
5.499400000000000000e+04 1.097092413173470931e+02 1.057335347471612508e+01 8.659722275531558466e+01 2.101485071926563819e+01 8.659722275531558466e+01 2.101485071926563819e+01
5.499600000000000000e+04 1.177082377297076619e+02 1.057335347471612508e+01 9.298895886639343189e+01 3.131205375118847201e+01 9.298895886639343189e+01 3.131205375118847201e+01
5.499700000000000000e+04 1.243937798021195675e+02 1.057335347471612508e+01 9.602629760471731402e+01 3.728071411007321956e+01 9.534931745081652821e+01 3.728071411007321956e+01
5.499800000000000000e+04 1.428821298686242187e+02 1.057335347471612508e+01 9.863784169684963388e+01 4.387309556528447985e+01 9.725679520493949326e+01 4.387309556528447985e+01
5.500000000000000000e+04 1.587958478265752831e+02 1.057335347471612508e+01 1.022499452215769935e+02 5.921981088614808897e+01 9.942624000542298290e+01 5.921981088614808897e+01
5.500200000000000000e+04 1.834498306937647669e+02 1.057335347471612508e+01 1.036108342321895606e+02 7.566300242494617123e+01 9.937735874946248771e+01 7.566300242494617123e+01
5.500300000000000000e+04 1.890283746495001651e+02 1.057335347471612508e+01 1.031740598268749380e+02 8.417417817184538364e+01 9.828909195663038645e+01 8.417417817184538364e+01
5.500400000000000000e+04 1.967258098059660369e+02 1.057335347471612508e+01 1.020215581162302669e+02 9.300927704801119944e+01 9.653818898204983157e+01 9.300927704801119944e+01
5.500500000000000000e+04 2.057652069849342524e+02 1.057335347471612508e+01 1.004061950617473542e+02 1.014473894599572503e+02 9.437559456880096320e+01 1.014473894599572503e+02
5.500900000000000000e+04 2.084576419293027243e+02 1.057335347471612508e+01 9.017081903220253025e+01 1.212962504621199855e+02 8.255133116561614770e+01 1.191866468135206389e+02
5.501200000000000000e+04 2.064987171173936247e+02 1.057335347471612508e+01 7.954012997154671893e+01 1.286824111270186961e+02 7.142612246008147281e+01 1.242828000067787144e+02
5.501300000000000000e+04 1.880268331592721154e+02 1.057335347471612508e+01 7.582115327606729238e+01 1.298086653061772893e+02 6.765517379857884350e+01 1.246601990840077718e+02
5.501400000000000000e+04 2.082039662838753600e+02 1.057335347471612508e+01 7.174937864106662744e+01 1.300849626030463639e+02 6.361888512242121152e+01 1.242216984368281061e+02
5.501600000000000000e+04 1.926959393015470994e+02 1.057335347471612508e+01 6.330950889054347641e+01 1.277924276649884519e+02 5.543739832797152900e+01 1.206727362275622966e+02
5.501700000000000000e+04 1.837556660244410409e+02 1.057335347471612508e+01 5.987996236392293525e+01 1.256257133203951781e+02 5.211031447560955598e+01 1.179694932110012076e+02
5.501800000000000000e+04 1.668191989216652757e+02 1.057335347471612508e+01 5.691195513632015235e+01 1.230508255311777788e+02 4.922327896239417555e+01 1.149148538767069141e+02
5.501900000000000000e+04 1.653205011690611173e+02 1.057335347471612508e+01 5.416712466546491811e+01 1.200422916728510643e+02 4.656333247267679099e+01 1.114909368188455971e+02
5.502000000000000000e+04 1.707195987959166814e+02 1.057335347471612508e+01 5.138545182187672822e+01 1.164660372497320395e+02 4.390417961541074021e+01 1.075799346478219434e+02
5.502100000000000000e+04 1.738443818715720965e+02 1.057335347471612508e+01 4.848122463163545603e+01 1.123214049672164805e+02 4.117301454915962466e+01 1.031891639570201704e+02
5.502200000000000000e+04 1.626620575988322344e+02 1.057335347471612508e+01 4.559697173179837648e+01 1.078339411204519678e+02 3.849145005216814042e+01 9.853247543900947392e+01
5.502500000000000000e+04 1.284688272383829144e+02 1.057335347471612508e+01 3.782979850566403002e+01 9.404914847674940859e+01 3.137059333747742329e+01 8.456896724822354372e+01
5.502900000000000000e+04 9.926692909242316887e+01 1.057335347471612508e+01 2.920560302190056490e+01 7.397710518743720343e+01 2.366167303078713857e+01 6.513789309451193787e+01
5.503100000000000000e+04 1.052848218167553966e+02 1.057335347471612508e+01 2.557948924994742157e+01 6.678928001549576265e+01 2.048817721261307412e+01 5.820416559084598873e+01
5.503200000000000000e+04 7.435207215983669471e+01 1.057335347471612508e+01 2.394717605849132980e+01 6.329885096051843618e+01 1.907229695642826428e+01 5.488022451926343592e+01
5.503300000000000000e+04 8.549729996300712287e+01 1.057335347471612508e+01 2.262392352702791953e+01 5.966484470855094457e+01 1.791710107470335345e+01 5.146626818644953261e+01
5.503400000000000000e+04 7.095047367723800846e+01 1.057335347471612508e+01 2.147933193290936416e+01 5.606279700098288998e+01 1.691552365168480421e+01 4.811431256521017019e+01
5.503500000000000000e+04 6.152942039045817779e+01 1.057335347471612508e+01 2.039049086870866034e+01 5.262515417173629828e+01 1.596874529619285887e+01 4.493651624262341926e+01
5.503600000000000000e+04 7.689623140167776683e+01 1.057335347471612508e+01 1.941880354892018801e+01 4.940453855937080618e+01 1.512367877641758973e+01 4.197496903939745039e+01
5.503700000000000000e+04 4.860851591948089379e+01 1.057335347471612508e+01 1.852455611395492596e+01 4.638534357362756566e+01 1.434788638676704053e+01 3.921324167184678089e+01
5.503900000000000000e+04 7.607480297738010222e+01 1.057335347471612508e+01 1.673617309726067148e+01 4.077950904225229323e+01 1.282170619571031622e+01 3.413368129425988684e+01
5.504000000000000000e+04 3.535626113617747990e+01 1.057335347471612508e+01 1.589267687945648433e+01 3.816926388291297911e+01 1.210962883225882791e+01 3.179182399043226326e+01
5.504200000000000000e+04 5.170506353021897183e+01 1.057335347471612508e+01 1.434775242191906663e+01 3.337264348630321820e+01 1.081543224929825442e+01 2.752609987322931318e+01
5.504400000000000000e+04 4.630215423575576494e+01 1.057335347471612508e+01 1.292985326397151802e+01 2.918538241757434903e+01 9.643386980885679804e+00 2.384037119553533302e+01
5.504500000000000000e+04 2.288917170064104312e+01 1.057335347471612508e+01 1.223968894972166765e+01 2.754978253999073701e+01 9.080561577061848411e+00 2.239637634337918826e+01
5.504600000000000000e+04 3.869948676193983061e+01 1.057335347471612508e+01 1.154627238083720364e+01 2.613448404185302465e+01 8.521234229400151960e+00 2.114440456460600615e+01
5.504700000000000000e+04 5.687054156027015495e+01 1.057335347471612508e+01 1.084237905159458393e+01 2.478948097917738735e+01 7.960046289989414880e+00 1.996093162024107315e+01
5.504800000000000000e+04 4.137307760366243770e+01 1.057335347471612508e+01 1.014445000566668753e+01 2.358915797151733784e+01 7.409034476823465276e+00 1.890459847052198938e+01
5.505000000000000000e+04 1.977240144741441696e+01 1.057335347471612508e+01 8.699088686422088657e+00 2.139167820459037728e+01 6.288194800073795498e+00 1.698291378579737554e+01
5.505200000000000000e+04 3.152920314210133057e+01 1.057335347471612508e+01 7.222475931940756766e+00 1.924522762166733969e+01 5.167770414954748759e+00 1.513703604032353489e+01
5.505400000000000000e+04 2.955344711311439454e+01 1.057335347471612508e+01 5.869315163318349349e+00 1.734795332787439648e+01 4.157327640826142812e+00 1.351929031162281980e+01
5.505600000000000000e+04 4.187839459559829436e+01 1.057335347471612508e+01 4.727932062215185915e+00 1.561023267530869063e+01 3.315520380235053022e+00 1.205423372610709798e+01
5.505800000000000000e+04 9.550835337877849440e+00 1.057335347471612508e+01 3.787477502041184607e+00 1.391943611372514944e+01 2.629827455937498115e+00 1.065154278675018951e+01
5.506000000000000000e+04 2.501410435243689534e+01 1.057335347471612508e+01 2.995901927756850380e+00 1.221194107642427618e+01 2.059888564189253035e+00 9.261293096029330485e+00
5.506100000000000000e+04 1.274838234999457320e+01 1.057335347471612508e+01 2.654024268909282558e+00 1.135823889129305897e+01 1.815959130283463896e+00 8.575491801655763524e+00
5.506200000000000000e+04 7.219371392763734185e+00 1.057335347471612508e+01 2.345079197716878561e+00 1.045726795252272190e+01 1.596812745279095003e+00 7.860243500092245483e+00
5.506400000000000000e+04 1.907443854093082081e+01 1.057335347471612508e+01 1.811859333670083227e+00 8.670226813690330658e+00 1.221917543613490142e+00 6.459713018693435949e+00
5.506500000000000000e+04 -7.886713563598846122e-01 1.057335347471612508e+01 1.583818745934913563e+00 7.836219533764803735e+00 1.063036946060080368e+00 5.812788022969217927e+00
5.506700000000000000e+04 1.983599029081855036e+01 1.057335347471612508e+01 1.201827785603489351e+00 6.306429779905263544e+00 7.990344961129509649e-01 4.637421707408826421e+00
5.506800000000000000e+04 2.334107452761443824e+01 1.057335347471612508e+01 1.042468658547259119e+00 5.660422169156293926e+00 6.898283870746817481e-01 4.144400475293815944e+00
5.506900000000000000e+04 -3.170055833757830399e+00 1.057335347471612508e+01 9.004851998950269554e-01 5.071406586414369144e+00 5.930877954916861095e-01 3.697168904581446203e+00
5.507100000000000000e+04 7.362122393182756852e+00 1.057335347471612508e+01 6.659457661966353692e-01 4.030480162437366509e+00 4.345486239456022304e-01 2.913249123554294773e+00
5.507300000000000000e+04 1.642412862037812715e+01 1.057335347471612508e+01 4.886815028999467181e-01 3.167259718105646993e+00 3.159510589642119949e-01 2.269948912854329759e+00
5.507400000000000000e+04 1.294968265158196630e+01 1.057335347471612508e+01 4.178481216093821726e-01 2.796817523356335045e+00 2.689201451984696289e-01 1.996015931598868809e+00
5.507500000000000000e+04 -3.145312057737531308e+00 1.057335347471612508e+01 3.560312979680194112e-01 2.461894820743639301e+00 2.280935985444418612e-01 1.749623211387704602e+00
5.507800000000000000e+04 8.428539569538131104e+00 1.057335347471612508e+01 2.185092787472127651e-01 1.643116280161817322e+00 1.381047141620609098e-01 1.153225912522330976e+00
5.508000000000000000e+04 -1.792793580013268695e+01 1.057335347471612508e+01 1.572415689218624180e-01 1.238759326089359680e+00 9.849760017656127020e-02 8.622854838433522406e-01
5.508100000000000000e+04 6.234552474632848451e+00 1.057335347471612508e+01 1.333909640673398289e-01 1.069411431245946398e+00 8.318738014801362046e-02 7.413597443646077201e-01
5.508200000000000000e+04 5.366124495552890394e+00 1.057335347471612508e+01 1.130206550029837359e-01 9.199305724024354758e-01 7.017301316464903682e-02 6.351357169307066952e-01
5.508400000000000000e+04 1.133747520522476471e+01 1.057335347471612508e+01 8.101974624268991343e-02 6.768406364545148657e-01 4.986444254227592049e-02 4.635259803140082679e-01
5.508500000000000000e+04 4.225634435492840346e+00 1.057335347471612508e+01 6.858488622423000725e-02 5.790198094342888790e-01 4.202762805578161287e-02 3.949388237052650075e-01
5.508800000000000000e+04 -1.681861189590375671e+00 1.057335347471612508e+01 4.196589014715486343e-02 3.579645196592585177e-01 2.538464199561750803e-02 2.412484968723941914e-01
5.508900000000000000e+04 1.442113743889241295e+00 1.057335347471612508e+01 3.562436169332934555e-02 3.039905400216025844e-01 2.145658115601357940e-02 2.040615828835353474e-01
5.509000000000000000e+04 -7.049086863203437581e+00 1.057335347471612508e+01 3.024389813533267732e-02 2.581867631259728291e-01 1.813835800367798873e-02 1.726308927025761164e-01
5.509100000000000000e+04 9.354758787684691157e+00 1.057335347471612508e+01 2.568476611502895288e-02 2.189873741613256319e-01 1.533876746194622574e-02 1.458457370371799289e-01
5.509300000000000000e+04 7.594013451497453993e+00 1.057335347471612508e+01 1.849570144702505220e-02 1.573593279724862792e-01 1.095262713745783802e-02 1.039842251850170152e-01
5.509500000000000000e+04 1.415130753862326252e+01 1.057335347471612508e+01 1.333371440287446121e-02 1.127696111670026535e-01 7.830004347216196550e-03 7.394243732673441705e-02
5.509600000000000000e+04 1.181398127035192980e+00 1.057335347471612508e+01 1.131477568343696241e-02 9.542807691528054637e-02 6.616827885050855125e-03 6.233055317784489541e-02
5.509700000000000000e+04 -6.948563941383122611e+00 1.057335347471612508e+01 9.603371256732710914e-03 8.074032694866345450e-02 5.592785077591702451e-03 5.253453506972701609e-02
5.509800000000000000e+04 3.060894535419186546e+00 1.057335347471612508e+01 8.156974366974970372e-03 6.843497356451663793e-02 4.730874821351913062e-03 4.435764426012227257e-02
5.509900000000000000e+04 -3.208635308352237203e+00 1.057335347471612508e+01 6.922525051176041389e-03 5.810282436476080226e-02 3.998454947828823484e-03 3.751715914299787180e-02
5.510100000000000000e+04 -6.153696866925448816e+00 1.057335347471612508e+01 4.987091709119397670e-03 4.185374361744898658e-02 2.857113554350843541e-03 2.682072644501697772e-02
5.510400000000000000e+04 7.178642753217750361e+00 1.057335347471612508e+01 3.051077160374982954e-03 2.557624400867983608e-02 1.726894476100850886e-03 1.620595869261173133e-02
5.510700000000000000e+04 -3.426313912296082975e+01 1.057335347471612508e+01 1.855208563363728398e-03 1.561987992215290756e-02 1.037530654529236849e-03 9.787505434020245254e-03
5.510800000000000000e+04 -1.397784985266569135e+00 1.057335347471612508e+01 1.572218603448912594e-03 1.324854363284307286e-02 8.757902202812570909e-04 8.271034856313568689e-03
5.510900000000000000e+04 -9.998188191468935671e+00 1.057335347471612508e+01 1.331482129531405718e-03 1.123940071155522281e-02 7.387683124515371895e-04 6.990981346989627414e-03
5.511000000000000000e+04 -7.748034109153978388e-01 1.057335347471612508e+01 1.127435049168664999e-03 9.542174514666809659e-03 6.230988444615148105e-04 5.913593526689891328e-03
5.511100000000000000e+04 2.543866309504727141e+01 1.057335347471612508e+01 9.552231054538337608e-04 8.094372235010973207e-03 5.258591276927242816e-04 4.998068684786028705e-03
5.511400000000000000e+04 -2.157889448997817894e+01 1.057335347471612508e+01 5.808402238707360788e-04 4.946739646024355015e-03 3.160519228810185948e-04 3.021463258016341639e-03
