5.497600000000000000e+04 -3.896137954108230605e+00 5.864311561220997504e+00 1.164140563987932975e+00 8.960306592350573665e-19 1.164140563987932975e+00 8.960306592350573665e-19
5.497900000000000000e+04 4.156670315995746101e+00 5.864311561220997504e+00 4.289077145657377521e+00 8.960306590053393761e-19 4.289077145657377521e+00 8.960306590053393761e-19
5.498300000000000000e+04 1.245440425585817756e+01 5.864311561220997504e+00 1.143383206421574805e+01 8.960306584651271971e-19 1.143383206421574805e+01 8.960306584651271971e-19
5.499200000000000000e+04 4.274247907730389073e+01 5.864311561220997504e+00 3.733751665722944324e+01 1.587232095280796784e+00 3.733751665722944324e+01 1.587232095280796784e+00
5.499500000000000000e+04 4.627173744710633230e+01 5.864311561220997504e+00 4.526446668391263017e+01 4.563436508517902723e+00 4.526446668391263017e+01 4.563436508517902723e+00
5.499600000000000000e+04 4.041238794295898629e+01 5.864311561220997504e+00 4.750204251648135312e+01 5.899401966142534093e+00 4.750204251648135312e+01 5.899401966142534093e+00
5.499800000000000000e+04 5.995008238802906675e+01 5.864311561220997504e+00 5.156845632445348571e+01 9.147065651372599859e+00 5.091672227927872996e+01 9.147065651372599859e+00
5.500200000000000000e+04 7.401994144702469214e+01 5.864311561220997504e+00 5.726209240702214487e+01 1.763684900154167678e+01 5.381775602163734362e+01 1.763684900154167678e+01
5.500700000000000000e+04 8.972297202278485884e+01 5.864311561220997504e+00 5.877581833983199289e+01 2.987001332578356028e+01 5.210622193247517231e+01 2.987001332578356028e+01
5.501100000000000000e+04 9.437599340437741091e+01 5.864311561220997504e+00 5.647265790661376172e+01 4.273663761122795535e+01 4.789065290588005297e+01 3.800163401318508249e+01
5.501600000000000000e+04 1.083376356924835875e+02 5.864311561220997504e+00 5.012099669628450727e+01 6.150611126321732058e+01 4.031611703369087962e+01 4.282857131343035206e+01
5.502200000000000000e+04 1.201749283636547290e+02 5.864311561220997504e+00 4.184059036395051123e+01 7.544564086046945306e+01 3.169741694238675578e+01 4.168497754598013927e+01
5.502800000000000000e+04 1.166377488629027965e+02 5.864311561220997504e+00 3.677309170850931963e+01 7.841445947499846625e+01 2.632666932167046880e+01 3.590898908961783320e+01
5.503000000000000000e+04 1.133585298540446473e+02 5.864311561220997504e+00 3.559876079969532725e+01 7.732492589552732909e+01 2.502725028100064719e+01 3.349864657779635024e+01
5.503300000000000000e+04 1.069442459613905783e+02 5.864311561220997504e+00 3.380093361396748008e+01 7.423389584844170486e+01 2.313864568316503068e+01 2.975067964429372225e+01
5.503800000000000000e+04 1.089641922040747772e+02 5.864311561220997504e+00 2.978099110271744365e+01 6.870819733240665528e+01 1.953108020902245556e+01 2.448006460697853726e+01
5.504200000000000000e+04 1.112617215878655514e+02 5.864311561220997504e+00 2.611246245802299981e+01 6.615344122351710610e+01 1.656882135661357935e+01 2.164777683285353405e+01
5.504400000000000000e+04 8.422702025777989832e+01 5.864311561220997504e+00 2.429715326512819829e+01 6.530574712075156185e+01 1.517055024046465839e+01 2.053316997979926484e+01
5.504600000000000000e+04 8.028256519794288693e+01 5.864311561220997504e+00 2.262628373494803569e+01 6.453003810342195834e+01 1.390504162668881349e+01 1.952438295465249141e+01
5.505000000000000000e+04 8.238637493628446862e+01 5.864311561220997504e+00 1.994654138246396968e+01 6.182032194070696818e+01 1.188425964160150627e+01 1.739310748690514785e+01
5.505600000000000000e+04 7.518579155748548715e+01 5.864311561220997504e+00 1.746568834296954975e+01 5.436933716975090647e+01 9.950825172612551839e+00 1.384112857863875767e+01
5.505900000000000000e+04 6.582157433401809499e+01 5.864311561220997504e+00 1.649332238431214392e+01 4.994145139160966096e+01 9.195652533626304859e+00 1.213644019237172778e+01
5.506300000000000000e+04 6.354286514846893397e+01 5.864311561220997504e+00 1.543634116582872373e+01 4.470984047061722322e+01 8.367487622413662507e+00 1.024468183644590624e+01
5.506500000000000000e+04 4.991080167498933662e+01 5.864311561220997504e+00 1.498221222048491263e+01 4.267685174337668030e+01 8.010164788539839265e+00 9.507407713281207151e+00
5.506700000000000000e+04 6.450536730828349619e+01 5.864311561220997504e+00 1.454261561878128362e+01 4.114041543463215334e+01 7.670155917078735897e+00 8.917591241737580887e+00
5.507000000000000000e+04 5.139152514438102770e+01 5.864311561220997504e+00 1.392856136751225726e+01 3.929544429158458740e+01 7.200455628366551508e+00 8.186039266625957822e+00
5.507400000000000000e+04 4.842823792630588287e+01 5.864311561220997504e+00 1.311232318930817797e+01 3.714675797483683084e+01 6.603708294373577203e+00 7.356522026901044953e+00
5.507900000000000000e+04 5.121203463038091996e+01 5.864311561220997504e+00 1.197060119420459401e+01 3.510581808987847552e+01 5.840457257125583723e+00 6.548371216168340503e+00
5.508300000000000000e+04 4.124731927134523346e+01 5.864311561220997504e+00 1.082993759035267622e+01 3.370452822938667481e+01 5.155149271873892936e+00 6.007723116713606260e+00
5.509100000000000000e+04 4.225430300963930108e+01 5.864311561220997504e+00 7.616700344753585483e+00 3.082423333552280553e+01 3.457107999615824934e+00 5.046038918168288312e+00
