5.497600000000000000e+04 -3.034161903876488875e+00 4.865375218331431384e+00 1.164140563987932975e+00 8.960306590053393761e-19 1.164140563987932975e+00 8.960306590053393761e-19
5.497900000000000000e+04 4.179224710116009156e+00 4.865375218331431384e+00 4.289077145657377521e+00 8.960306586340978904e-19 4.289077145657377521e+00 8.960306586340978904e-19
5.498300000000000000e+04 1.228055833342873981e+01 4.865375218331431384e+00 1.143383206421574805e+01 8.960306577610746169e-19 1.143383206421574805e+01 8.960306577610746169e-19
5.499200000000000000e+04 4.506836511489283481e+01 4.865375218331431384e+00 3.733751665722944324e+01 4.563436508517902723e+00 3.733751665722944324e+01 4.563436508517902723e+00
5.499500000000000000e+04 5.146112963090076420e+01 4.865375218331431384e+00 4.526446668391263017e+01 9.147065651372599859e+00 4.526446668391263017e+01 9.147065651372599859e+00
5.499600000000000000e+04 4.775035922054999560e+01 4.865375218331431384e+00 4.750204251648135312e+01 1.102479628531949452e+01 4.750204251648135312e+01 1.102479628531949452e+01
5.499800000000000000e+04 6.599189001017826683e+01 4.865375218331431384e+00 5.133933107419673547e+01 1.528761230289747708e+01 5.091672227927872996e+01 1.528761230289747708e+01
5.500200000000000000e+04 8.039436915546532703e+01 4.865375218331431384e+00 5.605119289653529790e+01 2.507244594133692317e+01 5.381775602163734362e+01 2.507244594133692317e+01
5.500700000000000000e+04 9.390924942715010104e+01 4.865375218331431384e+00 5.643103835287060122e+01 3.658455255260554395e+01 5.210622193247517231e+01 3.621157334713011267e+01
5.501100000000000000e+04 9.329751477448937180e+01 4.865375218331431384e+00 5.345554677354331830e+01 4.385195759308531649e+01 4.789065290588005297e+01 4.170419171952954684e+01
5.501600000000000000e+04 9.129612718805663008e+01 4.865375218331431384e+00 4.667396868990392278e+01 4.735129672388620037e+01 4.031611703369087962e+01 4.292955278684152631e+01
5.502200000000000000e+04 8.646080804341734449e+01 4.865375218331431384e+00 3.827463095793200409e+01 4.578954530223617780e+01 3.169741694238675578e+01 3.931107941469451816e+01
5.502800000000000000e+04 7.386508931551225032e+01 4.865375218331431384e+00 3.310052133813628927e+01 3.956139932282018634e+01 2.632666932167046880e+01 3.225289362695270512e+01
5.503000000000000000e+04 6.934803305518937577e+01 4.865375218331431384e+00 3.188221413296672679e+01 3.710504765236313318e+01 2.502725028100064719e+01 2.975067964429372225e+01
5.503300000000000000e+04 6.276990504471559973e+01 4.865375218331431384e+00 3.005247301329474041e+01 3.362224377001684417e+01 2.313864568316503068e+01 2.630642654723170537e+01
5.503800000000000000e+04 6.448174692177590828e+01 4.865375218331431384e+00 2.617750680415279874e+01 2.961356548048470216e+01 1.953108020902245556e+01 2.227253721456430569e+01
5.504200000000000000e+04 6.596319935558378234e+01 4.865375218331431384e+00 2.275727613330874988e+01 2.744588374815655385e+01 1.656882135661357935e+01 2.002180022480052202e+01
5.504400000000000000e+04 4.312506279404534126e+01 4.865375218331431384e+00 2.108858188926991417e+01 2.649662489250919251e+01 1.517055024046465839e+01 1.904313992562109448e+01
5.504600000000000000e+04 3.920443123274896635e+01 4.865375218331431384e+00 1.956022205626315369e+01 2.534707896197380350e+01 1.390504162668881349e+01 1.795118906655368463e+01
5.505000000000000000e+04 4.033218106586935647e+01 4.865375218331431384e+00 1.711214545794200959e+01 2.270605260780115131e+01 1.188425964160150627e+01 1.562486416721796978e+01
5.505600000000000000e+04 3.599044227304825228e+01 4.865375218331431384e+00 1.482374425964091813e+01 1.838670689144316839e+01 9.950825172612551839e+00 1.213644019237172778e+01
5.505900000000000000e+04 2.991411420860784531e+01 4.865375218331431384e+00 1.392773532743040299e+01 1.649512493557565662e+01 9.195652533626304859e+00 1.067024059484808518e+01
5.506300000000000000e+04 3.037271057292096543e+01 4.865375218331431384e+00 1.295119734197186823e+01 1.460342629757499644e+01 8.367487622413662507e+00 9.201327136018521813e+00
5.506500000000000000e+04 2.001782506030856723e+01 4.865375218331431384e+00 1.253110179519172362e+01 1.391513398849969008e+01 8.010164788539839265e+00 8.655305087080730431e+00
5.506700000000000000e+04 3.277536943067947561e+01 4.865375218331431384e+00 1.212651650490148292e+01 1.332932773784704672e+01 7.670155917078735897e+00 8.186039266625957822e+00
5.507000000000000000e+04 2.256411413407312239e+01 4.865375218331431384e+00 1.156321169359384449e+01 1.252123525214818223e+01 7.200455628366551508e+00 7.546549693917661727e+00
5.507400000000000000e+04 2.095529810508996249e+01 4.865375218331431384e+00 1.082413826530773271e+01 1.165013427097317411e+01 6.603708294373577203e+00 6.851408063381070335e+00
5.507900000000000000e+04 2.399649730772624423e+01 4.865375218331431384e+00 9.815472466325255496e+00 1.074987692090419245e+01 5.840457257125583723e+00 6.136124733662989605e+00
5.508300000000000000e+04 1.622368035098398664e+01 4.865375218331431384e+00 8.834894822137480119e+00 1.011599420263847193e+01 5.155149271873892936e+00 5.641623000746457173e+00
5.509100000000000000e+04 1.808115954225701216e+01 4.865375218331431384e+00 6.154343660916092418e+00 8.763022068591226343e+00 3.457107999615824934e+00 4.672365805700467334e+00
