5.497600000000000000e+04 -6.030695415180460373e+00 8.338031130665955359e+00 1.164140563987932975e+00 8.960306587780850352e-19 1.164140563987932975e+00 8.960306587780850352e-19
5.497900000000000000e+04 4.100817661810717496e+00 8.338031130665955359e+00 4.289077145657377521e+00 8.960306582668382648e-19 4.289077145657377521e+00 8.960306582668382648e-19
5.498300000000000000e+04 1.288547751045374312e+01 8.338031130665955359e+00 1.143383206421574805e+01 5.692856059696972670e-04 1.143383206421574805e+01 5.692856059696972670e-04
5.499200000000000000e+04 5.020862209438536894e+01 8.338031130665955359e+00 3.733751665722944324e+01 7.442956887355959950e+00 3.733751665722944324e+01 7.442956887355959950e+00
5.499500000000000000e+04 5.328424201086957623e+01 8.338031130665955359e+00 4.526446668391263017e+01 1.307602453554221000e+01 4.526446668391263017e+01 1.307602453554221000e+01
5.499600000000000000e+04 4.432147545082622742e+01 8.338031130665955359e+00 4.750204251648135312e+01 1.528761230289747708e+01 4.750204251648135312e+01 1.528761230289747708e+01
5.499800000000000000e+04 7.318703328735146840e+01 8.338031130665955359e+00 5.419575919406428000e+01 2.007959606340551773e+01 5.091672227927872996e+01 2.007959606340551773e+01
5.500200000000000000e+04 9.976730171500264532e+01 8.338031130665955359e+00 7.114707346060455961e+01 2.987001332578356028e+01 5.381775602163734362e+01 2.987001332578356028e+01
5.500700000000000000e+04 1.348552465778643636e+02 8.338031130665955359e+00 8.566262885698918694e+01 4.766111146708664847e+01 5.210622193247517231e+01 3.949706759516585208e+01
5.501100000000000000e+04 1.476815418166530662e+02 8.338031130665955359e+00 9.106886556582149694e+01 6.348479125789779687e+01 4.789065290588005297e+01 4.282857131343035206e+01
5.501600000000000000e+04 1.620835651480861657e+02 8.338031130665955359e+00 8.964691783611505116e+01 7.711370477720404892e+01 4.031611703369087962e+01 4.221245061156341194e+01
5.502200000000000000e+04 1.700428538364190842e+02 8.338031130665955359e+00 8.273025821962943382e+01 8.320537068125258884e+01 3.169741694238675578e+01 3.714193852390528150e+01
5.502800000000000000e+04 1.598935643441579941e+02 8.338031130665955359e+00 7.888523195545340627e+01 7.894640350409781604e+01 2.632666932167046880e+01 2.975067964429372225e+01
5.503000000000000000e+04 1.552287121416819105e+02 8.338031130665955359e+00 7.821516257818322515e+01 7.639527821871017466e+01 2.502725028100064719e+01 2.736808705979442635e+01
5.503300000000000000e+04 1.486263434668597938e+02 8.338031130665955359e+00 7.678328183501483295e+01 7.339368169818236254e+01 2.313864568316503068e+01 2.448006460697853726e+01
5.503800000000000000e+04 1.563941978602670417e+02 8.338031130665955359e+00 7.110094439292535640e+01 7.039961989969258127e+01 1.953108020902245556e+01 2.106133545733638002e+01
5.504200000000000000e+04 1.604959038749290698e+02 8.338031130665955359e+00 6.458526564807974069e+01 6.890188887888224656e+01 1.656882135661357935e+01 1.904313992562109448e+01
5.504400000000000000e+04 1.208698712624887008e+02 8.338031130665955359e+00 6.108877170830308501e+01 6.742466613397564856e+01 1.517055024046465839e+01 1.795118906655368463e+01
5.504600000000000000e+04 1.134967705813536583e+02 8.338031130665955359e+00 5.778379098386803037e+01 6.548626607010437795e+01 1.390504162668881349e+01 1.681808671994051352e+01
5.505000000000000000e+04 1.135231648447277024e+02 8.338031130665955359e+00 5.244761465031577785e+01 6.019471242479073680e+01 1.188425964160150627e+01 1.443726013929840057e+01
5.505600000000000000e+04 1.035034068689998890e+02 8.338031130665955359e+00 4.775998049847120797e+01 5.097921981343161235e+01 9.950825172612551839e+00 1.112403330135105328e+01
5.505900000000000000e+04 9.221418643827924200e+01 8.338031130665955359e+00 4.591205396988942056e+01 4.717399542835091353e+01 9.195652533626304859e+00 9.849461411076502415e+00
5.506300000000000000e+04 9.260213601895669910e+01 8.338031130665955359e+00 4.393265701272069634e+01 4.383998579657261274e+01 8.367487622413662507e+00 8.655305087080730431e+00
5.506500000000000000e+04 7.466274071841507975e+01 8.338031130665955359e+00 4.308827843051349760e+01 4.259114370032820318e+01 8.010164788539839265e+00 8.186039266625957822e+00
5.506700000000000000e+04 9.617183092657532484e+01 8.338031130665955359e+00 4.224721879126968105e+01 4.138078434403570327e+01 7.670155917078735897e+00 7.748194870342034690e+00
5.507000000000000000e+04 7.827864566577986238e+01 8.338031130665955359e+00 4.105123762844338131e+01 3.983287662789990691e+01 7.200455628366551508e+00 7.180458706402981228e+00
5.507400000000000000e+04 7.487820190866484893e+01 8.338031130665955359e+00 3.935017698451327561e+01 3.813116559174824971e+01 6.603708294373577203e+00 6.548371216168340503e+00
5.507900000000000000e+04 7.884526752683991901e+01 8.338031130665955359e+00 3.668274394055436716e+01 3.628239782183661788e+01 5.840457257125583723e+00 5.882837101230095733e+00
5.508300000000000000e+04 6.386113224616999418e+01 8.338031130665955359e+00 3.370642799922026711e+01 3.482845494478349480e+01 5.155149271873892936e+00 5.405543130602271873e+00
5.509100000000000000e+04 6.063697282345633965e+01 8.338031130665955359e+00 2.438505698609018779e+01 3.082996786461304950e+01 3.457107999615824934e+00 4.407870389404665801e+00
