5.497600000000000000e+04 -4.334226325140889458e+00 6.372008260107419275e+00 1.164140563987932975e+00 8.960306594403884616e-19 1.164140563987932975e+00 8.960306594403884616e-19
5.497900000000000000e+04 4.145207331870934375e+00 6.372008260107419275e+00 4.289077145657377521e+00 8.960306593371694018e-19 4.289077145657377521e+00 8.960306593371694018e-19
5.498300000000000000e+04 1.254275923619354494e+01 6.372008260107419275e+00 1.143383206421574805e+01 8.960306590944363620e-19 1.143383206421574805e+01 8.960306590944363620e-19
5.499200000000000000e+04 4.148576303030971957e+01 6.372008260107419275e+00 3.733751665722944324e+01 8.960306574406249113e-19 3.733751665722944324e+01 8.960306574406249113e-19
5.499500000000000000e+04 4.184749945236148960e+01 6.372008260107419275e+00 4.526446668391263017e+01 4.470698795328594821e-01 4.526446668391263017e+01 4.470698795328594821e-01
5.499600000000000000e+04 3.431978431275335595e+01 6.372008260107419275e+00 4.750204251648135312e+01 9.313124511903465574e-01 4.750204251648135312e+01 9.313124511903465574e-01
5.499800000000000000e+04 5.557159764718107198e+01 6.372008260107419275e+00 5.397681728826338343e+01 2.426487086150368899e+00 5.091672227927872996e+01 2.426487086150368899e+00
5.500200000000000000e+04 7.647785012079494038e+01 6.372008260107419275e+00 6.998999170613936371e+01 7.442956887355959950e+00 5.381775602163734362e+01 7.442956887355959950e+00
5.500700000000000000e+04 1.022293029832736408e+02 6.372008260107419275e+00 8.342206131389274049e+01 1.763684900154167678e+01 5.210622193247517231e+01 1.763684900154167678e+01
5.501100000000000000e+04 1.104636621138759693e+02 6.372008260107419275e+00 8.818584826088752493e+01 2.752955409036710677e+01 4.789065290588005297e+01 2.752955409036710677e+01
5.501600000000000000e+04 1.218977182064880225e+02 6.372008260107419275e+00 8.635309107446248333e+01 3.911888205317273304e+01 4.031611703369087962e+01 3.800163401318508249e+01
5.502200000000000000e+04 1.305789483039657171e+02 6.372008260107419275e+00 7.932278589832286286e+01 4.811737930382551554e+01 3.169741694238675578e+01 4.305420481730988058e+01
5.502800000000000000e+04 1.263952491480023781e+02 6.372008260107419275e+00 7.537588693487474245e+01 4.944361517182111498e+01 2.632666932167046880e+01 4.100482266696061373e+01
5.503000000000000000e+04 1.236933303112061679e+02 6.372008260107419275e+00 7.466379576330923840e+01 4.855704529303066863e+01 2.502725028100064719e+01 3.931107941469451816e+01
5.503300000000000000e+04 1.179547895876667809e+02 6.372008260107419275e+00 7.320141948326089221e+01 4.593836974234810100e+01 2.313864568316503068e+01 3.590898908961783320e+01
5.503800000000000000e+04 1.192862007446273793e+02 6.372008260107419275e+00 6.765761495207469522e+01 4.024671942280053827e+01 1.953108020902245556e+01 2.975067964429372225e+01
5.504200000000000000e+04 1.178148188850886555e+02 6.372008260107419275e+00 6.137919871557500784e+01 3.579525900469852218e+01 1.656882135661357935e+01 2.535793355390940462e+01
5.504400000000000000e+04 8.628560604357112140e+01 6.372008260107419275e+00 5.802280350470517334e+01 3.410409392046971533e+01 1.517055024046465839e+01 2.366696316479508511e+01
5.504600000000000000e+04 8.013469243200435699e+01 6.372008260107419275e+00 5.485399871312469600e+01 3.274953872029535518e+01 1.390504162668881349e+01 2.227253721456430569e+01
5.505000000000000000e+04 8.102967397105967962e+01 6.372008260107419275e+00 4.973919187799478436e+01 3.061733690376495787e+01 1.188425964160150627e+01 2.002180022480052202e+01
5.505600000000000000e+04 7.607788475722264820e+01 6.372008260107419275e+00 4.523545615217939542e+01 2.720157346083178851e+01 9.950825172612551839e+00 1.681808671994051352e+01
5.505900000000000000e+04 6.777272691960968132e+01 6.372008260107419275e+00 4.346049300442464869e+01 2.497852046359108869e+01 9.195652533626304859e+00 1.503371680023538381e+01
5.506300000000000000e+04 6.706744847988942126e+01 6.372008260107419275e+00 4.155796402547969137e+01 2.181873658577589481e+01 8.367487622413662507e+00 1.268309979990460690e+01
5.506500000000000000e+04 5.265294231844806205e+01 6.372008260107419275e+00 4.074610624634445344e+01 2.032589614262503375e+01 8.010164788539839265e+00 1.161678924537065605e+01
5.506700000000000000e+04 6.850804778007299944e+01 6.372008260107419275e+00 3.993850186022897475e+01 1.898342504229423255e+01 7.670155917078735897e+00 1.067024059484808518e+01
5.507000000000000000e+04 5.413379473244450679e+01 6.372008260107419275e+00 3.879101460669912171e+01 1.733390574285429864e+01 7.200455628366551508e+00 9.507407713281207151e+00
5.507400000000000000e+04 5.101263626819282848e+01 6.372008260107419275e+00 3.716368916824617941e+01 1.583829369462922720e+01 6.603708294373577203e+00 8.415671463671214880e+00
5.507900000000000000e+04 5.350272949633800579e+01 6.372008260107419275e+00 3.462339871169188399e+01 1.438567882360499262e+01 5.840457257125583723e+00 7.356522026901044953e+00
5.508300000000000000e+04 4.171203019690131697e+01 6.372008260107419275e+00 3.180005379848130431e+01 1.348370425426227470e+01 5.155149271873892936e+00 6.693990097930931249e+00
5.509100000000000000e+04 3.915857783692428740e+01 6.372008260107419275e+00 2.298769393264546679e+01 1.202737607529137165e+01 3.457107999615824934e+00 5.641623000746457173e+00
