5.497500000000000000e+04 -4.345310040611286340e+00 1.301877124849436562e+01 9.676860811788584593e-01 2.279498802305776228e-18 9.676860811788584593e-01 2.279498802305776228e-18
5.497600000000000000e+04 -1.139859511635846445e+01 1.301877124849436562e+01 2.014654457448330049e+00 2.279498741010288571e-18 2.014654457448330049e+00 2.279498741010288571e-18
5.497900000000000000e+04 -6.242375786349795952e+00 1.301877124849436562e+01 7.421511495175619366e+00 2.279498485609617514e-18 7.421511495175619366e+00 2.279498485609617514e-18
5.498000000000000000e+04 1.705265233322109353e+01 1.301877124849436562e+01 1.010928248076253944e+01 2.279498369363932715e-18 1.010928248076253944e+01 2.279498369363932715e-18
5.498100000000000000e+04 3.927696699608685549e+01 1.301877124849436562e+01 1.326427468792255127e+01 2.279498232948373031e-18 1.326427468792255127e+01 2.279498232948373031e-18
5.498200000000000000e+04 1.337436000514692580e+01 1.301877124849436562e+01 1.681188057541250913e+01 2.279498072863251428e-18 1.681188057541250913e+01 2.279498072863251428e-18
5.498400000000000000e+04 2.661728087790297081e+01 1.301877124849436562e+01 2.504964300095078400e+01 2.279497664544057483e-18 2.504964300095078400e+01 2.279497664544057483e-18
5.498500000000000000e+04 3.569126410499290358e+01 1.301877124849436562e+01 2.982457128805857849e+01 2.279497405834730840e-18 2.982457128805857849e+01 2.279497405834730840e-18
5.498700000000000000e+04 3.455023094282619667e+01 1.301877124849436562e+01 4.097582893337165899e+01 2.279496745960992233e-18 4.097582893337165899e+01 2.279496745960992233e-18
5.499000000000000000e+04 4.653999481181027420e+01 1.301877124849436562e+01 6.053040193995693841e+01 2.279495261463979831e-18 6.053040193995693841e+01 2.279495261463979831e-18
5.499200000000000000e+04 9.144122747042862898e+01 1.301877124849436562e+01 7.440742163840896239e+01 3.875042658400934537e-01 7.440742163840896239e+01 3.875042658400934537e-01
5.499300000000000000e+04 9.170408165113929044e+01 1.301877124849436562e+01 8.115791156796579742e+01 1.209607601473573046e+00 8.115791156796579742e+01 1.209607601473573046e+00
5.499400000000000000e+04 9.169774414416778541e+01 1.301877124849436562e+01 8.659722275531558466e+01 2.518318071810412118e+00 8.659722275531558466e+01 2.518318071810412118e+00
5.499600000000000000e+04 9.140903603238412245e+01 1.301877124849436562e+01 9.298895886639343189e+01 6.537636875244362322e+00 9.298895886639343189e+01 6.537636875244362322e+00
5.499700000000000000e+04 9.629268811711618525e+01 1.301877124849436562e+01 9.799049354420412783e+01 9.276889368969523986e+00 9.534931745081652821e+01 9.276889368969523986e+00
5.499800000000000000e+04 1.157384672344795717e+02 1.301877124849436562e+01 1.026448216592931431e+02 1.263660310095317385e+01 9.725679520493949326e+01 1.263660310095317385e+01
5.500000000000000000e+04 1.281651851469611358e+02 1.301877124849436562e+01 1.104426673980238292e+02 2.101485071926563819e+01 9.942624000542298290e+01 2.101485071926563819e+01
5.500200000000000000e+04 1.523477524316079439e+02 1.301877124849436562e+01 1.158938757736231366e+02 3.131205375118847201e+01 9.937735874946248771e+01 3.131205375118847201e+01
5.500300000000000000e+04 1.566967816518060488e+02 1.301877124849436562e+01 1.173473468870210183e+02 3.728071411007321956e+01 9.828909195663038645e+01 3.728071411007321956e+01
5.500400000000000000e+04 1.638911376196157903e+02 1.301877124849436562e+01 1.179310516604720789e+02 4.387309556528447985e+01 9.653818898204983157e+01 4.387309556528447985e+01
5.500500000000000000e+04 1.739395236228202464e+02 1.301877124849436562e+01 1.179034302948030586e+02 5.121978616671457729e+01 9.437559456880096320e+01 5.121978616671457729e+01
5.500900000000000000e+04 1.927467921367647250e+02 1.301877124849436562e+01 1.122780655183545377e+02 8.417417817184538364e+01 8.255133116561614770e+01 8.417417817184538364e+01
5.501200000000000000e+04 2.092061963356699152e+02 1.301877124849436562e+01 1.030821799343895862e+02 1.082465284441444737e+02 7.142612246008147281e+01 1.082465284441444737e+02
5.501300000000000000e+04 1.976409805022595378e+02 1.301877124849436562e+01 9.951399514032958393e+01 1.198012102008391508e+02 6.765517379857884350e+01 1.129241306445840110e+02
5.501400000000000000e+04 2.335758283135858164e+02 1.301877124849436562e+01 9.533926124446041683e+01 1.303937675704002004e+02 6.361888512242121152e+01 1.162361985829917899e+02
5.501600000000000000e+04 2.392980707457011249e+02 1.301877124849436562e+01 8.614971700166772450e+01 1.511856881460784336e+02 5.543739832797152900e+01 1.215709940061743595e+02
5.501700000000000000e+04 2.410629674827112581e+02 1.301877124849436562e+01 8.242288440607163125e+01 1.607948370531405828e+02 5.211031447560955598e+01 1.232616612135995240e+02
5.501800000000000000e+04 2.327322353186415853e+02 1.301877124849436562e+01 7.921994516207718107e+01 1.696957351292556382e+02 4.922327896239417555e+01 1.242828000067787144e+02
5.501900000000000000e+04 2.430869194972518983e+02 1.301877124849436562e+01 7.622883159101917272e+01 1.778028419535202431e+02 4.656333247267679099e+01 1.246601990840077718e+02
5.502000000000000000e+04 2.613656376933437286e+02 1.301877124849436562e+01 7.309167822373581203e+01 1.847425099152507642e+02 4.390417961541074021e+01 1.242216984368281061e+02
5.502100000000000000e+04 2.759450704548885369e+02 1.301877124849436562e+01 6.968532712445265531e+01 1.902016790725743647e+02 4.117301454915962466e+01 1.228613649457879831e+02
5.502200000000000000e+04 2.717415598583945666e+02 1.301877124849436562e+01 6.621299237973961738e+01 1.941624325901477164e+02 3.849145005216814042e+01 1.206727362275622966e+02
5.502500000000000000e+04 2.521300861673730367e+02 1.301877124849436562e+01 5.657059096547304478e+01 1.997583114983256678e+02 3.137059333747742329e+01 1.114909368188455971e+02
5.502900000000000000e+04 2.315380230860174322e+02 1.301877124849436562e+01 4.529080834822966040e+01 1.910686399085859080e+02 2.366167303078713857e+01 9.387738412449559178e+01
5.503100000000000000e+04 2.386784768266898880e+02 1.301877124849436562e+01 4.035146502024145576e+01 1.824237192511430123e+02 2.048817721261307412e+01 8.456896724822354372e+01
5.503200000000000000e+04 1.985984664006589355e+02 1.301877124849436562e+01 3.809119148137853017e+01 1.763833590019127655e+02 1.907229695642826428e+01 7.952360640302650552e+01
5.503300000000000000e+04 2.093082929310646705e+02 1.301877124849436562e+01 3.628033796616680462e+01 1.690773502014411349e+02 1.791710107470335345e+01 7.419252718480018416e+01
5.503400000000000000e+04 1.887451534787902290e+02 1.301877124849436562e+01 3.472080384744823078e+01 1.621405307597347587e+02 1.691552365168480421e+01 6.929674790996440947e+01
5.503500000000000000e+04 1.754535484361790054e+02 1.301877124849436562e+01 3.321978083967000828e+01 1.563765399519948005e+02 1.596874529619285887e+01 6.513789309451193787e+01
5.503600000000000000e+04 1.932807409637641456e+02 1.301877124849436562e+01 3.188071486068827554e+01 1.514600293672868645e+02 1.512367877641758973e+01 6.152909870299270523e+01
5.503700000000000000e+04 1.573912014547156843e+02 1.301877124849436562e+01 3.064278095621837039e+01 1.468200077029089812e+02 1.434788638676704053e+01 5.820416559084598873e+01
5.503900000000000000e+04 1.870373898011982021e+02 1.301877124849436562e+01 2.809364044542087058e+01 1.360922529654285142e+02 1.282170619571031622e+01 5.146626818644953261e+01
5.504000000000000000e+04 1.339957313347820786e+02 1.301877124849436562e+01 2.686884445301588187e+01 1.301588383514065583e+02 1.210962883225882791e+01 4.811431256521017019e+01
5.504200000000000000e+04 1.481659397870427028e+02 1.301877124849436562e+01 2.459645602135408993e+01 1.186632374743765865e+02 1.081543224929825442e+01 4.197496903939745039e+01
5.504400000000000000e+04 1.355617417710115262e+02 1.301877124849436562e+01 2.246523431067127774e+01 1.079412334005369019e+02 9.643386980885679804e+00 3.660513883631880816e+01
5.504500000000000000e+04 1.033287271615286897e+02 1.301877124849436562e+01 2.140560780560789311e+01 1.027321405913339731e+02 9.080561577061848411e+00 3.413368129425988684e+01
5.504600000000000000e+04 1.191974618865270941e+02 1.301877124849436562e+01 2.032314363711936167e+01 9.761997474502130956e+01 8.521234229400151960e+00 3.179182399043226326e+01
5.504700000000000000e+04 1.379766541211256765e+02 1.301877124849436562e+01 1.920520368385746224e+01 9.262066136988740084e+01 7.960046289989414880e+00 2.957709128848392055e+01
5.504800000000000000e+04 1.153616642250918858e+02 1.301877124849436562e+01 1.808100773723998245e+01 8.787432123529727335e+01 7.409034476823465276e+00 2.752609987322931318e+01
5.505000000000000000e+04 8.200102551616033963e+01 1.301877124849436562e+01 1.569407658202418077e+01 7.901175821624319440e+01 6.288194800073795498e+00 2.384037119553533302e+01
5.505200000000000000e+04 9.206831920305396011e+01 1.301877124849436562e+01 1.318401588263255242e+01 7.265217408398623888e+01 5.167770414954748759e+00 2.114440456460600615e+01
5.505400000000000000e+04 8.589688822056606909e+01 1.301877124849436562e+01 1.083649022857742672e+01 6.725878043842313048e+01 4.157327640826142812e+00 1.890459847052198938e+01
5.505600000000000000e+04 9.783832467063426463e+01 1.301877124849436562e+01 8.825915252185710713e+00 6.249032956622002644e+01 3.315520380235053022e+00 1.698291378579737554e+01
5.505800000000000000e+04 5.464579616483040780e+01 1.301877124849436562e+01 7.146293128764558134e+00 5.754192880368588447e+01 2.629827455937498115e+00 1.513703604032353489e+01
5.506000000000000000e+04 7.082480390353973121e+01 1.301877124849436562e+01 5.711659010783961321e+00 5.303887975055864246e+01 2.059888564189253035e+00 1.351929031162281980e+01
5.506100000000000000e+04 5.441642596131548970e+01 1.301877124849436562e+01 5.085593544358840923e+00 5.088702508495013177e+01 1.815959130283463896e+00 1.277252706632618029e+01
5.506200000000000000e+04 4.640126819397193003e+01 1.301877124849436562e+01 4.516105806198337014e+00 4.875937542210321141e+01 1.596812745279095003e+00 1.205423372610709798e+01
5.506400000000000000e+04 5.848597179253165024e+01 1.301877124849436562e+01 3.523521428763860097e+00 4.438284848383069203e+01 1.221917543613490142e+00 1.065154278675018951e+01
5.506500000000000000e+04 3.259088693738784315e+01 1.301877124849436562e+01 3.094819461064711952e+00 4.206585962523531919e+01 1.063036946060080368e+00 9.950057862486769267e+00
5.506700000000000000e+04 5.484850265077268006e+01 1.301877124849436562e+01 2.370495639618291239e+00 3.729910159130174918e+01 7.990344961129509649e-01 8.575491801655763524e+00
5.506800000000000000e+04 5.721872268030038811e+01 1.301877124849436562e+01 2.065622122256427051e+00 3.466681793280684332e+01 6.898283870746817481e-01 7.860243500092245483e+00
5.506900000000000000e+04 2.248358206393778147e+01 1.301877124849436562e+01 1.792370626755424690e+00 3.194751958161125671e+01 5.930877954916861095e-01 7.145018133789109882e+00
5.507100000000000000e+04 3.131826197350439500e+01 1.301877124849436562e+01 1.337323390192590722e+00 2.669871666829991597e+01 4.345486239456022304e-01 5.812788022969217927e+00
5.507300000000000000e+04 3.857605165595848717e+01 1.301877124849436562e+01 9.898430726289796366e-01 2.186497960826187636e+01 3.159510589642119949e-01 4.637421707408826421e+00
5.507400000000000000e+04 3.262932012526592018e+01 1.301877124849436562e+01 8.499490109142830985e-01 1.979282778990820901e+01 2.689201451984696289e-01 4.144400475293815944e+00
5.507500000000000000e+04 1.126690466295816684e+01 1.301877124849436562e+01 7.272308202392441245e-01 1.788209684078907813e+01 2.280935985444418612e-01 3.697168904581446203e+00
5.507800000000000000e+04 2.146176928331936296e+01 1.301877124849436562e+01 4.517957619097660027e-01 1.292425582386442073e+01 1.381047141620609098e-01 2.574860705236566183e+00
5.508000000000000000e+04 -1.320360084541344392e+01 1.301877124849436562e+01 3.276818162673840185e-01 1.026191710753610664e+01 9.849760017656127020e-02 1.996015931598868809e+00
5.508100000000000000e+04 1.557626620004479534e+01 1.301877124849436562e+01 2.790520667065116700e-01 9.101714907959978618e+00 8.318738014801362046e-02 1.749623211387704602e+00
5.508200000000000000e+04 1.361138394319421252e+01 1.301877124849436562e+01 2.373391651254759538e-01 8.038690040047246299e+00 7.017301316464903682e-02 1.527396929516862567e+00
5.508400000000000000e+04 1.940778562971212295e+01 1.301877124849436562e+01 1.714140076833276793e-01 6.209890893750249496e+00 4.986444254227592049e-02 1.153225912522330976e+00
5.508500000000000000e+04 9.990326749724186328e+00 1.301877124849436562e+01 1.456383395017000204e-01 5.439127694352871245e+00 4.202762805578161287e-02 9.987931201411885951e-01
5.508800000000000000e+04 1.101601895021254940e+00 1.301877124849436562e+01 9.007486365724916288e-02 3.574797869172789522e+00 2.538464199561750803e-02 6.351357169307066952e-01
5.508900000000000000e+04 4.524563823990076727e+00 1.301877124849436562e+01 7.673087987202015237e-02 3.090346857767142907e+00 2.145658115601357940e-02 5.431857799320026770e-01
5.509000000000000000e+04 -6.303813202493093293e+00 1.301877124849436562e+01 6.536701457365473589e-02 2.665367092001610594e+00 1.813835800367798873e-02 4.635259803140082679e-01
5.509100000000000000e+04 1.356781006057106076e+01 1.301877124849436562e+01 5.570273403805772044e-02 2.295028998433665368e+00 1.533876746194622574e-02 3.949388237052650075e-01
5.509300000000000000e+04 1.086579080894159688e+01 1.301877124849436562e+01 4.038124099309330084e-02 1.691570638505399238e+00 1.095262713745783802e-02 2.851169981805523612e-01
5.509500000000000000e+04 1.853380402440292229e+01 1.301877124849436562e+01 2.930222526858716758e-02 1.235531665884941566e+00 7.830004347216196550e-03 2.040615828835353474e-01
5.509600000000000000e+04 2.403889753671725416e+00 1.301877124849436562e+01 2.494544112664172364e-02 1.055741487411874679e+00 6.616827885050855125e-03 1.726308927025761164e-01
5.509700000000000000e+04 -7.744818659976975717e+00 1.301877124849436562e+01 2.123971988917000911e-02 9.008161948101416350e-01 5.592785077591702451e-03 1.458457370371799289e-01
5.509800000000000000e+04 4.460574293919279398e+00 1.301877124849436562e+01 1.809748854159960729e-02 7.679611641766040941e-01 4.730874821351913062e-03 1.231220002207015773e-01
5.509900000000000000e+04 -3.360466498065894037e+00 1.301877124849436562e+01 1.540644675947923890e-02 6.549238454827928102e-01 3.998454947828823484e-03 1.039842251850170152e-01
5.510100000000000000e+04 -7.148720570375300731e+00 1.301877124849436562e+01 1.116702832718027144e-02 4.747178418813676193e-01 2.857113554350843541e-03 7.394243732673441705e-02
5.510400000000000000e+04 9.103457235104944090e+00 1.301877124849436562e+01 6.893071990804156349e-03 2.928846535207353385e-01 1.726894476100850886e-03 4.435764426012227257e-02
5.510700000000000000e+04 -4.202285579428062334e+01 1.301877124849436562e+01 4.227626158010281028e-03 1.819920392926626662e-01 1.037530654529236849e-03 2.682072644501697772e-02
5.510800000000000000e+04 -1.580493976171666981e+00 1.301877124849436562e+01 3.592841799681828398e-03 1.552280677954762378e-01 8.757902202812570909e-04 2.267294750459748418e-02
5.510900000000000000e+04 -1.219057132306306990e+01 1.301877124849436562e+01 3.051187007256094073e-03 1.324368356123764301e-01 7.387683124515371895e-04 1.917345932743277914e-02
5.511000000000000000e+04 -8.516210736204531395e-01 1.301877124849436562e+01 2.590720375502085938e-03 1.129263613618570750e-01 6.230988444615148105e-04 1.620595869261173133e-02
5.511100000000000000e+04 3.140943964345479245e+01 1.301877124849436562e+01 2.200983378957896853e-03 9.623388926488110617e-02 5.258591276927242816e-04 1.369078392182229709e-02
5.511400000000000000e+04 -2.651549474291455866e+01 1.301877124849436562e+01 1.349099238009915901e-03 5.964904917676219775e-02 3.160519228810185948e-04 8.271034856313568689e-03
