5.497500000000000000e+04 -3.637088145928449645e+00 1.128337023770941805e+01 9.676860811788584593e-01 1.458879094187306028e-18 9.676860811788584593e-01 1.458879094187306028e-18
5.497600000000000000e+04 -9.610610181068421909e+00 1.128337023770941805e+01 2.014654457448330049e+00 1.458879030790155216e-18 2.014654457448330049e+00 1.458879030790155216e-18
5.497900000000000000e+04 -4.420980867658591329e+00 1.128337023770941805e+01 7.421511495175619366e+00 1.458878766632481191e-18 7.421511495175619366e+00 1.458878766632481191e-18
5.498000000000000000e+04 1.612710177009833501e+01 1.128337023770941805e+01 1.010928248076253944e+01 1.458878646401056061e-18 1.010928248076253944e+01 1.458878646401056061e-18
5.498100000000000000e+04 3.580947750240311933e+01 1.128337023770941805e+01 1.326427468792255127e+01 1.458878505308197166e-18 1.326427468792255127e+01 1.458878505308197166e-18
5.498200000000000000e+04 1.383258118119860924e+01 1.128337023770941805e+01 1.681188057541250913e+01 1.458878339734227992e-18 1.681188057541250913e+01 1.458878339734227992e-18
5.498400000000000000e+04 2.640831489299696599e+01 1.128337023770941805e+01 2.504964300095078400e+01 1.458877917415035206e-18 2.504964300095078400e+01 1.458877917415035206e-18
5.498500000000000000e+04 3.490923449174118787e+01 1.128337023770941805e+01 2.982457128805857849e+01 1.458877649835416619e-18 2.982457128805857849e+01 1.458877649835416619e-18
5.498700000000000000e+04 3.540676256434769442e+01 1.128337023770941805e+01 4.097582893337165899e+01 1.458876967336947338e-18 4.097582893337165899e+01 1.458876967336947338e-18
5.499000000000000000e+04 4.917906366098662829e+01 1.128337023770941805e+01 6.053040193995693841e+01 7.741488649430867675e-01 6.053040193995693841e+01 7.741488649430867675e-01
5.499200000000000000e+04 9.158825139880238453e+01 1.128337023770941805e+01 7.440742163840896239e+01 2.753478662916496678e+00 7.440742163840896239e+01 2.753478662916496678e+00
5.499300000000000000e+04 9.343399872919528093e+01 1.128337023770941805e+01 8.115791156796579742e+01 4.184087600156392028e+00 8.115791156796579742e+01 4.184087600156392028e+00
5.499400000000000000e+04 9.477242780368318620e+01 1.128337023770941805e+01 8.659722275531558466e+01 5.937209196140496026e+00 8.659722275531558466e+01 5.937209196140496026e+00
5.499600000000000000e+04 9.656488887058398518e+01 1.128337023770941805e+01 9.298895886639343189e+01 1.061141975033804385e+01 9.298895886639343189e+01 1.061141975033804385e+01
5.499700000000000000e+04 1.039114948190130576e+02 1.128337023770941805e+01 9.997375934718112944e+01 1.344950446033000979e+01 9.534931745081652821e+01 1.344950446033000979e+01
5.499800000000000000e+04 1.236607719154357454e+02 1.128337023770941805e+01 1.066907043398186232e+02 1.657394882118942192e+01 9.725679520493949326e+01 1.657394882118942192e+01
5.500000000000000000e+04 1.397211223089187229e+02 1.128337023770941805e+01 1.187149305664750472e+02 2.385965703044686492e+01 9.942624000542298290e+01 2.385965703044686492e+01
5.500200000000000000e+04 1.655332516781919026e+02 1.128337023770941805e+01 1.282961701455560615e+02 3.278066314669732861e+01 9.937735874946248771e+01 3.278066314669732861e+01
5.500300000000000000e+04 1.713518780246293716e+02 1.128337023770941805e+01 1.316582386759064320e+02 3.790067896713478035e+01 9.828909195663038645e+01 3.790067896713478035e+01
5.500400000000000000e+04 1.789805446645380584e+02 1.128337023770941805e+01 1.339950063070851627e+02 4.317674359126633732e+01 9.653818898204983157e+01 4.317674359126633732e+01
5.500500000000000000e+04 1.881691570094470194e+02 1.128337023770941805e+01 1.355705415980825705e+02 4.842432155196556209e+01 9.437559456880096320e+01 4.842432155196556209e+01
5.500900000000000000e+04 2.006662084678353892e+02 1.128337023770941805e+01 1.345999454655371608e+02 6.927777820425247057e+01 8.255133116561614770e+01 6.927777820425247057e+01
5.501200000000000000e+04 2.159383212275591859e+02 1.128337023770941805e+01 1.268527934891047124e+02 9.092510912109864307e+01 7.142612246008147281e+01 7.627945396065322825e+01
5.501300000000000000e+04 2.023754397573296444e+02 1.128337023770941805e+01 1.234368645955070747e+02 9.772362782192321617e+01 6.765517379857884350e+01 7.780543616395159745e+01
5.501400000000000000e+04 2.300869782739713116e+02 1.128337023770941805e+01 1.191581718342949046e+02 1.041314513932488950e+02 6.361888512242121152e+01 7.888746317670370445e+01
5.501600000000000000e+04 2.264378168553844546e+02 1.128337023770941805e+01 1.092116747061039064e+02 1.155250996951316864e+02 5.543739832797152900e+01 7.978252741376498136e+01
5.501700000000000000e+04 2.235239974428769756e+02 1.128337023770941805e+01 1.051846697690178729e+02 1.202068531433498322e+02 5.211031447560955598e+01 7.950188699956999017e+01
5.501800000000000000e+04 2.116412115088319581e+02 1.128337023770941805e+01 1.017445176152687623e+02 1.239228871389196200e+02 4.922327896239417555e+01 7.863127356530432621e+01
5.501900000000000000e+04 2.156770144516100629e+02 1.128337023770941805e+01 9.850472984594773607e+01 1.266581039444494081e+02 4.656333247267679099e+01 7.723055118563988231e+01
5.502000000000000000e+04 2.267221628572980308e+02 1.128337023770941805e+01 9.500864468774885552e+01 1.286528105161895041e+02 4.390417961541074021e+01 7.550047565504078761e+01
5.502100000000000000e+04 2.350412759168761170e+02 1.128337023770941805e+01 9.109529469001569169e+01 1.300284554585714147e+02 4.117301454915962466e+01 7.354550648109243127e+01
5.502200000000000000e+04 2.276010923219163544e+02 1.128337023770941805e+01 8.702916856795215494e+01 1.307208936013601033e+02 3.849145005216814042e+01 7.135419956406119013e+01
5.502500000000000000e+04 1.994892457812623263e+02 1.128337023770941805e+01 7.549333286663943454e+01 1.276350273846753254e+02 3.137059333747742329e+01 6.306078428096606103e+01
5.502900000000000000e+04 1.733942975411591760e+02 1.128337023770941805e+01 6.153218071656195320e+01 1.160408464632963046e+02 2.366167303078713857e+01 5.089510809793696922e+01
5.503100000000000000e+04 1.758448472894856707e+02 1.128337023770941805e+01 5.526685803102376582e+01 1.067946041390043490e+02 2.048817721261307412e+01 4.434991866237722746e+01
5.503200000000000000e+04 1.416660818156265691e+02 1.128337023770941805e+01 5.237252744235200907e+01 1.030533579069654593e+02 1.907229695642826428e+01 4.168825158048764479e+01
5.503300000000000000e+04 1.533575168237773596e+02 1.128337023770941805e+01 5.006933895325852291e+01 9.986418835890530943e+01 1.791710107470335345e+01 3.937862316991534328e+01
5.503400000000000000e+04 1.379082703549190114e+02 1.128337023770941805e+01 4.809083374173989966e+01 9.685173154316774458e+01 1.691552365168480421e+01 3.725066597814144131e+01
5.503500000000000000e+04 1.274846725198519124e+02 1.128337023770941805e+01 4.617362702394164131e+01 9.356858759636338618e+01 1.596874529619285887e+01 3.512334369232860354e+01
5.503600000000000000e+04 1.429345986393113321e+02 1.128337023770941805e+01 4.446361560266771562e+01 8.985598695208597064e+01 1.512367877641758973e+01 3.293841163932770399e+01
5.503700000000000000e+04 1.114571148284032347e+02 1.128337023770941805e+01 4.287865846685330240e+01 8.597450283652275971e+01 1.434788638676704053e+01 3.079316004173451304e+01
5.503900000000000000e+04 1.378095906296340729e+02 1.128337023770941805e+01 3.956137446686417292e+01 7.844282214082596738e+01 1.282170619571031622e+01 2.686398018521436981e+01
5.504000000000000000e+04 9.287766271977255883e+01 1.128337023770941805e+01 3.795157676029916161e+01 7.488788041522612104e+01 1.210962883225882791e+01 2.509647466998194432e+01
5.504200000000000000e+04 1.071802760692791026e+02 1.128337023770941805e+01 3.494466159748265710e+01 6.798337036015155377e+01 1.081543224929825442e+01 2.184555602832633170e+01
5.504400000000000000e+04 9.789232486967389946e+01 1.128337023770941805e+01 3.209319187238754267e+01 6.133105649580027574e+01 9.643386980885679804e+00 1.892933842462971228e+01
5.504500000000000000e+04 7.083092529546098604e+01 1.128337023770941805e+01 3.066051616494933896e+01 5.820558974793578955e+01 9.080561577061848411e+00 1.761670391886676512e+01
5.504600000000000000e+04 8.547571154790671244e+01 1.128337023770941805e+01 2.918522723569551758e+01 5.520334468166468156e+01 8.521234229400151960e+00 1.639054177009046143e+01
5.504700000000000000e+04 1.026790106002345624e+02 1.128337023770941805e+01 2.764922078827823526e+01 5.236489852356945107e+01 7.960046289989414880e+00 1.525783756514261391e+01
5.504800000000000000e+04 8.435763934108869933e+01 1.128337023770941805e+01 2.609461942737224405e+01 5.011054828573033859e+01 7.409034476823465276e+00 1.433368085976268347e+01
5.505000000000000000e+04 5.804230397160616661e+01 1.128337023770941805e+01 2.275697698146706927e+01 4.629658636272234418e+01 6.288194800073795498e+00 1.277499623695428888e+01
5.505200000000000000e+04 6.767143762254541173e+01 1.128337023770941805e+01 1.920343486197184646e+01 4.306661577851996014e+01 5.167770414954748759e+00 1.147830910941363491e+01
5.505400000000000000e+04 6.241212897672718896e+01 1.128337023770941805e+01 1.585189029447008302e+01 3.979857603148482070e+01 4.157327640826142812e+00 1.025736495656825298e+01
5.505600000000000000e+04 7.265243180372713994e+01 1.128337023770941805e+01 1.296368468671905738e+01 3.670205807126595232e+01 3.315520380235053022e+00 9.157200117581325571e+00
5.505800000000000000e+04 3.564333732572910662e+01 1.128337023770941805e+01 1.053771861594155546e+01 3.380939004564805117e+01 2.629827455937498115e+00 8.174417322448755741e+00
5.506000000000000000e+04 4.989416102767202688e+01 1.128337023770941805e+01 8.453782667432696130e+00 3.097561165167338615e+01 2.059888564189253035e+00 7.264449261649479794e+00
5.506100000000000000e+04 3.569593935598750534e+01 1.128337023770941805e+01 7.540770288502083751e+00 2.950392139587509277e+01 1.815959130283463896e+00 6.816987383520122457e+00
5.506200000000000000e+04 2.871874791871749721e+01 1.128337023770941805e+01 6.708210342917478641e+00 2.796841864450681214e+01 1.596812745279095003e+00 6.368037031991533148e+00
5.506400000000000000e+04 3.922832620806160264e+01 1.128337023770941805e+01 5.251801602450779427e+00 2.480718268382979730e+01 1.221917543613490142e+00 5.488314753059690076e+00
5.506500000000000000e+04 1.678631804604779632e+01 1.128337023770941805e+01 4.620490086050140555e+00 2.306006797083062665e+01 1.063036946060080368e+00 5.030555840059037109e+00
5.506700000000000000e+04 3.618649586226883486e+01 1.128337023770941805e+01 3.550509783477897585e+00 1.948042735621342203e+01 7.990344961129509649e-01 4.134216331963799895e+00
5.506800000000000000e+04 3.862177253158766632e+01 1.128337023770941805e+01 3.098709114739470749e+00 1.776760038252863083e+01 6.898283870746817481e-01 3.720184334700300077e+00
5.506900000000000000e+04 9.034244457292318842e+00 1.128337023770941805e+01 2.692915135430000717e+00 1.609717262527882653e+01 5.930877954916861095e-01 3.325862112660915137e+00
5.507100000000000000e+04 1.803712547818494727e+01 1.128337023770941805e+01 2.015219243547730077e+00 1.317720419920619612e+01 4.345486239456022304e-01 2.652416304188042862e+00
5.507300000000000000e+04 2.584274145876286610e+01 1.128337023770941805e+01 1.495870288666061754e+00 1.072128057236599474e+01 3.159510589642119949e-01 2.103861964749998759e+00
5.507400000000000000e+04 2.129569716116571954e+01 1.128337023770941805e+01 1.286245054484280281e+00 9.620713905625704498e+00 2.689201451984696289e-01 1.864479439074748779e+00
5.507500000000000000e+04 3.347041821510273074e+00 1.128337023770941805e+01 1.102034221367470979e+00 8.608686287459727637e+00 2.280935985444418612e-01 1.647910851351402695e+00
5.507800000000000000e+04 1.375985339429803744e+01 1.128337023770941805e+01 6.873471623845771594e-01 6.064613960240517798e+00 1.381047141620609098e-01 1.119758855288131238e+00
5.508000000000000000e+04 -1.540701014050544160e+01 1.128337023770941805e+01 4.997768232958718082e-01 4.714781463165670594e+00 9.849760017656127020e-02 8.504295568480645384e-01
5.508100000000000000e+04 9.934833290064077005e+00 1.128337023770941805e+01 4.261273548081997986e-01 4.139066187152150356e+00 8.318738014801362046e-02 7.380645840142919800e-01
5.508200000000000000e+04 8.612716022486665679e+00 1.128337023770941805e+01 3.628646510744002462e-01 3.625698929562126693e+00 7.017301316464903682e-02 6.392275968903607941e-01
5.508400000000000000e+04 1.430466529894112959e+01 1.128337023770941805e+01 2.626858833127094783e-01 2.751927371081424045e+00 4.986444254227592049e-02 4.744702363933489542e-01
5.508500000000000000e+04 6.425378702158562660e+00 1.128337023770941805e+01 2.234398845585629234e-01 2.383638940212265300e+00 4.202762805578161287e-02 4.064868588356523871e-01
5.508800000000000000e+04 -5.522164656857744269e-01 1.128337023770941805e+01 1.386509145800628173e-01 1.530719690469814376e+00 2.538464199561750803e-02 2.527608471713695959e-01
5.508900000000000000e+04 2.611402837167571267e+00 1.128337023770941805e+01 1.182364904602128258e-01 1.316633030891707579e+00 2.145658115601357940e-02 2.151361161587757309e-01
5.509000000000000000e+04 -6.600987200331632998e+00 1.128337023770941805e+01 1.008311321424459200e-01 1.128424650719063171e+00 1.813835800367798873e-02 1.824748788355535223e-01
5.509100000000000000e+04 1.077254014595425602e+01 1.128337023770941805e+01 8.601213854286343663e-02 9.646851894135802796e-01 1.533876746194622574e-02 1.543990379983322947e-01
5.509300000000000000e+04 8.683222827201936056e+00 1.128337023770941805e+01 6.247926150562824188e-02 7.044445259978403540e-01 1.095262713745783802e-02 1.104837713296487195e-01
5.509500000000000000e+04 1.552494648524888810e+01 1.128337023770941805e+01 4.542577022037475737e-02 5.125027132386836826e-01 7.830004347216196550e-03 7.879808014124903282e-02
5.509600000000000000e+04 1.622628223544340553e+00 1.128337023770941805e+01 3.870844312754750244e-02 4.370997702497228521e-01 6.616827885050855125e-03 6.654990411841091302e-02
5.509700000000000000e+04 -7.106282009073821015e+00 1.128337023770941805e+01 3.298904278017466413e-02 3.723099386463619709e-01 5.592785077591702451e-03 5.613841053171924472e-02
5.509800000000000000e+04 3.529713435157498580e+00 1.128337023770941805e+01 2.813451256257982688e-02 3.168758786174807329e-01 4.730874821351913062e-03 4.732315988911003218e-02
5.509900000000000000e+04 -3.199852306748319108e+00 1.128337023770941805e+01 2.397273663970770838e-02 2.696669052686281876e-01 3.998454947828823484e-03 3.989155403382074055e-02
5.510100000000000000e+04 -6.403963582425253875e+00 1.128337023770941805e+01 1.740696432988251413e-02 1.955426903447822218e-01 2.857113554350843541e-03 2.838889232647826000e-02
5.510400000000000000e+04 7.762452283577226275e+00 1.128337023770941805e+01 1.077236774191710732e-02 1.215300756676609556e-01 1.726894476100850886e-03 1.716526492481086630e-02
5.510700000000000000e+04 -3.650056267549256006e+01 1.128337023770941805e+01 6.623076933187383580e-03 7.542382823211042642e-02 1.037530654529236849e-03 1.037181356327150986e-02
5.510800000000000000e+04 -1.437552510524610749e+00 1.128337023770941805e+01 5.633082696849044807e-03 6.427877814431257053e-02 8.757902202812570909e-04 8.762101709966271107e-03
5.510900000000000000e+04 -1.062340867988993942e+01 1.128337023770941805e+01 4.787588048842187846e-03 5.480049993214369114e-02 7.387683124515371895e-04 7.405472963803201060e-03
5.511000000000000000e+04 -7.873959938309438300e-01 1.128337023770941805e+01 4.068212355489229937e-03 4.675452195809735173e-02 6.230988444615148105e-04 6.264003477772957240e-03
5.511100000000000000e+04 2.718055873552586377e+01 1.128337023770941805e+01 3.458838412398894217e-03 3.984918425493027411e-02 5.258591276927242816e-04 5.293462308040685488e-03
5.511400000000000000e+04 -2.300702955689692430e+01 1.128337023770941805e+01 2.124817077529088383e-03 2.469445775779081226e-02 3.160519228810185948e-04 3.198763958263059048e-03
