5.497600000000000000e+04 -4.089769160210948939e+00 6.088709035885800702e+00 1.164140563987932975e+00 1.400047905054776955e-18 1.164140563987932975e+00 1.400047905054776955e-18
5.497900000000000000e+04 4.151603777853243749e+00 6.088709035885800702e+00 4.289077145657377521e+00 1.400047904695842546e-18 4.289077145657377521e+00 1.400047904695842546e-18
5.498300000000000000e+04 1.249345637990153257e+01 6.088709035885800702e+00 1.143383206421574805e+01 1.400047903851760993e-18 1.143383206421574805e+01 1.400047903851760993e-18
5.499200000000000000e+04 4.378138231666947888e+01 6.088709035885800702e+00 3.733751665722944324e+01 2.480050148876244531e+00 3.733751665722944324e+01 2.480050148876244531e+00
5.499500000000000000e+04 4.870259404784753343e+01 6.088709035885800702e+00 4.526446668391263017e+01 7.130369544559223449e+00 4.526446668391263017e+01 7.130369544559223449e+00
5.499600000000000000e+04 4.323377620240064090e+01 6.088709035885800702e+00 4.750204251648135312e+01 9.217815572097707744e+00 4.750204251648135312e+01 9.217815572097707744e+00
5.499800000000000000e+04 6.484198374622337724e+01 6.088709035885800702e+00 5.134442274642466941e+01 1.429229008026968373e+01 5.091672227927872996e+01 1.429229008026968373e+01
5.500200000000000000e+04 8.272304350542644613e+01 6.088709035885800702e+00 5.607810177454611278e+01 2.755757656490886376e+01 5.381775602163734362e+01 2.755757656490886376e+01
5.500700000000000000e+04 1.042733974544782569e+02 6.088709035885800702e+00 5.648314457480308448e+01 4.667189582153680050e+01 5.210622193247517231e+01 4.667189582153680050e+01
5.501100000000000000e+04 1.099363620888457262e+02 6.088709035885800702e+00 5.352259368761153979e+01 6.143201648443950802e+01 4.789065290588005297e+01 5.937755314560169495e+01
5.501600000000000000e+04 1.183588370228254689e+02 6.088709035885800702e+00 4.675056931226794177e+01 7.502361140544806517e+01 4.031611703369087962e+01 6.691964267723490423e+01
5.502200000000000000e+04 1.211342464913217611e+02 6.088709035885800702e+00 3.835387450028797218e+01 7.978113905636104164e+01 3.169741694238675578e+01 6.513277741559396361e+01
5.502800000000000000e+04 1.092382512237006864e+02 6.088709035885800702e+00 3.318213401303346188e+01 7.455042781777376604e+01 2.632666932167046880e+01 5.610779545252785994e+01
5.503000000000000000e+04 1.037736378352262818e+02 6.088709035885800702e+00 3.196480405889403187e+01 7.135735137423399976e+01 2.502725028100064719e+01 5.234163527780678749e+01
5.503300000000000000e+04 9.478964789824507875e+01 6.088709035885800702e+00 3.013577213775413455e+01 6.578619036344449000e+01 2.313864568316503068e+01 4.648543694420893502e+01
5.503800000000000000e+04 9.457358988799988708e+01 6.088709035885800702e+00 2.625758423300979061e+01 5.744017659421822941e+01 1.953108020902245556e+01 3.825010094840395425e+01
5.504200000000000000e+04 9.568967211809555806e+01 6.088709035885800702e+00 2.283183582941351375e+01 5.313514472926502208e+01 1.656882135661357935e+01 3.382465130133363829e+01
5.504400000000000000e+04 6.708767754651857729e+01 6.088709035885800702e+00 2.115988347540010395e+01 5.150938187901205367e+01 1.517055024046465839e+01 3.208307809343634887e+01
5.504600000000000000e+04 6.252585830541702450e+01 6.088709035885800702e+00 1.962835676023393106e+01 5.003428200613366528e+01 1.390504162668881349e+01 3.050684836664451893e+01
5.505000000000000000e+04 6.427153457127300840e+01 6.088709035885800702e+00 1.717513203404249822e+01 4.645318535526087800e+01 1.188425964160150627e+01 2.717673044828928397e+01
5.505600000000000000e+04 5.757292173096130483e+01 6.088709035885800702e+00 1.488245412815933477e+01 3.921148472801551321e+01 9.950825172612551839e+00 2.162676340412305720e+01
5.505900000000000000e+04 4.871443014525531368e+01 6.088709035885800702e+00 1.398474837313888308e+01 3.536634524808323476e+01 9.195652533626304859e+00 1.896318780058082254e+01
5.506300000000000000e+04 4.749442951860412876e+01 6.088709035885800702e+00 1.300642276027979527e+01 3.096134938758385147e+01 8.367487622413662507e+00 1.600731536944672584e+01
5.506500000000000000e+04 3.378798488642841846e+01 6.088709035885800702e+00 1.258557091575379161e+01 2.924716297798130782e+01 8.010164788539839265e+00 1.485532455200188373e+01
5.506700000000000000e+04 4.925497726925102171e+01 6.088709035885800702e+00 1.218020759632103456e+01 2.791484733390166895e+01 7.670155917078735897e+00 1.393373631521496847e+01
5.507000000000000000e+04 3.600187242890731198e+01 6.088709035885800702e+00 1.161577501968092108e+01 2.628869766358801385e+01 7.200455628366551508e+00 1.279068635410305710e+01
5.507400000000000000e+04 3.339429125158683576e+01 6.088709035885800702e+00 1.087498681917440635e+01 2.442020475961135872e+01 6.603708294373577203e+00 1.149456566703288019e+01
5.507900000000000000e+04 3.677980478203174641e+01 6.088709035885800702e+00 9.863364215833684057e+00 2.262257618585656260e+01 5.840457257125583723e+00 1.023183002526303120e+01
5.508300000000000000e+04 2.687069113983704582e+01 6.088709035885800702e+00 8.879229105875593220e+00 2.140439101676618705e+01 5.155149271873892936e+00 9.387067369865008004e+00
5.509100000000000000e+04 2.921542456724855441e+01 6.088709035885800702e+00 6.186840476112480225e+00 1.906929644919034317e+01 3.457107999615824934e+00 7.884435809637948545e+00
