5.497400000000000000e+04 3.938938673028927084e+00 7.884768237383031675e+00 2.872527343123094101e-01 1.361878181083838162e-18 2.872527343123094101e-01 1.361878181083838162e-18
5.497600000000000000e+04 -5.741727180165526967e+00 7.884768237383031675e+00 1.958814406946931541e+00 1.361877894807208667e-18 1.958814406946931541e+00 1.361877894807208667e-18
5.498000000000000000e+04 1.053137236149864719e+01 7.884768237383031675e+00 9.740658635389692677e+00 1.361876957650400692e-18 9.740658635389692677e+00 1.361876957650400692e-18
5.498100000000000000e+04 6.886685578377421457e+00 7.884768237383031675e+00 1.261836908227294352e+01 1.361876613660269607e-18 1.261836908227294352e+01 1.361876613660269607e-18
5.498500000000000000e+04 3.128298004398502741e+01 7.884768237383031675e+00 2.761301931683333422e+01 1.172809985443463487e+00 2.761301931683333422e+01 1.172809985443463487e+00
5.498700000000000000e+04 3.615518693980334319e+01 7.884768237383031675e+00 3.698113532148148863e+01 4.188406388058739438e+00 3.698113532148148863e+01 4.188406388058739438e+00
5.498800000000000000e+04 5.447006851755651269e+01 7.884768237383031675e+00 4.209516568424355398e+01 6.387348154830737812e+00 4.209516568424355398e+01 6.387348154830737812e+00
5.498900000000000000e+04 5.947280048263944252e+01 7.884768237383031675e+00 4.711547825657126509e+01 9.046702486275524535e+00 4.711547825657126509e+01 9.046702486275524535e+00
5.499300000000000000e+04 9.110602453967746328e+01 7.884768237383031675e+00 6.549985504210982867e+01 2.434500671405781702e+01 6.549985504210982867e+01 2.434500671405781702e+01
5.499500000000000000e+04 9.783998007753531567e+01 7.884768237383031675e+00 6.925870503056015082e+01 3.451627414604166688e+01 6.925870503056015082e+01 3.451627414604166688e+01
5.499700000000000000e+04 1.293600628536901809e+02 7.884768237383031675e+00 7.366698359796477291e+01 4.622641915185185724e+01 6.841287481237441170e+01 4.622641915185185724e+01
5.499900000000000000e+04 1.355003552014613888e+02 7.884768237383031675e+00 7.503915283807144476e+01 5.889434782071408847e+01 6.504780932565140006e+01 5.889434782071408847e+01
5.500000000000000000e+04 1.531988796395787915e+02 7.884768237383031675e+00 7.534391452384639365e+01 6.489662410672829651e+01 6.320798198309262261e+01 6.489662410672829651e+01
5.500200000000000000e+04 1.481804430794481959e+02 7.884768237383031675e+00 7.503841145929503398e+01 7.673977432222363859e+01 5.914124484496770862e+01 7.673977432222363859e+01
5.500300000000000000e+04 1.442923950988130741e+02 7.884768237383031675e+00 7.357542563849486328e+01 8.187481880263729295e+01 5.628475033544589223e+01 8.187481880263729295e+01
5.500500000000000000e+04 1.614072819941903845e+02 7.884768237383031675e+00 6.920871173299124735e+01 8.848665301466941457e+01 5.000629460476246635e+01 8.657338128820018142e+01
5.500700000000000000e+04 1.622160932317446225e+02 7.884768237383031675e+00 6.508366450672302506e+01 9.118581051554355099e+01 4.455343955827151348e+01 8.551609351546802884e+01
5.500900000000000000e+04 1.489010678008715729e+02 7.884768237383031675e+00 6.054726537011438836e+01 9.029449032016984233e+01 3.937777404403901471e+01 8.130976165706424297e+01
5.501000000000000000e+04 1.477582693446159965e+02 7.884768237383031675e+00 5.809821191864504186e+01 8.948670049256338643e+01 3.686434766411487374e+01 7.900997747886577827e+01
5.501300000000000000e+04 1.335272300587060670e+02 7.884768237383031675e+00 5.070187147411923689e+01 8.434973397145760998e+01 2.997981993502793685e+01 7.035593791930737950e+01
5.501600000000000000e+04 1.104804950320404657e+02 7.884768237383031675e+00 4.117025860653058089e+01 7.468693082112967829e+01 2.279133005233092391e+01 5.903171895441801809e+01
5.501700000000000000e+04 1.051943164165855933e+02 7.884768237383031675e+00 3.823130245807331562e+01 7.169205342920363933e+01 2.072381963252022885e+01 5.569179944783939362e+01
5.501800000000000000e+04 1.043858768855714061e+02 7.884768237383031675e+00 3.550043568386348625e+01 6.865129675969021150e+01 1.885112345149930135e+01 5.242958359530334889e+01
5.501900000000000000e+04 8.971324459916766614e+01 7.884768237383031675e+00 3.283913366841044734e+01 6.553938267454745414e+01 1.708947422377729097e+01 4.922221755504877194e+01
5.502000000000000000e+04 8.820749775671029624e+01 7.884768237383031675e+00 3.027519817053115148e+01 6.237447624768237375e+01 1.544652967884242400e+01 4.608043458014359572e+01
5.502200000000000000e+04 6.952684593030630822e+01 7.884768237383031675e+00 2.560057251363238251e+01 5.629251782603542154e+01 1.256901635586821442e+01 4.027222623124582412e+01
5.502300000000000000e+04 7.344162995800387250e+01 7.884768237383031675e+00 2.347611717013496602e+01 5.321043290718272090e+01 1.131270102647213349e+01 3.747477491878492373e+01
5.502400000000000000e+04 6.910784967006898682e+01 7.884768237383031675e+00 2.151843916866063111e+01 4.972632278243602144e+01 1.018094207449878574e+01 3.448427377422747497e+01
5.502500000000000000e+04 6.200383806813429288e+01 7.884768237383031675e+00 1.973994763762299343e+01 4.595773562364694698e+01 9.172838121572022274e+00 3.138975180906150086e+01
5.502800000000000000e+04 4.222887342174595204e+01 7.884768237383031675e+00 1.522735626632169925e+01 3.606219916271816572e+01 6.716370971383953226e+00 2.356390431437412758e+01
5.502900000000000000e+04 4.406128268933340308e+01 7.884768237383031675e+00 1.399855035477801835e+01 3.316426091551780786e+01 6.071543353043900915e+00 2.136184277972161283e+01
5.503100000000000000e+04 4.064009303325391897e+01 7.884768237383031675e+00 1.192732879675493862e+01 2.783102562015928427e+01 5.006434182654020404e+00 1.743034109109994390e+01
5.503300000000000000e+04 2.307748656484574923e+01 7.884768237383031675e+00 1.030958087872377327e+01 2.320376389292265529e+01 4.192249869357422831e+00 1.414087628309016509e+01
5.503400000000000000e+04 4.249342659991209104e+01 7.884768237383031675e+00 9.677619936660905253e+00 2.116363333736434882e+01 3.874767751706000407e+00 1.272617759312348085e+01
5.503500000000000000e+04 2.823147437442144181e+01 7.884768237383031675e+00 9.123857744727663643e+00 1.932143689832627231e+01 3.597735703756966164e+00 1.146604765196502740e+01
5.503700000000000000e+04 2.864753039493820097e+01 7.884768237383031675e+00 8.218156663580234778e+00 1.608041064772353934e+01 3.145344712025503142e+00 9.298797575737893339e+00
5.503800000000000000e+04 3.206727631551552093e+01 7.884768237383031675e+00 7.855753477455198919e+00 1.470381514910232035e+01 2.963093496324381348e+00 8.395463714229940422e+00
5.503900000000000000e+04 3.049838665665637194e+01 7.884768237383031675e+00 7.536681525600863907e+00 1.345985267077920078e+01 2.802157021713587159e+00 7.589429191304875921e+00
5.504000000000000000e+04 2.162923070130392489e+01 7.884768237383031675e+00 7.238705024137408905e+00 1.235562236112481038e+01 2.653484246384680389e+00 6.881055001740258525e+00
5.504100000000000000e+04 1.698570176659763575e+01 7.884768237383031675e+00 6.953354771040149096e+00 1.137524426726276872e+01 2.513503025968822246e+00 6.258042728317525949e+00
5.504300000000000000e+04 2.205577092693902586e+01 7.884768237383031675e+00 6.416403619708617612e+00 9.756937539695732298e+00 2.256754227528354306e+00 5.240312336696778317e+00
5.504400000000000000e+04 1.610655950024548133e+01 7.884768237383031675e+00 6.137725213666590740e+00 9.125078055267630717e+00 2.129971270706062736e+00 4.843459689632500620e+00
5.504500000000000000e+04 9.762640420664096652e+00 7.884768237383031675e+00 5.848756466000962995e+00 8.572055031163939631e+00 2.002998789726357476e+00 4.497169629696206705e+00
5.504600000000000000e+04 7.212891464750194714e+00 7.884768237383031675e+00 5.569094218422895537e+00 8.087750550961873230e+00 1.882468299899572761e+00 4.194456255036756787e+00
5.504700000000000000e+04 6.292089893774397424e+00 7.884768237383031675e+00 5.298476506127295593e+00 7.667957239829172877e+00 1.768044749775525615e+00 3.931680890031879372e+00
5.504900000000000000e+04 -4.171869925834769788e+00 7.884768237383031675e+00 4.767312918623687779e+00 6.986127724759686686e+00 1.551051834533994978e+00 3.502696277141983838e+00
5.505000000000000000e+04 3.256709364041325827e+00 7.884768237383031675e+00 4.477157509537701863e+00 6.688770414074184600e+00 1.438675292267899364e+00 3.316855307980851375e+00
5.505100000000000000e+04 1.211833191172162572e+01 7.884768237383031675e+00 4.174614549807413866e+00 6.405348273803298298e+00 1.325106192803267691e+00 3.141878782461027253e+00
5.505300000000000000e+04 1.485901266695606182e-01 7.884768237383031675e+00 3.578223648834227166e+00 5.875741725648511604e+00 1.108770342350714921e+00 2.820942784410442883e+00
5.505400000000000000e+04 5.865767463592028719e-01 7.884768237383031675e+00 3.284894778193594433e+00 5.604486906045327288e+00 1.005908494057323077e+00 2.662464088382578531e+00
5.505500000000000000e+04 2.123707487886881751e+01 7.884768237383031675e+00 3.005980614308707111e+00 5.325723407033668977e+00 9.098004280595362037e-01 2.503748487157946734e+00
5.505700000000000000e+04 6.804908926194077168e+00 7.884768237383031675e+00 2.491273918093542150e+00 4.798694456484498438e+00 7.368888778080757707e-01 2.210055937219407074e+00
5.505800000000000000e+04 6.797237416500816920e+00 7.884768237383031675e+00 2.247814845057084732e+00 4.548409357855818236e+00 6.574095826676078502e-01 2.073679838540994247e+00
5.505900000000000000e+04 -7.677328984656796251e+00 7.884768237383031675e+00 2.015798291350851201e+00 4.295444174262582848e+00 5.830050588127172473e-01 1.938814793167494166e+00
5.506100000000000000e+04 1.187101582993944504e+01 7.884768237383031675e+00 1.592256951090792683e+00 3.742928079846929990e+00 4.505027589097987395e-01 1.656382741004084558e+00
5.506300000000000000e+04 3.187759169251206171e+00 7.884768237383031675e+00 1.233399217626569788e+00 3.193119989677265291e+00 3.415482990769190819e-01 1.385962927938393818e+00
5.506400000000000000e+04 1.041976674169755057e+01 7.884768237383031675e+00 1.082219366767661395e+00 2.924678946471666929e+00 2.965309531914898100e-01 1.257385617571653791e+00
5.506700000000000000e+04 1.261458797969167200e+01 7.884768237383031675e+00 7.152851723534366934e-01 2.203574077975325007e+00 1.899928740845295005e-01 9.211110972600947688e-01
5.506800000000000000e+04 -1.052566902845560826e+01 7.884768237383031675e+00 6.199253597529851278e-01 1.984062120490840853e+00 1.630009885761951050e-01 8.217619783345098128e-01
5.506900000000000000e+04 5.764219230128722060e+00 7.884768237383031675e+00 5.359743370270053653e-01 1.775614782246482060e+00 1.395185175518027509e-01 7.287563235158966979e-01
5.507000000000000000e+04 -1.352351057851999805e+01 7.884768237383031675e+00 4.623232379235135969e-01 1.578703674228523868e+00 1.191554736916271978e-01 6.421148923080304272e-01
5.507200000000000000e+04 7.661869089362412844e+00 7.884768237383031675e+00 3.426467334337660597e-01 1.229691223781630427e+00 8.659693020465177027e-02 4.913262041639884781e-01
5.507400000000000000e+04 1.050180771007894620e+01 7.884768237383031675e+00 2.525016314357532710e-01 9.440804222234059351e-01 6.259957145868536021e-02 3.706636914893623458e-01
5.507600000000000000e+04 -3.113271286618986000e+00 7.884768237383031675e+00 1.832687211569734853e-01 7.160766697214288046e-01 4.458659039435906163e-02 2.763494403062012883e-01
5.507800000000000000e+04 9.161277181890119081e+00 7.884768237383031675e+00 1.325566973582035235e-01 5.369660066171307866e-01 3.165759871947924908e-02 2.037512357202438951e-01
5.508000000000000000e+04 3.461096967828698023e+00 7.884768237383031675e+00 9.563841657303531751e-02 3.991112591301053669e-01 2.242927217941729015e-02 1.489443421145340285e-01
5.508200000000000000e+04 7.973379791550296858e+00 7.884768237383031675e+00 6.880814098494507369e-02 2.948408981142880969e-01 1.585148843184322476e-02 1.082461627558146955e-01
5.508300000000000000e+04 -1.675196179815469932e+01 7.884768237383031675e+00 5.834956818044373383e-02 2.528451681770336190e-01 1.332425287277213925e-02 9.208098189192380489e-02
5.508400000000000000e+04 -8.586032066384708727e+00 7.884768237383031675e+00 4.942284863667299744e-02 2.165945172470513935e-01 1.118771474028273233e-02 7.824946432335670721e-02
5.508600000000000000e+04 2.042098978334334092e+01 7.884768237383031675e+00 3.555180803643658016e-02 1.567330118837706732e-01 7.910245647124551638e-03 5.573323799294881836e-02
5.508900000000000000e+04 9.870945752761432601e+00 7.884768237383031675e+00 2.193408539801638274e-02 9.589077649003512060e-02 4.758348966942117439e-03 3.331275889874418111e-02
5.509000000000000000e+04 -1.029777576587288301e+01 7.884768237383031675e+00 1.866543329386737005e-02 8.132293360452225173e-02 4.015798901434460173e-03 2.803659022427161529e-02
5.509200000000000000e+04 -5.733162686303816535e+00 7.884768237383031675e+00 1.351453673461229348e-02 5.834932891761490659e-02 2.860340487345981557e-03 1.981436053980403095e-02
5.509300000000000000e+04 1.021863290069912544e+01 7.884768237383031675e+00 1.150036224965290087e-02 4.941465731028456959e-02 2.414419350363810127e-03 1.665531609096517277e-02
5.509500000000000000e+04 -3.595889794041006393e+00 7.884768237383031675e+00 8.322769198097549476e-03 3.535463002678380234e-02 1.719580412830072277e-03 1.174143337211776446e-02
5.509600000000000000e+04 6.926797884285492479e+00 7.884768237383031675e+00 7.082691820483410713e-03 2.999169637107273328e-02 1.451847290194205504e-03 9.887807058905687813e-03
5.509700000000000000e+04 5.604901413681304234e+00 7.884768237383031675e+00 6.026200080202289908e-03 2.550863871934222482e-02 1.225634575374692737e-03 8.348980041024522958e-03
5.509800000000000000e+04 2.929600814467806291e+00 7.884768237383031675e+00 5.124446770585453469e-03 2.169373481505473128e-02 1.034155386379047173e-03 7.049371162362620333e-03
5.510000000000000000e+04 -3.699909688660452556e+00 7.884768237383031675e+00 3.710467206363804362e-03 1.566964731339726136e-02 7.373742460977353481e-04 5.019748626793075000e-03
5.510100000000000000e+04 1.356994758277887314e+01 7.884768237383031675e+00 3.155953020023944278e-03 1.332293799744402145e-02 6.224268341795411233e-04 4.237980086345396677e-03
5.510200000000000000e+04 1.599664385976899528e+00 7.884768237383031675e+00 2.686229164597698366e-03 1.131908239354988653e-02 5.258043306838589264e-04 3.575425609182477163e-03
5.510600000000000000e+04 -2.770080915848625036e-01 7.884768237383031675e+00 1.404216460595289571e-03 5.905751814687479687e-03 2.668395524086519138e-04 1.814809112742756881e-03
5.510900000000000000e+04 6.363769967943783357e+00 7.884768237383031675e+00 8.625060672652767619e-04 3.625194643337995709e-03 1.603886617199637324e-04 1.091761675451888552e-03
5.511100000000000000e+04 -1.190380806434436600e+01 7.884768237383031675e+00 6.235448698356145254e-04 2.617849461204877458e-03 1.143196079927424701e-04 7.780335427244262957e-04
5.511200000000000000e+04 -1.001705196808847731e+01 7.884768237383031675e+00 5.298128241114183779e-04 2.225992633950116782e-03 9.645587389153405797e-05 6.572554133548237122e-04
5.511400000000000000e+04 1.473788847861934315e+01 7.884768237383031675e+00 3.830113914817855699e-04 1.607271167337417754e-03 6.876820444588222371e-05 4.684556010893086439e-04
5.511500000000000000e+04 -2.242531791414476672e+01 7.884768237383031675e+00 3.254917769095064185e-04 1.365393521392626458e-03 5.804061642466235168e-05 3.954109412969871438e-04
5.511700000000000000e+04 -3.498729329298721158e+00 7.884768237383031675e+00 2.353355456796176034e-04 9.845521004243189007e-04 4.139733072045060849e-05 2.815177709731275248e-04
5.511800000000000000e+04 7.311227388523808823e-01 7.884768237383031675e+00 1.999921885226068870e-04 8.363658413304637853e-04 3.494412016400036890e-05 2.376444397711154283e-04
5.511900000000000000e+04 2.095735335203460004e+00 7.884768237383031675e+00 1.701346713734274547e-04 7.100205568515644342e-04 2.952906681710418518e-05 2.004858271499546790e-04
5.512000000000000000e+04 1.647033877741908015e+00 7.884768237383031675e+00 1.459461198002283194e-04 6.032357000861282093e-04 2.516312410348764490e-05 1.692770513206106697e-04
