5.497500000000000000e+04 -3.536779540556913570e+00 1.103757770226380153e+01 9.676860811788584593e-01 1.458879094187306028e-18 9.676860811788584593e-01 1.458879094187306028e-18
5.497600000000000000e+04 -9.357369951373772921e+00 1.103757770226380153e+01 2.014654457448330049e+00 1.458879030790155216e-18 2.014654457448330049e+00 1.458879030790155216e-18
5.497900000000000000e+04 -4.163008633961216454e+00 1.103757770226380153e+01 7.421511495175619366e+00 1.458878766632481191e-18 7.421511495175619366e+00 1.458878766632481191e-18
5.498000000000000000e+04 1.599601194234137225e+01 1.103757770226380153e+01 1.010928248076253944e+01 1.458878646401056061e-18 1.010928248076253944e+01 1.458878646401056061e-18
5.498100000000000000e+04 3.531836159951559750e+01 1.103757770226380153e+01 1.326427468792255127e+01 1.458878505308197166e-18 1.326427468792255127e+01 1.458878505308197166e-18
5.498200000000000000e+04 1.389748107693260692e+01 1.103757770226380153e+01 1.681188057541250913e+01 1.458878339734227992e-18 1.681188057541250913e+01 1.458878339734227992e-18
5.498400000000000000e+04 2.637871811453899795e+01 1.103757770226380153e+01 2.504964300095078400e+01 1.458877917415035206e-18 2.504964300095078400e+01 1.458877917415035206e-18
5.498500000000000000e+04 3.479847217211585075e+01 1.103757770226380153e+01 2.982457128805857849e+01 1.458877649835416619e-18 2.982457128805857849e+01 1.458877649835416619e-18
5.498700000000000000e+04 3.552807693355385510e+01 1.103757770226380153e+01 4.097582893337165899e+01 1.458876967336947338e-18 4.097582893337165899e+01 1.458876967336947338e-18
5.499000000000000000e+04 4.944320054259451069e+01 1.103757770226380153e+01 6.053040193995693841e+01 7.741488649430867675e-01 6.053040193995693841e+01 7.741488649430867675e-01
5.499200000000000000e+04 9.127397161082187438e+01 1.103757770226380153e+01 7.440742163840896239e+01 2.753478662916496678e+00 7.440742163840896239e+01 2.753478662916496678e+00
5.499300000000000000e+04 9.325772576756774868e+01 1.103757770226380153e+01 8.115791156796579742e+01 4.184087600156392028e+00 8.115791156796579742e+01 4.184087600156392028e+00
5.499400000000000000e+04 9.472367617511415006e+01 1.103757770226380153e+01 8.659722275531558466e+01 5.937209196140496026e+00 8.659722275531558466e+01 5.937209196140496026e+00
5.499600000000000000e+04 9.671814723456355978e+01 1.103757770226380153e+01 9.298895886639343189e+01 1.061141975033804385e+01 9.298895886639343189e+01 1.061141975033804385e+01
5.499700000000000000e+04 1.050626537267372669e+02 1.103757770226380153e+01 1.009177175899442176e+02 1.344950446033000979e+01 9.534931745081652821e+01 1.344950446033000979e+01
5.499800000000000000e+04 1.255778275640790156e+02 1.103757770226380153e+01 1.086163888848764287e+02 1.657394882118942192e+01 9.725679520493949326e+01 1.657394882118942192e+01
5.500000000000000000e+04 1.437205601877875552e+02 1.103757770226380153e+01 1.226522096706897997e+02 2.385965703044686492e+01 9.942624000542298290e+01 2.385965703044686492e+01
5.500200000000000000e+04 1.713391899083066221e+02 1.103757770226380153e+01 1.341991852552741307e+02 3.278066314669732861e+01 9.937735874946248771e+01 3.278066314669732861e+01
5.500300000000000000e+04 1.781242549477321973e+02 1.103757770226380153e+01 1.384696727485008978e+02 3.790067896713478035e+01 9.828909195663038645e+01 3.790067896713478035e+01
5.500400000000000000e+04 1.865869671523678903e+02 1.103757770226380153e+01 1.416408308744635178e+02 4.317674359126633732e+01 9.653818898204983157e+01 4.317674359126633732e+01
5.500500000000000000e+04 1.964870912965489254e+02 1.103757770226380153e+01 1.439794070741627365e+02 4.842432155196556209e+01 9.437559456880096320e+01 4.842432155196556209e+01
5.500900000000000000e+04 2.113605231831490698e+02 1.103757770226380153e+01 1.452243017865519050e+02 6.927777820425247057e+01 8.255133116561614770e+01 6.927777820425247057e+01
5.501200000000000000e+04 2.186193178331009506e+02 1.103757770226380153e+01 1.381666912867816279e+02 8.225213520577237603e+01 7.142612246008147281e+01 7.627945396065322825e+01
5.501300000000000000e+04 2.023757076439911202e+02 1.103757770226380153e+01 1.348232303458079002e+02 8.592832369946815163e+01 6.765517379857884350e+01 7.780543616395159745e+01
5.501400000000000000e+04 2.263266184002205534e+02 1.103757770226380153e+01 1.304950571631103458e+02 8.918227712126353879e+01 6.361888512242121152e+01 7.888746317670370445e+01
5.501600000000000000e+04 2.162110623562320768e+02 1.103757770226380153e+01 1.201882795750422872e+02 9.435879517225984614e+01 5.543739832797152900e+01 7.978252741376498136e+01
5.501700000000000000e+04 2.102934411303641582e+02 1.103757770226380153e+01 1.160184041484970976e+02 9.610188100508021591e+01 5.211031447560955598e+01 7.950188699956999017e+01
5.501800000000000000e+04 1.958464553755437123e+02 1.103757770226380153e+01 1.124653477732781965e+02 9.710175972579430947e+01 4.922327896239417555e+01 7.863127356530432621e+01
5.501900000000000000e+04 1.972157417441962082e+02 1.103757770226380153e+01 1.091072006499762495e+02 9.738772504509189787e+01 4.656333247267679099e+01 7.723055118563988231e+01
5.502000000000000000e+04 2.056109743718405127e+02 1.103757770226380153e+01 1.054402777643704496e+02 9.717666221560298823e+01 4.390417961541074021e+01 7.550047565504078761e+01
5.502100000000000000e+04 2.114799267182922620e+02 1.103757770226380153e+01 1.012856157909326811e+02 9.657995911097059150e+01 4.117301454915962466e+01 7.354550648109243127e+01
5.502200000000000000e+04 2.021379864423223296e+02 1.103757770226380153e+01 9.693686781138021047e+01 9.556467947614716252e+01 3.849145005216814042e+01 7.135419956406119013e+01
5.502500000000000000e+04 1.703349565904164820e+02 1.103757770226380153e+01 8.449983021382919901e+01 8.939496779669750026e+01 3.137059333747742329e+01 6.306078428096606103e+01
5.502900000000000000e+04 1.426371019983451731e+02 1.103757770226380153e+01 6.926244929572011699e+01 7.746235452506007846e+01 2.366167303078713857e+01 5.089510809793696922e+01
5.503100000000000000e+04 1.456647866286298267e+02 1.103757770226380153e+01 6.236601143519420276e+01 6.981564195831423092e+01 2.048817721261307412e+01 4.434991866237722746e+01
5.503200000000000000e+04 1.124235377404578742e+02 1.103757770226380153e+01 5.916989407762305575e+01 6.671370900425438322e+01 1.907229695642826428e+01 4.168825158048764479e+01
5.503300000000000000e+04 1.240271684603150817e+02 1.103757770226380153e+01 5.663237307692235589e+01 6.404539272355030732e+01 1.791710107470335345e+01 3.937862316991534328e+01
5.503400000000000000e+04 1.091301166749643130e+02 1.103757770226380153e+01 5.445445373950371248e+01 6.155672552887872939e+01 1.691552365168480421e+01 3.725066597814144131e+01
5.503500000000000000e+04 9.930667571955592621e+01 1.103757770226380153e+01 5.233915958280171310e+01 5.895804472194279811e+01 1.596874529619285887e+01 3.512334369232860354e+01
5.503600000000000000e+04 1.150300330903823607e+02 1.103757770226380153e+01 5.045259239812908447e+01 5.615011032156193949e+01 1.512367877641758973e+01 3.293841163932770399e+01
5.503700000000000000e+04 8.498216916645442609e+01 1.103757770226380153e+01 4.870246555124204235e+01 5.329680140023409507e+01 1.434788638676704053e+01 3.079316004173451304e+01
5.503900000000000000e+04 1.122920125095676411e+02 1.103757770226380153e+01 4.501957479437805887e+01 4.789847667023722266e+01 1.282170619571031622e+01 2.686398018521436981e+01
5.504000000000000000e+04 6.910160889237023696e+01 1.103757770226380153e+01 4.322653107963110841e+01 4.540203232546433298e+01 1.210962883225882791e+01 2.509647466998194432e+01
5.504200000000000000e+04 8.469075776411817458e+01 1.103757770226380153e+01 3.987000944381308898e+01 4.066113343552379433e+01 1.081543224929825442e+01 2.184555602832633170e+01
5.504400000000000000e+04 7.726776410727499922e+01 1.103757770226380153e+01 3.667572936570441300e+01 3.622128907552895782e+01 9.643386980885679804e+00 1.892933842462971228e+01
5.504500000000000000e+04 5.159254622836628812e+01 1.103757770226380153e+01 3.506549658598203933e+01 3.416935892103397521e+01 9.080561577061848411e+00 1.761670391886676512e+01
5.504600000000000000e+04 6.668558394165964387e+01 1.103757770226380153e+01 3.340323817924858929e+01 3.221888795746681922e+01 8.521234229400151960e+00 1.639054177009046143e+01
5.504700000000000000e+04 8.422997716082100794e+01 1.103757770226380153e+01 3.166824816009389210e+01 3.039056086225106057e+01 7.960046289989414880e+00 1.525783756514261391e+01
5.504800000000000000e+04 6.680760634940008913e+01 1.103757770226380153e+01 2.990879037604096169e+01 2.892393460691511464e+01 7.409034476823465276e+00 1.433368085976268347e+01
5.505000000000000000e+04 4.179277123763660029e+01 1.103757770226380153e+01 2.611864592158651632e+01 2.644551971011907554e+01 6.288194800073795498e+00 1.277499623695428888e+01
5.505200000000000000e+04 5.171258747813027412e+01 1.103757770226380153e+01 2.206844678002276083e+01 2.436041542290855588e+01 5.167770414954748759e+00 1.147830910941363491e+01
5.505400000000000000e+04 4.715803715330440582e+01 1.103757770226380153e+01 1.823902782583245497e+01 2.230464009805766423e+01 4.157327640826142812e+00 1.025736495656825298e+01
5.505600000000000000e+04 5.780939727342024526e+01 1.103757770226380153e+01 1.493310379257867737e+01 2.039033750181833682e+01 3.315520380235053022e+00 9.157200117581325571e+00
5.505800000000000000e+04 2.226641456797207752e+01 1.103757770226380153e+01 1.215190670839599285e+01 1.862867963612847078e+01 2.629827455937498115e+00 8.174417322448755741e+00
5.506000000000000000e+04 3.692989204858373853e+01 1.103757770226380153e+01 9.758928061703006307e+00 1.693415767383110548e+01 2.059888564189253035e+00 7.264449261649479794e+00
5.506100000000000000e+04 2.345897101543649654e+01 1.103757770226380153e+01 8.709339988839492008e+00 1.606900266043363246e+01 1.815959130283463896e+00 6.816987383520122457e+00
5.506200000000000000e+04 1.710041353726304791e+01 1.103757770226380153e+01 7.751567790682838854e+00 1.517694265834542122e+01 1.596812745279095003e+00 6.368037031991533148e+00
5.506400000000000000e+04 2.841078762834356297e+01 1.103757770226380153e+01 6.074396492811381165e+00 1.336679058107687545e+01 1.221917543613490142e+00 5.488314753059690076e+00
5.506500000000000000e+04 7.072942743349035055e+00 1.103757770226380153e+01 5.346650623903781430e+00 1.238321625588932484e+01 1.063036946060080368e+00 5.030555840059037109e+00
5.506700000000000000e+04 2.737372730963273781e+01 1.103757770226380153e+01 4.112151130795689724e+00 1.039259301529059876e+01 7.990344961129509649e-01 4.134216331963799895e+00
5.506800000000000000e+04 3.040799993500505138e+01 1.103757770226380153e+01 3.590418789046303516e+00 9.448896191705292935e+00 6.898283870746817481e-01 3.720184334700300077e+00
5.506900000000000000e+04 2.112376047523479627e+00 1.103757770226380153e+01 3.121539685231842221e+00 8.534162181087907584e+00 5.930877954916861095e-01 3.325862112660915137e+00
5.507100000000000000e+04 1.206516212050476966e+01 1.103757770226380153e+01 2.337871596827339804e+00 6.944556367625132509e+00 4.345486239456022304e-01 2.652416304188042862e+00
5.507300000000000000e+04 2.068364881928080123e+01 1.103757770226380153e+01 1.736719780914480538e+00 5.618152990668396463e+00 3.159510589642119949e-01 2.103861964749998759e+00
5.507400000000000000e+04 1.668390797895875011e+01 1.103757770226380153e+01 1.493905190606538813e+00 5.027568807465060630e+00 2.689201451984696289e-01 1.864479439074748779e+00
5.507500000000000000e+04 -4.580264846808930201e-01 1.103757770226380153e+01 1.280426224789079193e+00 4.486602083889328796e+00 2.280935985444418612e-01 1.647910851351402695e+00
5.507800000000000000e+04 1.079102822742899193e+01 1.103757770226380153e+01 7.994605693413380232e-01 3.136332577776526964e+00 1.381047141620609098e-01 1.119758855288131238e+00
5.508000000000000000e+04 -1.716430822889240204e+01 1.103757770226380153e+01 5.816874276027002022e-01 2.426360568643213256e+00 9.849760017656127020e-02 8.504295568480645384e-01
5.508100000000000000e+04 7.873834696105063813e+00 1.103757770226380153e+01 4.961295352027533245e-01 2.125035550293949083e+00 8.318738014801362046e-02 7.380645840142919800e-01
5.508200000000000000e+04 6.803179600736726229e+00 1.103757770226380153e+01 4.226099544827823240e-01 1.857147937245565705e+00 7.017301316464903682e-02 6.392275968903607941e-01
5.508400000000000000e+04 1.275348746501677333e+01 1.103757770226380153e+01 3.061277856555403298e-01 1.403245724133329597e+00 4.986444254227592049e-02 4.744702363933489542e-01
5.508500000000000000e+04 5.208388142095565776e+00 1.103757770226380153e+01 2.604704276385121364e-01 1.212794192022052187e+00 4.202762805578161287e-02 4.064868588356523871e-01
5.508800000000000000e+04 -1.237493200197629317e+00 1.103757770226380153e+01 1.617712465096712848e-01 7.739284379540166681e-01 2.538464199561750803e-02 2.527608471713695959e-01
5.508900000000000000e+04 1.953236064476140399e+00 1.103757770226380153e+01 1.379915647305545445e-01 6.643403266982994548e-01 2.145658115601357940e-02 2.151361161587757309e-01
5.509000000000000000e+04 -6.973716316460500053e+00 1.103757770226380153e+01 1.177106881006686895e-01 5.682450201817972335e-01 1.813835800367798873e-02 1.824748788355535223e-01
5.509100000000000000e+04 1.009534809515101905e+01 1.103757770226380153e+01 1.004382493408238763e-01 4.848438591223631078e-01 1.533876746194622574e-02 1.543990379983322947e-01
5.509300000000000000e+04 8.169558930623642468e+00 1.103757770226380153e+01 7.299706934572898487e-02 3.527083915927705648e-01 1.095262713745783802e-02 1.104837713296487195e-01
5.509500000000000000e+04 1.494975052880532829e+01 1.103757770226380153e+01 5.309995748108135155e-02 2.556682508262965725e-01 7.830004347216196550e-03 7.879808014124903282e-02
5.509600000000000000e+04 1.384762004591181039e+00 1.103757770226380153e+01 4.525910273374784965e-02 2.176647714000865819e-01 6.616827885050855125e-03 6.654990411841091302e-02
5.509700000000000000e+04 -7.124293260163927499e+00 1.103757770226380153e+01 3.858126857925859438e-02 1.850771118409720029e-01 5.592785077591702451e-03 5.613841053171924472e-02
5.509800000000000000e+04 3.305490593220753670e+00 1.103757770226380153e+01 3.291174995718098434e-02 1.572501279955237363e-01 4.730874821351913062e-03 4.732315988911003218e-02
5.509900000000000000e+04 -3.255744307301661866e+00 1.103757770226380153e+01 2.804996115000875714e-02 1.335968144592656615e-01 3.998454947828823484e-03 3.989155403382074055e-02
5.510100000000000000e+04 -6.355839746049984029e+00 1.103757770226380153e+01 2.037693386963021838e-02 9.655630058081784983e-02 2.857113554350843541e-03 2.838889232647826000e-02
5.510400000000000000e+04 7.536282935307434094e+00 1.103757770226380153e+01 1.261876331576413345e-02 5.972653930587940724e-02 1.726894476100850886e-03 1.716526492481086630e-02
5.510700000000000000e+04 -3.574104422731484476e+01 1.103757770226380153e+01 7.763219369449561244e-03 3.690083829540737742e-02 1.037530654529236849e-03 1.037181356327150986e-02
5.510800000000000000e+04 -1.436619700373047426e+00 1.103757770226380153e+01 6.604158893096903453e-03 3.140249631834812066e-02 8.757902202812570909e-04 8.762101709966271107e-03
5.510900000000000000e+04 -1.041793472831822776e+01 1.103757770226380153e+01 5.614048159981721402e-03 2.673375739932955242e-02 7.387683124515371895e-04 7.405472963803201060e-03
5.511000000000000000e+04 -7.924113136154997683e-01 1.103757770226380153e+01 4.771441711348495263e-03 2.277654304553025297e-02 6.230988444615148105e-04 6.264003477772957240e-03
5.511100000000000000e+04 2.656954667667356773e+01 1.103757770226380153e+01 4.057529029277060634e-03 1.938571766450659928e-02 5.258591276927242816e-04 5.293462308040685488e-03
5.511400000000000000e+04 -2.251762944911336106e+01 1.103757770226380153e+01 2.494028933838694437e-03 1.196497658588297104e-02 3.160519228810185948e-04 3.198763958263059048e-03
