5.497600000000000000e+04 -4.605541774982620851e+00 6.686433310735532487e+00 1.164140563987932975e+00 1.400047905447296692e-18 1.164140563987932975e+00 1.400047905447296692e-18
5.497900000000000000e+04 4.138108114224455569e+00 6.686433310735532487e+00 4.289077145657377521e+00 1.400047905330183781e-18 4.289077145657377521e+00 1.400047905330183781e-18
5.498300000000000000e+04 1.259747895216989022e+01 6.686433310735532487e+00 1.143383206421574805e+01 1.400047905054776955e-18 1.143383206421574805e+01 1.400047905054776955e-18
5.499200000000000000e+04 4.169045714284554549e+01 6.686433310735532487e+00 3.733751665722944324e+01 1.400047903178349573e-18 3.733751665722944324e+01 1.400047903178349573e-18
5.499500000000000000e+04 4.121064919939590254e+01 6.686433310735532487e+00 4.526446668391263017e+01 8.895087593276518713e-04 4.526446668391263017e+01 8.895087593276518713e-04
5.499600000000000000e+04 3.291302185308238393e+01 6.686433310735532487e+00 4.750204251648135312e+01 2.209803768185407968e-01 4.750204251648135312e+01 2.209803768185407968e-01
5.499800000000000000e+04 5.159080101017507047e+01 6.686433310735532487e+00 5.100837237938143431e+01 1.455175704984916107e+00 5.091672227927872996e+01 1.455175704984916107e+00
5.500200000000000000e+04 6.043025781791339313e+01 6.686433310735532487e+00 5.430211582583206820e+01 7.130369544559223449e+00 5.381775602163734362e+01 7.130369544559223449e+00
5.500700000000000000e+04 7.470356764638404456e+01 6.686433310735532487e+00 5.304413392725972898e+01 2.043128833678469647e+01 5.210622193247517231e+01 2.043128833678469647e+01
5.501100000000000000e+04 7.885554510119483496e+01 6.686433310735532487e+00 4.909749735910822466e+01 3.526893370285700513e+01 4.789065290588005297e+01 3.526893370285700513e+01
5.501600000000000000e+04 9.138786501630913506e+01 6.686433310735532487e+00 4.169492823624310773e+01 5.344356235841644320e+01 4.031611703369087962e+01 5.344356235841644320e+01
5.502200000000000000e+04 1.217791516688655662e+02 6.686433310735532487e+00 3.312380070479415650e+01 8.536168544600262464e+01 3.169741694238675578e+01 6.624374161570899844e+01
5.502800000000000000e+04 1.334765073051046045e+02 6.686433310735532487e+00 2.779569746981968592e+01 1.040273079758715511e+02 2.632666932167046880e+01 6.595695408056781162e+01
5.503000000000000000e+04 1.342244703260269034e+02 6.686433310735532487e+00 2.651386894769208524e+01 1.072147972670185538e+02 2.502725028100064719e+01 6.407003541712595052e+01
5.503300000000000000e+04 1.322081065277145626e+02 6.686433310735532487e+00 2.463802992343412157e+01 1.088135497337727031e+02 2.313864568316503068e+01 5.986331613235006444e+01
5.503800000000000000e+04 1.366392655614725413e+02 6.686433310735532487e+00 2.097247392844831637e+01 1.037232900984282367e+02 1.953108020902245556e+01 5.039514629211360131e+01
5.504200000000000000e+04 1.358113388273448834e+02 6.686433310735532487e+00 1.791089588649927933e+01 9.624158865120831763e+01 1.656882135661357935e+01 4.276263603092878185e+01
5.504400000000000000e+04 1.033088230420990499e+02 6.686433310735532487e+00 1.645397879080796955e+01 9.298437260049153963e+01 1.517055024046465839e+01 3.962177117798344028e+01
5.504600000000000000e+04 9.763530908484034398e+01 6.686433310735532487e+00 1.513146629816276878e+01 9.034123595561622722e+01 1.390504162668881349e+01 3.697962994499231826e+01
5.505000000000000000e+04 1.004510097837199254e+02 6.686433310735532487e+00 1.301801801141029102e+01 8.672663041291293951e+01 1.188425964160150627e+01 3.290833665208808867e+01
5.505600000000000000e+04 9.684261002544621988e+01 6.686433310735532487e+00 1.100760280594400520e+01 8.201449504781713529e+01 9.950825172612551839e+00 2.804873291649012756e+01
5.505900000000000000e+04 8.730260447460666740e+01 6.686433310735532487e+00 1.022188735637899981e+01 7.777988139892215713e+01 9.195652533626304859e+00 2.534950343803479100e+01
5.506300000000000000e+04 8.375279942308731052e+01 6.686433310735532487e+00 9.361545151956404354e+00 7.051838743182405267e+01 8.367487622413662507e+00 2.162676340412305720e+01
5.506500000000000000e+04 6.668095279592846225e+01 6.686433310735532487e+00 8.990608958657116290e+00 6.652484018484338435e+01 8.010164788539839265e+00 1.981734343735094583e+01
5.506700000000000000e+04 8.137376437068050450e+01 6.686433310735532487e+00 8.636595562630656531e+00 6.267802334873344705e+01 7.670155917078735897e+00 1.815123319589164907e+01
5.507000000000000000e+04 6.364193462756475839e+01 6.686433310735532487e+00 8.146595497933915908e+00 5.758471631004764646e+01 7.200455628366551508e+00 1.600731536944672584e+01
5.507400000000000000e+04 5.823754577877279814e+01 6.686433310735532487e+00 7.518982263973755131e+00 5.280607388740168062e+01 6.603708294373577203e+00 1.393373631521496847e+01
5.507900000000000000e+04 6.021094530913568832e+01 6.686433310735532487e+00 6.702508748277320016e+00 4.879304654053046875e+01 5.840457257125583723e+00 1.210655448490942732e+01
5.508300000000000000e+04 4.848304365081991563e+01 6.686433310735532487e+00 5.953166379159972266e+00 4.627785108734094877e+01 5.155149271873892936e+00 1.095930354686360708e+01
5.509100000000000000e+04 5.074184995484913685e+01 6.686433310735532487e+00 4.042050673150822782e+00 4.235183116237134726e+01 3.457107999615824934e+00 9.191932970672024084e+00
