5.497400000000000000e+04 2.772725978028829363e+00 5.366666470175383452e+00 2.872527343123094101e-01 8.716023866393842389e-19 2.872527343123094101e-01 8.716023866393842389e-19
5.497600000000000000e+04 -3.282460554289444943e+00 5.366666470175383452e+00 1.958814406946931541e+00 8.716023356981633868e-19 1.958814406946931541e+00 8.716023356981633868e-19
5.498000000000000000e+04 1.027884780134351494e+01 5.366666470175383452e+00 9.740658635389692677e+00 8.716021689365841492e-19 9.740658635389692677e+00 8.716021689365841492e-19
5.498100000000000000e+04 8.717172147634473234e+00 5.366666470175383452e+00 1.261836908227294352e+01 8.716021077255084616e-19 1.261836908227294352e+01 8.716021077255084616e-19
5.498500000000000000e+04 2.931267297221421586e+01 5.366666470175383452e+00 2.761301931683333422e+01 8.716017365910701769e-19 2.761301931683333422e+01 8.716017365910701769e-19
5.498700000000000000e+04 3.356817899833627905e+01 5.366666470175383452e+00 3.698113532148148863e+01 8.716014404989387201e-19 3.698113532148148863e+01 8.716014404989387201e-19
5.498800000000000000e+04 4.617051805528767261e+01 5.366666470175383452e+00 4.209516568424355398e+01 8.716012528962566048e-19 4.209516568424355398e+01 8.716012528962566048e-19
5.498900000000000000e+04 4.936880916220393090e+01 5.366666470175383452e+00 4.711547825657126509e+01 8.716010327425725717e-19 4.711547825657126509e+01 8.716010327425725717e-19
5.499300000000000000e+04 6.710884772162079059e+01 5.366666470175383452e+00 6.549985504210982867e+01 7.505983906838168407e-01 6.549985504210982867e+01 7.505983906838168407e-01
5.499500000000000000e+04 6.789970402958786622e+01 5.366666470175383452e+00 6.925870503056015082e+01 2.680580088357593205e+00 6.925870503056015082e+01 2.680580088357593205e+00
5.499700000000000000e+04 8.590023408888806955e+01 5.366666470175383452e+00 7.366698359796477291e+01 5.789889591216336839e+00 6.841287481237441170e+01 5.789889591216336839e+00
5.499900000000000000e+04 8.620030757164600743e+01 5.366666470175383452e+00 7.503915283807144476e+01 1.009469526581835552e+01 6.504780932565140006e+01 1.009469526581835552e+01
5.500000000000000000e+04 9.685657467047005298e+01 5.366666470175383452e+00 7.534391452384639365e+01 1.269273137910385429e+01 6.320798198309262261e+01 1.269273137910385429e+01
5.500200000000000000e+04 9.133009487282807015e+01 5.366666470175383452e+00 7.503841145929503398e+01 1.874044088442200007e+01 5.914124484496770862e+01 1.874044088442200007e+01
5.500300000000000000e+04 8.807139390697152237e+01 5.366666470175383452e+00 7.357542563849486328e+01 2.209041545346666879e+01 5.628475033544589223e+01 2.209041545346666879e+01
5.500500000000000000e+04 1.013200889017888073e+02 5.366666470175383452e+00 6.920871173299124735e+01 2.958490825718519801e+01 5.000629460476246635e+01 2.958490825718519801e+01
5.500700000000000000e+04 1.068235365999313444e+02 5.366666470175383452e+00 6.508366450672302506e+01 3.769238260525701634e+01 4.455343955827151348e+01 3.769238260525701634e+01
5.500900000000000000e+04 1.045765473744862248e+02 5.366666470175383452e+00 6.054726537011438836e+01 4.535018634951246952e+01 3.937777404403901471e+01 4.535018634951246952e+01
5.501000000000000000e+04 1.073296606603022951e+02 5.366666470175383452e+00 5.809821191864504186e+01 4.911345556622313779e+01 3.686434766411487374e+01 4.911345556622313779e+01
5.501300000000000000e+04 1.062957828288482602e+02 5.366666470175383452e+00 5.070187147411923689e+01 5.663145792938843925e+01 2.997981993502793685e+01 5.540696402444812918e+01
5.501600000000000000e+04 9.576866483052486956e+01 5.366666470175383452e+00 4.117025860653058089e+01 5.825798437069828140e+01 2.279133005233092391e+01 5.352626274411823459e+01
5.501700000000000000e+04 9.280101614227635309e+01 5.366666470175383452e+00 3.823130245807331562e+01 5.778847380490871188e+01 2.072381963252022885e+01 5.203824746052112715e+01
5.501800000000000000e+04 9.293129141337968235e+01 5.366666470175383452e+00 3.550043568386348625e+01 5.727148831524058181e+01 1.885112345149930135e+01 5.056638558647409809e+01
5.501900000000000000e+04 8.364151413611220676e+01 5.366666470175383452e+00 3.283913366841044734e+01 5.670028664861848000e+01 1.708947422377729097e+01 4.910391153426733268e+01
5.502000000000000000e+04 8.292962109206115429e+01 5.366666470175383452e+00 3.027519817053115148e+01 5.567793354684641827e+01 1.544652967884242400e+01 4.731299587597417400e+01
5.502200000000000000e+04 6.899571835164438482e+01 5.366666470175383452e+00 2.560057251363238251e+01 5.181207164174887936e+01 1.256901635586821442e+01 4.243412910872144295e+01
5.502300000000000000e+04 7.099776372789064283e+01 5.366666470175383452e+00 2.347611717013496602e+01 4.973025985854420128e+01 1.131270102647213349e+01 4.000503568380997876e+01
5.502400000000000000e+04 6.786361293118959281e+01 5.366666470175383452e+00 2.151843916866063111e+01 4.779963572552300377e+01 1.018094207449878574e+01 3.778030013082754124e+01
5.502500000000000000e+04 6.310869343227941641e+01 5.366666470175383452e+00 1.973994763762299343e+01 4.588291419469034338e+01 9.172838121572022274e+00 3.564275164661721362e+01
5.502800000000000000e+04 4.897998395461328158e+01 5.366666470175383452e+00 1.522735626632169925e+01 3.991966479851672744e+01 6.716370971383953226e+00 2.949147813129190610e+01
5.502900000000000000e+04 4.980595578254212796e+01 5.366666470175383452e+00 1.399855035477801835e+01 3.791842111530525017e+01 6.071543353043900915e+00 2.756300146493076042e+01
5.503100000000000000e+04 4.658214994850396096e+01 5.366666470175383452e+00 1.192732879675493862e+01 3.405467706059694422e+01 5.006434182654020404e+00 2.398385594802235588e+01
5.503300000000000000e+04 3.261949850810542983e+01 5.366666470175383452e+00 1.030958087872377327e+01 2.941295079913404820e+01 4.192249869357422831e+00 2.008944115779936368e+01
5.503400000000000000e+04 4.470650218612039595e+01 5.366666470175383452e+00 9.677619936660905253e+00 2.709797977901937216e+01 3.874767751706000407e+00 1.823306404186474339e+01
5.503500000000000000e+04 3.398451344002936025e+01 5.366666470175383452e+00 9.123857744727663643e+00 2.500618972138421725e+01 3.597735703756966164e+00 1.657905570601618450e+01
5.503700000000000000e+04 3.240334964743344415e+01 5.366666470175383452e+00 8.218156663580234778e+00 2.122512698593140001e+01 3.145344712025503142e+00 1.367157937902183562e+01
5.503800000000000000e+04 3.378473739583545665e+01 5.366666470175383452e+00 7.855753477455198919e+00 1.945768450584422737e+01 2.963093496324381348e+00 1.235722374307394134e+01
5.503900000000000000e+04 3.181585204866196648e+01 5.366666470175383452e+00 7.536681525600863907e+00 1.781185639690194478e+01 2.802157021713587159e+00 1.115541829830396736e+01
5.504000000000000000e+04 2.490111483369783940e+01 5.366666470175383452e+00 7.238705024137408905e+00 1.627737894150357789e+01 2.653484246384680389e+00 1.005521308469457331e+01
5.504100000000000000e+04 2.088973784158903158e+01 5.366666470175383452e+00 6.953354771040149096e+00 1.485040889147050081e+01 2.513503025968822246e+00 9.050160821177707149e+00
5.504300000000000000e+04 2.278592368205143615e+01 5.366666470175383452e+00 6.416403619708617612e+00 1.236571961492881400e+01 2.256754227528354306e+00 7.338270497257618707e+00
5.504400000000000000e+04 1.799051729494610896e+01 5.366666470175383452e+00 6.137725213666590740e+00 1.127850021381398093e+01 2.129971270706062736e+00 6.606431709122529305e+00
5.504500000000000000e+04 1.296969482427988041e+01 5.366666470175383452e+00 5.848756466000962995e+00 1.029146281454306688e+01 2.002998789726357476e+00 5.951230448472252910e+00
5.504600000000000000e+04 1.059354166592661173e+01 5.366666470175383452e+00 5.569094218422895537e+00 9.410441695425486586e+00 1.882468299899572761e+00 5.373096777107163824e+00
5.504700000000000000e+04 9.369975593399626490e+00 5.366666470175383452e+00 5.298476506127295593e+00 8.614305709298688996e+00 1.768044749775525615e+00 4.857234682435121798e+00
5.504900000000000000e+04 1.208110667926288073e+00 5.366666470175383452e+00 4.767312918623687779e+00 7.280156331048170948e+00 1.551051834533994978e+00 4.005147346123217211e+00
5.505000000000000000e+04 5.813686876454594810e+00 5.366666470175383452e+00 4.477157509537701863e+00 6.719837635597738945e+00 1.438675292267899364e+00 3.652482680507522339e+00
5.505100000000000000e+04 1.146612578331445320e+01 5.366666470175383452e+00 4.174614549807413866e+00 6.244440025405268990e+00 1.325106192803267691e+00 3.353799895485938709e+00
5.505300000000000000e+04 2.730754439744147000e+00 5.366666470175383452e+00 3.578223648834227166e+00 5.486115219944922572e+00 1.108770342350714921e+00 2.878188563005573020e+00
5.505400000000000000e+04 2.809857336907430003e+00 5.366666470175383452e+00 3.284894778193594433e+00 5.176160352615601035e+00 1.005908494057323077e+00 2.684452003223524841e+00
5.505500000000000000e+04 1.669734856044303939e+01 5.366666470175383452e+00 3.005980614308707111e+00 4.907492633490671885e+00 9.098004280595362037e-01 2.516275769620402780e+00
5.505700000000000000e+04 6.632246163652400384e+00 5.366666470175383452e+00 2.491273918093542150e+00 4.471121743846200758e+00 7.368888778080757707e-01 2.241725617370870172e+00
5.505800000000000000e+04 6.529317540910478890e+00 5.366666470175383452e+00 2.247814845057084732e+00 4.280813065007478713e+00 6.574095826676078502e-01 2.122787397107745111e+00
5.505900000000000000e+04 -3.405920730039641242e+00 5.366666470175383452e+00 2.015798291350851201e+00 4.099422895234111408e+00 5.830050588127172473e-01 2.010802420775057886e+00
5.506100000000000000e+04 9.801261142706568563e+00 5.366666470175383452e+00 1.592256951090792683e+00 3.760474704415047942e+00 4.505027589097987395e-01 1.805403382022683800e+00
5.506300000000000000e+04 3.798716050941334910e+00 5.366666470175383452e+00 1.233399217626569788e+00 3.408462980501548056e+00 3.415482990769190819e-01 1.602399031781086114e+00
5.506400000000000000e+04 8.683696788137922340e+00 5.366666470175383452e+00 1.082219366767661395e+00 3.236640696115330229e+00 2.965309531914898100e-01 1.505974639919658298e+00
5.506700000000000000e+04 1.006364296838247085e+01 5.366666470175383452e+00 7.152851723534366934e-01 2.749084271528053236e+00 1.899928740845295005e-01 1.240841467627196382e+00
5.506800000000000000e+04 -5.741263240319449679e+00 5.366666470175383452e+00 6.199253597529851278e-01 2.575343867182921631e+00 1.630009885761951050e-01 1.150940233814319757e+00
5.506900000000000000e+04 5.281436753191384170e+00 5.366666470175383452e+00 5.359743370270053653e-01 2.395473971102035637e+00 1.395185175518027509e-01 1.060084954242614286e+00
5.507000000000000000e+04 -7.914208253812963889e+00 5.366666470175383452e+00 4.623232379235135969e-01 2.217271516822332256e+00 1.191554736916271978e-01 9.717203597258007308e-01
5.507200000000000000e+04 6.359202596742765223e+00 5.366666470175383452e+00 3.426467334337660597e-01 1.871794525741867110e+00 8.659693020465177027e-02 8.047267952458585505e-01
5.507400000000000000e+04 8.143209966680933221e+00 5.366666470175383452e+00 2.525016314357532710e-01 1.557225723675316420e+00 6.259957145868536021e-02 6.570018241816371063e-01
5.507600000000000000e+04 -1.278067648050729366e+00 5.366666470175383452e+00 1.832687211569734853e-01 1.269799757114138394e+00 4.458659039435906163e-02 5.259276661340864800e-01
5.507800000000000000e+04 6.922730926107210969e+00 5.366666470175383452e+00 1.325566973582035235e-01 1.010370351506255426e+00 3.165759871947924908e-02 4.109535310771395000e-01
5.508000000000000000e+04 2.901647075217988814e+00 5.366666470175383452e+00 9.563841657303531751e-02 7.870023832202436287e-01 2.242927217941729015e-02 3.144487706649526926e-01
5.508200000000000000e+04 5.852485341426536536e+00 5.366666470175383452e+00 6.880814098494507369e-02 6.042114702229798295e-01 1.585148843184322476e-02 2.372247625531919146e-01
5.508300000000000000e+04 -1.102812956019775470e+01 5.366666470175383452e+00 5.834956818044373383e-02 5.273397299822467632e-01 1.332425287277213925e-02 2.052624382010224402e-01
5.508400000000000000e+04 -5.517322104065917721e+00 5.366666470175383452e+00 4.942284863667299744e-02 4.582890686217145348e-01 1.118771474028273233e-02 1.768636417959688623e-01
5.508600000000000000e+04 1.414761888736796358e+01 5.366666470175383452e+00 3.555180803643658016e-02 3.436582442349637723e-01 7.910245647124551638e-03 1.304007908609561006e-01
5.508900000000000000e+04 6.880035952360970875e+00 5.366666470175383452e+00 2.193408539801638274e-02 2.197651031179380932e-01 4.758348966942117439e-03 8.134326650551063076e-02
5.509000000000000000e+04 -6.869741318291441523e+00 5.366666470175383452e+00 1.866543329386737005e-02 1.886981747931444076e-01 4.015798901434460173e-03 6.927754416372142177e-02
5.509200000000000000e+04 -3.798981912755163393e+00 5.366666470175383452e+00 1.351453673461229348e-02 1.386204910381129141e-01 2.860340487345981557e-03 5.007965716694829511e-02
5.509300000000000000e+04 7.043285788581830964e+00 5.366666470175383452e+00 1.150036224965290087e-02 1.180649053212010635e-01 2.414419350363810127e-03 4.231565367592597660e-02
5.509500000000000000e+04 -2.383643622043382315e+00 5.366666470175383452e+00 8.322769198097549476e-03 8.525838366619555020e-02 1.719580412830072277e-03 3.008093132914495954e-02
5.509600000000000000e+04 4.768826120718236083e+00 5.366666470175383452e+00 7.082691820483410713e-03 7.234141198585643251e-02 1.451847290194205504e-03 2.532607897558340412e-02
5.509700000000000000e+04 3.860836842515409373e+00 5.366666470175383452e+00 6.026200080202289908e-03 6.137009695362248551e-02 1.225634575374692737e-03 2.132016569519628105e-02
5.509800000000000000e+04 2.032912928866855040e+00 5.366666470175383452e+00 5.124446770585453469e-03 5.204667750689423444e-02 1.034155386379047173e-03 1.794341774353383490e-02
5.510000000000000000e+04 -2.490432910115443654e+00 5.366666470175383452e+00 3.710467206363804362e-03 3.734357050727354910e-02 7.373742460977353481e-04 1.268119074547458328e-02
5.510100000000000000e+04 9.259776132884899980e+00 5.366666470175383452e+00 3.155953020023944278e-03 3.162538067858213647e-02 6.224268341795411233e-04 1.065940229821771279e-02
5.510200000000000000e+04 1.108696823988791547e+00 5.366666470175383452e+00 2.686229164597698366e-03 2.675206348696406930e-02 5.258043306838589264e-04 8.950171792226187251e-03
5.510600000000000000e+04 -1.782292376237930576e-01 5.366666470175383452e+00 1.404216460595289571e-03 1.388399028163503010e-02 2.668395524086519138e-04 4.511597543912077707e-03
5.510900000000000000e+04 4.337753177623041800e+00 5.366666470175383452e+00 8.625060672652767619e-04 8.526680318364175323e-03 1.603886617199637324e-04 2.712307255261054220e-03
5.511100000000000000e+04 -8.097599557568269546e+00 5.366666470175383452e+00 6.235448698356145254e-04 6.157541957619834007e-03 1.143196079927424701e-04 1.931535480291048318e-03
5.511200000000000000e+04 -6.814089511596136184e+00 5.366666470175383452e+00 5.298128241114183779e-04 5.234448953592551329e-03 9.645587389153405797e-05 1.630669455947835432e-03
5.511400000000000000e+04 1.003396298291165145e+01 5.366666470175383452e+00 3.830113914817855699e-04 3.779681161399987138e-03 6.876820444588222371e-05 1.161477832155364534e-03
5.511500000000000000e+04 -1.526111824433789010e+01 5.366666470175383452e+00 3.254917769095064185e-04 3.212437247440085627e-03 5.804061642466235168e-05 9.805076602997543633e-04
5.511700000000000000e+04 -2.379640128186713444e+00 5.366666470175383452e+00 2.353355456796176034e-04 2.320124571736317809e-03 4.139733072045060849e-05 6.987274722892087252e-04
5.511800000000000000e+04 4.990957301388786460e-01 5.366666470175383452e+00 1.999921885226068870e-04 1.971797724005032535e-03 3.494412016400036890e-05 5.898993968781883653e-04
5.511900000000000000e+04 1.427681894383225014e+00 5.366666470175383452e+00 1.701346713734274547e-04 1.675423655171121668e-03 2.952906681710418518e-05 4.979414673436328770e-04
5.512000000000000000e+04 1.122093165199311793e+00 5.366666470175383452e+00 1.459461198002283194e-04 1.424635285728074715e-03 2.516312410348764490e-05 4.206434645470872170e-04
