5.497500000000000000e+04 -4.944001835194172578e+00 1.448578371064519565e+01 9.676860811788584593e-01 2.279497885001649794e-18 9.676860811788584593e-01 2.279497885001649794e-18
5.497600000000000000e+04 -1.291005913297905039e+01 1.448578371064519565e+01 2.014654457448330049e+00 2.279497664544057483e-18 2.014654457448330049e+00 2.279497664544057483e-18
5.497900000000000000e+04 -7.782082763361182209e+00 1.448578371064519565e+01 7.421511495175619366e+00 2.279496745960992233e-18 7.421511495175619366e+00 2.279496745960992233e-18
5.498000000000000000e+04 1.783506181783793920e+01 1.448578371064519565e+01 1.010928248076253944e+01 2.279496327867838250e-18 1.010928248076253944e+01 2.279496327867838250e-18
5.498100000000000000e+04 4.220819169170361818e+01 1.448578371064519565e+01 1.326427468792255127e+01 2.279495837231172164e-18 1.326427468792255127e+01 2.279495837231172164e-18
5.498200000000000000e+04 1.298700505288423379e+01 1.448578371064519565e+01 1.681188057541250913e+01 2.279495261463979831e-18 1.681188057541250913e+01 2.279495261463979831e-18
5.498400000000000000e+04 2.718143348157252603e+01 1.448578371064519565e+01 2.504964300095078400e+01 3.875042658400934537e-01 2.504964300095078400e+01 3.875042658400934537e-01
5.498500000000000000e+04 3.756195648242402285e+01 1.448578371064519565e+01 2.982457128805857849e+01 1.209607601473573046e+00 2.982457128805857849e+01 1.209607601473573046e+00
5.498700000000000000e+04 3.812847668201594331e+01 1.448578371064519565e+01 4.097582893337165899e+01 4.302310410807026031e+00 4.097582893337165899e+01 4.302310410807026031e+00
5.499000000000000000e+04 5.760009724186268443e+01 1.448578371064519565e+01 6.053040193995693841e+01 1.263660310095317385e+01 6.053040193995693841e+01 1.263660310095317385e+01
5.499200000000000000e+04 1.139443524731646988e+02 1.448578371064519565e+01 7.440742163840896239e+01 2.101485071926563819e+01 7.440742163840896239e+01 2.101485071926563819e+01
5.499300000000000000e+04 1.174433540493863575e+02 1.448578371064519565e+01 8.115791156796579742e+01 2.589679503310846798e+01 8.115791156796579742e+01 2.589679503310846798e+01
5.499400000000000000e+04 1.207824538620016881e+02 1.448578371064519565e+01 8.659722275531558466e+01 3.131205375118847201e+01 8.659722275531558466e+01 3.131205375118847201e+01
5.499600000000000000e+04 1.278297723551266785e+02 1.448578371064519565e+01 9.298895886639343189e+01 4.387309556528447985e+01 9.298895886639343189e+01 4.387309556528447985e+01
5.499700000000000000e+04 1.369989079868462341e+02 1.448578371064519565e+01 9.799049354420412783e+01 5.121978616671457729e+01 9.534931745081652821e+01 5.121978616671457729e+01
5.499800000000000000e+04 1.623731765778964302e+02 1.448578371064519565e+01 1.026448216592931431e+02 5.921981088614808897e+01 9.725679520493949326e+01 5.921981088614808897e+01
5.500000000000000000e+04 1.824423422783587512e+02 1.448578371064519565e+01 1.104426673980238292e+02 7.566300242494617123e+01 9.942624000542298290e+01 7.566300242494617123e+01
5.500200000000000000e+04 2.146243789715220771e+02 1.448578371064519565e+01 1.158938757736231366e+02 9.300927704801119944e+01 9.937735874946248771e+01 9.300927704801119944e+01
5.500300000000000000e+04 2.210965695530395010e+02 1.448578371064519565e+01 1.173473468870210183e+02 1.014473894599572503e+02 9.828909195663038645e+01 1.014473894599572503e+02
5.500400000000000000e+04 2.284997417644687232e+02 1.448578371064519565e+01 1.179310516604720789e+02 1.082465284441444737e+02 9.653818898204983157e+01 1.082465284441444737e+02
5.500500000000000000e+04 2.430636703526827205e+02 1.448578371064519565e+01 1.179034302948030586e+02 1.198012102008391508e+02 9.437559456880096320e+01 1.129241306445840110e+02
5.500900000000000000e+04 2.689499044229913807e+02 1.448578371064519565e+01 1.122780655183545377e+02 1.607948370531405828e+02 8.255133116561614770e+01 1.232616612135995240e+02
5.501200000000000000e+04 2.854630038049818381e+02 1.448578371064519565e+01 1.030821799343895862e+02 1.847425099152507642e+02 7.142612246008147281e+01 1.242216984368281061e+02
5.501300000000000000e+04 2.655991022938264337e+02 1.448578371064519565e+01 9.951399514032958393e+01 1.902016790725743647e+02 6.765517379857884350e+01 1.228613649457879831e+02
5.501400000000000000e+04 2.982282545104191058e+02 1.448578371064519565e+01 9.533926124446041683e+01 1.941624325901477164e+02 6.361888512242121152e+01 1.206727362275622966e+02
5.501600000000000000e+04 2.872281734900514607e+02 1.448578371064519565e+01 8.614971700166772450e+01 1.988946290898043117e+02 5.543739832797152900e+01 1.149148538767069141e+02
5.501700000000000000e+04 2.797836347630679938e+02 1.448578371064519565e+01 8.242288440607163125e+01 1.997583114983256678e+02 5.211031447560955598e+01 1.114909368188455971e+02
5.501800000000000000e+04 2.605154652874078920e+02 1.448578371064519565e+01 7.921994516207718107e+01 1.993025869285549163e+02 4.922327896239417555e+01 1.075799346478219434e+02
5.501900000000000000e+04 2.615032397028666082e+02 1.448578371064519565e+01 7.622883159101917272e+01 1.974524652317581115e+02 4.656333247267679099e+01 1.031891639570201704e+02
5.502000000000000000e+04 2.715635865686054444e+02 1.448578371064519565e+01 7.309167822373581203e+01 1.945425195067803372e+02 4.390417961541074021e+01 9.853247543900947392e+01
5.502100000000000000e+04 2.786215246704712740e+02 1.448578371064519565e+01 6.968532712445265531e+01 1.910686399085859080e+02 4.117301454915962466e+01 9.387738412449559178e+01
5.502200000000000000e+04 2.660142107653047105e+02 1.448578371064519565e+01 6.621299237973961738e+01 1.871542973760284951e+02 3.849145005216814042e+01 8.928265307510184812e+01
5.502500000000000000e+04 2.209759837640380056e+02 1.448578371064519565e+01 5.657059096547304478e+01 1.690773502014411349e+02 3.137059333747742329e+01 7.419252718480018416e+01
5.502900000000000000e+04 1.867460914647596155e+02 1.448578371064519565e+01 4.529080834822966040e+01 1.468200077029089812e+02 2.366167303078713857e+01 5.820416559084598873e+01
5.503100000000000000e+04 1.941390635636876425e+02 1.448578371064519565e+01 4.035146502024145576e+01 1.360922529654285142e+02 2.048817721261307412e+01 5.146626818644953261e+01
5.503200000000000000e+04 1.505849586979322794e+02 1.448578371064519565e+01 3.809119148137853017e+01 1.301588383514065583e+02 1.907229695642826428e+01 4.811431256521017019e+01
5.503300000000000000e+04 1.649750118464563684e+02 1.448578371064519565e+01 3.628033796616680462e+01 1.242988975787206272e+02 1.791710107470335345e+01 4.493651624262341926e+01
5.503400000000000000e+04 1.443532931706953661e+02 1.448578371064519565e+01 3.472080384744823078e+01 1.186632374743765865e+02 1.691552365168480421e+01 4.197496903939745039e+01
5.503500000000000000e+04 1.307272592527733082e+02 1.448578371064519565e+01 3.321978083967000828e+01 1.132439206241263321e+02 1.596874529619285887e+01 3.921324167184678089e+01
5.503600000000000000e+04 1.508820275921229381e+02 1.448578371064519565e+01 3.188071486068827554e+01 1.079412334005369019e+02 1.512367877641758973e+01 3.660513883631880816e+01
5.503700000000000000e+04 1.110415795275758342e+02 1.448578371064519565e+01 3.064278095621837039e+01 1.027321405913339731e+02 1.434788638676704053e+01 3.413368129425988684e+01
5.503900000000000000e+04 1.461408054274264430e+02 1.448578371064519565e+01 2.809364044542087058e+01 9.262066136988740084e+01 1.282170619571031622e+01 2.957709128848392055e+01
5.504000000000000000e+04 8.911587252407755955e+01 1.448578371064519565e+01 2.686884445301588187e+01 8.787432123529727335e+01 1.210962883225882791e+01 2.752609987322931318e+01
5.504200000000000000e+04 1.090673179617924689e+02 1.448578371064519565e+01 2.459645602135408993e+01 7.901175821624319440e+01 1.081543224929825442e+01 2.384037119553533302e+01
5.504400000000000000e+04 1.008536014326946031e+02 1.448578371064519565e+01 2.246523431067127774e+01 7.265217408398623888e+01 9.643386980885679804e+00 2.114440456460600615e+01
5.504500000000000000e+04 6.805311622412968120e+01 1.448578371064519565e+01 2.140560780560789311e+01 6.980138178282101080e+01 9.080561577061848411e+00 1.996093162024107315e+01
5.504600000000000000e+04 8.897761252851347535e+01 1.448578371064519565e+01 2.032314363711936167e+01 6.725878043842313048e+01 8.521234229400151960e+00 1.890459847052198938e+01
5.504700000000000000e+04 1.132036493824258514e+02 1.448578371064519565e+01 1.920520368385746224e+01 6.490087058474236414e+01 7.960046289989414880e+00 1.793485798345880156e+01
5.504800000000000000e+04 9.103761982563597144e+01 1.448578371064519565e+01 1.808100773723998245e+01 6.249032956622002644e+01 7.409034476823465276e+00 1.698291378579737554e+01
5.505000000000000000e+04 5.909956225810812214e+01 1.448578371064519565e+01 1.569407658202418077e+01 5.754192880368588447e+01 6.288194800073795498e+00 1.513703604032353489e+01
5.505200000000000000e+04 7.315728863024374107e+01 1.448578371064519565e+01 1.318401588263255242e+01 5.303887975055864246e+01 5.167770414954748759e+00 1.351929031162281980e+01
5.505400000000000000e+04 6.827660381843919879e+01 1.448578371064519565e+01 1.083649022857742672e+01 4.875937542210321141e+01 4.157327640826142812e+00 1.205423372610709798e+01
5.505600000000000000e+04 8.271946831501233532e+01 1.448578371064519565e+01 8.825915252185710713e+00 4.438284848383069203e+01 3.315520380235053022e+00 1.065154278675018951e+01
5.505800000000000000e+04 3.569022418339513081e+01 1.448578371064519565e+01 7.146293128764558134e+00 3.971798157163139109e+01 2.629827455937498115e+00 9.261293096029330485e+00
5.506000000000000000e+04 5.381332344149499392e+01 1.448578371064519565e+01 5.711659010783961321e+00 3.466681793280684332e+01 2.059888564189253035e+00 7.860243500092245483e+00
5.506100000000000000e+04 3.530156181668255044e+01 1.448578371064519565e+01 5.085593544358840923e+00 3.194751958161125671e+01 1.815959130283463896e+00 7.145018133789109882e+00
5.506200000000000000e+04 2.614398752531842973e+01 1.448578371064519565e+01 4.516105806198337014e+00 2.927671134332238267e+01 1.596812745279095003e+00 6.459713018693435949e+00
5.506400000000000000e+04 3.948053297795419780e+01 1.448578371064519565e+01 3.523521428763860097e+00 2.418525355050608638e+01 1.221917543613490142e+00 5.196659551032679403e+00
5.506500000000000000e+04 1.097358739992912824e+01 1.448578371064519565e+01 3.094819461064711952e+00 2.186497960826187636e+01 1.063036946060080368e+00 4.637421707408826421e+00
5.506700000000000000e+04 3.714192379128316190e+01 1.448578371064519565e+01 2.370495639618291239e+00 1.788209684078907813e+01 7.990344961129509649e-01 3.697168904581446203e+00
5.506800000000000000e+04 4.096019295410989969e+01 1.448578371064519565e+01 2.065622122256427051e+00 1.609980368524936623e+01 6.898283870746817481e-01 3.287284319921872644e+00
5.506900000000000000e+04 3.712997901499171860e+00 1.448578371064519565e+01 1.792370626755424690e+00 1.444534577914397211e+01 5.930877954916861095e-01 2.913249123554294773e+00
5.507100000000000000e+04 1.652142198323214828e+01 1.448578371064519565e+01 1.337323390192590722e+00 1.153202146197385325e+01 4.345486239456022304e-01 2.269948912854329759e+00
5.507300000000000000e+04 2.758432425257455023e+01 1.448578371064519565e+01 9.898430726289796366e-01 9.101714907959978618e+00 3.159510589642119949e-01 1.749623211387704602e+00
5.507400000000000000e+04 2.222587885047383338e+01 1.448578371064519565e+01 8.499490109142830985e-01 8.038690040047246299e+00 2.689201451984696289e-01 1.527396929516862567e+00
5.507500000000000000e+04 -3.681907313988501684e-01 1.448578371064519565e+01 7.272308202392441245e-01 7.074377996411578273e+00 2.280935985444418612e-01 1.328796182575100682e+00
5.507800000000000000e+04 1.419690897401389407e+01 1.448578371064519565e+01 4.517957619097660027e-01 4.748261245331804048e+00 1.381047141620609098e-01 8.622854838433522406e-01
5.508000000000000000e+04 -2.257184258832359092e+01 1.448578371064519565e+01 3.276818162673840185e-01 3.574797869172789522e+00 9.849760017656127020e-02 6.351357169307066952e-01
5.508100000000000000e+04 1.026303427955213543e+01 1.448578371064519565e+01 2.790520667065116700e-01 3.090346857767142907e+00 8.318738014801362046e-02 5.431857799320026770e-01
5.508200000000000000e+04 8.839272257046907555e+00 1.448578371064519565e+01 2.373391651254759538e-01 2.665367092001610594e+00 7.017301316464903682e-02 4.635259803140082679e-01
5.508400000000000000e+04 1.663964980199415677e+01 1.448578371064519565e+01 1.714140076833276793e-01 1.973873865756767154e+00 4.986444254227592049e-02 3.361501814980870639e-01
5.508500000000000000e+04 6.739207671745807815e+00 1.448578371064519565e+01 1.456383395017000204e-01 1.691570638505399238e+00 4.202762805578161287e-02 2.851169981805523612e-01
5.508800000000000000e+04 -1.706295130081340927e+00 1.448578371064519565e+01 9.007486365724916288e-02 1.055741487411874679e+00 2.538464199561750803e-02 1.726308927025761164e-01
5.508900000000000000e+04 2.488000669860259251e+00 1.448578371064519565e+01 7.673087987202015237e-02 9.008161948101416350e-01 2.145658115601357940e-02 1.458457370371799289e-01
5.509000000000000000e+04 -9.219271697593013570e+00 1.448578371064519565e+01 6.536701457365473589e-02 7.679611641766040941e-01 1.813835800367798873e-02 1.231220002207015773e-01
5.509100000000000000e+04 1.319169467917000382e+01 1.448578371064519565e+01 5.570273403805772044e-02 6.549238454827928102e-01 1.533876746194622574e-02 1.039842251850170152e-01
5.509300000000000000e+04 1.067817919652848424e+01 1.448578371064519565e+01 4.038124099309330084e-02 4.747178418813676193e-01 1.095262713745783802e-02 7.394243732673441705e-02
5.509500000000000000e+04 1.958789161836751802e+01 1.448578371064519565e+01 2.930222526858716758e-02 3.436756749726471716e-01 7.830004347216196550e-03 5.253453506972701609e-02
5.509600000000000000e+04 1.790137239794512114e+00 1.448578371064519565e+01 2.494544112664172364e-02 2.928846535207353385e-01 6.616827885050855125e-03 4.435764426012227257e-02
5.509700000000000000e+04 -9.372253346213220482e+00 1.448578371064519565e+01 2.123971988917000911e-02 2.500030933811949185e-01 5.592785077591702451e-03 3.751715914299787180e-02
5.509800000000000000e+04 4.320050684473538460e+00 1.448578371064519565e+01 1.809748854159960729e-02 2.133769544546618990e-01 4.730874821351913062e-03 3.173080249452188417e-02
5.509900000000000000e+04 -4.287606233016084012e+00 1.448578371064519565e+01 1.540644675947923890e-02 1.819920392926626662e-01 3.998454947828823484e-03 2.682072644501697772e-02
5.510100000000000000e+04 -8.351302530640724697e+00 1.448578371064519565e+01 1.116702832718027144e-02 1.324368356123764301e-01 2.857113554350843541e-03 1.917345932743277914e-02
5.510400000000000000e+04 9.884648703947515713e+00 1.448578371064519565e+01 6.893071990804156349e-03 8.203875517713231369e-02 1.726894476100850886e-03 1.157105150594250030e-02
5.510700000000000000e+04 -4.691030898063960564e+01 1.448578371064519565e+01 4.227626158010281028e-03 5.084331004225147582e-02 1.037530654529236849e-03 6.990981346989627414e-03
5.510800000000000000e+04 -1.888347773506538596e+00 1.448578371064519565e+01 3.592841799681828398e-03 4.336792948733299291e-02 8.757902202812570909e-04 5.913593526689891328e-03
5.510900000000000000e+04 -1.367500457491839327e+01 1.448578371064519565e+01 3.051187007256094073e-03 3.695821888965029195e-02 7.387683124515371895e-04 4.998068684786028705e-03
5.511000000000000000e+04 -1.042039889389702934e+00 1.448578371064519565e+01 2.590720375502085938e-03 3.148893096686548876e-02 6.230988444615148105e-04 4.223640712351514441e-03
5.511100000000000000e+04 3.486831127829008636e+01 1.448578371064519565e+01 2.200983378957896853e-03 2.684365326070905361e-02 5.258591276927242816e-04 3.571391942938554210e-03
5.511400000000000000e+04 -2.955328081895503090e+01 1.448578371064519565e+01 1.349099238009915901e-03 1.661920071437556282e-02 3.160519228810185948e-04 2.158618095126063445e-03
