5.497600000000000000e+04 -7.819600900140455835e+00 1.041117771338201869e+01 1.164140563987932975e+00 1.400047905276879818e-18 1.164140563987932975e+00 1.400047905276879818e-18
5.497900000000000000e+04 4.054009308677425594e+00 1.041117771338201869e+01 4.289077145657377521e+00 1.400047905054776955e-18 4.289077145657377521e+00 1.400047905054776955e-18
5.498300000000000000e+04 1.324570006365621921e+01 1.041117771338201869e+01 1.143383206421574805e+01 1.400047904532473228e-18 1.143383206421574805e+01 1.400047904532473228e-18
5.499200000000000000e+04 4.433628645711176830e+01 1.041117771338201869e+01 3.733751665722944324e+01 2.209803768185407968e-01 3.733751665722944324e+01 2.209803768185407968e-01
5.499500000000000000e+04 4.143109484517824370e+01 1.041117771338201869e+01 4.526446668391263017e+01 2.480050148876244531e+00 4.526446668391263017e+01 2.480050148876244531e+00
5.499600000000000000e+04 2.823336867331254751e+01 1.041117771338201869e+01 4.750204251648135312e+01 3.791386072109951044e+00 4.750204251648135312e+01 3.791386072109951044e+00
5.499800000000000000e+04 5.996720919722154264e+01 1.041117771338201869e+01 5.419575919406428000e+01 7.130369544559223449e+00 5.091672227927872996e+01 7.130369544559223449e+00
5.500200000000000000e+04 8.681278924415465781e+01 1.041117771338201869e+01 7.114707346060455961e+01 1.722624419581170585e+01 5.381775602163734362e+01 1.722624419581170585e+01
5.500700000000000000e+04 1.228438585836288155e+02 1.041117771338201869e+01 8.566262885698918694e+01 3.526893370285700513e+01 5.210622193247517231e+01 3.526893370285700513e+01
5.501100000000000000e+04 1.326100103657282148e+02 1.041117771338201869e+01 9.106886556582149694e+01 5.012192478071398227e+01 4.789065290588005297e+01 5.012192478071398227e+01
5.501600000000000000e+04 1.649936825244884062e+02 1.041117771338201869e+01 8.964691783611505116e+01 8.118671367430992802e+01 4.031611703369087962e+01 6.364590284909841245e+01
5.502200000000000000e+04 2.011524658850200922e+02 1.041117771338201869e+01 8.273025821962943382e+01 1.132937729015239512e+02 3.169741694238675578e+01 6.707742622943986532e+01
5.502800000000000000e+04 2.105967294039572266e+02 1.041117771338201869e+01 7.888523195545340627e+01 1.291368958772714848e+02 2.632666932167046880e+01 6.142356158546017753e+01
5.503000000000000000e+04 2.089955510070157914e+02 1.041117771338201869e+01 7.821516257818322515e+01 1.300083916894571701e+02 2.502725028100064719e+01 5.803427894360199701e+01
5.503300000000000000e+04 2.029218669508311734e+02 1.041117771338201869e+01 7.678328183501483295e+01 1.280747473612654517e+02 2.313864568316503068e+01 5.234163527780678749e+01
5.503800000000000000e+04 2.090653148636332617e+02 1.041117771338201869e+01 7.110094439292535640e+01 1.193676222167346168e+02 1.953108020902245556e+01 4.276263603092878185e+01
5.504200000000000000e+04 2.117259259044213024e+02 1.041117771338201869e+01 6.458526564807974069e+01 1.134165250412914503e+02 1.656882135661357935e+01 3.697962994499231826e+01
5.504400000000000000e+04 1.630744585248130818e+02 1.041117771338201869e+01 6.108877170830308501e+01 1.115297301019307525e+02 1.517055024046465839e+01 3.480083939775672519e+01
5.504600000000000000e+04 1.555799058305985625e+02 1.041117771338201869e+01 5.778379098386803037e+01 1.099994060932696556e+02 1.390504162668881349e+01 3.290833665208808867e+01
5.505000000000000000e+04 1.612066630273130556e+02 1.041117771338201869e+01 5.244761465031577785e+01 1.076592013732534951e+02 1.188425964160150627e+01 2.975490613378295279e+01
5.505600000000000000e+04 1.521356258153576846e+02 1.041117771338201869e+01 4.775998049847120797e+01 9.842687871336868000e+01 9.950825172612551839e+00 2.441385026127807123e+01
5.505900000000000000e+04 1.364841245850565201e+02 1.041117771338201869e+01 4.591205396988942056e+01 9.166071133569475649e+01 9.195652533626304859e+00 2.162676340412305720e+01
5.506300000000000000e+04 1.318957944968648519e+02 1.041117771338201869e+01 4.393265701272069634e+01 8.193285152293529450e+01 8.367487622413662507e+00 1.815123319589164907e+01
5.506500000000000000e+04 1.068867473776689394e+02 1.041117771338201869e+01 4.308827843051349760e+01 7.755430964852317288e+01 8.010164788539839265e+00 1.667225092945013287e+01
5.506700000000000000e+04 1.316192794701971707e+02 1.041117771338201869e+01 4.224721879126968105e+01 7.370936785679828063e+01 7.670155917078735897e+00 1.538978345480703069e+01
5.507000000000000000e+04 1.074136854169253183e+02 1.041117771338201869e+01 4.105123762844338131e+01 6.961573337807702444e+01 7.200455628366551508e+00 1.393373631521496847e+01
5.507400000000000000e+04 1.016732483078785236e+02 1.041117771338201869e+01 3.935017698451327561e+01 6.557345018122356350e+01 6.603708294373577203e+00 1.243853146576569202e+01
5.507900000000000000e+04 1.055756255389368619e+02 1.041117771338201869e+01 3.668274394055436716e+01 6.155073651025008274e+01 5.840457257125583723e+00 1.095930354686360708e+01
5.508300000000000000e+04 8.686447036380857867e+01 1.041117771338201869e+01 3.370642799922026711e+01 5.899386239699735057e+01 5.155149271873892936e+00 1.001270598567479730e+01
5.509100000000000000e+04 8.557456498782620713e+01 1.041117771338201869e+01 2.438505698609018779e+01 5.441946085122421550e+01 3.457107999615824934e+00 8.446161141566047803e+00
