5.497500000000000000e+04 -2.392464124793325819e+00 8.233589087844801924e+00 9.676860811788584593e-01 1.458879094187306028e-18 9.676860811788584593e-01 1.458879094187306028e-18
5.497600000000000000e+04 -6.468418423658400584e+00 8.233589087844801924e+00 2.014654457448330049e+00 1.458879030790155216e-18 2.014654457448330049e+00 1.458879030790155216e-18
5.497900000000000000e+04 -1.220074647734764817e+00 8.233589087844801924e+00 7.421511495175619366e+00 1.458878766632481191e-18 7.421511495175619366e+00 1.458878766632481191e-18
5.498000000000000000e+04 1.450054592328480929e+01 8.233589087844801924e+00 1.010928248076253944e+01 1.458878646401056061e-18 1.010928248076253944e+01 1.458878646401056061e-18
5.498100000000000000e+04 2.971573661515596498e+01 8.233589087844801924e+00 1.326427468792255127e+01 1.458878505308197166e-18 1.326427468792255127e+01 1.458878505308197166e-18
5.498200000000000000e+04 1.463785575261258209e+01 8.233589087844801924e+00 1.681188057541250913e+01 1.458878339734227992e-18 1.681188057541250913e+01 1.458878339734227992e-18
5.498400000000000000e+04 2.604107958670832801e+01 8.233589087844801924e+00 2.504964300095078400e+01 1.458877917415035206e-18 2.504964300095078400e+01 1.458877917415035206e-18
5.498500000000000000e+04 3.353490132130455947e+01 8.233589087844801924e+00 2.982457128805857849e+01 1.458877649835416619e-18 2.982457128805857849e+01 1.458877649835416619e-18
5.498700000000000000e+04 3.691202502377065287e+01 8.233589087844801924e+00 4.097582893337165899e+01 1.458876967336947338e-18 4.097582893337165899e+01 1.458876967336947338e-18
5.499000000000000000e+04 5.245646051541617538e+01 8.233589087844801924e+00 6.053040193995693841e+01 7.741488649430867675e-01 6.053040193995693841e+01 7.741488649430867675e-01
5.499200000000000000e+04 8.768868393867302302e+01 8.233589087844801924e+00 7.440742163840896239e+01 2.753478662916496678e+00 7.440742163840896239e+01 2.753478662916496678e+00
5.499300000000000000e+04 9.124681287903183602e+01 8.233589087844801924e+00 8.115791156796579742e+01 4.184087600156392028e+00 8.115791156796579742e+01 4.184087600156392028e+00
5.499400000000000000e+04 9.416752010148027807e+01 8.233589087844801924e+00 8.659722275531558466e+01 5.937209196140496026e+00 8.659722275531558466e+01 5.937209196140496026e+00
5.499600000000000000e+04 9.846651077572694533e+01 8.233589087844801924e+00 9.298895886639343189e+01 1.061141975033804385e+01 9.298895886639343189e+01 1.061141975033804385e+01
5.499700000000000000e+04 1.028019463693313611e+02 8.233589087844801924e+00 9.629327569357960215e+01 1.344950446033000979e+01 9.534931745081652821e+01 1.344950446033000979e+01
5.499800000000000000e+04 1.160454804222946876e+02 8.233589087844801924e+00 9.918247974999729877e+01 1.657394882118942192e+01 9.725679520493949326e+01 1.657394882118942192e+01
5.500000000000000000e+04 1.251409737339871526e+02 8.233589087844801924e+00 1.033635191096377355e+02 2.385965703044686492e+01 9.942624000542298290e+01 2.385965703044686492e+01
5.500200000000000000e+04 1.413129304579519214e+02 8.233589087844801924e+00 1.052803738591805711e+02 3.278066314669732861e+01 9.937735874946248771e+01 3.278066314669732861e+01
5.500300000000000000e+04 1.443095462739901222e+02 8.233589087844801924e+00 1.051005260292248522e+02 3.790067896713478035e+01 9.828909195663038645e+01 3.790067896713478035e+01
5.500400000000000000e+04 1.486806529285019280e+02 8.233589087844801924e+00 1.041840135494281583e+02 4.317674359126633732e+01 9.653818898204983157e+01 4.317674359126633732e+01
5.500500000000000000e+04 1.542548059358637715e+02 8.233589087844801924e+00 1.027844600448811150e+02 4.842432155196556209e+01 9.437559456880096320e+01 4.842432155196556209e+01
5.500900000000000000e+04 1.601099906506080117e+02 8.233589087844801924e+00 9.317568748663094880e+01 6.927777820425247057e+01 8.255133116561614770e+01 6.927777820425247057e+01
5.501200000000000000e+04 1.633294206644874862e+02 8.233589087844801924e+00 8.274002025775837410e+01 8.193176149913763595e+01 7.142612246008147281e+01 7.627945396065322825e+01
5.501300000000000000e+04 1.508265103782252368e+02 8.233589087844801924e+00 7.904153954887965483e+01 8.549261325695002256e+01 6.765517379857884350e+01 7.780543616395159745e+01
5.501400000000000000e+04 1.685459338786056094e+02 8.233589087844801924e+00 7.495577045123665982e+01 8.863006487902660524e+01 6.361888512242121152e+01 7.888746317670370445e+01
5.501600000000000000e+04 1.612321974392349944e+02 8.233589087844801924e+00 6.641400319690988852e+01 9.357692640360495773e+01 5.543739832797152900e+01 7.978252741376498136e+01
5.501700000000000000e+04 1.567927565512964918e+02 8.233589087844801924e+00 6.294404885508876646e+01 9.521145987068503302e+01 5.211031447560955598e+01 7.950188699956999017e+01
5.501800000000000000e+04 1.458200600934557656e+02 8.233589087844801924e+00 5.994410912040362405e+01 9.611100567887146440e+01 4.922327896239417555e+01 7.863127356530432621e+01
5.501900000000000000e+04 1.465504025417912430e+02 8.233589087844801924e+00 5.716580327670529016e+01 9.630649732849292377e+01 4.656333247267679099e+01 7.723055118563988231e+01
5.502000000000000000e+04 1.525831968332838073e+02 8.233589087844801924e+00 5.433581269203234143e+01 9.601395489051536458e+01 4.390417961541074021e+01 7.550047565504078761e+01
5.502100000000000000e+04 1.568634892037426027e+02 8.233589087844801924e+00 5.136333565007664248e+01 9.534439460208822936e+01 4.117301454915962466e+01 7.354550648109243127e+01
5.502200000000000000e+04 1.498535784181328836e+02 8.233589087844801924e+00 4.839914929559621726e+01 9.426603304408122597e+01 3.849145005216814042e+01 7.135419956406119013e+01
5.502500000000000000e+04 1.257039983736903679e+02 8.233589087844801924e+00 4.037709068466720197e+01 8.798240622880385331e+01 3.137059333747742329e+01 6.306078428096606103e+01
5.502900000000000000e+04 1.043799719363430256e+02 8.233589087844801924e+00 3.139194160994529881e+01 7.603729149831784184e+01 2.366167303078713857e+01 5.089510809793696922e+01
5.503100000000000000e+04 1.060948702472259413e+02 8.233589087844801924e+00 2.758733061678350396e+01 6.844966446351301670e+01 2.048817721261307412e+01 4.434991866237722746e+01
5.503200000000000000e+04 8.120034344915488589e+01 8.233589087844801924e+00 2.586966359169930030e+01 6.537134730336268262e+01 1.907229695642826428e+01 4.168825158048764479e+01
5.503300000000000000e+04 8.970092587085939329e+01 8.233589087844801924e+00 2.448013519836719354e+01 6.272227098504114906e+01 1.791710107470335345e+01 3.937862316991534328e+01
5.503400000000000000e+04 7.839909989749216379e+01 8.233589087844801924e+00 2.327914364944863124e+01 6.025295221964377390e+01 1.691552365168480421e+01 3.725066597814144131e+01
5.503500000000000000e+04 7.086938074316832115e+01 8.233589087844801924e+00 2.213427785505292533e+01 5.767955501154202835e+01 1.596874529619285887e+01 3.512334369232860354e+01
5.503600000000000000e+04 8.230414348350157638e+01 8.233589087844801924e+00 2.111265557187895325e+01 5.490503836159535922e+01 1.512367877641758973e+01 3.293841163932770399e+01
5.503700000000000000e+04 5.956733239557765813e+01 8.233589087844801924e+00 2.017169347115578049e+01 5.208970952659809939e+01 1.434788638676704053e+01 3.079316004173451304e+01
5.503900000000000000e+04 7.950229183811444500e+01 8.233589087844801924e+00 1.827990652322419507e+01 4.677018950245822282e+01 1.282170619571031622e+01 2.686398018521436981e+01
5.504000000000000000e+04 4.713110568964536640e+01 8.233589087844801924e+00 1.738458315159077117e+01 4.431284532478712634e+01 1.210962883225882791e+01 2.509647466998194432e+01
5.504200000000000000e+04 5.849555426707834016e+01 8.233589087844801924e+00 1.574078009562868097e+01 3.965186874701512210e+01 1.081543224929825442e+01 2.184555602832633170e+01
5.504400000000000000e+04 5.278007646351952786e+01 8.233589087844801924e+00 1.422592447420255546e+01 3.529375149272210166e+01 9.643386980885679804e+00 1.892933842462971228e+01
5.504500000000000000e+04 3.360656580818030648e+01 8.233589087844801924e+00 1.348554199809455234e+01 3.328147704352308978e+01 9.080561577061848411e+00 1.761670391886676512e+01
5.504600000000000000e+04 4.490239982208323966e+01 8.233589087844801924e+00 1.273924517295322723e+01 3.136985789377613543e+01 8.521234229400151960e+00 1.639054177009046143e+01
5.504700000000000000e+04 5.809671737963745386e+01 8.233589087844801924e+00 1.197907366180507260e+01 2.957884390378547579e+01 7.960046289989414880e+00 1.525783756514261391e+01
5.504800000000000000e+04 4.531346184563584956e+01 8.233589087844801924e+00 1.122320542549218558e+01 2.814131563197207697e+01 7.409034476823465276e+00 1.433368085976268347e+01
5.505000000000000000e+04 2.732707162177315041e+01 8.233589087844801924e+00 9.649863740193248773e+00 2.571223492611789396e+01 6.288194800073795498e+00 1.277499623695428888e+01
5.505200000000000000e+04 3.564365011692519403e+01 8.233589087844801924e+00 8.032782333005661357e+00 2.366942121452185788e+01 5.167770414954748759e+00 1.147830910941363491e+01
5.505400000000000000e+04 3.313694472515422973e+01 8.233589087844801924e+00 6.544465172188513868e+00 2.165842610579386474e+01 4.157327640826142812e+00 1.025736495656825298e+01
5.505600000000000000e+04 4.184635210402529992e+01 8.233589087844801924e+00 5.284939486094674344e+00 1.978779373408148601e+01 3.315520380235053022e+00 9.157200117581325571e+00
5.505800000000000000e+04 1.596070040974255733e+01 8.233589087844801924e+00 4.244015548391934622e+00 1.806791460780848624e+01 2.629827455937498115e+00 8.174417322448755741e+00
5.506000000000000000e+04 2.741675578965604387e+01 8.233589087844801924e+00 3.365033958459563657e+00 1.641547599654933265e+01 2.059888564189253035e+00 7.264449261649479794e+00
5.506100000000000000e+04 1.757305662944430935e+01 8.233589087844801924e+00 2.984528830620873041e+00 1.557272597891336474e+01 1.815959130283463896e+00 6.816987383520122457e+00
5.506200000000000000e+04 1.299707858533694349e+01 8.233589087844801924e+00 2.640170193044455882e+00 1.470443431057164752e+01 1.596812745279095003e+00 6.368037031991533148e+00
5.506400000000000000e+04 2.167966407869390366e+01 8.233589087844801924e+00 2.044512433974091881e+00 1.294419034509128252e+01 1.221917543613490142e+00 5.488314753059690076e+00
5.506500000000000000e+04 5.828381326151954589e+00 8.233589087844801924e+00 1.789197483913721687e+00 1.198882067802869855e+01 1.063036946060080368e+00 5.030555840059037109e+00
5.506700000000000000e+04 2.101731440424884312e+01 8.233589087844801924e+00 1.360675843430744214e+00 1.005689464913513831e+01 7.990344961129509649e-01 4.134216331963799895e+00
5.506800000000000000e+04 2.327948751832651197e+01 8.233589087844801924e+00 1.181538061381515181e+00 9.141608965659047570e+00 6.898283870746817481e-01 3.720184334700300077e+00
5.506900000000000000e+04 2.157564834549044797e+00 8.233589087844801924e+00 1.021712345293527946e+00 8.254789763624390986e+00 5.930877954916861095e-01 3.325862112660915137e+00
5.507100000000000000e+04 9.547335381939650034e+00 8.233589087844801924e+00 7.572009772252119575e-01 6.714326632421611762e+00 4.345486239456022304e-01 2.652416304188042862e+00
5.507300000000000000e+04 1.592917842245120852e+01 8.233589087844801924e+00 5.568005512126309453e-01 5.429646958626797471e+00 3.159510589642119949e-01 2.103861964749998759e+00
5.507400000000000000e+04 1.291524852557977709e+01 8.233589087844801924e+00 4.765802813207279942e-01 4.857901178509258955e+00 2.689201451984696289e-01 1.864479439074748779e+00
5.507500000000000000e+04 9.718018897013891433e-02 8.233589087844801924e+00 4.064856019660498809e-01 4.334335121224459186e+00 2.280935985444418612e-01 1.647910851351402695e+00
5.507800000000000000e+04 8.392111678954700338e+00 8.233589087844801924e+00 2.502181211188219123e-01 3.028163872355692732e+00 1.381047141620609098e-01 1.119758855288131238e+00
5.508000000000000000e+04 -1.252553043407837130e+01 8.233589087844801924e+00 1.804082044833896503e-01 2.341827870692515301e+00 9.849760017656127020e-02 8.504295568480645384e-01
5.508100000000000000e+04 6.122108493289739606e+00 8.233589087844801924e+00 1.531895605425670770e-01 2.050638640225308951e+00 8.318738014801362046e-02 7.380645840142919800e-01
5.508200000000000000e+04 5.296027878171711833e+00 8.233589087844801924e+00 1.299183165730312117e-01 1.791818876843370267e+00 7.017301316464903682e-02 6.392275968903607941e-01
5.508400000000000000e+04 9.685197563896643658e+00 8.233589087844801924e+00 9.330634488510669566e-02 1.353426349312027765e+00 4.986444254227592049e-02 4.744702363933489542e-01
5.508500000000000000e+04 4.034854100493418194e+00 8.233589087844801924e+00 7.905817113573078425e-02 1.169543990241938891e+00 4.202762805578161287e-02 4.064868588356523871e-01
5.508800000000000000e+04 -8.266364344578309709e-01 8.233589087844801924e+00 4.850497392522593737e-02 7.459730882568631483e-01 2.538464199561750803e-02 2.527608471713695959e-01
5.508900000000000000e+04 1.539984966403227906e+00 8.233589087844801924e+00 4.121165542635528423e-02 6.402450816885165708e-01 2.145658115601357940e-02 2.151361161587757309e-01
5.509000000000000000e+04 -5.131237012575551759e+00 8.233589087844801924e+00 3.501791396190072347e-02 5.475523689218455559e-01 1.813835800367798873e-02 1.824748788355535223e-01
5.509100000000000000e+04 7.591010504985784557e+00 8.233589087844801924e+00 2.976487825990664984e-02 4.671188495601545365e-01 1.533876746194622574e-02 1.543990379983322947e-01
5.509300000000000000e+04 6.137789203077155697e+00 8.233589087844801924e+00 2.147043497755860009e-02 3.397155000844038764e-01 1.095262713745783802e-02 1.104837713296487195e-01
5.509500000000000000e+04 1.118326917510981922e+01 8.233589087844801924e+00 1.550419160792279247e-02 2.461809619772901969e-01 7.830004347216196550e-03 7.879808014124903282e-02
5.509600000000000000e+04 1.059572610981768470e+00 8.233589087844801924e+00 1.316748749125120146e-02 2.095589930784640953e-01 6.616827885050855125e-03 6.654990411841091302e-02
5.509700000000000000e+04 -5.291930554224372862e+00 8.233589087844801924e+00 1.118501087667564571e-02 1.781608596634641772e-01 5.592785077591702451e-03 5.613841053171924472e-02
5.509800000000000000e+04 2.484771712610925665e+00 8.233589087844801924e+00 9.508112215953075722e-03 1.513536622733406001e-01 4.730874821351913062e-03 4.732315988911003218e-02
5.509900000000000000e+04 -2.412590158785164807e+00 8.233589087844801924e+00 8.075679458129874852e-03 1.285704786510042386e-01 3.998454947828823484e-03 3.989155403382074055e-02
5.510100000000000000e+04 -4.729701445455821052e+00 8.233589087844801924e+00 5.827083094098546058e-03 9.289981124916746325e-02 2.857113554350843541e-03 2.838889232647826000e-02
5.510400000000000000e+04 5.628814159596974953e+00 8.233589087844801924e+00 3.573290049947880700e-03 5.744355907087955737e-02 1.726894476100850886e-03 1.716526492481086630e-02
5.510700000000000000e+04 -2.665704375375113244e+01 8.233589087844801924e+00 2.177673090791414946e-03 3.547782547452652674e-02 1.037530654529236849e-03 1.037181356327150986e-02
5.510800000000000000e+04 -1.067977023481209820e+00 8.233589087844801924e+00 1.846866416529114761e-03 3.018806902134679379e-02 8.757902202812570909e-04 8.762101709966271107e-03
5.510900000000000000e+04 -7.768228290794651159e+00 8.233589087844801924e+00 1.565228423591071829e-03 2.569699118439710758e-02 7.387683124515371895e-04 7.405472963803201060e-03
5.511000000000000000e+04 -5.884395206305861326e-01 8.233589087844801924e+00 1.326328200320780245e-03 2.189081295377315328e-02 6.230988444615148105e-04 6.264003477772957240e-03
5.511100000000000000e+04 1.982207996374149062e+01 8.233589087844801924e+00 1.124549744570890698e-03 1.862981124691838811e-02 5.258591276927242816e-04 5.293462308040685488e-03
5.511400000000000000e+04 -1.679585183336561016e+01 8.233589087844801924e+00 6.852637791906245404e-04 1.149475828401830269e-02 3.160519228810185948e-04 3.198763958263059048e-03
