5.497600000000000000e+04 -2.762688738844222058e+00 4.550767392978185555e+00 1.164140563987932975e+00 8.960306593772031297e-19 1.164140563987932975e+00 8.960306593772031297e-19
5.497900000000000000e+04 4.186328054525133346e+00 4.550767392978185555e+00 4.289077145657377521e+00 8.960306592350573665e-19 4.289077145657377521e+00 8.960306592350573665e-19
5.498300000000000000e+04 1.222580680897839756e+01 4.550767392978185555e+00 1.143383206421574805e+01 8.960306589007829505e-19 1.143383206421574805e+01 8.960306589007829505e-19
5.499200000000000000e+04 4.044154294667784200e+01 4.550767392978185555e+00 3.733751665722944324e+01 1.414274411638661300e-01 3.733751665722944324e+01 1.414274411638661300e-01
5.499500000000000000e+04 4.409207679306589256e+01 4.550767392978185555e+00 4.526446668391263017e+01 1.587232095280796784e+00 4.526446668391263017e+01 1.587232095280796784e+00
5.499600000000000000e+04 3.984888524042974467e+01 4.550767392978185555e+00 4.750204251648135312e+01 2.426487086150368899e+00 4.750204251648135312e+01 2.426487086150368899e+00
5.499800000000000000e+04 5.525786169715903640e+01 4.550767392978185555e+00 5.128841435191746712e+01 4.563436508517902723e+00 5.091672227927872996e+01 4.563436508517902723e+00
5.500200000000000000e+04 6.612478719516784054e+01 4.550767392978185555e+00 5.578210411642709943e+01 1.102479628531949452e+01 5.381775602163734362e+01 1.102479628531949452e+01
5.500700000000000000e+04 7.931796593899721870e+01 4.550767392978185555e+00 5.590997613354585383e+01 2.257211756982848527e+01 5.210622193247517231e+01 2.257211756982848527e+01
5.501100000000000000e+04 8.111241626472049404e+01 4.550767392978185555e+00 5.278507763286099674e+01 3.207803185965695292e+01 4.789065290588005297e+01 3.207803185965695292e+01
5.501600000000000000e+04 8.811313297406141487e+01 4.550767392978185555e+00 4.590796246626380395e+01 4.475783555237718048e+01 4.031611703369087962e+01 4.073337782342299107e+01
5.502200000000000000e+04 9.325700719368713010e+01 4.550767392978185555e+00 3.748219553437233742e+01 5.353315232519138078e+01 3.169741694238675578e+01 4.292955278684152631e+01
5.502800000000000000e+04 8.825658122625715407e+01 4.550767392978185555e+00 3.228439458916449922e+01 5.484681799938179125e+01 2.632666932167046880e+01 3.931107941469451816e+01
5.503000000000000000e+04 8.504900212585201302e+01 4.550767392978185555e+00 3.105631487369370092e+01 5.365524439163356618e+01 2.502725028100064719e+01 3.714193852390528150e+01
5.503300000000000000e+04 7.924757206989127667e+01 4.550767392978185555e+00 2.921948176870079550e+01 5.087439455769931840e+01 2.313864568316503068e+01 3.349864657779635024e+01
5.503800000000000000e+04 7.844931807994510109e+01 4.550767392978185555e+00 2.537673251558288001e+01 4.494387256959440435e+01 1.953108020902245556e+01 2.736808705979442635e+01
5.504200000000000000e+04 7.795681634321582010e+01 4.550767392978185555e+00 2.201167917226113957e+01 4.120418286990825152e+01 1.656882135661357935e+01 2.366696316479508511e+01
5.504400000000000000e+04 5.608057718842576378e+01 4.550767392978185555e+00 2.037556602796808392e+01 3.987675062895593214e+01 1.517055024046465839e+01 2.227253721456430569e+01
5.504600000000000000e+04 5.229341260939497715e+01 4.550767392978185555e+00 1.887887501655540490e+01 3.874864497440747613e+01 1.390504162668881349e+01 2.106133545733638002e+01
5.505000000000000000e+04 5.388005827827475969e+01 4.550767392978185555e+00 1.648227969693713035e+01 3.691703105980905519e+01 1.188425964160150627e+01 1.904313992562109448e+01
5.505600000000000000e+04 4.944284177878584075e+01 4.550767392978185555e+00 1.423664557445677836e+01 3.260596654415046203e+01 9.950825172612551839e+00 1.562486416721796978e+01
5.505900000000000000e+04 4.279105040558381745e+01 4.550767392978185555e+00 1.335760487034556832e+01 2.990929474558048895e+01 9.195652533626304859e+00 1.384112857863875767e+01
5.506300000000000000e+04 4.128526391392256301e+01 4.550767392978185555e+00 1.239894315889256760e+01 2.625045865776407439e+01 8.367487622413662507e+00 1.161678924537065605e+01
5.506500000000000000e+04 3.061233019317467807e+01 4.550767392978185555e+00 1.198641058957101535e+01 2.463865255756371297e+01 8.010164788539839265e+00 1.067024059484808518e+01
5.506700000000000000e+04 4.166578596654249367e+01 4.550767392978185555e+00 1.158960559070597185e+01 2.322995473802393107e+01 7.670155917078735897e+00 9.849461411076502415e+00
5.507000000000000000e+04 3.130848675247269242e+01 4.550767392978185555e+00 1.103757843272308925e+01 2.169293245465083686e+01 7.200455628366551508e+00 8.917591241737580887e+00
5.507400000000000000e+04 2.904651420936149009e+01 4.550767392978185555e+00 1.031565272664096611e+01 2.015161507356113546e+01 6.603708294373577203e+00 7.960660138090042359e+00
5.507900000000000000e+04 3.116718312791342882e+01 4.550767392978185555e+00 9.336554971240957457e+00 1.862134719140364680e+01 5.840457257125583723e+00 7.013954269992709989e+00
5.508300000000000000e+04 2.348676434482917941e+01 4.550767392978185555e+00 8.391551984756324245e+00 1.764607262256172859e+01 5.155149271873892936e+00 6.408131830831871767e+00
5.509100000000000000e+04 2.474196962030415747e+01 4.550767392978185555e+00 5.829375508952204576e+00 1.595337944134648467e+01 3.457107999615824934e+00 5.405543130602271873e+00
