5.497500000000000000e+04 -3.260993256645372096e+00 1.036180108556509794e+01 9.676860811788584593e-01 1.458879295390727262e-18 9.676860811788584593e-01 1.458879295390727262e-18
5.497600000000000000e+04 -8.661116807132469120e+00 1.036180108556509794e+01 2.014654457448330049e+00 1.458879266904542626e-18 2.014654457448330049e+00 1.458879266904542626e-18
5.497900000000000000e+04 -3.453745421495633572e+00 1.036180108556509794e+01 7.421511495175619366e+00 1.458879148210798260e-18 7.421511495175619366e+00 1.458879148210798260e-18
5.498000000000000000e+04 1.563559643938637045e+01 1.036180108556509794e+01 1.010928248076253944e+01 1.458879094187306028e-18 1.010928248076253944e+01 1.458879094187306028e-18
5.498100000000000000e+04 3.396809828635778672e+01 1.036180108556509794e+01 1.326427468792255127e+01 1.458879030790155216e-18 1.326427468792255127e+01 1.458879030790155216e-18
5.498200000000000000e+04 1.407591542964273046e+01 1.036180108556509794e+01 1.681188057541250913e+01 1.458878956392917053e-18 1.681188057541250913e+01 1.458878956392917053e-18
5.498400000000000000e+04 2.629734537970290376e+01 1.036180108556509794e+01 2.504964300095078400e+01 1.458878766632481191e-18 2.504964300095078400e+01 1.458878766632481191e-18
5.498500000000000000e+04 3.449394467506063222e+01 1.036180108556509794e+01 2.982457128805857849e+01 1.458878646401056061e-18 2.982457128805857849e+01 1.458878646401056061e-18
5.498700000000000000e+04 3.586161600474838451e+01 1.036180108556509794e+01 4.097582893337165899e+01 1.458878339734227992e-18 4.097582893337165899e+01 1.458878339734227992e-18
5.499000000000000000e+04 4.939526383814158805e+01 1.036180108556509794e+01 6.053040193995693841e+01 1.458877649835416619e-18 6.053040193995693841e+01 1.458877649835416619e-18
5.499200000000000000e+04 8.765641897823330453e+01 1.036180108556509794e+01 7.440742163840896239e+01 1.458876967336947338e-18 7.440742163840896239e+01 1.458876967336947338e-18
5.499300000000000000e+04 8.859372508810020008e+01 1.036180108556509794e+01 8.115791156796579742e+01 4.727942875087466634e-03 8.115791156796579742e+01 4.727942875087466634e-03
5.499400000000000000e+04 8.890043304866837559e+01 1.036180108556509794e+01 8.659722275531558466e+01 2.480027301376598325e-01 8.659722275531558466e+01 2.480027301376598325e-01
5.499600000000000000e+04 8.813981624137329618e+01 1.036180108556509794e+01 9.298895886639343189e+01 1.611723565958664173e+00 9.298895886639343189e+01 1.611723565958664173e+00
5.499700000000000000e+04 9.399234265930287791e+01 1.036180108556509794e+01 9.997375934718112944e+01 2.753478662916496678e+00 9.534931745081652821e+01 2.753478662916496678e+00
5.499800000000000000e+04 1.112385576990674707e+02 1.036180108556509794e+01 1.066907043398186232e+02 4.184087600156392028e+00 9.725679520493949326e+01 4.184087600156392028e+00
5.500000000000000000e+04 1.241819480121505279e+02 1.036180108556509794e+01 1.187149305664750472e+02 8.087425984610032259e+00 9.942624000542298290e+01 8.087425984610032259e+00
5.500200000000000000e+04 1.458381150643961064e+02 1.036180108556509794e+01 1.282961701455560615e+02 1.344950446033000979e+01 9.937735874946248771e+01 1.344950446033000979e+01
5.500300000000000000e+04 1.498787078573182328e+02 1.036180108556509794e+01 1.316582386759064320e+02 1.657394882118942192e+01 9.828909195663038645e+01 1.657394882118942192e+01
5.500400000000000000e+04 1.556957821794616734e+02 1.036180108556509794e+01 1.339950063070851627e+02 2.003971440076062649e+01 9.653818898204983157e+01 2.003971440076062649e+01
5.500500000000000000e+04 1.632635570784040340e+02 1.036180108556509794e+01 1.355705415980825705e+02 2.385965703044686492e+01 9.437559456880096320e+01 2.385965703044686492e+01
5.500900000000000000e+04 1.748274743270851275e+02 1.036180108556509794e+01 1.345999454655371608e+02 4.317674359126633732e+01 8.255133116561614770e+01 4.317674359126633732e+01
5.501200000000000000e+04 1.846893972083519202e+02 1.036180108556509794e+01 1.268527934891047124e+02 5.952593731072717276e+01 7.142612246008147281e+01 5.952593731072717276e+01
5.501300000000000000e+04 1.711124101792959777e+02 1.036180108556509794e+01 1.234368645955070747e+02 6.492632925437264646e+01 6.765517379857884350e+01 6.492632925437264646e+01
5.501400000000000000e+04 1.946781311790415998e+02 1.036180108556509794e+01 1.191581718342949046e+02 6.927777820425247057e+01 6.361888512242121152e+01 6.927777820425247057e+01
5.501600000000000000e+04 1.946870210157314602e+02 1.036180108556509794e+01 1.092116747061039064e+02 8.391323648103346500e+01 5.543739832797152900e+01 7.439116709311475972e+01
5.501700000000000000e+04 1.943947835448057333e+02 1.036180108556509794e+01 1.051846697690178729e+02 9.092510912109864307e+01 5.211031447560955598e+01 7.627945396065322825e+01
5.501800000000000000e+04 1.865875413858988736e+02 1.036180108556509794e+01 1.017445176152687623e+02 9.772362782192321617e+01 4.922327896239417555e+01 7.780543616395159745e+01
5.501900000000000000e+04 1.939251161007303210e+02 1.036180108556509794e+01 9.850472984594773607e+01 1.041314513932488950e+02 4.656333247267679099e+01 7.888746317670370445e+01
5.502000000000000000e+04 2.079041020079112627e+02 1.036180108556509794e+01 9.500864468774885552e+01 1.100847329340043359e+02 4.390417961541074021e+01 7.954099200433840622e+01
5.502100000000000000e+04 2.194012063744837349e+02 1.036180108556509794e+01 9.109529469001569169e+01 1.155250996951316864e+02 4.117301454915962466e+01 7.978252741376498136e+01
5.502200000000000000e+04 2.162824690739925586e+02 1.036180108556509794e+01 8.702916856795215494e+01 1.202068531433498322e+02 3.849145005216814042e+01 7.950188699956999017e+01
5.502500000000000000e+04 2.008042535509891025e+02 1.036180108556509794e+01 7.549333286663943454e+01 1.286528105161895041e+02 3.137059333747742329e+01 7.550047565504078761e+01
5.502900000000000000e+04 1.871352360473036072e+02 1.036180108556509794e+01 6.153218071656195320e+01 1.294404872676861373e+02 2.366167303078713857e+01 6.604106493249292953e+01
5.503100000000000000e+04 1.933747112609361807e+02 1.036180108556509794e+01 5.526685803102376582e+01 1.254502259532459760e+02 2.048817721261307412e+01 6.008152583967718385e+01
5.503200000000000000e+04 1.627037681529451447e+02 1.036180108556509794e+01 5.237252744235200907e+01 1.229672124272763085e+02 1.907229695642826428e+01 5.714089796806518251e+01
5.503300000000000000e+04 1.731527662656247628e+02 1.036180108556509794e+01 5.006933895325852291e+01 1.199390921101205976e+02 1.791710107470335345e+01 5.412413903886307764e+01
5.503400000000000000e+04 1.576719112436183536e+02 1.036180108556509794e+01 4.809083374173989966e+01 1.160408464632963046e+02 1.691552365168480421e+01 5.089510809793696922e+01
5.503500000000000000e+04 1.462178811344007840e+02 1.036180108556509794e+01 4.617362702394164131e+01 1.113006615815498606e+02 1.596874529619285887e+01 4.748321739827211729e+01
5.503600000000000000e+04 1.591695861065526003e+02 1.036180108556509794e+01 4.446361560266771562e+01 1.067946041390043490e+02 1.512367877641758973e+01 4.434991866237722746e+01
5.503700000000000000e+04 1.299567918219824776e+02 1.036180108556509794e+01 4.287865846685330240e+01 1.030533579069654593e+02 1.434788638676704053e+01 4.168825158048764479e+01
5.503900000000000000e+04 1.546008946718603170e+02 1.036180108556509794e+01 3.956137446686417292e+01 9.685173154316774458e+01 1.282170619571031622e+01 3.725066597814144131e+01
5.504000000000000000e+04 1.131887492649039899e+02 1.036180108556509794e+01 3.795157676029916161e+01 9.356858759636338618e+01 1.210962883225882791e+01 3.512334369232860354e+01
5.504200000000000000e+04 1.248241065500477305e+02 1.036180108556509794e+01 3.494466159748265710e+01 8.597450283652275971e+01 1.081543224929825442e+01 3.079316004173451304e+01
5.504400000000000000e+04 1.146391604107995050e+02 1.036180108556509794e+01 3.209319187238754267e+01 7.844282214082596738e+01 9.643386980885679804e+00 2.686398018521436981e+01
5.504500000000000000e+04 8.898623916062727801e+01 1.036180108556509794e+01 3.066051616494933896e+01 7.488788041522612104e+01 9.080561577061848411e+00 2.509647466998194432e+01
5.504600000000000000e+04 1.015899511784940472e+02 1.036180108556509794e+01 2.918522723569551758e+01 7.140637643078382268e+01 8.521234229400151960e+00 2.342728885524403992e+01
5.504700000000000000e+04 1.164463276658532891e+02 1.036180108556509794e+01 2.764922078827823526e+01 6.798337036015155377e+01 7.960046289989414880e+00 2.184555602832633170e+01
5.504800000000000000e+04 9.820257113199207311e+01 1.036180108556509794e+01 2.609461942737224405e+01 6.462133311591225038e+01 7.409034476823465276e+00 2.034676735387665047e+01
5.505000000000000000e+04 7.085065185675625798e+01 1.036180108556509794e+01 2.275697698146706927e+01 5.820558974793578955e+01 6.288194800073795498e+00 1.761670391886676512e+01
5.505200000000000000e+04 7.652856213946031971e+01 1.036180108556509794e+01 1.920343486197184646e+01 5.236489852356945107e+01 5.167770414954748759e+00 1.525783756514261391e+01
5.505400000000000000e+04 7.023670557536823367e+01 1.036180108556509794e+01 1.585189029447008302e+01 4.817541135999833557e+01 4.157327640826142812e+00 1.353241892134784763e+01
5.505600000000000000e+04 7.869383799480308994e+01 1.036180108556509794e+01 1.296368468671905738e+01 4.462090186194247110e+01 3.315520380235053022e+00 1.209894302113407427e+01
5.505800000000000000e+04 4.402117908175273442e+01 1.036180108556509794e+01 1.053771861594155546e+01 4.147635136422577773e+01 2.629827455937498115e+00 1.086906482291032106e+01
5.506000000000000000e+04 5.627214055051312869e+01 1.036180108556509794e+01 8.453782667432696130e+00 3.820830089154306108e+01 2.059888564189253035e+00 9.687703065807063751e+00
5.506100000000000000e+04 4.300423536440926142e+01 1.036180108556509794e+01 7.540770288502083751e+00 3.670205807126595232e+01 1.815959130283463896e+00 9.157200117581325571e+00
5.506200000000000000e+04 3.646929124666183952e+01 1.036180108556509794e+01 6.708210342917478641e+00 3.523235209531400614e+01 1.596812745279095003e+00 8.652345799438604601e+00
5.506400000000000000e+04 4.607401786957888135e+01 1.036180108556509794e+01 5.251801602450779427e+00 3.240178025577588983e+01 1.221917543613490142e+00 7.714709584708543844e+00
5.506500000000000000e+04 2.559164867161800316e+01 1.036180108556509794e+01 4.620490086050140555e+00 3.097561165167338615e+01 1.063036946060080368e+00 7.264449261649479794e+00
5.506700000000000000e+04 4.360000702250327009e+01 1.036180108556509794e+01 3.550509783477897585e+00 2.796841864450681214e+01 7.990344961129509649e-01 6.368037031991533148e+00
5.506800000000000000e+04 4.581572098498639889e+01 1.036180108556509794e+01 3.098709114739470749e+00 2.641172610298028900e+01 6.898283870746817481e-01 5.927227581458772931e+00
5.506900000000000000e+04 1.854106292079442397e+01 1.036180108556509794e+01 2.692915135430000717e+00 2.480718268382979730e+01 5.930877954916861095e-01 5.488314753059690076e+00
5.507100000000000000e+04 2.588200861142209419e+01 1.036180108556509794e+01 2.015219243547730077e+00 2.125442834294514682e+01 4.345486239456022304e-01 4.572811605625031639e+00
5.507300000000000000e+04 3.177619129212985882e+01 1.036180108556509794e+01 1.495870288666061754e+00 1.776760038252863083e+01 3.159510589642119949e-01 3.720184334700300077e+00
5.507400000000000000e+04 2.692365579138635923e+01 1.036180108556509794e+01 1.286245054484280281e+00 1.609717262527882653e+01 2.689201451984696289e-01 3.325862112660915137e+00
5.507500000000000000e+04 9.812935201663997020e+00 1.036180108556509794e+01 1.102034221367470979e+00 1.455482627400504825e+01 2.280935985444418612e-01 2.967949892741649442e+00
5.507800000000000000e+04 1.784415047470854532e+01 1.036180108556509794e+01 6.873471623845771594e-01 1.072128057236599474e+01 1.381047141620609098e-01 2.103861964749998759e+00
5.508000000000000000e+04 -9.828838919668500651e+00 1.036180108556509794e+01 4.997768232958718082e-01 8.608686287459727637e+00 9.849760017656127020e-02 1.647910851351402695e+00
5.508100000000000000e+04 1.303943533454616954e+01 1.036180108556509794e+01 4.261273548081997986e-01 7.682233504751167175e+00 8.318738014801362046e-02 1.452767304226771250e+00
5.508200000000000000e+04 1.144625293833170154e+01 1.036180108556509794e+01 3.628646510744002462e-01 6.836913450186974828e+00 7.017301316464903682e-02 1.277450196223276269e+00
5.508400000000000000e+04 1.598750955040980415e+01 1.036180108556509794e+01 2.626858833127094783e-01 5.356886511201541801e+00 4.986444254227592049e-02 9.775340348907921584e-01
5.508500000000000000e+04 8.444661620534166246e+00 1.036180108556509794e+01 2.234398845585629234e-01 4.714781463165670594e+00 4.202762805578161287e-02 8.504295568480645384e-01
5.508800000000000000e+04 1.263996448399267614e+00 1.036180108556509794e+01 1.386509145800628173e-01 3.165484502608300055e+00 2.538464199561750803e-02 5.518627096597454873e-01
5.508900000000000000e+04 3.950603830468593536e+00 1.036180108556509794e+01 1.182364904602128258e-01 2.751927371081424045e+00 2.145658115601357940e-02 4.744702363933489542e-01
5.509000000000000000e+04 -4.706237892924295174e+00 1.036180108556509794e+01 1.008311321424459200e-01 2.383638940212265300e+00 1.813835800367798873e-02 4.064868588356523871e-01
5.509100000000000000e+04 1.107462693509818052e+01 1.036180108556509794e+01 8.601213854286343663e-02 2.060803394199623995e+00 1.533876746194622574e-02 3.476388991564817732e-01
5.509300000000000000e+04 8.862934346199061508e+00 1.036180108556509794e+01 6.247926150562824188e-02 1.530719690469814376e+00 1.095262713745783802e-02 2.527608471713695959e-01
5.509500000000000000e+04 1.491843737602470554e+01 1.036180108556509794e+01 4.542577022037475737e-02 1.128424650719063171e+00 7.830004347216196550e-03 1.824748788355535223e-01
5.509600000000000000e+04 2.056547129763360182e+00 1.036180108556509794e+01 3.870844312754750244e-02 9.646851894135802796e-01 6.616827885050855125e-03 1.543990379983322947e-01
5.509700000000000000e+04 -6.040740149752613419e+00 1.036180108556509794e+01 3.298904278017466413e-02 8.243434951429601254e-01 5.592785077591702451e-03 1.305994130454626312e-01
5.509800000000000000e+04 3.657171493038533949e+00 1.036180108556509794e+01 2.813451256257982688e-02 7.044445259978403540e-01 4.730874821351913062e-03 1.104837713296487195e-01
5.509900000000000000e+04 -2.583070502021144410e+00 1.036180108556509794e+01 2.397273663970770838e-02 6.011177897724409025e-01 3.998454947828823484e-03 9.334127170379516447e-02
5.510100000000000000e+04 -5.621970179572479687e+00 1.036180108556509794e+01 1.740696432988251413e-02 4.370997702497228521e-01 2.857113554350843541e-03 6.654990411841091302e-02
5.510400000000000000e+04 7.287396700734152688e+00 1.036180108556509794e+01 1.077236774191710732e-02 2.696669052686281876e-01 1.726894476100850886e-03 3.989155403382074055e-02
5.510700000000000000e+04 -3.342117788358255126e+01 1.036180108556509794e+01 6.623076933187383580e-03 1.669243458317576090e-01 1.037530654529236849e-03 2.401098185151864448e-02
5.510800000000000000e+04 -1.236230232510634242e+00 1.036180108556509794e+01 5.633082696849044807e-03 1.424789185930019908e-01 8.757902202812570909e-04 2.030771359649400851e-02
5.510900000000000000e+04 -9.684145449198691580e+00 1.036180108556509794e+01 4.787588048842187846e-03 1.215300756676609556e-01 7.387683124515371895e-04 1.716526492481086630e-02
5.511000000000000000e+04 -6.620246658269994811e-01 1.036180108556509794e+01 4.068212355489229937e-03 1.036643436626204506e-01 6.230988444615148105e-04 1.451068640294239306e-02
5.511100000000000000e+04 2.501272433740771106e+01 1.036180108556509794e+01 3.458838412398894217e-03 8.844946869256671562e-02 5.258591276927242816e-04 1.227101396955698233e-02
5.511400000000000000e+04 -2.109563414006945692e+01 1.036180108556509794e+01 2.124817077529088383e-03 5.480049993214369114e-02 3.160519228810185948e-04 7.405472963803201060e-03
