5.497500000000000000e+04 -2.779234931028473188e+00 9.181318116164616683e+00 9.676860811788584593e-01 1.458879295390727262e-18 9.676860811788584593e-01 1.458879295390727262e-18
5.497600000000000000e+04 -7.444864337220730377e+00 9.181318116164616683e+00 2.014654457448330049e+00 1.458879266904542626e-18 2.014654457448330049e+00 1.458879266904542626e-18
5.497900000000000000e+04 -2.214766264110557437e+00 9.181318116164616683e+00 7.421511495175619366e+00 1.458879148210798260e-18 7.421511495175619366e+00 1.458879148210798260e-18
5.498000000000000000e+04 1.500600323856690110e+01 9.181318116164616683e+00 1.010928248076253944e+01 1.458879094187306028e-18 1.010928248076253944e+01 1.458879094187306028e-18
5.498100000000000000e+04 3.160938564966450315e+01 9.181318116164616683e+00 1.326427468792255127e+01 1.458879030790155216e-18 1.326427468792255127e+01 1.458879030790155216e-18
5.498200000000000000e+04 1.438761416162802931e+01 9.181318116164616683e+00 1.681188057541250913e+01 1.458878956392917053e-18 1.681188057541250913e+01 1.458878956392917053e-18
5.498400000000000000e+04 2.615519910640209744e+01 9.181318116164616683e+00 2.504964300095078400e+01 1.458878766632481191e-18 2.504964300095078400e+01 1.458878766632481191e-18
5.498500000000000000e+04 3.396197965125732310e+01 9.181318116164616683e+00 2.982457128805857849e+01 1.458878646401056061e-18 2.982457128805857849e+01 1.458878646401056061e-18
5.498700000000000000e+04 3.644426000787810693e+01 9.181318116164616683e+00 4.097582893337165899e+01 1.458878339734227992e-18 4.097582893337165899e+01 1.458878339734227992e-18
5.499000000000000000e+04 5.066385033025514417e+01 9.181318116164616683e+00 6.053040193995693841e+01 1.458877649835416619e-18 6.053040193995693841e+01 1.458877649835416619e-18
5.499200000000000000e+04 8.614700805708726250e+01 9.181318116164616683e+00 7.440742163840896239e+01 1.458876967336947338e-18 7.440742163840896239e+01 1.458876967336947338e-18
5.499300000000000000e+04 8.774712806354114036e+01 9.181318116164616683e+00 8.115791156796579742e+01 4.727942875087466634e-03 8.115791156796579742e+01 4.727942875087466634e-03
5.499400000000000000e+04 8.866629059535122792e+01 9.181318116164616683e+00 8.659722275531558466e+01 2.480027301376598325e-01 8.659722275531558466e+01 2.480027301376598325e-01
5.499600000000000000e+04 8.887587963836813287e+01 9.181318116164616683e+00 9.298895886639343189e+01 1.611723565958664173e+00 9.298895886639343189e+01 1.611723565958664173e+00
5.499700000000000000e+04 9.458701093885511568e+01 9.181318116164616683e+00 9.957329221388769724e+01 2.753478662916496678e+00 9.534931745081652821e+01 2.753478662916496678e+00
5.499800000000000000e+04 1.103801580863429024e+02 9.181318116164616683e+00 1.058737472600971330e+02 4.184087600156392028e+00 9.725679520493949326e+01 4.184087600156392028e+00
5.500000000000000000e+04 1.228101209607737729e+02 9.181318116164616683e+00 1.170445697343839413e+02 8.087425984610032259e+00 9.942624000542298290e+01 8.087425984610032259e+00
5.500200000000000000e+04 1.428675685069583778e+02 9.181318116164616683e+00 1.257918607050696238e+02 1.344950446033000979e+01 9.937735874946248771e+01 1.344950446033000979e+01
5.500300000000000000e+04 1.468014263730543121e+02 9.181318116164616683e+00 1.287685393723814684e+02 1.657394882118942192e+01 9.828909195663038645e+01 1.657394882118942192e+01
5.500400000000000000e+04 1.522628602320679931e+02 9.181318116164616683e+00 1.307513231572883114e+02 2.003971440076062649e+01 9.653818898204983157e+01 2.003971440076062649e+01
5.500500000000000000e+04 1.592594387741568198e+02 9.181318116164616683e+00 1.320031441233819294e+02 2.385965703044686492e+01 9.437559456880096320e+01 2.385965703044686492e+01
5.500900000000000000e+04 1.706561651404717850e+02 9.181318116164616683e+00 1.300926427838944903e+02 4.317674359126633732e+01 8.255133116561614770e+01 4.317674359126633732e+01
5.501200000000000000e+04 1.800820215182159245e+02 9.181318116164616683e+00 1.220529580597872155e+02 5.952593731072717276e+01 7.142612246008147281e+01 5.952593731072717276e+01
5.501300000000000000e+04 1.682471509073560298e+02 9.181318116164616683e+00 1.186062851862885452e+02 6.492632925437264646e+01 6.765517379857884350e+01 6.492632925437264646e+01
5.501400000000000000e+04 1.891573940731143466e+02 9.181318116164616683e+00 1.143485841190398844e+02 6.927777820425247057e+01 6.361888512242121152e+01 6.927777820425247057e+01
5.501600000000000000e+04 1.836332123966827226e+02 9.181318116164616683e+00 1.045549332465542989e+02 7.769413491204905142e+01 5.543739832797152900e+01 7.439116709311475972e+01
5.501700000000000000e+04 1.804285935724832655e+02 9.181318116164616683e+00 1.005885400322690941e+02 8.135966559443272672e+01 5.211031447560955598e+01 7.627945396065322825e+01
5.501800000000000000e+04 1.704976826734116173e+02 9.181318116164616683e+00 9.719628663914353695e+01 8.471455889531050332e+01 4.922327896239417555e+01 7.780543616395159745e+01
5.501900000000000000e+04 1.739320389018519109e+02 9.181318116164616683e+00 9.400671192908716023e+01 8.764397158931781462e+01 4.656333247267679099e+01 7.888746317670370445e+01
5.502000000000000000e+04 1.832094641229019487e+02 9.181318116164616683e+00 9.058310338251546057e+01 9.013585213931627038e+01 4.390417961541074021e+01 7.954099200433840622e+01
5.502100000000000000e+04 1.902776000883117717e+02 9.181318116164616683e+00 8.677212816235392268e+01 9.218073217386405815e+01 4.117301454915962466e+01 7.978252741376498136e+01
5.502200000000000000e+04 1.844631422954211644e+02 9.181318116164616683e+00 8.282590222225537957e+01 9.362142213069361674e+01 3.849145005216814042e+01 7.950188699956999017e+01
5.502500000000000000e+04 1.626489261424716233e+02 9.181318116164616683e+00 7.167239459813467306e+01 9.393769181000173774e+01 3.137059333747742329e+01 7.550047565504078761e+01
5.502900000000000000e+04 1.428851653599351152e+02 9.181318116164616683e+00 5.825267283449485944e+01 8.803273955501306602e+01 2.366167303078713857e+01 6.604106493249292953e+01
5.503100000000000000e+04 1.462269787058742452e+02 9.181318116164616683e+00 5.225509598076965290e+01 8.275629369157135784e+01 2.048817721261307412e+01 6.008152583967718385e+01
5.503200000000000000e+04 1.182667963245321516e+02 9.181318116164616683e+00 4.948879614254007464e+01 7.997440079610402108e+01 1.907229695642826428e+01 5.714089796806518251e+01
5.503300000000000000e+04 1.270248346607566106e+02 9.181318116164616683e+00 4.728502144624961545e+01 7.695370088545551823e+01 1.791710107470335345e+01 5.412413903886307764e+01
5.503400000000000000e+04 1.131598216924860907e+02 9.181318116164616683e+00 4.539111616693100615e+01 7.349253609342098059e+01 1.691552365168480421e+01 5.089510809793696922e+01
5.503500000000000000e+04 1.032038347006756567e+02 9.181318116164616683e+00 4.355794654442525626e+01 6.961989334934658302e+01 1.596874529619285887e+01 4.748321739827211729e+01
5.503600000000000000e+04 1.149433091718007205e+02 9.181318116164616683e+00 4.192283756822956775e+01 6.601041893708226382e+01 1.512367877641758973e+01 4.434991866237722746e+01
5.503700000000000000e+04 8.922700096183756102e+01 9.181318116164616683e+00 4.040795243105201706e+01 6.297427283748464077e+01 1.434788638676704053e+01 4.168825158048764479e+01
5.503900000000000000e+04 1.112862788182480074e+02 9.181318116164616683e+00 3.724577432791889464e+01 5.792478559600994004e+01 1.282170619571031622e+01 3.725066597814144131e+01
5.504000000000000000e+04 7.486727254529665743e+01 9.181318116164616683e+00 3.571371735209773135e+01 5.539653767154066344e+01 1.210962883225882791e+01 3.512334369232860354e+01
5.504200000000000000e+04 8.624937442581105529e+01 9.181318116164616683e+00 3.285512008691823382e+01 4.993418832367667193e+01 1.081543224929825442e+01 3.079316004173451304e+01
5.504400000000000000e+04 7.854016563686195695e+01 9.181318116164616683e+00 3.014908505704098118e+01 4.475539098856714304e+01 9.643386980885679804e+00 2.686398018521436981e+01
5.504500000000000000e+04 5.648431512003470800e+01 9.181318116164616683e+00 2.879173659239000571e+01 4.236786853786352225e+01 9.080561577061848411e+00 2.509647466998194432e+01
5.504600000000000000e+04 6.835041225313335644e+01 9.181318116164616683e+00 2.739576804752148931e+01 4.007003485800940012e+01 8.521234229400151960e+00 2.342728885524403992e+01
5.504700000000000000e+04 8.223629114228846504e+01 9.181318116164616683e+00 2.594417887296250314e+01 3.784961037467819978e+01 7.960046289989414880e+00 2.184555602832633170e+01
5.504800000000000000e+04 6.681468853682022768e+01 9.181318116164616683e+00 2.447648629763399697e+01 3.570450735258274477e+01 7.409034476823465276e+00 2.034676735387665047e+01
5.505000000000000000e+04 4.406688754512907735e+01 9.181318116164616683e+00 2.133081440081033264e+01 3.169597369082508109e+01 6.288194800073795498e+00 1.761670391886676512e+01
5.505200000000000000e+04 5.051245221301664401e+01 9.181318116164616683e+00 1.798797526037448691e+01 2.812934933509691859e+01 5.167770414954748759e+00 1.525783756514261391e+01
5.505400000000000000e+04 4.589036092639495479e+01 9.181318116164616683e+00 1.483916528116483491e+01 2.554920692350473033e+01 4.157327640826142812e+00 1.353241892134784763e+01
5.505600000000000000e+04 5.421252090850974525e+01 9.181318116164616683e+00 1.212817355089982385e+01 2.337999749403948258e+01 3.315520380235053022e+00 1.209894302113407427e+01
5.505800000000000000e+04 2.425658948709621399e+01 9.181318116164616683e+00 9.852911546415430877e+00 2.148596734192911839e+01 2.629827455937498115e+00 1.086906482291032106e+01
5.506000000000000000e+04 3.599608759837212091e+01 9.181318116164616683e+00 7.900084621378622884e+00 1.958078543660923998e+01 2.059888564189253035e+00 9.687703065807063751e+00
5.506100000000000000e+04 2.465935164464512752e+01 9.181318116164616683e+00 7.045013445934697138e+00 1.871182272026567972e+01 1.815959130283463896e+00 9.157200117581325571e+00
5.506200000000000000e+04 1.928991051674319834e+01 9.181318116164616683e+00 6.265573849926113326e+00 1.787228548332038258e+01 1.596812745279095003e+00 8.652345799438604601e+00
5.506400000000000000e+04 2.864198500304698314e+01 9.181318116164616683e+00 4.902821951994766891e+00 1.627803722373502993e+01 1.221917543613490142e+00 7.714709584708543844e+00
5.506500000000000000e+04 1.093699921520519069e+01 9.181318116164616683e+00 4.312421979081927148e+00 1.548925871568902224e+01 1.063036946060080368e+00 7.264449261649479794e+00
5.506700000000000000e+04 2.787763158299432220e+01 9.181318116164616683e+00 3.312237696737015291e+00 1.386066940383277313e+01 7.990344961129509649e-01 6.368037031991533148e+00
5.506800000000000000e+04 3.037057584394103671e+01 9.181318116164616683e+00 2.890105010488086990e+00 1.303278800611155219e+01 6.898283870746817481e-01 5.927227581458772931e+00
5.506900000000000000e+04 6.762257415953313533e+00 9.181318116164616683e+00 2.511074417332249897e+00 1.218954706654557185e+01 5.930877954916861095e-01 5.488314753059690076e+00
5.507100000000000000e+04 1.455232790711522028e+01 9.181318116164616683e+00 1.878336427004865472e+00 1.035924741138294713e+01 4.345486239456022304e-01 4.572811605625031639e+00
5.507300000000000000e+04 2.107376456774796480e+01 9.181318116164616683e+00 1.393691716197035246e+00 8.592881776290752782e+00 3.159510589642119949e-01 3.720184334700300077e+00
5.507400000000000000e+04 1.740741013760092670e+01 9.181318116164616683e+00 1.198146814917261604e+00 7.755910446725253315e+00 2.689201451984696289e-01 3.325862112660915137e+00
5.507500000000000000e+04 2.835352634384154413e+00 9.181318116164616683e+00 1.026352765370425191e+00 6.987147637492390650e+00 2.280935985444418612e-01 2.967949892741649442e+00
5.507800000000000000e+04 1.143515957486614454e+01 9.181318116164616683e+00 6.397838988271632443e-01 5.093029044266796923e+00 1.381047141620609098e-01 2.103861964749998759e+00
5.508000000000000000e+04 -1.225238618253935741e+01 9.181318116164616683e+00 4.650268699535810568e-01 4.062429830751479010e+00 9.849760017656127020e-02 1.647910851351402695e+00
5.508100000000000000e+04 8.379337634056904349e+00 9.181318116164616683e+00 3.964294600953588432e-01 3.613613392533670865e+00 8.318738014801362046e-02 1.452767304226771250e+00
5.508200000000000000e+04 7.306096304978455080e+00 9.181318116164616683e+00 3.375181587193289423e-01 3.205889012441934138e+00 7.017301316464903682e-02 1.277450196223276269e+00
5.508400000000000000e+04 1.192763303638996675e+01 9.181318116164616683e+00 2.442559853490843813e-01 2.496621925111083495e+00 4.986444254227592049e-02 9.775340348907921584e-01
5.508500000000000000e+04 5.505570644465500152e+00 9.181318116164616683e+00 2.077299571913117926e-01 2.190876624351983715e+00 4.202762805578161287e-02 8.504295568480645384e-01
5.508800000000000000e+04 -2.204081685849936800e-01 9.181318116164616683e+00 1.288422889129562099e-01 1.458462769088775701e+00 2.538464199561750803e-02 5.518627096597454873e-01
5.508900000000000000e+04 2.331668034108094201e+00 9.181318116164616683e+00 1.098555498606739317e-01 1.264463179988274844e+00 2.145658115601357940e-02 4.744702363933489542e-01
5.509000000000000000e+04 -5.185514707588859906e+00 9.181318116164616683e+00 9.367010840259386295e-02 1.092311487063164943e+00 1.813835800367798873e-02 4.064868588356523871e-01
5.509100000000000000e+04 8.932482556848409416e+00 9.181318116164616683e+00 7.989197032554690159e-02 9.418928333745716364e-01 1.533876746194622574e-02 3.476388991564817732e-01
5.509300000000000000e+04 7.195590401577345752e+00 9.181318116164616683e+00 5.801716120982790270e-02 6.960528209405176803e-01 1.095262713745783802e-02 2.527608471713695959e-01
5.509500000000000000e+04 1.273148654045074224e+01 9.181318116164616683e+00 4.217005441280226308e-02 5.106012059576459095e-01 7.830004347216196550e-03 1.824748788355535223e-01
5.509600000000000000e+04 1.404567904952850999e+00 9.181318116164616683e+00 3.592937541582614386e-02 4.354670467704964687e-01 6.616827885050855125e-03 1.543990379983322947e-01
5.509700000000000000e+04 -5.710341442012460966e+00 9.181318116164616683e+00 3.061658335026025413e-02 3.712418915230320526e-01 5.592785077591702451e-03 1.305994130454626312e-01
5.509800000000000000e+04 2.934025801172602588e+00 9.181318116164616683e+00 2.610780578911267233e-02 3.165139081051776548e-01 4.730874821351913062e-03 1.104837713296487195e-01
5.509900000000000000e+04 -2.550947450507391689e+00 9.181318116164616683e+00 2.224300502927696252e-02 2.694762514088566152e-01 3.998454947828823484e-03 9.334127170379516447e-02
5.510100000000000000e+04 -5.172974247651749735e+00 9.181318116164616683e+00 1.614697725241379112e-02 1.950843889327097402e-01 2.857113554350843541e-03 6.654990411841091302e-02
5.510400000000000000e+04 6.338263735004542987e+00 9.181318116164616683e+00 9.989048407557760481e-03 1.195948789933945905e-01 1.726894476100850886e-03 3.989155403382074055e-02
5.510700000000000000e+04 -2.968767486905976938e+01 9.181318116164616683e+00 6.139380142045851481e-03 7.358405498216402663e-02 1.037530654529236849e-03 2.401098185151864448e-02
5.510800000000000000e+04 -1.158722108794686623e+00 9.181318116164616683e+00 5.221110977228741665e-03 6.268585032965771908e-02 8.757902202812570909e-04 2.030771359649400851e-02
5.510900000000000000e+04 -8.634988331253167004e+00 9.181318116164616683e+00 4.436968607752687054e-03 5.336680865123697576e-02 7.387683124515371895e-04 1.716526492481086630e-02
5.511000000000000000e+04 -6.328557984224348898e-01 9.181318116164616683e+00 3.769872628761057175e-03 4.543586126489321947e-02 6.230988444615148105e-04 1.451068640294239306e-02
5.511100000000000000e+04 2.212357677932994804e+01 9.181318116164616683e+00 3.204848453723308215e-03 3.869541545160098267e-02 5.258591276927242816e-04 1.227101396955698233e-02
5.511400000000000000e+04 -1.871691014289667621e+01 9.181318116164616683e+00 1.968181744549255853e-03 2.384562294344630753e-02 3.160519228810185948e-04 7.405472963803201060e-03
