5.497600000000000000e+04 -2.995576023248942565e+00 4.820658386035578502e+00 1.164140563987932975e+00 8.960306594403884616e-19 1.164140563987932975e+00 8.960306594403884616e-19
5.497900000000000000e+04 4.180234345080828362e+00 4.820658386035578502e+00 4.289077145657377521e+00 8.960306593371694018e-19 4.289077145657377521e+00 8.960306593371694018e-19
5.498300000000000000e+04 1.227277621696663701e+01 4.820658386035578502e+00 1.143383206421574805e+01 8.960306590944363620e-19 1.143383206421574805e+01 8.960306590944363620e-19
5.499200000000000000e+04 4.047581746435896832e+01 4.820658386035578502e+00 3.733751665722944324e+01 8.960306574406249113e-19 3.733751665722944324e+01 8.960306574406249113e-19
5.499500000000000000e+04 4.278825050618828385e+01 4.820658386035578502e+00 4.526446668391263017e+01 4.470698795328594821e-01 4.526446668391263017e+01 4.470698795328594821e-01
5.499600000000000000e+04 3.775592016889904556e+01 4.820658386035578502e+00 4.750204251648135312e+01 9.313124511903465574e-01 4.750204251648135312e+01 9.313124511903465574e-01
5.499800000000000000e+04 5.280564276560102144e+01 4.820658386035578502e+00 5.100837237938143431e+01 2.426487086150368899e+00 5.091672227927872996e+01 2.426487086150368899e+00
5.500200000000000000e+04 6.102250562382345578e+01 4.820658386035578502e+00 5.430211582583206820e+01 7.442956887355959950e+00 5.381775602163734362e+01 7.442956887355959950e+00
5.500700000000000000e+04 7.156642798770009506e+01 4.820658386035578502e+00 5.304413392725972898e+01 1.763684900154167678e+01 5.210622193247517231e+01 1.763684900154167678e+01
5.501100000000000000e+04 7.265391698649942498e+01 4.820658386035578502e+00 4.909749735910822466e+01 2.752955409036710677e+01 4.789065290588005297e+01 2.752955409036710677e+01
5.501600000000000000e+04 8.064826425887405037e+01 4.820658386035578502e+00 4.169492823624310773e+01 4.165739120525349648e+01 4.031611703369087962e+01 3.800163401318508249e+01
5.502200000000000000e+04 9.511986828584133491e+01 4.820658386035578502e+00 3.312380070479415650e+01 5.962146283101072441e+01 3.169741694238675578e+01 4.305420481730988058e+01
5.502800000000000000e+04 9.760527825774607891e+01 4.820658386035578502e+00 2.779569746981968592e+01 6.861747025089188412e+01 2.632666932167046880e+01 4.100482266696061373e+01
5.503000000000000000e+04 9.643621056269793712e+01 4.820658386035578502e+00 2.651386894769208524e+01 6.956488613224342998e+01 2.502725028100064719e+01 3.931107941469451816e+01
5.503300000000000000e+04 9.246774837354396936e+01 4.820658386035578502e+00 2.463802992343412157e+01 6.872621421861957458e+01 2.313864568316503068e+01 3.590898908961783320e+01
5.503800000000000000e+04 9.367813828561941136e+01 4.820658386035578502e+00 2.097247392844831637e+01 6.409486422566638453e+01 1.953108020902245556e+01 2.975067964429372225e+01
5.504200000000000000e+04 9.303608599500859100e+01 4.820658386035578502e+00 1.791089588649927933e+01 5.950999846431459872e+01 1.656882135661357935e+01 2.535793355390940462e+01
5.504400000000000000e+04 6.985321823596498803e+01 4.820658386035578502e+00 1.645397879080796955e+01 5.781839101159438599e+01 1.517055024046465839e+01 2.366696316479508511e+01
5.504600000000000000e+04 6.603543710965820424e+01 4.820658386035578502e+00 1.513146629816276878e+01 5.655442649522168352e+01 1.390504162668881349e+01 2.227253721456430569e+01
5.505000000000000000e+04 6.821882657567057606e+01 4.820658386035578502e+00 1.301801801141029102e+01 5.469154949406510724e+01 1.188425964160150627e+01 2.002180022480052202e+01
5.505600000000000000e+04 6.455602901608142474e+01 4.820658386035578502e+00 1.100760280594400520e+01 5.079398551156433683e+01 9.950825172612551839e+00 1.681808671994051352e+01
5.505900000000000000e+04 5.729201391438333246e+01 4.820658386035578502e+00 1.022188735637899981e+01 4.757419681434487302e+01 9.195652533626304859e+00 1.503371680023538381e+01
5.506300000000000000e+04 5.472962924814588348e+01 4.820658386035578502e+00 9.361545151956404354e+00 4.257589771829977821e+01 8.367487622413662507e+00 1.268309979990460690e+01
5.506500000000000000e+04 4.273521560301407618e+01 4.820658386035578502e+00 8.990608958657116290e+00 4.011393494318941322e+01 8.010164788539839265e+00 1.161678924537065605e+01
5.506700000000000000e+04 5.376073318852461114e+01 4.820658386035578502e+00 8.636595562630656531e+00 3.787188494329431165e+01 7.670155917078735897e+00 1.067024059484808518e+01
5.507000000000000000e+04 4.175679693513664859e+01 4.820658386035578502e+00 8.146595497933915908e+00 3.511656112977546940e+01 7.200455628366551508e+00 9.507407713281207151e+00
5.507400000000000000e+04 3.871726777506245298e+01 4.820658386035578502e+00 7.518982263973755131e+00 3.270329930782634165e+01 6.603708294373577203e+00 8.415671463671214880e+00
5.507900000000000000e+04 4.045880971851659780e+01 4.820658386035578502e+00 6.702508748277320016e+00 3.035668814400716187e+01 5.840457257125583723e+00 7.356522026901044953e+00
5.508300000000000000e+04 3.216169684825064934e+01 4.820658386035578502e+00 5.953166379159972266e+00 2.891067383395389356e+01 5.155149271873892936e+00 6.693990097930931249e+00
5.509100000000000000e+04 3.371326870616904614e+01 4.820658386035578502e+00 4.042050673150822782e+00 2.653650210861110992e+01 3.457107999615824934e+00 5.641623000746457173e+00
