5.497600000000000000e+04 -4.202973529622171966e+00 6.219900568119630435e+00 1.164140563987932975e+00 1.400047905054776955e-18 1.164140563987932975e+00 1.400047905054776955e-18
5.497900000000000000e+04 4.148641681675339754e+00 6.219900568119630435e+00 4.289077145657377521e+00 1.400047904695842546e-18 4.289077145657377521e+00 1.400047904695842546e-18
5.498300000000000000e+04 1.251628777761617428e+01 6.219900568119630435e+00 1.143383206421574805e+01 1.400047903851760993e-18 1.143383206421574805e+01 1.400047903851760993e-18
5.499200000000000000e+04 4.386678942468829945e+01 6.219900568119630435e+00 3.733751665722944324e+01 2.480050148876244531e+00 3.733751665722944324e+01 2.480050148876244531e+00
5.499500000000000000e+04 4.862303844645493456e+01 6.219900568119630435e+00 4.526446668391263017e+01 7.130369544559223449e+00 4.526446668391263017e+01 7.130369544559223449e+00
5.499600000000000000e+04 4.294319576309061404e+01 6.219900568119630435e+00 4.750204251648135312e+01 9.217815572097707744e+00 4.750204251648135312e+01 9.217815572097707744e+00
5.499800000000000000e+04 6.476885156978420355e+01 6.219900568119630435e+00 5.128841435191746712e+01 1.429229008026968373e+01 5.091672227927872996e+01 1.429229008026968373e+01
5.500200000000000000e+04 8.240738158653549306e+01 6.219900568119630435e+00 5.578210411642709943e+01 2.755757656490886376e+01 5.381775602163734362e+01 2.755757656490886376e+01
5.500700000000000000e+04 1.037243259071893533e+02 6.219900568119630435e+00 5.590997613354585383e+01 4.667189582153680050e+01 5.210622193247517231e+01 4.667189582153680050e+01
5.501100000000000000e+04 1.099695071797997912e+02 6.219900568119630435e+00 5.278507763286099674e+01 6.231080427099440300e+01 4.789065290588005297e+01 5.937755314560169495e+01
5.501600000000000000e+04 1.209090783122221637e+02 6.219900568119630435e+00 4.590796246626380395e+01 7.849004889612882607e+01 4.031611703369087962e+01 6.691964267723490423e+01
5.502200000000000000e+04 1.265929642580906602e+02 6.219900568119630435e+00 3.748219553437233742e+01 8.604691224374117553e+01 3.169741694238675578e+01 6.513277741559396361e+01
5.502800000000000000e+04 1.162617104645598261e+02 6.219900568119630435e+00 3.228439458916449922e+01 8.243918385839917562e+01 2.632666932167046880e+01 5.610779545252785994e+01
5.503000000000000000e+04 1.110087667240106839e+02 6.219900568119630435e+00 3.105631487369370092e+01 7.949124149640518056e+01 2.502725028100064719e+01 5.234163527780678749e+01
5.503300000000000000e+04 1.021047734976095711e+02 6.219900568119630435e+00 2.921948176870079550e+01 7.404200396473598289e+01 2.313864568316503068e+01 4.648543694420893502e+01
5.503800000000000000e+04 1.021355479623287010e+02 6.219900568119630435e+00 2.537673251558288001e+01 6.564864825774570534e+01 1.953108020902245556e+01 3.825010094840395425e+01
5.504200000000000000e+04 1.035544540496056385e+02 6.219900568119630435e+00 2.201167917226113957e+01 6.139512457705068726e+01 1.656882135661357935e+01 3.382465130133363829e+01
5.504400000000000000e+04 7.449261257745588694e+01 6.219900568119630435e+00 2.037556602796808392e+01 5.981889910521207554e+01 1.517055024046465839e+01 3.208307809343634887e+01
5.504600000000000000e+04 6.997537764114177605e+01 6.219900568119630435e+00 1.887887501655540490e+01 5.838705708892094037e+01 1.390504162668881349e+01 3.050684836664451893e+01
5.505000000000000000e+04 7.183796145404954814e+01 6.219900568119630435e+00 1.648227969693713035e+01 5.469860537327184602e+01 1.188425964160150627e+01 2.717673044828928397e+01
5.505600000000000000e+04 6.452386205823789567e+01 6.219900568119630435e+00 1.423664557445677836e+01 4.673327303996951088e+01 9.950825172612551839e+00 2.162676340412305720e+01
5.505900000000000000e+04 5.508994813748416419e+01 6.219900568119630435e+00 1.335760487034556832e+01 4.238272473429813658e+01 9.195652533626304859e+00 1.896318780058082254e+01
5.506300000000000000e+04 5.335946093550623459e+01 6.219900568119630435e+00 1.239894315889256760e+01 3.735787260921477326e+01 8.367487622413662507e+00 1.600731536944672584e+01
5.506500000000000000e+04 3.917153333349789790e+01 6.219900568119630435e+00 1.198641058957101535e+01 3.540320947233089299e+01 8.010164788539839265e+00 1.485532455200188373e+01
5.506700000000000000e+04 5.484210090642251600e+01 6.219900568119630435e+00 1.158960559070597185e+01 3.389520696039193126e+01 7.670155917078735897e+00 1.393373631521496847e+01
5.507000000000000000e+04 4.115639692239913217e+01 6.219900568119630435e+00 1.103757843272308925e+01 3.206241348383013445e+01 7.200455628366551508e+00 1.279068635410305710e+01
5.507400000000000000e+04 3.832288513290905740e+01 6.219900568119630435e+00 1.031565272664096611e+01 2.994909084545417599e+01 6.603708294373577203e+00 1.149456566703288019e+01
5.507900000000000000e+04 4.164560205955874039e+01 6.219900568119630435e+00 9.336554971240957457e+00 2.792266413894281385e+01 5.840457257125583723e+00 1.023183002526303120e+01
5.508300000000000000e+04 3.144983478423112899e+01 6.219900568119630435e+00 8.391551984756324245e+00 2.654474910850427349e+01 5.155149271873892936e+00 9.387067369865008004e+00
5.509100000000000000e+04 3.372754479680937578e+01 6.219900568119630435e+00 5.829375508952204576e+00 2.385357209847865434e+01 3.457107999615824934e+00 7.884435809637948545e+00
