5.497400000000000000e+04 3.894859200044358705e+00 7.789591260407991768e+00 2.872527343123094101e-01 1.361878388963412926e-18 2.872527343123094101e-01 1.361878388963412926e-18
5.497600000000000000e+04 -5.648774001674234491e+00 7.789591260407991768e+00 1.958814406946931541e+00 1.361878181083838162e-18 1.958814406946931541e+00 1.361878181083838162e-18
5.498000000000000000e+04 1.052182766216976795e+01 7.789591260407991768e+00 9.740658635389692677e+00 1.361877500567910188e-18 9.740658635389692677e+00 1.361877500567910188e-18
5.498100000000000000e+04 6.955872686032921415e+00 7.789591260407991768e+00 1.261836908227294352e+01 1.361877250779591196e-18 1.261836908227294352e+01 1.361877250779591196e-18
5.498500000000000000e+04 3.006062214378276209e+01 7.789591260407991768e+00 2.761301931683333422e+01 -1.940482729049532867e-02 2.761301931683333422e+01 -1.940482729049532867e-02
5.498700000000000000e+04 3.320011877519019805e+01 7.789591260407991768e+00 3.698113532148148863e+01 1.172809985443463487e+00 3.698113532148148863e+01 1.172809985443463487e+00
5.498800000000000000e+04 5.045896264476616011e+01 7.789591260407991768e+00 4.209516568424355398e+01 2.448518008683664426e+00 4.209516568424355398e+01 2.448518008683664426e+00
5.498900000000000000e+04 5.457454191891181949e+01 7.789591260407991768e+00 4.711547825657126509e+01 4.188406388058739438e+00 4.711547825657126509e+01 4.188406388058739438e+00
5.499300000000000000e+04 8.251875569216495876e+01 7.789591260407991768e+00 6.549985504210982867e+01 1.577296135284117895e+01 6.549985504210982867e+01 1.577296135284117895e+01
5.499500000000000000e+04 8.774035397419834226e+01 7.789591260407991768e+00 6.925870503056015082e+01 2.434500671405781702e+01 6.925870503056015082e+01 2.434500671405781702e+01
5.499700000000000000e+04 1.156337679465220276e+02 7.789591260407991768e+00 7.176510567818075970e+01 3.451627414604166688e+01 6.841287481237441170e+01 3.451627414604166688e+01
5.499900000000000000e+04 1.191968548449146255e+02 7.789591260407991768e+00 7.142249463956524380e+01 4.622641915185185724e+01 6.504780932565140006e+01 4.622641915185185724e+01
5.500000000000000000e+04 1.363718378553058699e+02 7.789591260407991768e+00 7.095095977602146320e+01 5.261895710530443893e+01 6.320798198309262261e+01 5.261895710530443893e+01
5.500200000000000000e+04 1.306262780651258595e+02 7.789591260407991768e+00 6.928396833587967762e+01 6.489662410672829651e+01 5.914124484496770862e+01 6.489662410672829651e+01
5.500300000000000000e+04 1.271530645438996032e+02 7.789591260407991768e+00 6.731656140119328313e+01 7.085966617111323274e+01 5.628475033544589223e+01 7.085966617111323274e+01
5.500500000000000000e+04 1.477997663074566503e+02 7.789591260407991768e+00 6.225783678292928158e+01 8.187481880263729295e+01 5.000629460476246635e+01 8.187481880263729295e+01
5.500700000000000000e+04 1.557276384869749393e+02 7.789591260407991768e+00 5.765215078840333973e+01 9.220065107193320841e+01 4.455343955827151348e+01 8.657338128820018142e+01
5.500900000000000000e+04 1.531588204313582935e+02 7.789591260407991768e+00 5.288435054114439993e+01 1.021917317509842889e+02 3.937777404403901471e+01 8.551609351546802884e+01
5.501000000000000000e+04 1.559630895513526525e+02 7.789591260407991768e+00 5.041199543067708788e+01 1.053798297774827404e+02 3.686434766411487374e+01 8.363478553768472068e+01
5.501300000000000000e+04 1.533296197418044926e+02 7.789591260407991768e+00 4.320092052637526336e+01 1.116346738786858737e+02 2.997981993502793685e+01 7.672486177229268378e+01
5.501600000000000000e+04 1.386061661139074772e+02 7.789591260407991768e+00 3.451746936425518442e+01 1.094004891084224340e+02 2.279133005233092391e+01 6.630332673237724350e+01
5.501700000000000000e+04 1.344229972019304569e+02 7.789591260407991768e+00 3.189395841444863677e+01 1.072009940589595658e+02 2.072381963252022885e+01 6.250786825595308471e+01
5.501800000000000000e+04 1.347815093415355250e+02 7.789591260407991768e+00 2.947373151641916067e+01 1.050764597388640738e+02 1.885112345149930135e+01 5.903171895441801809e+01
5.501900000000000000e+04 1.213287817336519083e+02 7.789591260407991768e+00 2.713808506735833959e+01 1.027513699812636787e+02 1.708947422377729097e+01 5.569179944783939362e+01
5.502000000000000000e+04 1.206594785931016247e+02 7.789591260407991768e+00 2.490752910713340995e+01 1.001405046670294041e+02 1.544652967884242400e+01 5.242958359530334889e+01
5.502200000000000000e+04 1.026705356509133935e+02 7.789591260407991768e+00 2.088342067527503687e+01 9.400408654349294579e+01 1.256901635586821442e+01 4.608043458014359572e+01
5.502300000000000000e+04 1.065238977229625021e+02 7.789591260407991768e+00 1.907321393063201498e+01 9.065643450574880546e+01 1.131270102647213349e+01 4.306718978895430183e+01
5.502400000000000000e+04 1.026941147109757395e+02 7.789591260407991768e+00 1.741450141843017363e+01 8.739073092180343849e+01 1.018094207449878574e+01 4.027222623124582412e+01
5.502500000000000000e+04 9.602173926829773620e+01 7.789591260407991768e+00 1.591487414092745922e+01 8.375612194348431672e+01 9.172838121572022274e+00 3.747477491878492373e+01
5.502800000000000000e+04 7.242391135149013337e+01 7.789591260407991768e+00 1.214655690174787850e+01 6.922866503395518123e+01 6.716370971383953226e+00 2.848916256541365399e+01
5.502900000000000000e+04 7.269746139182430511e+01 7.789591260407991768e+00 1.112913896612947262e+01 6.463241247892247543e+01 6.071543353043900915e+00 2.590477454065029050e+01
5.503100000000000000e+04 6.636804158478243210e+01 7.789591260407991768e+00 9.422109131754869082e+00 5.607483729676923190e+01 5.006434182654020404e+00 2.136184277972161283e+01
5.503300000000000000e+04 4.580593716135656734e+01 7.789591260407991768e+00 8.095234497729183687e+00 4.802058970598034193e+01 4.192249869357422831e+00 1.743034109109994390e+01
5.503400000000000000e+04 6.339441102385340798e+01 7.789591260407991768e+00 7.577108338461084003e+00 4.430578265443546115e+01 3.874767751706000407e+00 1.571127044483526802e+01
5.503500000000000000e+04 4.770870552434565326e+01 7.789591260407991768e+00 7.123516693438791236e+00 4.079642807671512372e+01 3.597735703756966164e+00 1.414087628309016509e+01
5.503700000000000000e+04 4.524850487495086782e+01 7.789591260407991768e+00 6.381904420699745728e+00 3.457013367067456500e+01 3.145344712025503142e+00 1.146604765196502740e+01
5.503800000000000000e+04 4.727110531715333508e+01 7.789591260407991768e+00 6.084712494702118057e+00 3.179345260015216468e+01 2.963093496324381348e+00 1.032254954550394999e+01
5.503900000000000000e+04 4.445475633885442335e+01 7.789591260407991768e+00 5.822882291120834886e+00 2.924471837569567256e+01 2.802157021713587159e+00 9.298797575737893339e+00
5.504000000000000000e+04 3.453872916440847263e+01 7.789591260407991768e+00 5.578950628023791047e+00 2.694943852267811479e+01 2.653484246384680389e+00 8.395463714229940422e+00
5.504100000000000000e+04 2.887491436873043682e+01 7.789591260407991768e+00 5.346220936235684285e+00 2.485538060152346773e+01 2.513503025968822246e+00 7.589429191304875921e+00
5.504300000000000000e+04 3.203075569190878724e+01 7.789591260407991768e+00 4.910697199101699439e+00 2.130863548992117629e+01 2.256754227528354306e+00 6.258042728317525949e+00
5.504400000000000000e+04 2.532387757087394675e+01 7.789591260407991768e+00 4.687001781188691041e+00 1.980330453337672125e+01 2.129971270706062736e+00 5.707004188293002933e+00
5.504500000000000000e+04 1.837923408823384719e+01 7.789591260407991768e+00 4.456672307141145595e+00 1.852450411022311272e+01 2.002998789726357476e+00 5.240312336696778317e+00
5.504600000000000000e+04 1.530489892962884468e+01 7.789591260407991768e+00 4.234612440624089480e+00 1.743645488267700117e+01 1.882468299899572761e+00 4.843459689632500620e+00
5.504700000000000000e+04 1.390888255514044403e+01 7.789591260407991768e+00 4.020533760989545513e+00 1.648212669283659793e+01 1.768044749775525615e+00 4.497169629696206705e+00
5.504900000000000000e+04 2.790746121925874235e+00 7.789591260407991768e+00 3.603093411622470654e+00 1.492072897767098105e+01 1.551051834533994978e+00 3.931680890031879372e+00
5.505000000000000000e+04 9.860469925420286330e+00 7.789591260407991768e+00 3.377290248598893818e+00 1.429692611976514094e+01 1.438675292267899364e+00 3.703866870405477130e+00
5.505100000000000000e+04 1.841103422374798626e+01 7.789591260407991768e+00 3.143151889329351079e+00 1.374808288778229048e+01 1.325106192803267691e+00 3.502696277141983838e+00
5.505300000000000000e+04 6.231601327209661534e+00 7.789591260407991768e+00 2.684332998831081341e+00 1.274031846287946479e+01 1.108770342350714921e+00 3.141878782461027253e+00
5.505400000000000000e+04 6.523672694244151415e+00 7.789591260407991768e+00 2.459949222217183706e+00 1.226630531512322975e+01 1.005908494057323077e+00 2.977258571631851591e+00
5.505500000000000000e+04 2.680244283485965084e+01 7.789591260407991768e+00 2.247207057307054168e+00 1.180564555275770466e+01 9.098004280595362037e-01 2.820942784410442883e+00
5.505700000000000000e+04 1.218069350578570820e+01 7.789591260407991768e+00 1.856223083198542900e+00 1.080367472208653901e+01 7.368888778080757707e-01 2.503748487157946734e+00
5.505800000000000000e+04 1.197963619855967998e+01 7.789591260407991768e+00 1.672121273515060569e+00 1.030651394195016124e+01 6.574095826676078502e-01 2.353085374874466229e+00
5.505900000000000000e+04 -2.498859879512560056e+00 7.789591260407991768e+00 1.497156991031058260e+00 9.823698640940266458e+00 5.830050588127172473e-01 2.210055937219407074e+00
5.506100000000000000e+04 1.650598023431714267e+01 7.789591260407991768e+00 1.178965720066943224e+00 8.870077678741285609e+00 4.505027589097987395e-01 1.938814793167494166e+00
5.506300000000000000e+04 7.480041586637774742e+00 7.789591260407991768e+00 9.105677653390663595e-01 7.793280796424218337e+00 3.415482990769190819e-01 1.656382741004084558e+00
5.506400000000000000e+04 1.437562857844108599e+01 7.789591260407991768e+00 7.978165295617034580e-01 7.242353306081357189e+00 2.965309531914898100e-01 1.518313062071563468e+00
5.506700000000000000e+04 1.575028087278011668e+01 7.789591260407991768e+00 5.251403039696396213e-01 5.646448906644495835e+00 1.899928740845295005e-01 1.137250535074420199e+00
5.506800000000000000e+04 -7.353016557018930754e+00 7.789591260407991768e+00 4.545282566447201300e-01 5.163623711927553650e+00 1.630009885761951050e-01 1.026565350283807909e+00
5.506900000000000000e+04 8.496480069656884737e+00 7.789591260407991768e+00 3.924655898732211656e-01 4.693061040540182027e+00 1.395185175518027509e-01 9.211110972600947688e-01
5.507000000000000000e+04 -1.079826261308205204e+01 7.789591260407991768e+00 3.381036565999922527e-01 4.240291808206070989e+00 1.191554736916271978e-01 8.217619783345098128e-01
5.507200000000000000e+04 9.662774267858171839e+00 7.789591260407991768e+00 2.499620390357272792e-01 3.396787780309480809e+00 8.659693020465177027e-02 6.421148923080304272e-01
5.507400000000000000e+04 1.203965141740984457e+01 7.789591260407991768e+00 1.837610420169708825e-01 2.662988026568817723e+00 6.259957145868536021e-02 4.913262041639884781e-01
5.507600000000000000e+04 -1.773928245532766734e+00 7.789591260407991768e+00 1.330686790319645929e-01 2.057183487765960717e+00 4.458659039435906163e-02 3.706636914893623458e-01
5.507800000000000000e+04 1.005494872133618856e+01 7.789591260407991768e+00 9.603332571554029640e-02 1.569664820939223215e+00 3.165759871947924908e-02 2.763494403062012883e-01
5.508000000000000000e+04 4.183473447720133187e+00 7.789591260407991768e+00 6.913823149305380056e-02 1.183794679534617034e+00 2.242927217941729015e-02 2.037512357202438951e-01
5.508200000000000000e+04 8.452242079033764455e+00 7.789591260407991768e+00 4.963893602431706381e-02 8.847293921603320843e-01 1.585148843184322476e-02 1.489443421145340285e-01
5.508300000000000000e+04 -1.605190734290828658e+01 7.789591260407991768e+00 4.205134206646887057e-02 7.632286177587364051e-01 1.332425287277213925e-02 1.270988539148603380e-01
5.508400000000000000e+04 -8.052559676742628625e+00 7.789591260407991768e+00 3.558252673146922868e-02 6.570542079277953418e-01 1.118771474028273233e-02 1.082461627558146955e-01
5.508600000000000000e+04 2.049521723793783323e+01 7.789591260407991768e+00 2.554613831738873631e-02 4.851466788048116041e-01 7.910245647124551638e-03 7.824946432335670721e-02
5.508900000000000000e+04 9.951682175987887291e+00 7.789591260407991768e+00 1.571682663780981162e-02 3.005743060154406066e-01 4.758348966942117439e-03 4.700145520178898584e-02
5.509000000000000000e+04 -1.000325512109495030e+01 7.789591260407991768e+00 1.336257084452316564e-02 2.556351096597949679e-01 4.015798901434460173e-03 3.957199839934906482e-02
5.509200000000000000e+04 -5.540535051695935742e+00 7.789591260407991768e+00 9.657939655523707298e-03 1.847611295779499063e-01 2.860340487345981557e-03 2.803659022427161529e-02
5.509300000000000000e+04 1.020014769358079931e+01 7.789591260407991768e+00 8.211440210587318822e-03 1.568321069389704003e-01 2.414419350363810127e-03 2.356605663996549915e-02
5.509500000000000000e+04 -3.476695133463330478e+00 7.789591260407991768e+00 5.932552424263750658e-03 1.130063196771987216e-01 1.719580412830072277e-03 1.665531609096517277e-02
5.509600000000000000e+04 6.907396947439743862e+00 7.789591260407991768e+00 5.044443409779767427e-03 9.579480746367090294e-02 1.451847290194205504e-03 1.398464342535341541e-02
5.509700000000000000e+04 5.591571016810684469e+00 7.789591260407991768e+00 4.288495379236050356e-03 8.119201176819433596e-02 1.225634575374692737e-03 1.174143337211776446e-02
5.509800000000000000e+04 2.940403905738791401e+00 7.789591260407991768e+00 3.643846503906572783e-03 6.901689327116171391e-02 1.034155386379047173e-03 9.887807058905687813e-03
5.510000000000000000e+04 -3.621638986007149175e+00 7.789591260407991768e+00 2.634269494184159587e-03 5.012102896439823291e-02 7.373742460977353481e-04 7.049371162362620333e-03
5.510100000000000000e+04 1.343478018665877372e+01 7.789591260407991768e+00 2.238869322543809038e-03 4.267644229726211963e-02 6.224268341795411233e-04 5.947936208677647232e-03
5.510200000000000000e+04 1.604765776323385795e+00 7.789591260407991768e+00 1.904200383571595266e-03 3.634298005798186626e-02 5.258043306838589264e-04 5.019748626793075000e-03
5.510600000000000000e+04 -2.607841413361374205e-01 7.789591260407991768e+00 9.925097151839807567e-04 1.910940768688869015e-02 2.668395524086519138e-04 2.547921024918492483e-03
5.510900000000000000e+04 6.294916846480306027e+00 7.789591260407991768e+00 6.083541939038225469e-04 1.178907257188532842e-02 1.603886617199637324e-04 1.532043219218365976e-03
5.511100000000000000e+04 -1.175433730485525707e+01 7.789591260407991768e+00 4.392159339081165462e-04 8.543035110411028449e-03 1.143196079927424701e-04 1.091761675451888552e-03
5.511200000000000000e+04 -9.891213450552042374e+00 7.789591260407991768e+00 3.729466364016164942e-04 7.272353502138915148e-03 9.645587389153405797e-05 9.217178076221691852e-04
5.511400000000000000e+04 1.456356173217187866e+01 7.789591260407991768e+00 2.692619045078518871e-04 5.271188415105685504e-03 6.876820444588222371e-05 6.572554133548237122e-04
5.511500000000000000e+04 -2.215157706831580953e+01 7.789591260407991768e+00 2.286800287131696586e-04 4.486799731333103967e-03 5.804061642466235168e-05 5.549535845804704675e-04
5.511700000000000000e+04 -3.454287921931056271e+00 7.789591260407991768e+00 1.651339522438774791e-04 3.248300882754749479e-03 4.139733072045060849e-05 3.954109412969871438e-04
5.511800000000000000e+04 7.241755513077410278e-01 7.789591260407991768e+00 1.402482262782155011e-04 2.761789367429547462e-03 3.494412016400036890e-05 3.335494405108148787e-04
5.511900000000000000e+04 2.072036703320524698e+00 7.789591260407991768e+00 1.192383718074667176e-04 2.349265798770749317e-03 2.952906681710418518e-05 2.815177709731275248e-04
5.512000000000000000e+04 1.628513220902635839e+00 7.789591260407991768e+00 1.022251916704185686e-04 1.998589738475080833e-03 2.516312410348764490e-05 2.376444397711154283e-04
