5.497600000000000000e+04 -4.247601491137052321e+00 6.271619513970046356e+00 1.164140563987932975e+00 1.400047904695842546e-18 1.164140563987932975e+00 1.400047904695842546e-18
5.497900000000000000e+04 4.147473950121174369e+00 6.271619513970046356e+00 4.289077145657377521e+00 1.400047904115777677e-18 4.289077145657377521e+00 1.400047904115777677e-18
5.498300000000000000e+04 1.252528847912477694e+01 6.271619513970046356e+00 1.143383206421574805e+01 1.400047902751678668e-18 1.143383206421574805e+01 1.400047902751678668e-18
5.499200000000000000e+04 4.855077841412976625e+01 6.271619513970046356e+00 3.733751665722944324e+01 7.130369544559223449e+00 3.733751665722944324e+01 7.130369544559223449e+00
5.499500000000000000e+04 5.575359619700340374e+01 6.271619513970046356e+00 4.526446668391263017e+01 1.429229008026968373e+01 4.526446668391263017e+01 1.429229008026968373e+01
5.499600000000000000e+04 5.083707039273220119e+01 6.271619513970046356e+00 4.750204251648135312e+01 1.722624419581170585e+01 4.750204251648135312e+01 1.722624419581170585e+01
5.499800000000000000e+04 7.441271348905854666e+01 6.271619513970046356e+00 5.134442274642466941e+01 2.388689422327730227e+01 5.091672227927872996e+01 2.388689422327730227e+01
5.500200000000000000e+04 9.431374732526947469e+01 6.271619513970046356e+00 5.607810177454611278e+01 3.917569678333893535e+01 5.381775602163734362e+01 3.917569678333893535e+01
5.500700000000000000e+04 1.151945255652626656e+02 6.271619513970046356e+00 5.648314457480308448e+01 5.755942744693039970e+01 5.210622193247517231e+01 5.658058335489079127e+01
5.501100000000000000e+04 1.191529744920493243e+02 6.271619513970046356e+00 5.352259368761153979e+01 7.079938172385756445e+01 4.789065290588005297e+01 6.516279956176489918e+01
5.501600000000000000e+04 1.219144464858076020e+02 6.271619513970046356e+00 4.675056931226794177e+01 7.868182096713296403e+01 4.031611703369087962e+01 6.707742622943986532e+01
5.502200000000000000e+04 1.198688106120224290e+02 6.271619513970046356e+00 3.835387450028797218e+01 7.842560343231554043e+01 3.169741694238675578e+01 6.142356158546017753e+01
5.502800000000000000e+04 1.043085946855197790e+02 6.271619513970046356e+00 3.318213401303346188e+01 6.957553897089204042e+01 2.632666932167046880e+01 5.039514629211360131e+01
5.503000000000000000e+04 9.821603977538870822e+01 6.271619513970046356e+00 3.196480405889403187e+01 6.578619036344449000e+01 2.502725028100064719e+01 4.648543694420893502e+01
5.503300000000000000e+04 8.927281423217253575e+01 6.271619513970046356e+00 3.013577213775413455e+01 6.030337248038067344e+01 2.313864568316503068e+01 4.110379148004953720e+01
5.503800000000000000e+04 9.152671739476046753e+01 6.271619513970046356e+00 2.625758423300979061e+01 5.406658408835484408e+01 1.953108020902245556e+01 3.480083939775672519e+01
5.504200000000000000e+04 9.391479256790712782e+01 6.271619513970046356e+00 2.283183582941351375e+01 5.076777719500981334e+01 1.656882135661357935e+01 3.128406285125081610e+01
5.504400000000000000e+04 6.472640100854484047e+01 6.271619513970046356e+00 2.115988347540010395e+01 4.931578142613187055e+01 1.517055024046465839e+01 2.975490613378295279e+01
5.504600000000000000e+04 5.973563687624830720e+01 6.271619513970046356e+00 1.962835676023393106e+01 4.745845609470129745e+01 1.390504162668881349e+01 2.804873291649012756e+01
5.505000000000000000e+04 6.083534513810636923e+01 6.271619513970046356e+00 1.717513203404249822e+01 4.299767308016294010e+01 1.188425964160150627e+01 2.441385026127807123e+01
5.505600000000000000e+04 5.383229412984005080e+01 6.271619513970046356e+00 1.488245412815933477e+01 3.536634524808323476e+01 9.950825172612551839e+00 1.896318780058082254e+01
5.505900000000000000e+04 4.528799674132287123e+01 6.271619513970046356e+00 1.398474837313888308e+01 3.195903780666296257e+01 9.195652533626304859e+00 1.667225092945013287e+01
5.506300000000000000e+04 4.519333017231934946e+01 6.271619513970046356e+00 1.300642276027979527e+01 2.855430597632247114e+01 8.367487622413662507e+00 1.437707365002894022e+01
5.506500000000000000e+04 3.162692359277961174e+01 6.271619513970046356e+00 1.258557091575379161e+01 2.732777342103754492e+01 8.010164788539839265e+00 1.352391419856364152e+01
5.506700000000000000e+04 4.790400017893279738e+01 6.271619513970046356e+00 1.218020759632103456e+01 2.628869766358801385e+01 7.670155917078735897e+00 1.279068635410305710e+01
5.507000000000000000e+04 3.450303375268796913e+01 6.271619513970046356e+00 1.161577501968092108e+01 2.484701486722389419e+01 7.200455628366551508e+00 1.179148389674634423e+01
5.507400000000000000e+04 3.221605122504733032e+01 6.271619513970046356e+00 1.087498681917440635e+01 2.329906954553525011e+01 6.603708294373577203e+00 1.070532509903292251e+01
5.507900000000000000e+04 3.598221505368404394e+01 6.271619513970046356e+00 9.863364215833684057e+00 2.169599478094684031e+01 5.840457257125583723e+00 9.587694896348420315e+00
5.508300000000000000e+04 2.592131787712704494e+01 6.271619513970046356e+00 8.879229105875593220e+00 2.055754531256377149e+01 5.155149271873892936e+00 8.815035938666337501e+00
5.509100000000000000e+04 2.830113086561512148e+01 6.271619513970046356e+00 6.186840476112480225e+00 1.803606206716093752e+01 3.457107999615824934e+00 7.300571571406979210e+00
