5.497600000000000000e+04 -4.061878934169234512e+00 6.056387302124193184e+00 1.164140563987932975e+00 1.400047905276879818e-18 1.164140563987932975e+00 1.400047905276879818e-18
5.497900000000000000e+04 4.152333551203766682e+00 6.056387302124193184e+00 4.289077145657377521e+00 1.400047905054776955e-18 4.289077145657377521e+00 1.400047905054776955e-18
5.498300000000000000e+04 1.248783139522628183e+01 6.056387302124193184e+00 1.143383206421574805e+01 1.400047904532473228e-18 1.143383206421574805e+01 1.400047904532473228e-18
5.499200000000000000e+04 4.150127074595503274e+01 6.056387302124193184e+00 3.733751665722944324e+01 2.209803768185407968e-01 3.733751665722944324e+01 2.209803768185407968e-01
5.499500000000000000e+04 4.407187481174553767e+01 6.056387302124193184e+00 4.526446668391263017e+01 2.480050148876244531e+00 4.526446668391263017e+01 2.480050148876244531e+00
5.499600000000000000e+04 3.787893717350343081e+01 6.056387302124193184e+00 4.750204251648135312e+01 3.791386072109951044e+00 4.750204251648135312e+01 3.791386072109951044e+00
5.499800000000000000e+04 5.762827361207565957e+01 6.056387302124193184e+00 5.128841435191746712e+01 7.130369544559223449e+00 5.091672227927872996e+01 7.130369544559223449e+00
5.500200000000000000e+04 7.210055817352306917e+01 6.056387302124193184e+00 5.578210411642709943e+01 1.722624419581170585e+01 5.381775602163734362e+01 1.722624419581170585e+01
5.500700000000000000e+04 9.229133012882120113e+01 6.056387302124193184e+00 5.590997613354585383e+01 3.526893370285700513e+01 5.210622193247517231e+01 3.526893370285700513e+01
5.501100000000000000e+04 9.791539355348561458e+01 6.056387302124193184e+00 5.278507763286099674e+01 5.012192478071398227e+01 4.789065290588005297e+01 5.012192478071398227e+01
5.501600000000000000e+04 1.124448670740340930e+02 6.056387302124193184e+00 4.590796246626380395e+01 6.993411805058931918e+01 4.031611703369087962e+01 6.364590284909841245e+01
5.502200000000000000e+04 1.241110576368803322e+02 6.056387302124193184e+00 3.748219553437233742e+01 8.364555050811152626e+01 3.169741694238675578e+01 6.707742622943986532e+01
5.502800000000000000e+04 1.194802441980062468e+02 6.056387302124193184e+00 3.228439458916449922e+01 8.569815312403403595e+01 2.632666932167046880e+01 6.142356158546017753e+01
5.503000000000000000e+04 1.153417199565981974e+02 6.056387302124193184e+00 3.105631487369370092e+01 8.383631936192743694e+01 2.502725028100064719e+01 5.803427894360199701e+01
5.503300000000000000e+04 1.075844195210907372e+02 6.056387302124193184e+00 2.921948176870079550e+01 7.949124149640518056e+01 2.313864568316503068e+01 5.234163527780678749e+01
5.503800000000000000e+04 1.064196284460032302e+02 6.056387302124193184e+00 2.537673251558288001e+01 7.022480088999124348e+01 1.953108020902245556e+01 4.276263603092878185e+01
5.504200000000000000e+04 1.060112091348518248e+02 6.056387302124193184e+00 2.201167917226113957e+01 6.438153573423163323e+01 1.656882135661357935e+01 3.697962994499231826e+01
5.504400000000000000e+04 7.713103077337930813e+01 6.056387302124193184e+00 2.037556602796808392e+01 6.230742285774364575e+01 1.517055024046465839e+01 3.480083939775672519e+01
5.504600000000000000e+04 7.232473771837152299e+01 6.056387302124193184e+00 1.887887501655540490e+01 6.054475777251165880e+01 1.390504162668881349e+01 3.290833665208808867e+01
5.505000000000000000e+04 7.480494341026843585e+01 6.056387302124193184e+00 1.648227969693713035e+01 5.768286103095164208e+01 1.188425964160150627e+01 2.975490613378295279e+01
5.505600000000000000e+04 6.864398309568241530e+01 6.056387302124193184e+00 1.423664557445677836e+01 5.094682272523508715e+01 9.950825172612551839e+00 2.441385026127807123e+01
5.505900000000000000e+04 5.945759414378169083e+01 6.056387302124193184e+00 1.335760487034556832e+01 4.673327303996951088e+01 9.195652533626304859e+00 2.162676340412305720e+01
5.506300000000000000e+04 5.692322102492668989e+01 6.056387302124193184e+00 1.239894315889256760e+01 4.101634165275635269e+01 8.367487622413662507e+00 1.815123319589164907e+01
5.506500000000000000e+04 4.248226151817387120e+01 6.056387302124193184e+00 1.198641058957101535e+01 3.849789462119329642e+01 8.010164788539839265e+00 1.667225092945013287e+01
5.506700000000000000e+04 5.699770702817892243e+01 6.056387302124193184e+00 1.158960559070597185e+01 3.629680427816239074e+01 7.670155917078735897e+00 1.538978345480703069e+01
5.507000000000000000e+04 4.304028503653366755e+01 6.056387302124193184e+00 1.103757843272308925e+01 3.389520696039193126e+01 7.200455628366551508e+00 1.393373631521496847e+01
5.507400000000000000e+04 3.991174182564796524e+01 6.056387302124193184e+00 1.031565272664096611e+01 3.148689855243927127e+01 6.603708294373577203e+00 1.243853146576569202e+01
5.507900000000000000e+04 4.270348048472591529e+01 6.056387302124193184e+00 9.336554971240957457e+00 2.909585498656819169e+01 5.840457257125583723e+00 1.095930354686360708e+01
5.508300000000000000e+04 3.256872890834733170e+01 6.056387302124193184e+00 8.391551984756324245e+00 2.757198847275269316e+01 5.155149271873892936e+00 1.001270598567479730e+01
5.509100000000000000e+04 3.469480076540314428e+01 6.056387302124193184e+00 5.829375508952204576e+00 2.492715537710387608e+01 3.457107999615824934e+00 8.446161141566047803e+00
