5.497400000000000000e+04 2.565307511945716712e+00 4.918805794130056697e+00 2.872527343123094101e-01 8.716023034220134351e-19 2.872527343123094101e-01 8.716023034220134351e-19
5.497600000000000000e+04 -2.845064088434160254e+00 4.918805794130056697e+00 1.958814406946931541e+00 8.716022210972289233e-19 1.958814406946931541e+00 8.716022210972289233e-19
5.498000000000000000e+04 1.023393467602748075e+01 4.918805794130056697e+00 9.740658635389692677e+00 8.716019515982127606e-19 9.740658635389692677e+00 8.716019515982127606e-19
5.498100000000000000e+04 9.042736016051293291e+00 4.918805794130056697e+00 1.261836908227294352e+01 8.716018526766135158e-19 1.261836908227294352e+01 8.716018526766135158e-19
5.498500000000000000e+04 2.917083296047282914e+01 4.918805794130056697e+00 2.761301931683333422e+01 8.716012528962566048e-19 2.761301931683333422e+01 8.716012528962566048e-19
5.498700000000000000e+04 3.385299806333530626e+01 4.918805794130056697e+00 3.698113532148148863e+01 8.716007743899730289e-19 3.698113532148148863e+01 8.716007743899730289e-19
5.498800000000000000e+04 4.581800142516741658e+01 4.918805794130056697e+00 4.209516568424355398e+01 -1.241908946591701104e-02 4.209516568424355398e+01 -1.241908946591701104e-02
5.498900000000000000e+04 4.941056569629356687e+01 4.918805794130056697e+00 4.711547825657126509e+01 2.298021874498475392e-01 4.711547825657126509e+01 2.298021874498475392e-01
5.499300000000000000e+04 7.037451716979573746e+01 4.918805794130056697e+00 6.549985504210982867e+01 4.087902819091672413e+00 6.549985504210982867e+01 4.087902819091672413e+00
5.499500000000000000e+04 7.334876319435822722e+01 4.918805794130056697e+00 6.925870503056015082e+01 7.792526908311754319e+00 6.925870503056015082e+01 7.792526908311754319e+00
5.499700000000000000e+04 8.702493636039565672e+01 4.918805794130056697e+00 6.842655738733689930e+01 1.269273137910385429e+01 6.841287481237441170e+01 1.269273137910385429e+01
5.499900000000000000e+04 8.479173030298376545e+01 4.918805794130056697e+00 6.507382844938165078e+01 1.874044088442200007e+01 6.504780932565140006e+01 1.874044088442200007e+01
5.500000000000000000e+04 9.341388682765712304e+01 4.918805794130056697e+00 6.323958597408416438e+01 2.209041545346666879e+01 6.320798198309262261e+01 2.209041545346666879e+01
5.500200000000000000e+04 8.652314895294186670e+01 4.918805794130056697e+00 5.918264371635918053e+01 2.958490825718519801e+01 5.914124484496770862e+01 2.958490825718519801e+01
5.500300000000000000e+04 8.304523760526031140e+01 4.918805794130056697e+00 5.632977813571424264e+01 3.367613254739485029e+01 5.628475033544589223e+01 3.367613254739485029e+01
5.500500000000000000e+04 9.390576959030615001e+01 4.918805794130056697e+00 5.005630089936722982e+01 4.153383942830611630e+01 5.000629460476246635e+01 4.153383942830611630e+01
5.500700000000000000e+04 9.743007642102216437e+01 4.918805794130056697e+00 4.460690368574144316e+01 4.911345556622313779e+01 4.455343955827151348e+01 4.911345556622313779e+01
5.500900000000000000e+04 9.275675300604534357e+01 4.918805794130056697e+00 3.943290292770066685e+01 5.453452191392029391e+01 3.937777404403901471e+01 5.453452191392029391e+01
5.501000000000000000e+04 9.626891649376396742e+01 4.918805794130056697e+00 3.691964418561105532e+01 5.924112593493994439e+01 3.686434766411487374e+01 5.540696402444812918e+01
5.501300000000000000e+04 9.742515495900423161e+01 4.918805794130056697e+00 3.003378361091098725e+01 6.834233227169015379e+01 2.997981993502793685e+01 5.352626274411823459e+01
5.501600000000000000e+04 9.237486020433343015e+01 4.918805794130056697e+00 2.283919184544081560e+01 7.288984628146641853e+01 2.279133005233092391e+01 4.910391153426733268e+01
5.501700000000000000e+04 9.132473525260287772e+01 4.918805794130056697e+00 2.076941203571177041e+01 7.350547039291348028e+01 2.072381963252022885e+01 4.731299587597417400e+01
5.501800000000000000e+04 9.211166314746780870e+01 4.918805794130056697e+00 1.889448103543774948e+01 7.307111427548927907e+01 1.885112345149930135e+01 4.502780026835672089e+01
5.501900000000000000e+04 8.352332308627401858e+01 4.918805794130056697e+00 1.713048896191435588e+01 7.179854645195668184e+01 1.708947422377729097e+01 4.243412910872144295e+01
5.502000000000000000e+04 8.317082314869453796e+01 4.918805794130056697e+00 1.548514600303952982e+01 7.045686884632615943e+01 1.544652967884242400e+01 4.000503568380997876e+01
5.502200000000000000e+04 7.259540976620054664e+01 4.918805794130056697e+00 1.260295270002905710e+01 6.770697102791406508e+01 1.256901635586821442e+01 3.564275164661721362e+01
5.502300000000000000e+04 7.538303023156905169e+01 4.918805794130056697e+00 1.134437658934625404e+01 6.606295307675728168e+01 1.131270102647213349e+01 3.355493350099414585e+01
5.502400000000000000e+04 7.307890584527204680e+01 4.918805794130056697e+00 1.021046680651483030e+01 6.420152280140122514e+01 1.018094207449878574e+01 3.150221923523121603e+01
5.502500000000000000e+04 6.904044409712214758e+01 4.918805794130056697e+00 9.200356635936737248e+00 6.214444271825829702e+01 9.172838121572022274e+00 2.949147813129190610e+01
5.502800000000000000e+04 5.660398108300930176e+01 4.918805794130056697e+00 6.738534995589519738e+00 5.551782974848214280e+01 6.716370971383953226e+00 2.398385594802235588e+01
5.502900000000000000e+04 5.677206558733553976e+01 4.918805794130056697e+00 6.092186600444250644e+00 5.261472555376531091e+01 6.071543353043900915e+00 2.206993521550558768e+01
5.503100000000000000e+04 5.156559876956099941e+01 4.918805794130056697e+00 5.024457345711574874e+00 4.599108073919962436e+01 5.006434182654020404e+00 1.823306404186474339e+01
5.503300000000000000e+04 3.782516714878088493e+01 4.918805794130056697e+00 4.208180418860981042e+00 4.012725542379948251e+01 4.192249869357422831e+00 1.508089876119944250e+01
5.503400000000000000e+04 4.848234144555911485e+01 4.918805794130056697e+00 3.889879345937654165e+00 3.732341170472960812e+01 3.874767751706000407e+00 1.367157937902183562e+01
5.503500000000000000e+04 3.806907847173472703e+01 4.918805794130056697e+00 3.612126646571993227e+00 3.459034070161256835e+01 3.597735703756966164e+00 1.235722374307394134e+01
5.503700000000000000e+04 3.540979079095656346e+01 4.918805794130056697e+00 3.158555159816010427e+00 2.953819395759877509e+01 3.145344712025503142e+00 1.005521308469457331e+01
5.503800000000000000e+04 3.611911292902337323e+01 4.918805794130056697e+00 2.975834798358576450e+00 2.721202355711713494e+01 2.963093496324381348e+00 9.050160821177707149e+00
5.503900000000000000e+04 3.379535063803255923e+01 4.918805794130056697e+00 2.814486512609126745e+00 2.505326225692661524e+01 2.802157021713587159e+00 8.144753659599029305e+00
5.504000000000000000e+04 2.701520014594303731e+01 4.918805794130056697e+00 2.665424925493411479e+00 2.308032836797466558e+01 2.653484246384680389e+00 7.338270497257618707e+00
5.504100000000000000e+04 2.292303096447236044e+01 4.918805794130056697e+00 2.525065139888278409e+00 2.123571408580345476e+01 2.513503025968822246e+00 6.606431709122529305e+00
5.504300000000000000e+04 2.395217960167175164e+01 4.918805794130056697e+00 2.267586647820490242e+00 1.801491887428489491e+01 2.256754227528354306e+00 5.373096777107163824e+00
5.504400000000000000e+04 1.928823110179151357e+01 4.918805794130056697e+00 2.140408129932521941e+00 1.662145708329298444e+01 2.129971270706062736e+00 4.857234682435121798e+00
5.504500000000000000e+04 1.448188599694105960e+01 4.918805794130056697e+00 2.013013783674988844e+00 1.537480910212837948e+01 2.002998789726357476e+00 4.403875201113765847e+00
5.504600000000000000e+04 1.213202257211368185e+01 4.918805794130056697e+00 1.892068888229060608e+00 1.425992661113710369e+01 1.882468299899572761e+00 4.005147346123217211e+00
5.504700000000000000e+04 1.087059077203585566e+01 4.918805794130056697e+00 1.777238582474358619e+00 1.325705113717010164e+01 1.768044749775525615e+00 3.652482680507522339e+00
5.504900000000000000e+04 3.304738279473182772e+00 4.918805794130056697e+00 1.559427514440478779e+00 1.168009991074256781e+01 1.551051834533994978e+00 3.099814201364801125e+00
5.505000000000000000e+04 7.556714364115176608e+00 4.918805794130056697e+00 1.446588006375372881e+00 1.104418515396498535e+01 1.438675292267899364e+00 2.878188563005573020e+00
5.505100000000000000e+04 1.277876079731918324e+01 4.918805794130056697e+00 1.332526787482965824e+00 1.048654330539237733e+01 1.325106192803267691e+00 2.684452003223524841e+00
5.505300000000000000e+04 4.898265446913536714e+00 4.918805794130056697e+00 1.115201210336349114e+00 9.588096459146287387e+00 1.108770342350714921e+00 2.370474797059505256e+00
5.505400000000000000e+04 5.054710220403026533e+00 4.918805794130056697e+00 1.011843354172261344e+00 9.222459189863759121e+00 1.005908494057323077e+00 2.241725617370870172e+00
5.505500000000000000e+04 1.784614415927751097e+01 4.918805794130056697e+00 9.152592306278932721e-01 8.880044239581117438e+00 9.098004280595362037e-01 2.122787397107745111e+00
5.505700000000000000e+04 8.673433038134700013e+00 4.918805794130056697e+00 7.414575888504858492e-01 8.234573211625097144e+00 7.368888778080757707e-01 1.905445485844385223e+00
5.505800000000000000e+04 8.589348512387259049e+00 4.918805794130056697e+00 6.615512630384138282e-01 7.927165169785200582e+00 6.574095826676078502e-01 1.805403382022683800e+00
5.505900000000000000e+04 -5.401069119983628042e-01 4.918805794130056697e+00 5.867362911891186306e-01 7.599737493879231920e+00 5.830050588127172473e-01 1.703977016564850455e+00
5.506100000000000000e+04 1.145583931812389089e+01 4.918805794130056697e+00 4.534760771186034378e-01 6.925073784206556837e+00 4.505027589097987395e-01 1.505974639919658298e+00
5.506300000000000000e+04 5.857555429909947264e+00 4.918805794130056697e+00 3.438708275106420742e-01 6.286468261888629172e+00 3.415482990769190819e-01 1.327155096666236656e+00
5.506400000000000000e+04 1.026264215876151020e+01 4.918805794130056697e+00 2.985770167685111165e-01 5.963484093416305143e+00 2.965309531914898100e-01 1.240841467627196382e+00
5.506700000000000000e+04 1.111172696945169491e+01 4.918805794130056697e+00 1.913608227779381443e-01 4.871817195521274790e+00 1.899928740845295005e-01 9.717203597258007308e-01
5.506800000000000000e+04 -3.518041039894656663e+00 4.918805794130056697e+00 1.641908957928013557e-01 4.508526316880171692e+00 1.630009885761951050e-01 8.870162738805721370e-01
5.506900000000000000e+04 6.440379901128591378e+00 4.918805794130056697e+00 1.405509545816860939e-01 4.145952449106663273e+00 1.395185175518027509e-01 8.047267952458585505e-01
5.507000000000000000e+04 -5.789476614873336757e+00 4.918805794130056697e+00 1.200491397443144148e-01 3.800199995987560975e+00 1.191554736916271978e-01 7.278403424476290740e-01
5.507200000000000000e+04 7.045678888979143295e+00 4.918805794130056697e+00 8.726372656722758414e-02 3.159543703600130815e+00 8.659693020465177027e-02 5.895111022464607498e-01
5.507400000000000000e+04 8.432322460760971694e+00 4.918805794130056697e+00 6.309410807320897652e-02 2.564289450681855875e+00 6.259957145868536021e-02 4.664040470501739089e-01
5.507600000000000000e+04 -4.268977849066071251e-01 4.918805794130056697e+00 4.494774177655336961e-02 2.031371000255351777e+00 4.458659039435906163e-02 3.604022071278390471e-01
5.507800000000000000e+04 6.907284783943487660e+00 4.918805794130056697e+00 3.192035678885092598e-02 1.577898494007513808e+00 3.165759871947924908e-02 2.732386392615352988e-01
5.508000000000000000e+04 3.086893322654069571e+00 4.918805794130056697e+00 2.261992099294233768e-02 1.213757849570285652e+00 2.242927217941729015e-02 2.052624382010224402e-01
5.508200000000000000e+04 5.683025484863841292e+00 4.918805794130056697e+00 1.598939638120025833e-02 9.198087014479512380e-01 1.585148843184322476e-02 1.519942992676236448e-01
5.508300000000000000e+04 -9.833020261706129972e+00 4.918805794130056697e+00 1.344150629805253294e-02 7.981571607017400316e-01 1.332425287277213925e-02 1.304007908609561006e-01
5.508400000000000000e+04 -4.820048072636842207e+00 4.918805794130056697e+00 1.128728540147124794e-02 6.908956989165273566e-01 1.118771474028273233e-02 1.116148140414422174e-01
5.508600000000000000e+04 1.314215836662863524e+01 4.918805794130056697e+00 7.982228882513384485e-03 5.147727277534734913e-01 7.910245647124551638e-03 8.134326650551063076e-02
5.508900000000000000e+04 6.416475989903377197e+00 4.918805794130056697e+00 4.803077447231373677e-03 3.273206392431740608e-01 4.758348966942117439e-03 5.007965716694829511e-02
5.509000000000000000e+04 -6.202946917475156141e+00 4.918805794130056697e+00 4.053948990998088205e-03 2.795033556602262714e-01 4.015798901434460173e-03 4.231565367592597660e-02
5.509200000000000000e+04 -3.415645278355538217e+00 4.918805794130056697e+00 2.888085790073237607e-03 2.028537685112219158e-01 2.860340487345981557e-03 3.008093132914495954e-02
5.509300000000000000e+04 6.511734213156103124e+00 4.918805794130056697e+00 2.438080659997375350e-03 1.725415108448546120e-01 2.414419350363810127e-03 2.532607897558340412e-02
5.509500000000000000e+04 -2.144029600906576238e+00 4.918805794130056697e+00 1.736776216958373347e-03 1.247282854188523915e-01 1.719580412830072277e-03 1.794341774353383490e-02
5.509600000000000000e+04 4.405410742320956530e+00 4.918805794130056697e+00 1.466510947825166956e-03 1.058836121825368348e-01 1.451847290194205504e-03 1.508227624957792119e-02
5.509700000000000000e+04 3.568011901853530787e+00 4.918805794130056697e+00 1.238136048043514620e-03 8.990456990911660506e-02 1.225634575374692737e-03 1.268119074547458328e-02
5.509800000000000000e+04 1.888214937341522459e+00 4.918805794130056697e+00 1.044807186858751156e-03 7.630852917248096001e-02 1.034155386379047173e-03 1.065940229821771279e-02
5.510000000000000000e+04 -2.264648479429376415e+00 4.918805794130056697e+00 7.451166756817615040e-04 5.483493606593136532e-02 7.373742460977353481e-04 7.514517358155370884e-03
5.510100000000000000e+04 8.502392789974184240e+00 4.918805794130056697e+00 6.290245586218440408e-04 4.661602682798263869e-02 6.224268341795411233e-04 6.328196517699642178e-03
5.510200000000000000e+04 1.029454344502404917e+00 4.918805794130056697e+00 5.314304370221762048e-04 3.973099263554685789e-02 5.258043306838589264e-04 5.343347226255695630e-03
5.510600000000000000e+04 -1.561797680277605960e-01 4.918805794130056697e+00 2.698014714403879901e-04 2.091839847547535478e-02 2.668395524086519138e-04 2.712307255261054220e-03
5.510900000000000000e+04 3.980229167391014400e+00 4.918805794130056697e+00 1.622170924635713408e-04 1.291490209110685711e-02 1.603886617199637324e-04 1.630669455947835432e-03
5.511100000000000000e+04 -7.418576117043007123e+00 4.918805794130056697e+00 1.156457154454582970e-04 9.359652962640789553e-03 1.143196079927424701e-04 1.161477832155364534e-03
5.511200000000000000e+04 -6.242654511806422946e+00 4.918805794130056697e+00 9.758440761606501234e-05 7.969174059852283595e-03 9.645587389153405797e-05 9.805076602997543633e-04
5.511400000000000000e+04 9.198635625935228433e+00 4.918805794130056697e+00 6.958654607878823439e-05 5.775681285942599850e-03 6.876820444588222371e-05 6.987274722892087252e-04
5.511500000000000000e+04 -1.398580979555599946e+01 4.918805794130056697e+00 5.873710382175830266e-05 4.916929452859076198e-03 5.804061642466235168e-05 5.898993968781883653e-04
5.511700000000000000e+04 -2.179789613568050566e+00 4.918805794130056697e+00 4.190237815524010603e-05 3.564364461186198159e-03 4.139733072045060849e-05 4.206434645470872170e-04
5.511800000000000000e+04 4.585240157501481728e-01 4.918805794130056697e+00 3.537393284201757483e-05 3.034148788706588287e-03 3.494412016400036890e-05 3.551702941315011404e-04
5.511900000000000000e+04 1.309458882792325252e+00 4.918805794130056697e+00 2.989522724563628027e-05 2.581977367411921256e-03 2.952906681710418518e-05 2.998115846971575321e-04
5.512000000000000000e+04 1.029234761880116755e+00 4.918805794130056697e+00 2.547766315478123457e-05 2.196890536695939814e-03 2.516312410348764490e-05 2.530630024300718631e-04
