5.497600000000000000e+04 -4.832286021366122952e+00 6.949205191917951829e+00 1.164140563987932975e+00 1.400047905054776955e-18 1.164140563987932975e+00 1.400047905054776955e-18
5.497900000000000000e+04 4.132175143005522244e+00 6.949205191917951829e+00 4.289077145657377521e+00 1.400047904695842546e-18 4.289077145657377521e+00 1.400047904695842546e-18
5.498300000000000000e+04 1.264320941377321361e+01 6.949205191917951829e+00 1.143383206421574805e+01 1.400047903851760993e-18 1.143383206421574805e+01 1.400047903851760993e-18
5.499200000000000000e+04 4.434157463165083612e+01 6.949205191917951829e+00 3.733751665722944324e+01 2.480050148876244531e+00 3.733751665722944324e+01 2.480050148876244531e+00
5.499500000000000000e+04 4.818078225082432908e+01 6.949205191917951829e+00 4.526446668391263017e+01 7.130369544559223449e+00 4.526446668391263017e+01 7.130369544559223449e+00
5.499600000000000000e+04 4.132783496681274471e+01 6.949205191917951829e+00 4.750204251648135312e+01 9.217815572097707744e+00 4.750204251648135312e+01 9.217815572097707744e+00
5.499800000000000000e+04 6.439361707127289947e+01 6.949205191917951829e+00 5.100837237938143431e+01 1.429229008026968373e+01 5.091672227927872996e+01 1.429229008026968373e+01
5.500200000000000000e+04 8.081807803709436655e+01 6.949205191917951829e+00 5.430211582583206820e+01 2.755757656490886376e+01 5.381775602163734362e+01 2.755757656490886376e+01
5.500700000000000000e+04 1.009924403358402429e+02 6.949205191917951829e+00 5.304413392725972898e+01 4.667189582153680050e+01 5.210622193247517231e+01 4.667189582153680050e+01
5.501100000000000000e+04 1.084597114163180862e+02 6.949205191917951829e+00 4.909749735910822466e+01 6.508967375820857626e+01 4.789065290588005297e+01 5.937755314560169495e+01
5.501600000000000000e+04 1.272483922147688560e+02 6.949205191917951829e+00 4.169492823624310773e+01 8.945148636665989272e+01 4.031611703369087962e+01 6.691964267723490423e+01
5.502200000000000000e+04 1.424072079739907792e+02 6.949205191917951829e+00 3.312380070479415650e+01 1.058603031335648694e+02 3.169741694238675578e+01 6.513277741559396361e+01
5.502800000000000000e+04 1.368988904453173916e+02 6.949205191917951829e+00 2.779569746981968592e+01 1.073847097165930649e+02 2.632666932167046880e+01 5.610779545252785994e+01
5.503000000000000000e+04 1.322410788656097509e+02 6.949205191917951829e+00 2.651386894769208524e+01 1.052119210719194342e+02 2.502725028100064719e+01 5.234163527780678749e+01
5.503300000000000000e+04 1.234939145727208398e+02 6.949205191917951829e+00 2.463802992343412157e+01 1.001482253526037169e+02 2.313864568316503068e+01 4.648543694420893502e+01
5.503800000000000000e+04 1.249905129965510895e+02 6.949205191917951829e+00 2.097247392844831637e+01 9.160516676133264014e+01 1.953108020902245556e+01 3.825010094840395425e+01
5.504200000000000000e+04 1.279354474342086121e+02 6.949205191917951829e+00 1.791089588649927933e+01 8.751452031194052950e+01 1.656882135661357935e+01 3.382465130133363829e+01
5.504400000000000000e+04 9.617850457704275868e+01 6.949205191917951829e+00 1.645397879080796955e+01 8.609494006373643060e+01 1.517055024046465839e+01 3.208307809343634887e+01
5.504600000000000000e+04 9.178595578208103234e+01 6.949205191917951829e+00 1.513146629816276878e+01 8.479988640476177864e+01 1.390504162668881349e+01 3.050684836664451893e+01
5.505000000000000000e+04 9.452409941488775758e+01 6.949205191917951829e+00 1.301801801141029102e+01 8.077196056536060098e+01 1.188425964160150627e+01 2.717673044828928397e+01
5.505600000000000000e+04 8.549664571063917151e+01 6.949205191917951829e+00 1.100760280594400520e+01 7.051838743182405267e+01 9.950825172612551839e+00 2.162676340412305720e+01
5.505900000000000000e+04 7.406490089780923824e+01 6.949205191917951829e+00 1.022188735637899981e+01 6.456965446097768790e+01 9.195652533626304859e+00 1.896318780058082254e+01
5.506300000000000000e+04 7.097132910219225721e+01 6.949205191917951829e+00 9.361545151956404354e+00 5.758471631004764646e+01 8.367487622413662507e+00 1.600731536944672584e+01
5.506500000000000000e+04 5.467855020738577565e+01 6.949205191917951829e+00 8.990608958657116290e+00 5.486962676527415539e+01 8.010164788539839265e+00 1.485532455200188373e+01
5.506700000000000000e+04 7.189713188217912432e+01 6.949205191917951829e+00 8.636595562630656531e+00 5.280607388740168062e+01 7.670155917078735897e+00 1.393373631521496847e+01
5.507000000000000000e+04 5.629494652613293226e+01 6.949205191917951829e+00 8.146595497933915908e+00 5.031983918567683389e+01 7.200455628366551508e+00 1.279068635410305710e+01
5.507400000000000000e+04 5.278175950348696688e+01 6.949205191917951829e+00 7.518982263973755131e+00 4.743232522501118353e+01 6.603708294373577203e+00 1.149456566703288019e+01
5.507900000000000000e+04 5.628561182736112301e+01 6.949205191917951829e+00 6.702508748277320016e+00 4.468240172032365365e+01 5.840457257125583723e+00 1.023183002526303120e+01
5.508300000000000000e+04 4.485729493216838648e+01 6.949205191917951829e+00 5.953166379159972266e+00 4.279939496616252370e+01 5.155149271873892936e+00 9.387067369865008004e+00
5.509100000000000000e+04 4.754311825210314879e+01 6.949205191917951829e+00 4.042050673150822782e+00 3.898222753001195429e+01 3.457107999615824934e+00 7.884435809637948545e+00
