5.497500000000000000e+04 -4.159967424952061066e+00 1.256461448636745004e+01 9.676860811788584593e-01 2.279498584667664851e-18 9.676860811788584593e-01 2.279498584667664851e-18
5.497600000000000000e+04 -1.093067707096344776e+01 1.256461448636745004e+01 2.014654457448330049e+00 2.279498485609617514e-18 2.014654457448330049e+00 2.279498485609617514e-18
5.497900000000000000e+04 -5.765714303680117503e+00 1.256461448636745004e+01 7.421511495175619366e+00 2.279498072863251428e-18 7.421511495175619366e+00 2.279498072863251428e-18
5.498000000000000000e+04 1.681043451479165185e+01 1.256461448636745004e+01 1.010928248076253944e+01 2.279497885001649794e-18 1.010928248076253944e+01 2.279497885001649794e-18
5.498100000000000000e+04 3.836952036480467143e+01 1.256461448636745004e+01 1.326427468792255127e+01 2.279497664544057483e-18 1.326427468792255127e+01 2.279497664544057483e-18
5.498200000000000000e+04 1.349427709886781201e+01 1.256461448636745004e+01 1.681188057541250913e+01 2.279497405834730840e-18 1.681188057541250913e+01 2.279497405834730840e-18
5.498400000000000000e+04 2.656259420058183451e+01 1.256461448636745004e+01 2.504964300095078400e+01 2.279496745960992233e-18 2.504964300095078400e+01 2.279496745960992233e-18
5.498500000000000000e+04 3.548660591081500115e+01 1.256461448636745004e+01 2.982457128805857849e+01 2.279496327867838250e-18 2.982457128805857849e+01 2.279496327867838250e-18
5.498700000000000000e+04 3.477438641206472880e+01 1.256461448636745004e+01 4.097582893337165899e+01 2.279495261463979831e-18 4.097582893337165899e+01 2.279495261463979831e-18
5.499000000000000000e+04 4.823765446373302268e+01 1.256461448636745004e+01 6.053040193995693841e+01 1.209607601473573046e+00 6.053040193995693841e+01 1.209607601473573046e+00
5.499200000000000000e+04 9.477533131435785663e+01 1.256461448636745004e+01 7.440742163840896239e+01 4.302310410807026031e+00 7.440742163840896239e+01 4.302310410807026031e+00
5.499300000000000000e+04 9.670640714648516223e+01 1.256461448636745004e+01 8.115791156796579742e+01 6.537636875244362322e+00 8.115791156796579742e+01 6.537636875244362322e+00
5.499400000000000000e+04 9.836623588810047636e+01 1.256461448636745004e+01 8.659722275531558466e+01 9.276889368969523986e+00 8.659722275531558466e+01 9.276889368969523986e+00
5.499600000000000000e+04 1.017349216714775935e+02 1.256461448636745004e+01 9.298895886639343189e+01 1.658034335990318908e+01 9.298895886639343189e+01 1.658034335990318908e+01
5.499700000000000000e+04 1.099962977746517367e+02 1.256461448636745004e+01 9.957329221388769724e+01 2.101485071926563819e+01 9.534931745081652821e+01 2.101485071926563819e+01
5.499800000000000000e+04 1.322116409486029340e+02 1.256461448636745004e+01 1.058737472600971330e+02 2.589679503310846798e+01 9.725679520493949326e+01 2.589679503310846798e+01
5.500000000000000000e+04 1.511478031326951168e+02 1.256461448636745004e+01 1.170445697343839413e+02 3.728071411007321956e+01 9.942624000542298290e+01 3.728071411007321956e+01
5.500200000000000000e+04 1.819740985001236027e+02 1.256461448636745004e+01 1.257918607050696238e+02 5.121978616671457729e+01 9.937735874946248771e+01 5.121978616671457729e+01
5.500300000000000000e+04 1.899849040814908108e+02 1.256461448636745004e+01 1.287685393723814684e+02 5.921981088614808897e+01 9.828909195663038645e+01 5.921981088614808897e+01
5.500400000000000000e+04 2.002291712452127683e+02 1.256461448636745004e+01 1.307513231572883114e+02 6.746366186135364273e+01 9.653818898204983157e+01 6.746366186135364273e+01
5.500500000000000000e+04 2.123144379711224587e+02 1.256461448636745004e+01 1.320031441233819294e+02 7.566300242494617123e+01 9.437559456880096320e+01 7.566300242494617123e+01
5.500900000000000000e+04 2.347629834774316464e+02 1.256461448636745004e+01 1.300926427838944903e+02 1.082465284441444737e+02 8.255133116561614770e+01 1.082465284441444737e+02
5.501200000000000000e+04 2.471289668398538026e+02 1.256461448636745004e+01 1.220529580597872155e+02 1.271244774913011355e+02 7.142612246008147281e+01 1.191866468135206389e+02
5.501300000000000000e+04 2.300546588389464091e+02 1.256461448636745004e+01 1.186062851862885452e+02 1.323664982739226730e+02 6.765517379857884350e+01 1.215709940061743595e+02
5.501400000000000000e+04 2.588614950167309985e+02 1.256461448636745004e+01 1.143485841190398844e+02 1.369437056083090738e+02 6.361888512242121152e+01 1.232616612135995240e+02
5.501600000000000000e+04 2.504815257400436508e+02 1.256461448636745004e+01 1.045549332465542989e+02 1.440323940216625829e+02 5.543739832797152900e+01 1.246601990840077718e+02
5.501700000000000000e+04 2.447924262188512330e+02 1.256461448636745004e+01 1.005885400322690941e+02 1.462834720792087921e+02 5.211031447560955598e+01 1.242216984368281061e+02
5.501800000000000000e+04 2.289864629864326844e+02 1.256461448636745004e+01 9.719628663914353695e+01 1.474090656619564186e+02 4.922327896239417555e+01 1.228613649457879831e+02
5.501900000000000000e+04 2.309058467134828447e+02 1.256461448636745004e+01 9.400671192908716023e+01 1.474620836700811140e+02 4.656333247267679099e+01 1.206727362275622966e+02
5.502000000000000000e+04 2.407690026058398871e+02 1.256461448636745004e+01 9.058310338251546057e+01 1.467776434531276948e+02 4.390417961541074021e+01 1.179694932110012076e+02
5.502100000000000000e+04 2.477981815882958472e+02 1.256461448636745004e+01 8.677212816235392268e+01 1.455281709494616109e+02 4.117301454915962466e+01 1.149148538767069141e+02
5.502200000000000000e+04 2.374627533627393916e+02 1.256461448636745004e+01 8.282590222225537957e+01 1.436672211847644292e+02 3.849145005216814042e+01 1.114909368188455971e+02
5.502500000000000000e+04 2.011512637320906549e+02 1.256461448636745004e+01 7.167239459813467306e+01 1.335312107149456438e+02 3.137059333747742329e+01 9.853247543900947392e+01
5.502900000000000000e+04 1.684315295887284947e+02 1.256461448636745004e+01 5.825267283449485944e+01 1.148320876459702760e+02 2.366167303078713857e+01 7.952360640302650552e+01
5.503100000000000000e+04 1.707448855181971226e+02 1.256461448636745004e+01 5.225509598076965290e+01 1.031412795891910292e+02 2.048817721261307412e+01 6.929674790996440947e+01
5.503200000000000000e+04 1.325638468143993407e+02 1.256461448636745004e+01 4.948879614254007464e+01 9.839730130856973744e+01 1.907229695642826428e+01 6.513789309451193787e+01
5.503300000000000000e+04 1.454096127869586610e+02 1.256461448636745004e+01 4.728502144624961545e+01 9.431180249194721910e+01 1.791710107470335345e+01 6.152909870299270523e+01
5.503400000000000000e+04 1.280655435952704408e+02 1.256461448636745004e+01 4.539111616693100615e+01 9.050747749376552065e+01 1.691552365168480421e+01 5.820416559084598873e+01
5.503500000000000000e+04 1.164656315761632044e+02 1.256461448636745004e+01 4.355794654442525626e+01 8.655709011178227286e+01 1.596874529619285887e+01 5.488022451926343592e+01
5.503600000000000000e+04 1.338312292014783509e+02 1.256461448636745004e+01 4.192283756822956775e+01 8.231514933740739082e+01 1.512367877641758973e+01 5.146626818644953261e+01
5.503700000000000000e+04 9.905872706442762876e+01 1.256461448636745004e+01 4.040795243105201706e+01 7.802216925574479944e+01 1.434788638676704053e+01 4.811431256521017019e+01
5.503900000000000000e+04 1.292304000800639301e+02 1.256461448636745004e+01 3.724577432791889464e+01 6.993029841963614501e+01 1.282170619571031622e+01 4.197496903939745039e+01
5.504000000000000000e+04 7.968502466355656111e+01 1.256461448636745004e+01 3.571371735209773135e+01 6.619979459041174152e+01 1.210962883225882791e+01 3.921324167184678089e+01
5.504200000000000000e+04 9.673022934483500990e+01 1.256461448636745004e+01 3.285512008691823382e+01 5.914001621043468049e+01 1.081543224929825442e+01 3.413368129425988684e+01
5.504400000000000000e+04 8.768300981772559055e+01 1.256461448636745004e+01 3.014908505704098118e+01 5.255849121963593262e+01 9.643386980885679804e+00 2.957709128848392055e+01
5.504500000000000000e+04 5.823359204304523473e+01 1.256461448636745004e+01 2.879173659239000571e+01 4.952495889191418854e+01 9.080561577061848411e+00 2.752609987322931318e+01
5.504600000000000000e+04 7.525281154364232350e+01 1.256461448636745004e+01 2.739576804752148931e+01 4.664645746881682697e+01 8.521234229400151960e+00 2.561022151576634798e+01
5.504700000000000000e+04 9.513481217230037146e+01 1.256461448636745004e+01 2.594417887296250314e+01 4.395210833608894063e+01 7.960046289989414880e+00 2.384037119553533302e+01
5.504800000000000000e+04 7.534184274659808978e+01 1.256461448636745004e+01 2.447648629763399697e+01 4.178715898147689245e+01 7.409034476823465276e+00 2.239637634337918826e+01
5.505000000000000000e+04 4.719858097272309294e+01 1.256461448636745004e+01 2.133081440081033264e+01 3.812937158098450396e+01 6.288194800073795498e+00 1.996093162024107315e+01
5.505200000000000000e+04 5.905817155386157680e+01 1.256461448636745004e+01 1.798797526037448691e+01 3.505547341446857246e+01 5.167770414954748759e+00 1.793485798345880156e+01
5.505400000000000000e+04 5.440686360435484659e+01 1.256461448636745004e+01 1.483916528116483491e+01 3.203823835653114571e+01 4.157327640826142812e+00 1.602713274463789261e+01
5.505600000000000000e+04 6.696225990801956129e+01 1.256461448636745004e+01 1.212817355089982385e+01 2.923722300041512412e+01 3.315520380235053022e+00 1.430812518372081854e+01
5.505800000000000000e+04 2.682729544041748682e+01 1.256461448636745004e+01 9.852911546415430877e+00 2.666648200907579636e+01 2.629827455937498115e+00 1.277252706632618029e+01
5.506000000000000000e+04 4.375510861729525658e+01 1.256461448636745004e+01 7.900084621378622884e+00 2.420196674326409436e+01 2.059888564189253035e+00 1.135070197132731273e+01
5.506100000000000000e+04 2.849079197162389576e+01 1.256461448636745004e+01 7.045013445934697138e+00 2.294768377977460361e+01 1.815959130283463896e+00 1.065154278675018951e+01
5.506200000000000000e+04 2.128846205823759519e+01 1.256461448636745004e+01 6.265573849926113326e+00 2.165729594348870179e+01 1.596812745279095003e+00 9.950057862486769267e+00
5.506400000000000000e+04 3.415952420897683339e+01 1.256461448636745004e+01 4.902821951994766891e+00 1.904616729147744891e+01 1.221917543613490142e+00 8.575491801655763524e+00
5.506500000000000000e+04 9.813222281789130363e+00 1.256461448636745004e+01 4.312421979081927148e+00 1.763209821940692024e+01 1.063036946060080368e+00 7.860243500092245483e+00
5.506700000000000000e+04 3.273887008532380349e+01 1.256461448636745004e+01 3.312237696737015291e+00 1.477723950156310728e+01 7.990344961129509649e-01 6.459713018693435949e+00
5.506800000000000000e+04 3.608810627726387565e+01 1.256461448636745004e+01 2.890105010488086990e+00 1.342637777545429856e+01 6.898283870746817481e-01 5.812788022969217927e+00
5.506900000000000000e+04 3.766049998654928288e+00 1.256461448636745004e+01 2.511074417332249897e+00 1.211861007300820603e+01 5.930877954916861095e-01 5.196659551032679403e+00
5.507100000000000000e+04 1.489481209471680856e+01 1.256461448636745004e+01 1.878336427004865472e+00 9.848753289488223928e+00 4.345486239456022304e-01 4.144400475293815944e+00
5.507300000000000000e+04 2.452434721088588532e+01 1.256461448636745004e+01 1.393691716197035246e+00 7.957857881666869915e+00 3.159510589642119949e-01 3.287284319921872644e+00
5.507400000000000000e+04 1.988361001356621927e+01 1.256461448636745004e+01 1.198146814917261604e+00 7.117067608843142601e+00 2.689201451984696289e-01 2.913249123554294773e+00
5.507500000000000000e+04 2.876150710733140770e-01 1.256461448636745004e+01 1.026352765370425191e+00 6.347546610549183121e+00 2.280935985444418612e-01 2.574860705236566183e+00
5.507800000000000000e+04 1.287312928959174130e+01 1.256461448636745004e+01 6.397838988271632443e-01 4.429696046591391045e+00 1.381047141620609098e-01 1.749623211387704602e+00
5.508000000000000000e+04 -1.907490801577596073e+01 1.256461448636745004e+01 4.650268699535810568e-01 3.423244725549973833e+00 9.849760017656127020e-02 1.328796182575100682e+00
5.508100000000000000e+04 9.372342368444810390e+00 1.256461448636745004e+01 3.964294600953588432e-01 2.996542211098024655e+00 8.318738014801362046e-02 1.153225912522330976e+00
5.508200000000000000e+04 8.104187556673760895e+00 1.256461448636745004e+01 3.375181587193289423e-01 2.617437250641998947e+00 7.017301316464903682e-02 9.987931201411885951e-01
5.508400000000000000e+04 1.479203472684982756e+01 1.256461448636745004e+01 2.442559853490843813e-01 1.975723718731679623e+00 4.986444254227592049e-02 7.413597443646077201e-01
5.508500000000000000e+04 6.166340425887534060e+00 1.256461448636745004e+01 2.077299571913117926e-01 1.706736698536195140e+00 4.202762805578161287e-02 6.351357169307066952e-01
5.508800000000000000e+04 -1.257426918019197259e+00 1.256461448636745004e+01 1.288422889129562099e-01 1.087582532719558737e+00 2.538464199561750803e-02 3.949388237052650075e-01
5.508900000000000000e+04 2.353138958341229880e+00 1.256461448636745004e+01 1.098555498606739317e-01 9.331529038386897623e-01 2.145658115601357940e-02 3.361501814980870639e-01
5.509000000000000000e+04 -7.827894765943318234e+00 1.256461448636745004e+01 9.367010840259386295e-02 7.978143843088216780e-01 1.813835800367798873e-02 2.851169981805523612e-01
5.509100000000000000e+04 1.158608242914348629e+01 1.256461448636745004e+01 7.989197032554690159e-02 6.804172605789006179e-01 1.533876746194622574e-02 2.412484968723941914e-01
5.509300000000000000e+04 9.367777256913104367e+00 1.256461448636745004e+01 5.801716120982790270e-02 4.945529814143399538e-01 1.095262713745783802e-02 1.726308927025761164e-01
5.509500000000000000e+04 1.706690276367546844e+01 1.256461448636745004e+01 4.217005441280226308e-02 3.581865230420650525e-01 7.830004347216196550e-03 1.231220002207015773e-01
5.509600000000000000e+04 1.617791940022900388e+00 1.256461448636745004e+01 3.592937541582614386e-02 3.048193577073589067e-01 6.616827885050855125e-03 1.039842251850170152e-01
5.509700000000000000e+04 -8.074837352864401296e+00 1.256461448636745004e+01 3.061658335026025413e-02 2.590787646038841818e-01 5.592785077591702451e-03 8.771626645581130644e-02
5.509800000000000000e+04 3.792476741155583309e+00 1.256461448636745004e+01 2.610780578911267233e-02 2.200379049968962386e-01 4.730874821351913062e-03 7.394243732673441705e-02
5.509900000000000000e+04 -3.681073392228186858e+00 1.256461448636745004e+01 2.224300502927696252e-02 1.868669984271790485e-01 3.998454947828823484e-03 6.233055317784489541e-02
5.510100000000000000e+04 -7.217173357668571043e+00 1.256461448636745004e+01 1.614697725241379112e-02 1.349536968969960171e-01 2.857113554350843541e-03 4.435764426012227257e-02
5.510400000000000000e+04 8.589939914796854481e+00 1.256461448636745004e+01 9.989048407557760481e-03 8.338563851755777245e-02 1.726894476100850886e-03 2.682072644501697772e-02
5.510700000000000000e+04 -4.067901880254266445e+01 1.256461448636745004e+01 6.139380142045851481e-03 5.146364242425782026e-02 1.037530654529236849e-03 1.620595869261173133e-02
5.510800000000000000e+04 -1.629637796712422260e+00 1.256461448636745004e+01 5.221110977228741665e-03 4.378038882520333963e-02 8.757902202812570909e-04 1.369078392182229709e-02
5.510900000000000000e+04 -1.185437192032470222e+01 1.256461448636745004e+01 4.436968607752687054e-03 3.725878584913484837e-02 7.387683124515371895e-04 1.157105150594250030e-02
5.511000000000000000e+04 -8.978968463390097909e-01 1.256461448636745004e+01 3.769872628761057175e-03 3.173305011818044336e-02 6.230988444615148105e-04 9.787505434020245254e-03
5.511100000000000000e+04 3.024893257449158313e+01 1.256461448636745004e+01 3.204848453723308215e-03 2.699996618495001388e-02 5.258591276927242816e-04 8.271034856313568689e-03
5.511400000000000000e+04 -2.563076146124614496e+01 1.256461448636745004e+01 1.968181744549255853e-03 1.664856678902226078e-02 3.160519228810185948e-04 4.998068684786028705e-03
