5.497600000000000000e+04 -6.312971210976892067e+00 8.665158028290687042e+00 1.164140563987932975e+00 1.400047905276879818e-18 1.164140563987932975e+00 1.400047905276879818e-18
5.497900000000000000e+04 4.093431656657450901e+00 8.665158028290687042e+00 4.289077145657377521e+00 1.400047905054776955e-18 4.289077145657377521e+00 1.400047905054776955e-18
5.498300000000000000e+04 1.294183845636237429e+01 8.665158028290687042e+00 1.143383206421574805e+01 1.400047904532473228e-18 1.143383206421574805e+01 1.400047904532473228e-18
5.499200000000000000e+04 4.319960873631346487e+01 8.665158028290687042e+00 3.733751665722944324e+01 2.209803768185407968e-01 3.733751665722944324e+01 2.209803768185407968e-01
5.499500000000000000e+04 4.248989523972801408e+01 8.665158028290687042e+00 4.526446668391263017e+01 2.480050148876244531e+00 4.526446668391263017e+01 2.480050148876244531e+00
5.499600000000000000e+04 3.210068509609435949e+01 8.665158028290687042e+00 4.750204251648135312e+01 3.791386072109951044e+00 4.750204251648135312e+01 3.791386072109951044e+00
5.499800000000000000e+04 6.038350038470482417e+01 8.665158028290687042e+00 5.438415106649760844e+01 7.130369544559223449e+00 5.091672227927872996e+01 7.130369544559223449e+00
5.500200000000000000e+04 8.807012811548581510e+01 8.665158028290687042e+00 7.214270194700485206e+01 1.722624419581170585e+01 5.381775602163734362e+01 1.722624419581170585e+01
5.500700000000000000e+04 1.244510847793921329e+02 8.665158028290687042e+00 8.759055906849076223e+01 3.526893370285700513e+01 5.210622193247517231e+01 3.526893370285700513e+01
5.501100000000000000e+04 1.365297967117922440e+02 8.665158028290687042e+00 9.354960138634608313e+01 5.012192478071398227e+01 4.789065290588005297e+01 5.012192478071398227e+01
5.501600000000000000e+04 1.590312908821729536e+02 8.665158028290687042e+00 9.248114086358350505e+01 7.141070299668841415e+01 4.031611703369087962e+01 6.364590284909841245e+01
5.502200000000000000e+04 1.774666746619551532e+02 8.665158028290687042e+00 8.566226928680018204e+01 8.753604122941904109e+01 3.169741694238675578e+01 6.707742622943986532e+01
5.502800000000000000e+04 1.754459853344216640e+02 8.665158028290687042e+00 8.190490092664900601e+01 9.139825963916474905e+01 2.632666932167046880e+01 6.142356158546017753e+01
5.503000000000000000e+04 1.718086159739789309e+02 8.665158028290687042e+00 8.127098983749340277e+01 8.989509808363948196e+01 2.502725028100064719e+01 5.803427894360199701e+01
5.503300000000000000e+04 1.641203463983393078e+02 8.665158028290687042e+00 7.986534944001242309e+01 8.586645267324203701e+01 2.313864568316503068e+01 5.234163527780678749e+01
5.503800000000000000e+04 1.662151728048930579e+02 8.665158028290687042e+00 7.406380926063404502e+01 7.667340640345530289e+01 1.953108020902245556e+01 4.276263603092878185e+01
5.504200000000000000e+04 1.662283523472082436e+02 8.665158028290687042e+00 6.734397440395589740e+01 7.081599134466029000e+01 1.656882135661357935e+01 3.697962994499231826e+01
5.504400000000000000e+04 1.245499415722121341e+02 8.665158028290687042e+00 6.372693039511988644e+01 6.876645864996729074e+01 1.517055024046465839e+01 3.480083939775672519e+01
5.504600000000000000e+04 1.171823338892612583e+02 8.665158028290687042e+00 6.030477503078671475e+01 6.703428176030344332e+01 1.390504162668881349e+01 3.290833665208808867e+01
5.505000000000000000e+04 1.199343560841380167e+02 8.665158028290687042e+00 5.477811796603382533e+01 6.424084234283739647e+01 1.188425964160150627e+01 2.975490613378295279e+01
5.505600000000000000e+04 1.120606041454895632e+02 8.665158028290687042e+00 4.993224563365252777e+01 5.717723731191325243e+01 9.950825172612551839e+00 2.441385026127807123e+01
5.505900000000000000e+04 9.974419654913015165e+01 8.665158028290687042e+00 4.802153666110328345e+01 5.262872874393345768e+01 9.195652533626304859e+00 2.162676340412305720e+01
5.506300000000000000e+04 9.738044317316688137e+01 8.665158028290687042e+00 4.597599749011411063e+01 4.638547643210110039e+01 8.367487622413662507e+00 1.815123319589164907e+01
5.506500000000000000e+04 7.727768035537339131e+01 8.665158028290687042e+00 4.510363589131011963e+01 4.362294455690626904e+01 8.010164788539839265e+00 1.667225092945013287e+01
5.506700000000000000e+04 9.847589554852507376e+01 8.665158028290687042e+00 4.423378917379307040e+01 4.120614520024582816e+01 7.670155917078735897e+00 1.538978345480703069e+01
5.507000000000000000e+04 7.887090732252576686e+01 8.665158028290687042e+00 4.299608069366518492e+01 3.858251585683024842e+01 7.200455628366551508e+00 1.393373631521496847e+01
5.507400000000000000e+04 7.448609797176524694e+01 8.665158028290687042e+00 4.123157347758030511e+01 3.595979446752861719e+01 6.603708294373577203e+00 1.243853146576569202e+01
5.507900000000000000e+04 7.792020040621592614e+01 8.665158028290687042e+00 3.845473867236626120e+01 3.335464034487939244e+01 5.840457257125583723e+00 1.095930354686360708e+01
5.508300000000000000e+04 6.218490081925546775e+01 8.665158028290687042e+00 3.534679649753053354e+01 3.169522079765356892e+01 5.155149271873892936e+00 1.001270598567479730e+01
5.509100000000000000e+04 6.001929341781949745e+01 8.665158028290687042e+00 2.558743914835656952e+01 2.879718641216944164e+01 3.457107999615824934e+00 8.446161141566047803e+00
