5.497400000000000000e+04 3.362446899692896896e+00 6.639999629185015628e+00 2.872527343123094101e-01 8.716020358936565545e-19 2.872527343123094101e-01 8.716020358936565545e-19
5.497600000000000000e+04 -4.526042439006626061e+00 6.639999629185015628e+00 1.958814406946931541e+00 8.716018526766135158e-19 1.958814406946931541e+00 8.716018526766135158e-19
5.498000000000000000e+04 1.040654236083164008e+01 6.639999629185015628e+00 9.740658635389692677e+00 8.716012528962566048e-19 9.740658635389692677e+00 8.716012528962566048e-19
5.498100000000000000e+04 7.791546632371261438e+00 6.639999629185015628e+00 1.261836908227294352e+01 8.716010327425725717e-19 1.261836908227294352e+01 8.716010327425725717e-19
5.498500000000000000e+04 3.046654318354420710e+01 6.639999629185015628e+00 2.761301931683333422e+01 7.505983906838168407e-01 2.761301931683333422e+01 7.505983906838168407e-01
5.498700000000000000e+04 3.543897698440303401e+01 6.639999629185015628e+00 3.698113532148148863e+01 2.680580088357593205e+00 3.698113532148148863e+01 2.680580088357593205e+00
5.498800000000000000e+04 5.122536773749033046e+01 6.639999629185015628e+00 4.209516568424355398e+01 4.087902819091672413e+00 4.209516568424355398e+01 4.087902819091672413e+00
5.498900000000000000e+04 5.569333994573374014e+01 6.639999629185015628e+00 4.711547825657126509e+01 5.789889591216336839e+00 4.711547825657126509e+01 5.789889591216336839e+00
5.499300000000000000e+04 8.214272231454648932e+01 6.639999629185015628e+00 6.549985504210982867e+01 1.558080429699700353e+01 6.549985504210982867e+01 1.558080429699700353e+01
5.499500000000000000e+04 8.635107987832164156e+01 6.639999629185015628e+00 6.925870503056015082e+01 2.209041545346666879e+01 6.925870503056015082e+01 2.209041545346666879e+01
5.499700000000000000e+04 1.121270999799190946e+02 6.639999629185015628e+00 7.457003354548812979e+01 2.958490825718519801e+01 6.841287481237441170e+01 2.958490825718519801e+01
5.499900000000000000e+04 1.157682927765526273e+02 6.639999629185015628e+00 7.675641500426864638e+01 3.769238260525701634e+01 6.504780932565140006e+01 3.769238260525701634e+01
5.500000000000000000e+04 1.298762246662905682e+02 6.639999629185015628e+00 7.742977792928846270e+01 4.153383942830611630e+01 6.320798198309262261e+01 4.153383942830611630e+01
5.500200000000000000e+04 1.238544255881650571e+02 6.639999629185015628e+00 7.777073697113253559e+01 4.911345556622313779e+01 5.914124484496770862e+01 4.911345556622313779e+01
5.500300000000000000e+04 1.195507851721610848e+02 6.639999629185015628e+00 7.654726045620641628e+01 5.239988403368787573e+01 5.628475033544589223e+01 5.239988403368787573e+01
5.500500000000000000e+04 1.342334490839077148e+02 6.639999629185015628e+00 7.250912717690557940e+01 5.859840515225634761e+01 5.000629460476246635e+01 5.540696402444812918e+01
5.500700000000000000e+04 1.378078179904930209e+02 6.639999629185015628e+00 6.861229691973812805e+01 6.418769566396218806e+01 4.455343955827151348e+01 5.473029984989954499e+01
5.500900000000000000e+04 1.295767229893104684e+02 6.639999629185015628e+00 6.418577169178358588e+01 6.702526272915120842e+01 3.937777404403901471e+01 5.203824746052112715e+01
5.501000000000000000e+04 1.299358998514614996e+02 6.639999629185015628e+00 6.174778233739241529e+01 6.804212844515956249e+01 3.686434766411487374e+01 5.056638558647409809e+01
5.501300000000000000e+04 1.213499638129962221e+02 6.639999629185015628e+00 5.426347408240056325e+01 6.837021192747285170e+01 2.997981993502793685e+01 4.502780026835672089e+01
5.501600000000000000e+04 1.036953050497889706e+02 6.639999629185015628e+00 4.432913695178363866e+01 6.389404358125552363e+01 2.279133005233092391e+01 3.778030013082754124e+01
5.501700000000000000e+04 9.958997928674656919e+01 6.639999629185015628e+00 4.124040106871525779e+01 6.233204407960418081e+01 2.072381963252022885e+01 3.564275164661721362e+01
5.501800000000000000e+04 9.917284815163141332e+01 6.639999629185015628e+00 3.836203622380108413e+01 6.061363187619583215e+01 1.885112345149930135e+01 3.355493350099414585e+01
5.501900000000000000e+04 8.696895801729894515e+01 6.639999629185015628e+00 3.554610638545676693e+01 5.872013665447098418e+01 1.708947422377729097e+01 3.150221923523121603e+01
5.502000000000000000e+04 8.575380985158899705e+01 6.639999629185015628e+00 3.282387556754014923e+01 5.667082437709052556e+01 1.544652967884242400e+01 2.949147813129190610e+01
5.502200000000000000e+04 6.992332725868678267e+01 6.639999629185015628e+00 2.784037122824809174e+01 5.249694104819295859e+01 1.256901635586821442e+01 2.577422478799732986e+01
5.502300000000000000e+04 7.306584773875827921e+01 6.639999629185015628e+00 2.556670431982701430e+01 5.023178789753802675e+01 1.131270102647213349e+01 2.398385594802235588e+01
5.502400000000000000e+04 6.916201419308866605e+01 6.639999629185015628e+00 2.346707148171969592e+01 4.749450058376802986e+01 1.018094207449878574e+01 2.206993521550558768e+01
5.502500000000000000e+04 6.283510103098159050e+01 6.639999629185015628e+00 2.155616958569424924e+01 4.438962918227347387e+01 9.172838121572022274e+00 2.008944115779936368e+01
5.502800000000000000e+04 4.498864321710227188e+01 6.639999629185015628e+00 1.669018186388912639e+01 3.592873320868155673e+01 6.716370971383953226e+00 1.508089876119944250e+01
5.502900000000000000e+04 4.610776820111548346e+01 6.639999629185015628e+00 1.536100468320107204e+01 3.335865368481327664e+01 6.071543353043900915e+00 1.367157937902183562e+01
5.503100000000000000e+04 4.236372090778537824e+01 6.639999629185015628e+00 1.311685755855353364e+01 2.850432483582629573e+01 5.006434182654020404e+00 1.115541829830396736e+01
5.503300000000000000e+04 2.674019765747528155e+01 6.639999629185015628e+00 1.136099714595861343e+01 2.416754945687294764e+01 4.192249869357422831e+00 9.050160821177707149e+00
5.503400000000000000e+04 4.270651749789344365e+01 6.639999629185015628e+00 1.067498515595003106e+01 2.221888798338614990e+01 3.874767751706000407e+00 8.144753659599029305e+00
5.503500000000000000e+04 3.033508181154315508e+01 6.639999629185015628e+00 1.007365997051950224e+01 2.044148629716081800e+01 3.597735703756966164e+00 7.338270497257618707e+00
5.503700000000000000e+04 3.001576764830787880e+01 6.639999629185015628e+00 9.090046217753702251e+00 1.726332928492831087e+01 3.145344712025503142e+00 5.951230448472252910e+00
5.503800000000000000e+04 3.259917449589525518e+01 6.639999629185015628e+00 8.696679411712059604e+00 1.589576950539383304e+01 2.963093496324381348e+00 5.373096777107163824e+00
5.503900000000000000e+04 3.100164244217356213e+01 6.639999629185015628e+00 8.350427924706488980e+00 1.464941980222432605e+01 2.802157021713587159e+00 4.857234682435121798e+00
5.504000000000000000e+04 2.327619372936224806e+01 6.639999629185015628e+00 8.026789845313659910e+00 1.353575081814327064e+01 2.653484246384680389e+00 4.403875201113765847e+00
5.504100000000000000e+04 1.912647762247749128e+01 6.639999629185015628e+00 7.716454289724283377e+00 1.254091737018101682e+01 2.513503025968822246e+00 4.005147346123217211e+00
5.504300000000000000e+04 2.297288973588133132e+01 6.639999629185015628e+00 7.131343358989600034e+00 1.088777598070555186e+01 2.256754227528354306e+00 3.353799895485938709e+00
5.504400000000000000e+04 1.777889645261151941e+01 6.639999629185015628e+00 6.826557922612931151e+00 1.024178612130929977e+01 2.129971270706062736e+00 3.099814201364801125e+00
5.504500000000000000e+04 1.226227927702091947e+01 6.639999629185015628e+00 6.509746066610660797e+00 9.675318673399534219e+00 2.002998789726357476e+00 2.878188563005573020e+00
5.504600000000000000e+04 9.954765142666094135e+00 6.639999629185015628e+00 6.202733048169092100e+00 9.178678289421876357e+00 1.882468299899572761e+00 2.684452003223524841e+00
5.504700000000000000e+04 9.033192080539905078e+00 6.639999629185015628e+00 5.905269464250255673e+00 8.748587595816216478e+00 1.768044749775525615e+00 2.516275769620402780e+00
5.504900000000000000e+04 -3.879508161202771532e-02 6.639999629185015628e+00 5.320107792451603146e+00 8.052278417596165028e+00 1.551051834533994978e+00 2.241725617370870172e+00
5.505000000000000000e+04 6.086131546871153652e+00 6.639999629185015628e+00 4.999396640630950017e+00 7.747324884484425134e+00 1.438675292267899364e+00 2.122787397107745111e+00
5.505100000000000000e+04 1.341432724502973350e+01 6.639999629185015628e+00 4.664373798667502236e+00 7.454446734297293986e+00 1.325106192803267691e+00 2.010802420775057886e+00
5.505300000000000000e+04 3.067299456874431840e+00 6.639999629185015628e+00 4.002660935886081184e+00 6.900973887443506705e+00 1.108770342350714921e+00 1.805403382022683800e+00
5.505400000000000000e+04 3.295985507349151966e+00 6.639999629185015628e+00 3.676595545779516083e+00 6.611430824271619322e+00 1.005908494057323077e+00 1.703977016564850455e+00
5.505500000000000000e+04 2.054386756805002534e+01 6.639999629185015628e+00 3.366261583820283843e+00 6.309606427541203821e+00 9.098004280595362037e-01 1.602399031781086114e+00
5.505700000000000000e+04 8.116751158305376634e+00 6.639999629185015628e+00 2.792808846892607555e+00 5.732425409512200254e+00 7.368888778080757707e-01 1.414435799820420669e+00
5.505800000000000000e+04 7.977157316394281494e+00 6.639999629185015628e+00 2.521165749530275946e+00 5.455138309336899027e+00 6.574095826676078502e-01 1.327155096666236656e+00
5.505900000000000000e+04 -4.346308372719910551e+00 6.639999629185015628e+00 2.262059628193343386e+00 5.171827237070153238e+00 5.830050588127172473e-01 1.240841467627196382e+00
5.506100000000000000e+04 1.183307081526707094e+01 6.639999629185015628e+00 1.788495952871900885e+00 4.540555876011965530e+00 4.505027589097987395e-01 1.060084954242614286e+00
5.506300000000000000e+04 4.244941521180253474e+00 6.639999629185015628e+00 1.386686094252291612e+00 3.901452379036308038e+00 3.415482990769190819e-01 8.870162738805721370e-01
5.506400000000000000e+04 1.020359085158914070e+01 6.639999629185015628e+00 1.217259562851066068e+00 3.585862599615545321e+00 2.965309531914898100e-01 8.047267952458585505e-01
5.506700000000000000e+04 1.169936250786282272e+01 6.639999629185015628e+00 8.055697861184052400e-01 2.728728990078417738e+00 1.899928740845295005e-01 5.895111022464607498e-01
5.506800000000000000e+04 -7.893710574477502462e+00 6.639999629185015628e+00 6.984592360489960683e-01 2.464707414570782795e+00 1.630009885761951050e-01 5.259276661340864800e-01
5.506900000000000000e+04 5.724299267493631049e+00 6.639999629185015628e+00 6.041151809993059452e-01 2.212620799206025168e+00 1.395185175518027509e-01 4.664040470501739089e-01
5.507000000000000000e+04 -1.061282379808453058e+01 6.639999629185015628e+00 5.213051974008690026e-01 1.973234474819993478e+00 1.191554736916271978e-01 4.109535310771395000e-01
5.507200000000000000e+04 7.060913670860171187e+00 6.639999629185015628e+00 3.866552933637701361e-01 1.546081715605439610e+00 8.659693020465177027e-02 3.144487706649526926e-01
5.507400000000000000e+04 9.315065444221689361e+00 6.639999629185015628e+00 2.851410479943118359e-01 1.193715005167661714e+00 6.259957145868536021e-02 2.372247625531919146e-01
5.507600000000000000e+04 -2.261687507709465805e+00 6.639999629185015628e+00 2.071047123817978119e-01 9.103525370522108640e-01 4.458659039435906163e-02 1.768636417959688623e-01
5.507800000000000000e+04 7.987280784706555892e+00 6.639999629185015628e+00 1.498987299367342263e-01 6.862211218266953683e-01 3.165759871947924908e-02 1.304007908609561006e-01
5.508000000000000000e+04 3.118887570882852511e+00 6.639999629185015628e+00 1.082212382656883992e-01 5.126163802592756946e-01 2.242927217941729015e-02 9.532437895330177213e-02
5.508200000000000000e+04 6.866820080824875383e+00 6.639999629185015628e+00 7.791006564250946287e-02 3.805276945824889734e-01 1.585148843184322476e-02 6.927754416372142177e-02
5.508300000000000000e+04 -1.397621196417117417e+01 6.639999629185015628e+00 6.608829424894981097e-02 3.270952204114777051e-01 1.332425287277213925e-02 5.893182841083124957e-02
5.508400000000000000e+04 -7.117734881918921452e+00 6.639999629185015628e+00 5.599451227511507284e-02 2.808467173922460369e-01 1.118771474028273233e-02 5.007965716694829511e-02
5.508600000000000000e+04 1.727964375916950956e+01 6.639999629185015628e+00 4.030270157209958626e-02 2.041423793159966305e-01 7.910245647124551638e-03 3.566927231548724930e-02
5.508900000000000000e+04 8.363985252880100418e+00 6.639999629185015628e+00 2.488616509710727537e-02 1.257036969388772574e-01 4.758348966942117439e-03 2.132016569519628105e-02
5.509000000000000000e+04 -8.628257512902159476e+00 6.639999629185015628e+00 2.118333920506677501e-02 1.068279318779030290e-01 4.015798901434460173e-03 1.794341774353383490e-02
5.509200000000000000e+04 -4.796281491560653087e+00 6.639999629185015628e+00 1.534572671461119017e-02 7.695961039613613552e-02 2.860340487345981557e-03 1.268119074547458328e-02
5.509300000000000000e+04 8.632484412529892737e+00 6.639999629185015628e+00 1.306200868546821339e-02 6.530376223980099981e-02 2.414419350363810127e-03 1.065940229821771279e-02
5.509500000000000000e+04 -3.008628302839897906e+00 6.639999629185015628e+00 9.457692270565396658e-03 4.690261154266256449e-02 1.719580412830072277e-03 7.514517358155370884e-03
5.509600000000000000e+04 5.849955701047412582e+00 6.639999629185015628e+00 8.050493224126868685e-03 3.986257550429358337e-02 1.451847290194205504e-03 6.328196517699642178e-03
5.509700000000000000e+04 4.734316906346213827e+00 6.639999629185015628e+00 6.851297276344533310e-03 3.396658964786220675e-02 1.225634575374692737e-03 5.343347226255695630e-03
5.509800000000000000e+04 2.479286904744879561e+00 6.639999629185015628e+00 5.827465602245930631e-03 2.893919128566962984e-02 1.034155386379047173e-03 4.511597543912077707e-03
5.510000000000000000e+04 -3.106926689682939724e+00 6.639999629185015628e+00 4.221467558909533686e-03 2.097724840544516398e-02 7.373742460977353481e-04 3.212639121147568746e-03
5.510100000000000000e+04 1.143524007875141990e+01 6.639999629185015628e+00 3.591402833215952013e-03 1.786651035185561620e-02 6.224268341795411233e-04 2.712307255261054220e-03
5.510200000000000000e+04 1.353593691314747272e+00 6.639999629185015628e+00 3.057552182926639821e-03 1.520511237625326618e-02 5.258043306838589264e-04 2.288272389876785419e-03
5.510600000000000000e+04 -2.298476633508700906e-01 6.639999629185015628e+00 1.599703116689868117e-03 7.985392391634560730e-03 2.668395524086519138e-04 1.161477832155364534e-03
5.510900000000000000e+04 5.361249990566799184e+00 6.639999629185015628e+00 9.831824963433776193e-04 4.924631224694343487e-03 1.603886617199637324e-04 6.987274722892087252e-04
5.511100000000000000e+04 -1.002300526601175257e+01 6.639999629185015628e+00 7.110679617148581546e-04 3.566854318875911298e-03 1.143196079927424701e-04 4.979414673436328770e-04
5.511200000000000000e+04 -8.434338728631439963e+00 6.639999629185015628e+00 6.042960499304608508e-04 3.037382328801606964e-03 9.645587389153405797e-05 4.206434645470872170e-04
5.511400000000000000e+04 1.241217792677093712e+01 6.639999629185015628e+00 4.370219392535814890e-04 2.199417785338347690e-03 6.876820444588222371e-05 2.998115846971575321e-04
5.511500000000000000e+04 -1.888421371240645996e+01 6.639999629185015628e+00 3.714599451178390074e-04 1.871046614766979201e-03 5.804061642466235168e-05 2.530630024300718631e-04
5.511700000000000000e+04 -2.945790585134691497e+00 6.639999629185015628e+00 2.686686763757244276e-04 1.352870808757133036e-03 4.139733072045060849e-05 1.801713734228016527e-04
5.511800000000000000e+04 6.162067731260363335e-01 6.639999629185015628e+00 2.283598252717424100e-04 1.150792249013867560e-03 3.494412016400036890e-05 1.520924414535138741e-04
5.511900000000000000e+04 1.765312870990140004e+00 6.639999629185015628e+00 1.943012596565455818e-04 9.782425255624028863e-04 2.952906681710418518e-05 1.283109293759710076e-04
5.512000000000000000e+04 1.387384589095846499e+00 6.639999629185015628e+00 1.667056971856056445e-04 8.322039023516180148e-04 2.516312410348764490e-05 1.083373128451908503e-04
