5.497500000000000000e+04 -3.092894617751538622e+00 9.949898332998300177e+00 9.676860811788584593e-01 1.458879094187306028e-18 9.676860811788584593e-01 1.458879094187306028e-18
5.497600000000000000e+04 -8.236733098803972197e+00 9.949898332998300177e+00 2.014654457448330049e+00 1.458879030790155216e-18 2.014654457448330049e+00 1.458879030790155216e-18
5.497900000000000000e+04 -3.021431751134946886e+00 9.949898332998300177e+00 7.421511495175619366e+00 1.458878766632481191e-18 7.421511495175619366e+00 1.458878766632481191e-18
5.498000000000000000e+04 1.541591417446849199e+01 9.949898332998300177e+00 1.010928248076253944e+01 1.458878646401056061e-18 1.010928248076253944e+01 1.458878646401056061e-18
5.498100000000000000e+04 3.314507901987784066e+01 9.949898332998300177e+00 1.326427468792255127e+01 1.458878505308197166e-18 1.326427468792255127e+01 1.458878505308197166e-18
5.498200000000000000e+04 1.418467563119102515e+01 9.949898332998300177e+00 1.681188057541250913e+01 1.458878339734227992e-18 1.681188057541250913e+01 1.458878339734227992e-18
5.498400000000000000e+04 2.624774666226486275e+01 9.949898332998300177e+00 2.504964300095078400e+01 1.458877917415035206e-18 2.504964300095078400e+01 1.458877917415035206e-18
5.498500000000000000e+04 3.430832754778845839e+01 9.949898332998300177e+00 2.982457128805857849e+01 1.458877649835416619e-18 2.982457128805857849e+01 1.458877649835416619e-18
5.498700000000000000e+04 3.606491641218886457e+01 9.949898332998300177e+00 4.097582893337165899e+01 1.458876967336947338e-18 4.097582893337165899e+01 1.458876967336947338e-18
5.499000000000000000e+04 5.061205718124771380e+01 9.949898332998300177e+00 6.053040193995693841e+01 7.741488649430867675e-01 6.053040193995693841e+01 7.741488649430867675e-01
5.499200000000000000e+04 8.988322294164930781e+01 9.949898332998300177e+00 7.440742163840896239e+01 2.753478662916496678e+00 7.440742163840896239e+01 2.753478662916496678e+00
5.499300000000000000e+04 9.247768391896566698e+01 9.949898332998300177e+00 8.115791156796579742e+01 4.184087600156392028e+00 8.115791156796579742e+01 4.184087600156392028e+00
5.499400000000000000e+04 9.450794081717704387e+01 9.949898332998300177e+00 8.659722275531558466e+01 5.937209196140496026e+00 8.659722275531558466e+01 5.937209196140496026e+00
5.499600000000000000e+04 9.739634505031803258e+01 9.949898332998300177e+00 9.298895886639343189e+01 1.061141975033804385e+01 9.298895886639343189e+01 1.061141975033804385e+01
5.499700000000000000e+04 1.045016422063629733e+02 9.949898332998300177e+00 9.943980316945653897e+01 1.344950446033000979e+01 9.534931745081652821e+01 1.344950446033000979e+01
5.499800000000000000e+04 1.225246823820498889e+02 9.949898332998300177e+00 1.056014282335233219e+02 1.657394882118942192e+01 9.725679520493949326e+01 1.657394882118942192e+01
5.500000000000000000e+04 1.378311978723189952e+02 9.949898332998300177e+00 1.164877827903535632e+02 2.385965703044686492e+01 9.942624000542298290e+01 2.385965703044686492e+01
5.500200000000000000e+04 1.616675116315483081e+02 9.949898332998300177e+00 1.249570908915741256e+02 3.278066314669732861e+01 9.937735874946248771e+01 3.278066314669732861e+01
5.500300000000000000e+04 1.672870530519520571e+02 9.949898332998300177e+00 1.278053062712065042e+02 3.790067896713478035e+01 9.828909195663038645e+01 3.790067896713478035e+01
5.500400000000000000e+04 1.744418699180882868e+02 9.949898332998300177e+00 1.296700954406893516e+02 4.317674359126633732e+01 9.653818898204983157e+01 4.317674359126633732e+01
5.500500000000000000e+04 1.829193078073261347e+02 9.949898332998300177e+00 1.308140116318149921e+02 4.842432155196556209e+01 9.437559456880096320e+01 4.842432155196556209e+01
5.500900000000000000e+04 1.950360093391930150e+02 9.949898332998300177e+00 1.285902085566802668e+02 6.927777820425247057e+01 8.255133116561614770e+01 6.927777820425247057e+01
5.501200000000000000e+04 1.973757875284672991e+02 9.949898332998300177e+00 1.204530129166813879e+02 7.854495374328462276e+01 7.142612246008147281e+01 7.627945396065322825e+01
5.501300000000000000e+04 1.813175936933771766e+02 9.949898332998300177e+00 1.169960920498823924e+02 8.088653143604408058e+01 6.765517379857884350e+01 7.780543616395159745e+01
5.501400000000000000e+04 2.015318225111589641e+02 9.949898332998300177e+00 1.127453882139548682e+02 8.279239260395054600e+01 6.361888512242121152e+01 7.888746317670370445e+01
5.501600000000000000e+04 1.898141554298960614e+02 9.949898332998300177e+00 1.030026860933710964e+02 8.531145656353888285e+01 5.543739832797152900e+01 7.978252741376498136e+01
5.501700000000000000e+04 1.832081124584102270e+02 9.949898332998300177e+00 9.905649678668619629e+01 8.579843644993593443e+01 5.211031447560955598e+01 7.950188699956999017e+01
5.501800000000000000e+04 1.689489559497819187e+02 9.949898332998300177e+00 9.568020964710179044e+01 8.563732003997291997e+01 4.922327896239417555e+01 7.863127356530432621e+01
5.501900000000000000e+04 1.690189658657872940e+02 9.949898332998300177e+00 9.250737262346697776e+01 8.487637575301822324e+01 4.656333247267679099e+01 7.723055118563988231e+01
5.502000000000000000e+04 1.755293927534538625e+02 9.949898332998300177e+00 8.910792294743765751e+01 8.372247745387471696e+01 4.390417961541074021e+01 7.550047565504078761e+01
5.502100000000000000e+04 1.798865339177596638e+02 9.949898332998300177e+00 8.533107265313331879e+01 8.228271265104621079e+01 4.117301454915962466e+01 7.354550648109243127e+01
5.502200000000000000e+04 1.706491310949511160e+02 9.949898332998300177e+00 8.142481344035648760e+01 8.053748504795586882e+01 3.849145005216814042e+01 7.135419956406119013e+01
5.502500000000000000e+04 1.402393181330182870e+02 9.949898332998300177e+00 7.039874850863309064e+01 7.304961251107110343e+01 3.137059333747742329e+01 6.306078428096606103e+01
5.502900000000000000e+04 1.144469568606148613e+02 9.949898332998300177e+00 5.715950354047249959e+01 6.097233950132849145e+01 2.366167303078713857e+01 5.089510809793696922e+01
5.503100000000000000e+04 1.174149669891840233e+02 9.949898332998300177e+00 5.125117529735160815e+01 5.400933094704299009e+01 2.048817721261307412e+01 4.434991866237722746e+01
5.503200000000000000e+04 8.757455280376333917e+01 9.949898332998300177e+00 4.852755237593608229e+01 5.118066646536468767e+01 1.907229695642826428e+01 4.168825158048764479e+01
5.503300000000000000e+04 9.811124110270363019e+01 9.949898332998300177e+00 4.635691561057997490e+01 4.873498403508722276e+01 1.791710107470335345e+01 3.937862316991534328e+01
5.503400000000000000e+04 8.475843616242470091e+01 9.949898332998300177e+00 4.449121030866137971e+01 4.647020580773144616e+01 1.691552365168480421e+01 3.725066597814144131e+01
5.503500000000000000e+04 7.604120312212741339e+01 9.949898332998300177e+00 4.268605305125313265e+01 4.416409235873398131e+01 1.596874529619285887e+01 3.512334369232860354e+01
5.503600000000000000e+04 9.041563402366492141e+01 9.949898332998300177e+00 4.107591155675017802e+01 4.174284907052000904e+01 1.512367877641758973e+01 3.293841163932770399e+01
5.503700000000000000e+04 6.357323100421509565e+01 9.949898332998300177e+00 3.958438375245158625e+01 3.932902400530332443e+01 1.434788638676704053e+01 3.079316004173451304e+01
5.503900000000000000e+04 8.878127683713208285e+01 9.949898332998300177e+00 3.647390761493713285e+01 3.484258230022304303e+01 1.282170619571031622e+01 2.686398018521436981e+01
5.504000000000000000e+04 5.016364305421136294e+01 9.949898332998300177e+00 3.496776421603059504e+01 3.279858274619940062e+01 1.210962883225882791e+01 2.509647466998194432e+01
5.504200000000000000e+04 6.489081812564899110e+01 9.949898332998300177e+00 3.215860625006342843e+01 2.898249918278054338e+01 1.081543224929825442e+01 2.184555602832633170e+01
5.504400000000000000e+04 5.892944159010174587e+01 9.949898332998300177e+00 2.950104945192546424e+01 2.548835418876391046e+01 9.643386980885679804e+00 1.892933842462971228e+01
5.504500000000000000e+04 3.616032942254617666e+01 9.949898332998300177e+00 2.816881006820356248e+01 2.389529719555087794e+01 9.080561577061848411e+00 1.761670391886676512e+01
5.504600000000000000e+04 5.015234003166502674e+01 9.949898332998300177e+00 2.679928165146347752e+01 2.239439722047460180e+01 8.521234229400151960e+00 1.639054177009046143e+01
5.504700000000000000e+04 6.636001561297157991e+01 9.949898332998300177e+00 2.537583156785726146e+01 2.099783605714926793e+01 7.960046289989414880e+00 1.525783756514261391e+01
5.504800000000000000e+04 5.099403383912324728e+01 9.949898332998300177e+00 2.393710858772125150e+01 1.986791503971705453e+01 7.409034476823465276e+00 1.433368085976268347e+01
5.505000000000000000e+04 2.910584847613291970e+01 9.949898332998300177e+00 2.085542687392474903e+01 1.796036720953403432e+01 6.288194800073795498e+00 1.277499623695428888e+01
5.505200000000000000e+04 3.871049688900095020e+01 9.949898332998300177e+00 1.758282205984203728e+01 1.636462529729101689e+01 5.167770414954748759e+00 1.147830910941363491e+01
5.505400000000000000e+04 3.529117875652021041e+01 9.949898332998300177e+00 1.450159027672975398e+01 1.482702104471941063e+01 4.157327640826142812e+00 1.025736495656825298e+01
5.505600000000000000e+04 4.553783076605944302e+01 9.949898332998300177e+00 1.184966983896007875e+01 1.341804533229191776e+01 3.315520380235053022e+00 9.157200117581325571e+00
5.505800000000000000e+04 1.408931252556583757e+01 9.949898332998300177e+00 9.624642523240055425e+00 1.213982716556864716e+01 2.629827455937498115e+00 8.174417322448755741e+00
5.506000000000000000e+04 2.787582590169800767e+01 9.949898332998300177e+00 7.715518606027266024e+00 1.093226969385630376e+01 2.059888564189253035e+00 7.264449261649479794e+00
5.506100000000000000e+04 1.601677725912266226e+01 9.949898332998300177e+00 6.879761165078902785e+00 1.032637248855628265e+01 1.815959130283463896e+00 6.816987383520122457e+00
5.506200000000000000e+04 1.057359742589703799e+01 9.949898332998300177e+00 6.118028352262324887e+00 9.709346062677491673e+00 1.596812745279095003e+00 6.368037031991533148e+00
5.506400000000000000e+04 2.134890402281205724e+01 9.949898332998300177e+00 4.786495401842763009e+00 8.476702136100692897e+00 1.221917543613490142e+00 5.488314753059690076e+00
5.506500000000000000e+04 2.422472980842083956e+00 9.949898332998300177e+00 4.209732610092524752e+00 7.819495997787766939e+00 1.063036946060080368e+00 5.030555840059037109e+00
5.506700000000000000e+04 2.134172806770448716e+01 9.949898332998300177e+00 3.232813667823387416e+00 6.508083349777413318e+00 7.990344961129509649e-01 4.134216331963799895e+00
5.506800000000000000e+04 2.437083167532184547e+01 9.949898332998300177e+00 2.820570309070959070e+00 5.893144004598745767e+00 6.898283870746817481e-01 3.720184334700300077e+00
5.506900000000000000e+04 -8.510099141534750444e-01 9.949898332998300177e+00 2.450460844632999624e+00 5.301424207581498571e+00 5.930877954916861095e-01 3.325862112660915137e+00
5.507100000000000000e+04 8.621692592780560105e+00 9.949898332998300177e+00 1.832708821490577122e+00 4.280469431698662675e+00 4.345486239456022304e-01 2.652416304188042862e+00
5.507300000000000000e+04 1.681181552218776787e+01 9.949898332998300177e+00 1.359632192040693299e+00 3.436868905615598102e+00 3.159510589642119949e-01 2.103861964749998759e+00
5.507400000000000000e+04 1.339404685813215679e+01 9.949898332998300177e+00 1.168780735061588638e+00 3.064271958119349382e+00 2.689201451984696289e-01 1.864479439074748779e+00
5.507500000000000000e+04 -1.885835914643925637e+00 9.949898332998300177e+00 1.001125613371409928e+00 2.724655801624409346e+00 2.280935985444418612e-01 1.647910851351402695e+00
5.507800000000000000e+04 8.688293176300337706e+00 9.949898332998300177e+00 6.239294776413586430e-01 1.884666129335453633e+00 1.381047141620609098e-01 1.119758855288131238e+00
5.508000000000000000e+04 -1.628286555908557176e+01 9.949898332998300177e+00 4.534435521728174545e-01 1.448196492356568887e+00 9.849760017656127020e-02 8.504295568480645384e-01
5.508100000000000000e+04 6.385741376415435155e+00 9.949898332998300177e+00 3.865301618577452469e-01 1.264157019499679402e+00 8.318738014801362046e-02 7.380645840142919800e-01
5.508200000000000000e+04 5.507935499839319959e+00 9.949898332998300177e+00 3.290693279343052113e-01 1.101197381163024680e+00 7.017301316464903682e-02 6.392275968903607941e-01
5.508400000000000000e+04 1.102066755494618633e+01 9.949898332998300177e+00 2.381126860278759694e-01 8.267643869154106540e-01 4.986444254227592049e-02 4.744702363933489542e-01
5.508500000000000000e+04 4.281872997764807565e+00 9.949898332998300177e+00 2.024933147355613972e-01 7.123275714235972611e-01 4.202762805578161287e-02 4.064868588356523871e-01
5.508800000000000000e+04 -1.383021425926303394e+00 9.949898332998300177e+00 1.255727470239206833e-01 4.504451057440977957e-01 2.538464199561750803e-02 2.527608471713695959e-01
5.508900000000000000e+04 1.530076096989965162e+00 9.949898332998300177e+00 1.070619029941609485e-01 3.855239201565261453e-01 2.145658115601357940e-02 2.151361161587757309e-01
5.509000000000000000e+04 -6.484778055141698694e+00 9.949898332998300177e+00 9.128310048930984855e-02 3.288014841737839644e-01 1.813835800367798873e-02 1.824748788355535223e-01
5.509100000000000000e+04 8.930504759287382299e+00 9.949898332998300177e+00 7.785191425310805657e-02 2.797401770453785130e-01 1.533876746194622574e-02 1.543990379983322947e-01
5.509300000000000000e+04 7.239640437082080382e+00 9.949898332998300177e+00 5.652979444456113223e-02 2.023620755673846139e-01 1.095262713745783802e-02 1.104837713296487195e-01
5.509500000000000000e+04 1.338518313773840340e+01 9.949898332998300177e+00 4.108481581027809831e-02 1.458867655735084090e-01 7.830004347216196550e-03 7.879808014124903282e-02
5.509600000000000000e+04 1.170160851152935777e+00 9.949898332998300177e+00 3.500301951191903127e-02 1.238693365355982151e-01 6.616827885050855125e-03 6.654990411841091302e-02
5.509700000000000000e+04 -6.488988254737705574e+00 9.949898332998300177e+00 2.982576354028879106e-02 1.050461937869530404e-01 5.592785077591702451e-03 5.613841053171924472e-02
5.509800000000000000e+04 2.922785765152482007e+00 9.949898332998300177e+00 2.543223686462361965e-02 8.901959606740487974e-02 4.730874821351913062e-03 4.732315988911003218e-02
5.509900000000000000e+04 -2.983528719793224315e+00 9.949898332998300177e+00 2.166642782580004145e-02 7.543492867795502377e-02 3.998454947828823484e-03 3.989155403382074055e-02
5.510100000000000000e+04 -5.764952071269044076e+00 9.949898332998300177e+00 1.572698155992421909e-02 5.424549545743465040e-02 2.857113554350843541e-03 2.838889232647826000e-02
5.510400000000000000e+04 6.771453699896140321e+00 9.949898332998300177e+00 9.727941962771312692e-03 3.330919658659548671e-02 1.726894476100850886e-03 1.716526492481086630e-02
5.510700000000000000e+04 -3.223285367802751011e+01 9.949898332998300177e+00 5.978147878332009182e-03 2.043454708235753134e-02 1.037530654529236849e-03 1.037181356327150986e-02
5.510800000000000000e+04 -1.306878178430947557e+00 9.949898332998300177e+00 5.083787070688641774e-03 1.734983759590421823e-02 8.757902202812570909e-04 8.762101709966271107e-03
5.510900000000000000e+04 -9.401420183967548638e+00 9.949898332998300177e+00 4.320095460722854323e-03 1.473689119796837282e-02 7.387683124515371895e-04 7.405472963803201060e-03
5.511000000000000000e+04 -7.229599937782432706e-01 9.949898332998300177e+00 3.670426053184999444e-03 1.252738055519813688e-02 6.230988444615148105e-04 6.264003477772957240e-03
5.511100000000000000e+04 2.394392168898697193e+01 9.949898332998300177e+00 3.120185134164779259e-03 1.063880054670016985e-02 5.258591276927242816e-04 5.293462308040685488e-03
5.511400000000000000e+04 -2.030326217481294648e+01 9.949898332998300177e+00 1.915969966889310809e-03 6.523879092877511027e-03 3.160519228810185948e-04 3.198763958263059048e-03
