5.497400000000000000e+04 2.888486169077535415e+00 5.616617394995333967e+00 2.872527343123094101e-01 8.716021689365841492e-19 2.872527343123094101e-01 8.716021689365841492e-19
5.497600000000000000e+04 -3.526571406170625700e+00 5.616617394995333967e+00 1.958814406946931541e+00 8.716020358936565545e-19 1.958814406946931541e+00 8.716020358936565545e-19
5.498000000000000000e+04 1.030391380470068619e+01 5.616617394995333967e+00 9.740658635389692677e+00 8.716016003634627670e-19 9.740658635389692677e+00 8.716016003634627670e-19
5.498100000000000000e+04 8.535475038798534086e+00 5.616617394995333967e+00 1.261836908227294352e+01 8.716014404989387201e-19 1.261836908227294352e+01 8.716014404989387201e-19
5.498500000000000000e+04 2.937941475577758155e+01 5.616617394995333967e+00 2.761301931683333422e+01 -1.241908946591701104e-02 2.761301931683333422e+01 -1.241908946591701104e-02
5.498700000000000000e+04 3.415981994419264112e+01 5.616617394995333967e+00 3.698113532148148863e+01 7.505983906838168407e-01 3.698113532148148863e+01 7.505983906838168407e-01
5.498800000000000000e+04 4.792737792831205468e+01 5.616617394995333967e+00 4.209516568424355398e+01 1.567051525557545455e+00 4.209516568424355398e+01 1.567051525557545455e+00
5.498900000000000000e+04 5.215433747995462710e+01 5.616617394995333967e+00 4.711547825657126509e+01 2.680580088357593205e+00 4.711547825657126509e+01 2.680580088357593205e+00
5.499300000000000000e+04 7.649292406027237234e+01 5.616617394995333967e+00 6.549985504210982867e+01 1.009469526581835552e+01 6.549985504210982867e+01 1.009469526581835552e+01
5.499500000000000000e+04 8.061178592776799690e+01 5.616617394995333967e+00 6.925870503056015082e+01 1.558080429699700353e+01 6.925870503056015082e+01 1.558080429699700353e+01
5.499700000000000000e+04 9.994221608684448199e+01 5.616617394995333967e+00 7.110834207998198053e+01 2.209041545346666879e+01 6.841287481237441170e+01 2.209041545346666879e+01
5.499900000000000000e+04 1.008746144639650026e+02 5.616617394995333967e+00 7.017357670051271157e+01 2.958490825718519801e+01 6.504780932565140006e+01 2.958490825718519801e+01
5.500000000000000000e+04 1.123408151319760577e+02 5.616617394995333967e+00 6.943396820842724537e+01 3.367613254739485029e+01 6.320798198309262261e+01 3.367613254739485029e+01
5.500200000000000000e+04 1.062678543018627266e+02 5.616617394995333967e+00 6.729682250908874153e+01 4.153383942830611630e+01 5.914124484496770862e+01 4.153383942830611630e+01
5.500300000000000000e+04 1.025572569913031913e+02 5.616617394995333967e+00 6.515522698831216530e+01 4.535018634951246952e+01 5.628475033544589223e+01 4.535018634951246952e+01
5.500500000000000000e+04 1.149015571395190705e+02 5.616617394995333967e+00 5.985753464190068485e+01 5.239988403368787573e+01 5.000629460476246635e+01 5.239988403368787573e+01
5.500700000000000000e+04 1.165683480296753345e+02 5.616617394995333967e+00 5.508587266984689990e+01 5.724647523005979366e+01 4.455343955827151348e+01 5.540696402444812918e+01
5.500900000000000000e+04 1.090371767607674798e+02 5.616617394995333967e+00 5.023816412538496934e+01 6.018143771494953143e+01 3.937777404403901471e+01 5.473029984989954499e+01
5.501000000000000000e+04 1.085158015085467298e+02 5.616617394995333967e+00 4.775776239886082664e+01 6.063455043653713972e+01 3.686434766411487374e+01 5.352626274411823459e+01
5.501300000000000000e+04 1.000404546552086202e+02 5.616617394995333967e+00 4.061066408398885130e+01 6.051566057483105965e+01 2.997981993502793685e+01 4.910391153426733268e+01
5.501600000000000000e+04 8.491234133679935780e+01 5.616617394995333967e+00 3.222010329498021974e+01 5.652225997281695413e+01 2.279133005233092391e+01 4.243412910872144295e+01
5.501700000000000000e+04 8.095172484271965629e+01 5.616617394995333967e+00 2.970552306125449604e+01 5.461487471553738970e+01 2.072381963252022885e+01 4.000503568380997876e+01
5.501800000000000000e+04 8.039132909541392280e+01 5.616617394995333967e+00 2.739256748737363978e+01 5.283197170294923950e+01 1.885112345149930135e+01 3.778030013082754124e+01
5.501900000000000000e+04 7.002294145383118007e+01 5.616617394995333967e+00 2.516937763677919193e+01 5.102616325729721325e+01 1.708947422377729097e+01 3.564275164661721362e+01
5.502000000000000000e+04 6.904088238751823781e+01 5.616617394995333967e+00 2.305394554567231680e+01 4.915126659225622774e+01 1.544652967884242400e+01 3.355493350099414585e+01
5.502200000000000000e+04 5.560288580325691044e+01 5.616617394995333967e+00 1.925447615555451364e+01 4.515735131463416963e+01 1.256901635586821442e+01 2.949147813129190610e+01
5.502300000000000000e+04 5.836086758362695548e+01 5.616617394995333967e+00 1.755278691267416136e+01 4.311955949173768232e+01 1.131270102647213349e+01 2.756300146493076042e+01
5.502400000000000000e+04 5.565201269846552634e+01 5.616617394995333967e+00 1.599731428165993918e+01 4.117690152130453640e+01 1.018094207449878574e+01 2.577422478799732986e+01
5.502500000000000000e+04 5.107559267184127805e+01 5.616617394995333967e+00 1.459398545142108716e+01 3.911287228003485694e+01 9.172838121572022274e+00 2.398385594802235588e+01
5.502800000000000000e+04 3.617891269387138919e+01 5.616617394995333967e+00 1.108268373988066280e+01 3.155049401804274822e+01 6.716370971383953226e+00 1.823306404186474339e+01
5.502900000000000000e+04 3.716775010686270519e+01 5.616617394995333967e+00 1.013826309091270517e+01 2.923882264313014900e+01 6.071543353043900915e+00 1.657905570601618450e+01
5.503100000000000000e+04 3.420408319567371791e+01 5.616617394995333967e+00 8.556997304992252751e+00 2.501899026360996103e+01 5.006434182654020404e+00 1.367157937902183562e+01
5.503300000000000000e+04 2.105184851554007963e+01 5.616617394995333967e+00 7.330568121558389549e+00 2.115513526090364493e+01 4.192249869357422831e+00 1.115541829830396736e+01
5.503400000000000000e+04 3.455457292227988830e+01 5.616617394995333967e+00 6.851751815341720508e+00 1.940253916822664593e+01 3.874767751706000407e+00 1.005521308469457331e+01
5.503500000000000000e+04 2.404409486724553346e+01 5.616617394995333967e+00 6.432751438317453108e+00 1.776365565980760763e+01 3.597735703756966164e+00 9.050160821177707149e+00
5.503700000000000000e+04 2.373655162779892436e+01 5.616617394995333967e+00 5.747802926755404940e+00 1.489081849303516414e+01 3.145344712025503142e+00 7.338270497257618707e+00
5.503800000000000000e+04 2.587093304826236562e+01 5.616617394995333967e+00 5.473129997060764751e+00 1.362510475689430578e+01 2.963093496324381348e+00 6.606431709122529305e+00
5.503900000000000000e+04 2.447099265033373428e+01 5.616617394995333967e+00 5.231066728134925015e+00 1.247139852781845448e+01 2.802157021713587159e+00 5.951230448472252910e+00
5.504000000000000000e+04 1.789358472648594400e+01 5.616617394995333967e+00 5.005798030804699650e+00 1.143824841910572943e+01 2.653484246384680389e+00 5.373096777107163824e+00
5.504100000000000000e+04 1.433598454471418648e+01 5.616617394995333967e+00 4.791239468101768040e+00 1.050134138342473200e+01 2.513503025968822246e+00 4.857234682435121798e+00
5.504300000000000000e+04 1.750608765609722894e+01 5.616617394995333967e+00 4.390741025079166526e+00 8.925070346100975271e+00 2.256754227528354306e+00 4.005147346123217211e+00
5.504400000000000000e+04 1.304752671216505178e+01 5.616617394995333967e+00 4.186032538318625207e+00 8.260454830235811841e+00 2.129971270706062736e+00 3.652482680507522339e+00
5.504500000000000000e+04 8.354061890133127832e+00 5.616617394995333967e+00 3.975952597606819960e+00 7.696300000161131472e+00 2.002998789726357476e+00 3.353799895485938709e+00
5.504600000000000000e+04 6.399881011429088495e+00 5.616617394995333967e+00 3.773784200808672828e+00 7.216367460777258103e+00 1.882468299899572761e+00 3.099814201364801125e+00
5.504700000000000000e+04 5.620822111587862047e+00 5.616617394995333967e+00 3.579229791445574627e+00 6.795978834968760651e+00 1.768044749775525615e+00 2.878188563005573020e+00
5.504900000000000000e+04 -2.034626710252709358e+00 5.616617394995333967e+00 3.201060776111258832e+00 6.108511058330491572e+00 1.551051834533994978e+00 2.516275769620402780e+00
5.505000000000000000e+04 3.196710071634196737e+00 5.616617394995333967e+00 2.997479971440168089e+00 5.833264380604030741e+00 1.438675292267899364e+00 2.370474797059505256e+00
5.505100000000000000e+04 9.473665278503647258e+00 5.616617394995333967e+00 2.786963344703833112e+00 5.590863689722949559e+00 1.325106192803267691e+00 2.241725617370870172e+00
5.505300000000000000e+04 8.955405780372620583e-01 5.616617394995333967e+00 2.375651335520641894e+00 5.148458518152458474e+00 1.108770342350714921e+00 2.010802420775057886e+00
5.505400000000000000e+04 1.202638666689982649e+00 5.616617394995333967e+00 2.175075936700149981e+00 4.941963412085997653e+00 1.005908494057323077e+00 1.905445485844385223e+00
5.505500000000000000e+04 1.592059988006071691e+01 5.616617394995333967e+00 1.985184534025907555e+00 4.742433603897186600e+00 9.098004280595362037e-01 1.805403382022683800e+00
5.505700000000000000e+04 5.606979910725393701e+00 5.616617394995333967e+00 1.636924953162859353e+00 4.315581072392821405e+00 7.368888778080757707e-01 1.602399031781086114e+00
5.505800000000000000e+04 5.579931624194657047e+00 5.616617394995333967e+00 1.473320615716376070e+00 4.105889258276956610e+00 6.574095826676078502e-01 1.505974639919658298e+00
5.505900000000000000e+04 -4.743251452911525057e+00 5.616617394995333967e+00 1.318057836963791196e+00 3.903277033184432643e+00 5.830050588127172473e-01 1.414435799820420669e+00
5.506100000000000000e+04 9.198582883515801001e+00 5.616617394995333967e+00 1.036246446044319036e+00 3.506617987514456303e+00 4.505027589097987395e-01 1.240841467627196382e+00
5.506300000000000000e+04 2.982860689215264927e+00 5.616617394995333967e+00 7.990864005203597298e-01 3.066189721651338296e+00 3.415482990769190819e-01 1.060084954242614286e+00
5.506400000000000000e+04 8.110598284324185059e+00 5.616617394995333967e+00 6.996054778646820793e-01 2.842865084413802812e+00 2.965309531914898100e-01 9.717203597258007308e-01
5.506700000000000000e+04 9.567974133851919305e+00 5.616617394995333967e+00 4.594787666860262187e-01 2.201862603972567278e+00 1.899928740845295005e-01 7.278403424476290740e-01
5.506800000000000000e+04 -6.945961769854257284e+00 5.616617394995333967e+00 3.974127102476212037e-01 2.009374379077119244e+00 1.630009885761951050e-01 6.570018241816371063e-01
5.506900000000000000e+04 4.624879607293062023e+00 5.616617394995333967e+00 3.429086124388208145e-01 1.822532523705158169e+00 1.395185175518027509e-01 5.895111022464607498e-01
5.507000000000000000e+04 -9.148579835134450278e+00 5.616617394995333967e+00 2.952076860710064476e-01 1.643418771135793044e+00 1.191554736916271978e-01 5.259276661340864800e-01
5.507200000000000000e+04 5.867193109401239504e+00 5.616617394995333967e+00 2.179558136320879913e-01 1.311434908373367625e+00 8.659693020465177027e-02 4.109535310771395000e-01
5.507400000000000000e+04 7.812834315889959136e+00 5.616617394995333967e+00 1.600232845198373832e-01 1.024348315318149849e+00 6.259957145868536021e-02 3.144487706649526926e-01
5.507600000000000000e+04 -1.954069471028402116e+00 5.616617394995333967e+00 1.157334126866377960e-01 7.885351107268098181e-01 4.458659039435906163e-02 2.372247625531919146e-01
5.507800000000000000e+04 6.732055985771413731e+00 5.616617394995333967e+00 8.342093838569977771e-02 5.996384911450528543e-01 3.165759871947924908e-02 1.768636417959688623e-01
5.508000000000000000e+04 2.623797445835349684e+00 5.616617394995333967e+00 5.998708844385153977e-02 4.507694538481530899e-01 2.242927217941729015e-02 1.304007908609561006e-01
5.508200000000000000e+04 5.799564041584930330e+00 5.616617394995333967e+00 4.301935445517933443e-02 3.358468519282727938e-01 1.585148843184322476e-02 9.532437895330177213e-02
5.508300000000000000e+04 -1.182901671204687410e+01 5.616617394995333967e+00 3.642317765300992494e-02 2.892891930001980083e-01 1.332425287277213925e-02 8.134326650551063076e-02
5.508400000000000000e+04 -6.026166415198534132e+00 5.616617394995333967e+00 3.080313499442044814e-02 2.486786725300943746e-01 1.118771474028273233e-02 6.927754416372142177e-02
5.508600000000000000e+04 1.461485062850028882e+01 5.616617394995333967e+00 2.209094301872473187e-02 1.830912266023629886e-01 7.910245647124551638e-03 5.007965716694829511e-02
5.508900000000000000e+04 7.074057166794561091e+00 5.616617394995333967e+00 1.356985958392552954e-02 1.129719456997368005e-01 4.758348966942117439e-03 3.008093132914495954e-02
5.509000000000000000e+04 -7.299232208610744621e+00 5.616617394995333967e+00 1.153136654546905136e-02 9.595544802269041773e-02 4.015798901434460173e-03 2.532607897558340412e-02
5.509200000000000000e+04 -4.057637429861655320e+00 5.616617394995333967e+00 8.326165124615416899e-03 6.917546408487165732e-02 2.860340487345981557e-03 1.794341774353383490e-02
5.509300000000000000e+04 7.301446657125113759e+00 5.616617394995333967e+00 7.075697348176182046e-03 5.864592296885879491e-02 2.414419350363810127e-03 1.508227624957792119e-02
5.509500000000000000e+04 -2.545337837893470123e+00 5.616617394995333967e+00 5.107153826105314924e-03 4.215580420899141256e-02 1.719580412830072277e-03 1.065940229821771279e-02
5.509600000000000000e+04 4.947843420402199932e+00 5.616617394995333967e+00 4.340587843493616017e-03 3.569328510739803312e-02 1.451847290194205504e-03 8.950171792226187251e-03
5.509700000000000000e+04 4.004024733828309479e+00 5.616617394995333967e+00 3.688424691132600412e-03 3.021737720061437940e-02 1.225634575374692737e-03 7.514517358155370884e-03
5.509800000000000000e+04 2.096551002645953510e+00 5.616617394995333967e+00 3.132560080880771210e-03 2.565703996136142750e-02 1.034155386379047173e-03 6.328196517699642178e-03
5.510000000000000000e+04 -2.628536189686625058e+00 5.616617394995333967e+00 2.262632874150900635e-03 1.859139115895289129e-02 7.373742460977353481e-04 4.511597543912077707e-03
5.510100000000000000e+04 9.672381363880676375e+00 5.616617394995333967e+00 1.922178549313258589e-03 1.581294528694204837e-02 6.224268341795411233e-04 3.806679173553694298e-03
5.510200000000000000e+04 1.144610792306946179e+00 5.616617394995333967e+00 1.634147279332364821e-03 1.345196252806909673e-02 5.258043306838589264e-04 3.212639121147568746e-03
5.510600000000000000e+04 -1.946356332163563796e-01 5.616617394995333967e+00 8.503376016606508259e-04 7.044492049694649725e-03 2.668395524086519138e-04 1.630669455947835432e-03
5.510900000000000000e+04 4.534810322257970761e+00 5.616617394995333967e+00 5.205895182106584250e-04 4.333451655460794465e-03 1.603886617199637324e-04 9.805076602997543633e-04
5.511100000000000000e+04 -8.478329753780172950e+00 5.616617394995333967e+00 3.755627761777575579e-04 3.134491440689390895e-03 1.143196079927424701e-04 6.987274722892087252e-04
5.511200000000000000e+04 -7.134501822418678252e+00 5.616617394995333967e+00 3.187770176241309017e-04 2.665873354371908581e-03 9.645587389153405797e-05 5.898993968781883653e-04
5.511400000000000000e+04 1.049909419629788943e+01 5.616617394995333967e+00 2.299815061283639163e-04 1.928902671027122890e-03 6.876820444588222371e-05 4.206434645470872170e-04
5.511500000000000000e+04 -1.597376737112162992e+01 5.616617394995333967e+00 1.952486336525641197e-04 1.640460554534577597e-03 5.804061642466235168e-05 3.551702941315011404e-04
5.511700000000000000e+04 -2.491819110234740897e+00 5.616617394995333967e+00 1.408916753739815971e-04 1.185650778985372416e-03 4.139733072045060849e-05 2.530630024300718631e-04
5.511800000000000000e+04 5.211948895497303669e-01 5.616617394995333967e+00 1.196172177333896576e-04 1.007244595267986400e-03 3.494412016400036890e-05 2.134716419269215202e-04
5.511900000000000000e+04 1.493202012309321036e+00 5.616617394995333967e+00 1.016626712379262886e-04 8.561022979557842555e-04 2.952906681710418518e-05 1.801713734228016527e-04
5.512000000000000000e+04 1.173525455389216265e+00 5.616617394995333967e+00 8.712731720832596609e-05 7.277319138667733955e-04 2.516312410348764490e-05 1.520924414535138741e-04
