5.497500000000000000e+04 -3.136375620509098905e+00 1.005644259081061520e+01 9.676860811788584593e-01 1.458879340350270093e-18 9.676860811788584593e-01 1.458879340350270093e-18
5.497600000000000000e+04 -8.346505725837255696e+00 1.005644259081061520e+01 2.014654457448330049e+00 1.458879319665053140e-18 2.014654457448330049e+00 1.458879319665053140e-18
5.497900000000000000e+04 -3.133255570868288764e+00 1.005644259081061520e+01 7.421511495175619366e+00 1.458879233475697024e-18 7.421511495175619366e+00 1.458879233475697024e-18
5.498000000000000000e+04 1.547273798475950990e+01 1.005644259081061520e+01 1.010928248076253944e+01 1.458879194246585025e-18 1.010928248076253944e+01 1.458879194246585025e-18
5.498100000000000000e+04 3.335796416416471288e+01 1.005644259081061520e+01 1.326427468792255127e+01 1.458879148210798260e-18 1.326427468792255127e+01 1.458879148210798260e-18
5.498200000000000000e+04 1.415654332354979061e+01 1.005644259081061520e+01 1.681188057541250913e+01 1.458879094187306028e-18 1.681188057541250913e+01 1.458879094187306028e-18
5.498400000000000000e+04 2.626057604615450458e+01 1.005644259081061520e+01 2.504964300095078400e+01 1.458878956392917053e-18 2.504964300095078400e+01 1.458878956392917053e-18
5.498500000000000000e+04 3.435633994619858811e+01 1.005644259081061520e+01 2.982457128805857849e+01 1.458878869086958948e-18 2.982457128805857849e+01 1.458878869086958948e-18
5.498700000000000000e+04 3.601232999248492206e+01 1.005644259081061520e+01 4.097582893337165899e+01 1.458878646401056061e-18 4.097582893337165899e+01 1.458878646401056061e-18
5.499000000000000000e+04 4.972341229240890925e+01 1.005644259081061520e+01 6.053040193995693841e+01 1.458878145431422993e-18 6.053040193995693841e+01 1.458878145431422993e-18
5.499200000000000000e+04 8.726597586402115780e+01 1.005644259081061520e+01 7.440742163840896239e+01 1.458877649835416619e-18 7.440742163840896239e+01 1.458877649835416619e-18
5.499300000000000000e+04 8.837000576645556293e+01 1.005644259081061520e+01 8.115791156796579742e+01 1.458877335827950478e-18 8.115791156796579742e+01 1.458877335827950478e-18
5.499400000000000000e+04 8.859186410202752882e+01 1.005644259081061520e+01 8.659722275531558466e+01 1.458876967336947338e-18 8.659722275531558466e+01 1.458876967336947338e-18
5.499600000000000000e+04 8.696649477324868371e+01 1.005644259081061520e+01 9.298895886639343189e+01 2.480027301376598325e-01 9.298895886639343189e+01 2.480027301376598325e-01
5.499700000000000000e+04 9.413927366012207187e+01 1.005644259081061520e+01 1.018426059692171179e+02 7.741488649430867675e-01 9.534931745081652821e+01 7.741488649430867675e-01
5.499800000000000000e+04 1.124679399927988328e+02 1.005644259081061520e+01 1.105031707118522633e+02 1.611723565958664173e+00 9.725679520493949326e+01 1.611723565958664173e+00
5.500000000000000000e+04 1.281508493270169708e+02 1.005644259081061520e+01 1.265099477829001842e+02 4.184087600156392028e+00 9.942624000542298290e+01 4.184087600156392028e+00
5.500200000000000000e+04 1.520422112515073252e+02 1.005644259081061520e+01 1.399829475344928369e+02 8.087425984610032259e+00 9.937735874946248771e+01 8.087425984610032259e+00
5.500300000000000000e+04 1.573529198490681438e+02 1.005644259081061520e+01 1.451435020923561012e+02 1.061141975033804385e+01 9.828909195663038645e+01 1.061141975033804385e+01
5.500400000000000000e+04 1.641938093963244683e+02 1.005644259081061520e+01 1.491321943394705443e+02 1.344950446033000979e+01 9.653818898204983157e+01 1.344950446033000979e+01
5.500500000000000000e+04 1.725127360771775500e+02 1.005644259081061520e+01 1.522183964800190665e+02 1.657394882118942192e+01 9.437559456880096320e+01 1.657394882118942192e+01
5.500900000000000000e+04 1.855523853448007401e+02 1.005644259081061520e+01 1.556340246465361190e+02 3.278066314669732861e+01 8.255133116561614770e+01 3.278066314669732861e+01
5.501200000000000000e+04 1.960367974972136551e+02 1.005644259081061520e+01 1.492520254925862560e+02 4.842432155196556209e+01 7.142612246008147281e+01 4.842432155196556209e+01
5.501300000000000000e+04 1.831086331608628939e+02 1.005644259081061520e+01 1.459795685051935550e+02 5.387147402998105150e+01 6.765517379857884350e+01 5.387147402998105150e+01
5.501400000000000000e+04 2.071870781576029685e+02 1.005644259081061520e+01 1.416029145054851313e+02 5.952593731072717276e+01 6.361888512242121152e+01 5.952593731072717276e+01
5.501600000000000000e+04 2.017369880772145621e+02 1.005644259081061520e+01 1.309431348506687414e+02 6.927777820425247057e+01 5.543739832797152900e+01 6.927777820425247057e+01
5.501700000000000000e+04 1.985483768904464057e+02 1.005644259081061520e+01 1.266332752071787695e+02 7.357955674192062645e+01 5.211031447560955598e+01 7.227144361253377269e+01
5.501800000000000000e+04 1.875527054929501389e+02 1.005644259081061520e+01 1.229695955038530997e+02 7.708412734188551951e+01 4.922327896239417555e+01 7.439116709311475972e+01
5.501900000000000000e+04 1.914625552059808911e+02 1.005644259081061520e+01 1.194954801246304612e+02 8.042142831071669207e+01 4.656333247267679099e+01 7.627945396065322825e+01
5.502000000000000000e+04 2.018276138857921467e+02 1.005644259081061520e+01 1.156611707788380699e+02 8.343854974222169574e+01 4.390417961541074021e+01 7.780543616395159745e+01
5.502100000000000000e+04 2.097010165397613832e+02 1.005644259081061520e+01 1.112700718191038618e+02 8.602677859419539175e+01 4.117301454915962466e+01 7.888746317670370445e+01
5.502200000000000000e+04 2.036034071124419143e+02 1.005644259081061520e+01 1.066444115145370404e+02 8.817914373600955003e+01 3.849145005216814042e+01 7.954099200433840622e+01
5.502500000000000000e+04 1.815212805900881960e+02 1.005644259081061520e+01 9.332437811966158847e+01 9.144030802909240663e+01 3.137059333747742329e+01 7.863127356530432621e+01
5.502900000000000000e+04 1.612560493354975790e+02 1.005644259081061520e+01 7.683655083287507637e+01 8.814384272148478772e+01 2.366167303078713857e+01 7.135419956406119013e+01
5.503100000000000000e+04 1.655775732828392393e+02 1.005644259081061520e+01 6.932174759887634252e+01 8.397121406166476731e+01 2.048817721261307412e+01 6.604106493249292953e+01
5.503200000000000000e+04 1.348895333397807974e+02 1.005644259081061520e+01 6.582994017480780258e+01 8.132318740873384399e+01 1.907229695642826428e+01 6.306078428096606103e+01
5.503300000000000000e+04 1.446831047850550647e+02 1.005644259081061520e+01 6.306282065263337699e+01 7.856861134054587126e+01 1.791710107470335345e+01 6.008152583967718385e+01
5.503400000000000000e+04 1.301775163548995522e+02 1.005644259081061520e+01 6.068951575751473371e+01 7.575740252606082947e+01 1.691552365168480421e+01 5.714089796806518251e+01
5.503500000000000000e+04 1.201928811298915747e+02 1.005644259081061520e+01 5.838013592835147136e+01 7.273743045432809140e+01 1.596874529619285887e+01 5.412413903886307764e+01
5.503600000000000000e+04 1.333179382794262153e+02 1.005644259081061520e+01 5.632057976337910787e+01 6.931913722939015088e+01 1.512367877641758973e+01 5.089510809793696922e+01
5.503700000000000000e+04 1.044357677815452092e+02 1.005644259081061520e+01 5.440861996725928407e+01 6.553158833135536554e+01 1.434788638676704053e+01 4.748321739827211729e+01
5.503900000000000000e+04 1.270623803326313919e+02 1.005644259081061520e+01 5.036750844860882381e+01 5.904307071344465641e+01 1.282170619571031622e+01 4.168825158048764479e+01
5.504000000000000000e+04 8.708842275810771127e+01 1.005644259081061520e+01 4.839492066523916947e+01 5.648469707492657221e+01 1.210962883225882791e+01 3.937862316991534328e+01
5.504200000000000000e+04 1.001381094450194240e+02 1.005644259081061520e+01 4.469585531344996809e+01 5.165238923393845027e+01 1.081543224929825442e+01 3.512334369232860354e+01
5.504400000000000000e+04 9.154705206625507685e+01 1.005644259081061520e+01 4.116569034400478699e+01 4.639913355088557267e+01 9.643386980885679804e+00 3.079316004173451304e+01
5.504500000000000000e+04 6.716257473185325466e+01 1.005644259081061520e+01 3.938148750355953354e+01 4.385516391576094009e+01 9.080561577061848411e+00 2.875937039527899231e+01
5.504600000000000000e+04 7.995608478163956079e+01 1.005644259081061520e+01 3.753603678050766490e+01 4.145112142578577874e+01 8.521234229400151960e+00 2.686398018521436981e+01
5.504700000000000000e+04 9.498455296869904885e+01 1.005644259081061520e+01 3.560608305975165422e+01 3.917810660730881978e+01 7.960046289989414880e+00 2.509647466998194432e+01
5.504800000000000000e+04 7.790827259871863930e+01 1.005644259081061520e+01 3.364590736615071620e+01 3.699637456020138870e+01 7.409034476823465276e+00 2.342728885524403992e+01
5.505000000000000000e+04 5.246664990796760719e+01 1.005644259081061520e+01 2.941240235786517232e+01 3.286816798345234503e+01 6.288194800073795498e+00 2.034676735387665047e+01
5.505200000000000000e+04 5.878538048541577865e+01 1.005644259081061520e+01 2.487557966942617327e+01 2.909574819240035382e+01 5.167770414954748759e+00 1.761670391886676512e+01
5.505400000000000000e+04 5.235653365349924826e+01 1.005644259081061520e+01 2.057794035656124265e+01 2.575217824244770881e+01 4.157327640826142812e+00 1.525783756514261391e+01
5.505600000000000000e+04 6.067979638758306749e+01 1.005644259081061520e+01 1.686273665387547638e+01 2.332989022040368710e+01 3.315520380235053022e+00 1.353241892134784763e+01
5.505800000000000000e+04 2.727270112424349335e+01 1.005644259081061520e+01 1.373348494039680290e+01 2.129655950580020374e+01 2.629827455937498115e+00 1.209894302113407427e+01
5.506000000000000000e+04 3.988974705098950579e+01 1.005644259081061520e+01 1.103770688235169217e+01 1.952518804787610307e+01 2.059888564189253035e+00 1.086906482291032106e+01
5.506100000000000000e+04 2.726419882216329782e+01 1.005644259081061520e+01 9.854302220483216246e+00 1.861198871369309416e+01 1.815959130283463896e+00 1.025736495656825298e+01
5.506200000000000000e+04 2.121749712141755140e+01 1.005644259081061520e+01 8.773847310210515005e+00 1.775368463839802757e+01 1.596812745279095003e+00 9.687703065807063751e+00
5.506400000000000000e+04 3.122216597108520375e+01 1.005644259081061520e+01 6.880373304578839111e+00 1.616950382999086600e+01 1.221917543613490142e+00 8.652345799438604601e+00
5.506500000000000000e+04 1.177282381061854366e+01 1.005644259081061520e+01 6.058141251901791868e+00 1.542430804572855685e+01 1.063036946060080368e+00 8.174417322448755741e+00
5.506700000000000000e+04 3.035776218265404935e+01 1.005644259081061520e+01 4.662446188268678959e+00 1.397026237507811608e+01 7.990344961129509649e-01 7.264449261649479794e+00
5.506800000000000000e+04 3.313010579245953124e+01 1.005644259081061520e+01 4.072194934579261627e+00 1.323313590888926150e+01 6.898283870746817481e-01 6.816987383520122457e+00
5.506900000000000000e+04 7.323384698925170966e+00 1.005644259081061520e+01 3.541505153219504987e+00 1.247689495678101324e+01 5.930877954916861095e-01 6.368037031991533148e+00
5.507100000000000000e+04 1.614131350981213231e+01 1.005644259081061520e+01 2.654005720747765196e+00 1.095193208973061161e+01 4.345486239456022304e-01 5.488314753059690076e+00
5.507300000000000000e+04 2.340726027880707250e+01 1.005644259081061520e+01 1.972703626854850123e+00 9.290581339148376472e+00 3.159510589642119949e-01 4.572811605625031639e+00
5.507400000000000000e+04 1.943077758746991179e+01 1.005644259081061520e+01 1.697370172463700699e+00 8.474316637259397211e+00 2.689201451984696289e-01 4.134216331963799895e+00
5.507500000000000000e+04 3.476476586079420450e+00 1.005644259081061520e+01 1.455214349353684655e+00 7.692969185726750148e+00 2.280935985444418612e-01 3.720184334700300077e+00
5.507800000000000000e+04 1.278413717424362517e+01 1.005644259081061520e+01 9.093090589858411343e-01 5.628957880747865516e+00 1.381047141620609098e-01 2.652416304188042862e+00
5.508000000000000000e+04 -1.317630771691585423e+01 1.005644259081061520e+01 6.619432722265623514e-01 4.540975664716397908e+00 9.849760017656127020e-02 2.103861964749998759e+00
5.508100000000000000e+04 9.408514539893523931e+00 1.005644259081061520e+01 5.647175301347903131e-01 4.058039499146190110e+00 8.318738014801362046e-02 1.864479439074748779e+00
5.508200000000000000e+04 8.218986210509175550e+00 1.005644259081061520e+01 4.811482820647324798e-01 3.616505154375788678e+00 7.017301316464903682e-02 1.647910851351402695e+00
5.508400000000000000e+04 1.326082580493330809e+01 1.005644259081061520e+01 3.486920738096270234e-01 2.849735897734885004e+00 4.986444254227592049e-02 1.277450196223276269e+00
5.508500000000000000e+04 6.218085326816691349e+00 1.005644259081061520e+01 2.967528789390683208e-01 2.518225689657477950e+00 4.202762805578161287e-02 1.119758855288131238e+00
5.508800000000000000e+04 -9.568196733360223583e-02 1.005644259081061520e+01 1.844245010265603002e-01 1.699910349901717854e+00 2.538464199561750803e-02 7.380645840142919800e-01
5.508900000000000000e+04 2.689786364779268801e+00 1.005644259081061520e+01 1.573475465913943550e-01 1.483839020661594565e+00 2.145658115601357940e-02 6.392275968903607941e-01
5.509000000000000000e+04 -5.553523561062895908e+00 1.005644259081061520e+01 1.342492429284222466e-01 1.291027622978008660e+00 1.813835800367798873e-02 5.518627096597454873e-01
5.509100000000000000e+04 9.897848565850217994e+00 1.005644259081061520e+01 1.145729235570073085e-01 1.118563582297320114e+00 1.533876746194622574e-02 4.744702363933489542e-01
5.509300000000000000e+04 7.970944575567184387e+00 1.005644259081061520e+01 8.330239621936307015e-02 8.321432329108704451e-01 1.095262713745783802e-02 3.476388991564817732e-01
5.509500000000000000e+04 1.401434168905543309e+01 1.005644259081061520e+01 6.061911065571305712e-02 6.141835825417110151e-01 7.830004347216196550e-03 2.527608471713695959e-01
5.509600000000000000e+04 1.600448086318954743e+00 1.005644259081061520e+01 5.167742578224718275e-02 5.266532123566831647e-01 6.616827885050855125e-03 2.151361161587757309e-01
5.509700000000000000e+04 -6.200727185335709990e+00 1.005644259081061520e+01 4.406052011977518168e-02 4.500012986963585759e-01 5.592785077591702451e-03 1.824748788355535223e-01
5.509800000000000000e+04 3.259556350354747778e+00 1.005644259081061520e+01 3.759247750542656780e-02 3.835580901954571686e-01 4.730874821351913062e-03 1.543990379983322947e-01
5.509900000000000000e+04 -2.754773965517353318e+00 1.005644259081061520e+01 3.204481748838453048e-02 3.267989112636611182e-01 3.998454947828823484e-03 1.305994130454626312e-01
5.510100000000000000e+04 -5.637171635853102991e+00 1.005644259081061520e+01 2.328690402473654678e-02 2.369468182200839823e-01 2.857113554350843541e-03 9.334127170379516447e-02
5.510400000000000000e+04 6.960448479461387450e+00 1.005644259081061520e+01 1.442785796892738850e-02 1.455556708266416699e-01 1.726894476100850886e-03 5.613841053171924472e-02
5.510700000000000000e+04 -3.250681962146269655e+01 1.005644259081061520e+01 8.880328625181187902e-03 8.900106738116762839e-02 1.037530654529236849e-03 3.362210244462529585e-02
5.510800000000000000e+04 -1.260328480395971562e+00 1.005644259081061520e+01 7.555617388410459760e-03 7.566207582852986502e-02 8.757902202812570909e-04 2.838889232647826000e-02
5.510900000000000000e+04 -9.450499867204131377e+00 1.005644259081061520e+01 6.423812107259851273e-03 6.442866760217996758e-02 7.387683124515371895e-04 2.401098185151864448e-02
5.511000000000000000e+04 -6.867530356432361982e-01 1.005644259081061520e+01 5.460464413554038179e-03 5.485925750956893027e-02 6.230988444615148105e-04 2.030771359649400851e-02
5.511100000000000000e+04 2.423773374367413069e+01 1.005644259081061520e+01 4.644124886218293537e-03 4.668093796302314608e-02 5.258591276927242816e-04 1.716526492481086630e-02
5.511400000000000000e+04 -2.049757613454492500e+01 1.005644259081061520e+01 2.855781964768307722e-03 2.876933646180251242e-02 3.160519228810185948e-04 1.037181356327150986e-02
