5.497500000000000000e+04 -2.974997513273154759e+00 9.661007583056107961e+00 9.676860811788584593e-01 1.458879340350270093e-18 9.676860811788584593e-01 1.458879340350270093e-18
5.497600000000000000e+04 -7.939088747077077457e+00 9.661007583056107961e+00 2.014654457448330049e+00 1.458879319665053140e-18 2.014654457448330049e+00 1.458879319665053140e-18
5.497900000000000000e+04 -2.718225667508431975e+00 9.661007583056107961e+00 7.421511495175619366e+00 1.458879233475697024e-18 7.421511495175619366e+00 1.458879233475697024e-18
5.498000000000000000e+04 1.526183854893395875e+01 9.661007583056107961e+00 1.010928248076253944e+01 1.458879194246585025e-18 1.010928248076253944e+01 1.458879194246585025e-18
5.498100000000000000e+04 3.256784895373084510e+01 9.661007583056107961e+00 1.326427468792255127e+01 1.458879148210798260e-18 1.326427468792255127e+01 1.458879148210798260e-18
5.498200000000000000e+04 1.426095532583583214e+01 9.661007583056107961e+00 1.681188057541250913e+01 1.458879094187306028e-18 1.681188057541250913e+01 1.458879094187306028e-18
5.498400000000000000e+04 2.621296027011876362e+01 9.661007583056107961e+00 2.504964300095078400e+01 1.458878956392917053e-18 2.504964300095078400e+01 1.458878956392917053e-18
5.498500000000000000e+04 3.417814373433827058e+01 9.661007583056107961e+00 2.982457128805857849e+01 1.458878869086958948e-18 2.982457128805857849e+01 1.458878869086958948e-18
5.498700000000000000e+04 3.620750251243472917e+01 9.661007583056107961e+00 4.097582893337165899e+01 1.458878646401056061e-18 4.097582893337165899e+01 1.458878646401056061e-18
5.499000000000000000e+04 5.014835998106633497e+01 9.661007583056107961e+00 6.053040193995693841e+01 1.458878145431422993e-18 6.053040193995693841e+01 1.458878145431422993e-18
5.499200000000000000e+04 8.676035745631871521e+01 9.661007583056107961e+00 7.440742163840896239e+01 1.458877649835416619e-18 7.440742163840896239e+01 1.458877649835416619e-18
5.499300000000000000e+04 8.808641497383152341e+01 9.661007583056107961e+00 8.115791156796579742e+01 1.458877335827950478e-18 8.115791156796579742e+01 1.458877335827950478e-18
5.499400000000000000e+04 8.851343169322271365e+01 9.661007583056107961e+00 8.659722275531558466e+01 1.458876967336947338e-18 8.659722275531558466e+01 1.458876967336947338e-18
5.499600000000000000e+04 8.721305930881862878e+01 9.661007583056107961e+00 9.298895886639343189e+01 2.480027301376598325e-01 9.298895886639343189e+01 2.480027301376598325e-01
5.499700000000000000e+04 9.171702616792646268e+01 9.661007583056107961e+00 9.908701069488850521e+01 7.741488649430867675e-01 9.534931745081652821e+01 7.741488649430867675e-01
5.499800000000000000e+04 1.068326149217928247e+02 9.661007583056107961e+00 1.048817279490067449e+02 1.611723565958664173e+00 9.725679520493949326e+01 1.611723565958664173e+00
5.500000000000000000e+04 1.167571780247336051e+02 9.661007583056107961e+00 1.150162744382733138e+02 4.184087600156392028e+00 9.942624000542298290e+01 4.184087600156392028e+00
5.500200000000000000e+04 1.346539983898172181e+02 9.661007583056107961e+00 1.227509135273360812e+02 8.087425984610032259e+00 9.937735874946248771e+01 8.087425984610032259e+00
5.500300000000000000e+04 1.374062007722257306e+02 9.661007583056107961e+00 1.252596187895297817e+02 1.061141975033804385e+01 9.828909195663038645e+01 1.061141975033804385e+01
5.500400000000000000e+04 1.418107894006023173e+02 9.661007583056107961e+00 1.268125650468206800e+02 1.344950446033000979e+01 9.653818898204983157e+01 1.344950446033000979e+01
5.500500000000000000e+04 1.478193523618092513e+02 9.661007583056107961e+00 1.276713043326739410e+02 1.657394882118942192e+01 9.437559456880096320e+01 1.657394882118942192e+01
5.500900000000000000e+04 1.546504004224985636e+02 9.661007583056107961e+00 1.246194895276141210e+02 3.278066314669732861e+01 8.255133116561614770e+01 3.278066314669732861e+01
5.501200000000000000e+04 1.630738281170869470e+02 9.661007583056107961e+00 1.162245864670445599e+02 4.842432155196556209e+01 7.142612246008147281e+01 4.842432155196556209e+01
5.501300000000000000e+04 1.505279839234387396e+02 9.661007583056107961e+00 1.127405816179517757e+02 5.387147402998105150e+01 6.765517379857884350e+01 5.387147402998105150e+01
5.501400000000000000e+04 1.738543152081300320e+02 9.661007583056107961e+00 1.085083704648016010e+02 5.952593731072717276e+01 6.361888512242121152e+01 5.952593731072717276e+01
5.501600000000000000e+04 1.696345574091406263e+02 9.661007583056107961e+00 9.890031861710120609e+01 6.927777820425247057e+01 5.543739832797152900e+01 6.927777820425247057e+01
5.501700000000000000e+04 1.705366038855394777e+02 9.661007583056107961e+00 9.500752535193132076e+01 7.712808462329603287e+01 5.211031447560955598e+01 7.227144361253377269e+01
5.501800000000000000e+04 1.640533168374147976e+02 9.661007583056107961e+00 9.167343473956290723e+01 8.438933995042938818e+01 4.922327896239417555e+01 7.439116709311475972e+01
5.501900000000000000e+04 1.720803100350725288e+02 9.661007583056107961e+00 8.854483303004218442e+01 9.165739187912092234e+01 4.656333247267679099e+01 7.627945396065322825e+01
5.502000000000000000e+04 1.865493975453331359e+02 9.661007583056107961e+00 8.520923179758916888e+01 9.871953740482179285e+01 4.390417961541074021e+01 7.780543616395159745e+01
5.502100000000000000e+04 1.988326345789418212e+02 9.661007583056107961e+00 8.152256880733605726e+01 1.053936508040761311e+02 4.117301454915962466e+01 7.888746317670370445e+01
5.502200000000000000e+04 1.977684703185322519e+02 9.661007583056107961e+00 7.772193594533788996e+01 1.116119199804876274e+02 3.849145005216814042e+01 7.954099200433840622e+01
5.502500000000000000e+04 1.901042818677790081e+02 9.661007583056107961e+00 6.703268384352176668e+01 1.261874678176003926e+02 3.137059333747742329e+01 7.863127356530432621e+01
5.502900000000000000e+04 1.843817443713400905e+02 9.661007583056107961e+00 5.427041326341336713e+01 1.336892283032250361e+02 2.366167303078713857e+01 7.135419956406119013e+01
5.503100000000000000e+04 1.930099762657031590e+02 9.661007583056107961e+00 4.859795634831821332e+01 1.326104583844457920e+02 2.048817721261307412e+01 6.604106493249292953e+01
5.503200000000000000e+04 1.650694913706937257e+02 9.661007583056107961e+00 4.598712242133983352e+01 1.308637395398607737e+02 1.907229695642826428e+01 6.306078428096606103e+01
5.503300000000000000e+04 1.755544016903674276e+02 9.661007583056107961e+00 4.390406447345309005e+01 1.287186609589244028e+02 1.791710107470335345e+01 6.008152583967718385e+01
5.503400000000000000e+04 1.623485365670484271e+02 9.661007583056107961e+00 4.211288768323449716e+01 1.262585281502368417e+02 1.691552365168480421e+01 5.714089796806518251e+01
5.503500000000000000e+04 1.531164932793338380e+02 9.661007583056107961e+00 4.038176310501249588e+01 1.232298397636834437e+02 1.596874529619285887e+01 5.412413903886307764e+01
5.503600000000000000e+04 1.655120421293100605e+02 9.661007583056107961e+00 3.883760709784037601e+01 1.192981333815642557e+02 1.512367877641758973e+01 5.089510809793696922e+01
5.503700000000000000e+04 1.370045614447079458e+02 9.661007583056107961e+00 3.740780938757902163e+01 1.144915337907137456e+02 1.434788638676704053e+01 4.748321739827211729e+01
5.503900000000000000e+04 1.575132921994371031e+02 9.661007583056107961e+00 3.443397415919961446e+01 1.061216132232893301e+02 1.282170619571031622e+01 4.168825158048764479e+01
5.504000000000000000e+04 1.187931658141459934e+02 9.661007583056107961e+00 3.299631664213885074e+01 1.028884666183548120e+02 1.210962883225882791e+01 3.937862316991534328e+01
5.504200000000000000e+04 1.304495109715828960e+02 9.661007583056107961e+00 3.031781968123286575e+01 9.649084979156512532e+01 1.081543224929825442e+01 3.512334369232860354e+01
5.504400000000000000e+04 1.203475946489477764e+02 9.661007583056107961e+00 2.778838392412017555e+01 8.873356997626216014e+01 9.643386980885679804e+00 3.079316004173451304e+01
5.504500000000000000e+04 9.588611675458278683e+01 9.661007583056107961e+00 2.652250425428224645e+01 8.480563142159869017e+01 9.080561577061848411e+00 2.875937039527899231e+01
5.504600000000000000e+04 1.071754444287948616e+02 9.661007583056107961e+00 2.522285331902444483e+01 8.102176423860655063e+01 8.521234229400151960e+00 2.686398018521436981e+01
5.504700000000000000e+04 1.206572750454350000e+02 9.661007583056107961e+00 2.387377083293625546e+01 7.737745070248831780e+01 7.960046289989414880e+00 2.509647466998194432e+01
5.504800000000000000e+04 1.032972217502682923e+02 9.661007583056107961e+00 2.251161035438041580e+01 7.380533080956081449e+01 7.409034476823465276e+00 2.342728885524403992e+01
5.505000000000000000e+04 7.700608518179423356e+01 9.661007583056107961e+00 1.959904555287000605e+01 6.683506140401401296e+01 6.288194800073795498e+00 2.034676735387665047e+01
5.505200000000000000e+04 8.137185063518040806e+01 9.661007583056107961e+00 1.651206002986341304e+01 6.023503403938925516e+01 5.167770414954748759e+00 1.761670391886676512e+01
5.505400000000000000e+04 7.361912635161726826e+01 9.661007583056107961e+00 1.360942776500846385e+01 5.422025157149079178e+01 4.157327640826142812e+00 1.525783756514261391e+01
5.505600000000000000e+04 8.070276735057872486e+01 9.661007583056107961e+00 1.111362431454789501e+01 4.990756098193084966e+01 3.315520380235053022e+00 1.353241892134784763e+01
5.505800000000000000e+04 4.781604742546377906e+01 9.661007583056107961e+00 9.021360104847993000e+00 4.624699980398288801e+01 2.629827455937498115e+00 1.209894302113407427e+01
5.506000000000000000e+04 5.919455843355423497e+01 9.661007583056107961e+00 7.227736994027250894e+00 4.300671569129155358e+01 2.059888564189253035e+00 1.086906482291032106e+01
5.506100000000000000e+04 4.656383560421679846e+01 9.661007583056107961e+00 6.443022994245730217e+00 4.127563658523065016e+01 1.815959130283463896e+00 1.025736495656825298e+01
5.506200000000000000e+04 4.026118148699707433e+01 9.661007583056107961e+00 5.728086679865169728e+00 3.963433078282984923e+01 1.596812745279095003e+00 9.687703065807063751e+00
5.506400000000000000e+04 4.889135505108129109e+01 9.661007583056107961e+00 4.479060947869609066e+00 3.656135241010776582e+01 1.221917543613490142e+00 8.652345799438604601e+00
5.506500000000000000e+04 2.970165009086036179e+01 9.661007583056107961e+00 3.938339277763386104e+00 3.509113868180801177e+01 1.063036946060080368e+00 8.174417322448755741e+00
5.506700000000000000e+04 4.644808330024038412e+01 9.661007583056107961e+00 3.022907305694515490e+00 3.216116977117457765e+01 7.990344961129509649e-01 7.264449261649479794e+00
5.506800000000000000e+04 4.847758823926310612e+01 9.661007583056107961e+00 2.636800026754263726e+00 3.063826809649284044e+01 6.898283870746817481e-01 6.816987383520122457e+00
5.506900000000000000e+04 2.298559171275045898e+01 9.661007583056107961e+00 2.290267831070694982e+00 2.904843772513257960e+01 5.930877954916861095e-01 6.368037031991533148e+00
5.507100000000000000e+04 2.992092843111175782e+01 9.661007583056107961e+00 1.712121578345672690e+00 2.577312608036829999e+01 4.345486239456022304e-01 5.488314753059690076e+00
5.507300000000000000e+04 3.502458217763827264e+01 9.661007583056107961e+00 1.269617735341789233e+00 2.208850917981115103e+01 3.159510589642119949e-01 4.572811605625031639e+00
5.507400000000000000e+04 3.023391717549880298e+01 9.661007583056107961e+00 1.091170381157310354e+00 2.024773790742590407e+01 2.689201451984696289e-01 4.134216331963799895e+00
5.507500000000000000e+04 1.395573845386033618e+01 9.661007583056107961e+00 9.344538545168696864e-01 1.846997118492005185e+01 2.280935985444418612e-01 3.720184334700300077e+00
5.507800000000000000e+04 2.028574497649561792e+01 9.661007583056107961e+00 5.820285073645893315e-01 1.370344359395710221e+01 1.381047141620609098e-01 2.652416304188042862e+00
5.508000000000000000e+04 -6.081544794872566939e+00 9.661007583056107961e+00 4.228304980379422040e-01 1.115215150274679345e+01 9.849760017656127020e-02 2.103861964749998759e+00
5.508100000000000000e+04 1.496646742067976632e+01 9.661007583056107961e+00 3.603677308011949965e-01 1.000852562895325093e+01 8.318738014801362046e-02 1.864479439074748779e+00
5.508200000000000000e+04 1.322274087573937962e+01 9.661007583056107961e+00 3.067402751453138787e-01 8.956725059265144395e+00 7.017301316464903682e-02 1.647910851351402695e+00
5.508400000000000000e+04 1.700349209262896366e+01 9.661007583056107961e+00 2.218768235361109620e-01 7.114886612885158890e+00 4.986444254227592049e-02 1.277450196223276269e+00
5.508500000000000000e+04 9.769801624949218777e+00 9.661007583056107961e+00 1.886536168167924632e-01 6.311856715488138647e+00 4.202762805578161287e-02 1.119758855288131238e+00
5.508800000000000000e+04 2.523888613471971354e+00 9.661007583056107961e+00 1.169318148886124703e-01 4.309116267309041959e+00 2.538464199561750803e-02 7.380645840142919800e-01
5.508900000000000000e+04 4.882068407595285819e+00 9.661007583056107961e+00 9.967869341837667929e-02 3.775022496195714616e+00 2.145658115601357940e-02 6.392275968903607941e-01
5.509000000000000000e+04 -3.323242937479585102e+00 9.661007583056107961e+00 8.497457957563064879e-02 3.296165592255727361e+00 1.813835800367798873e-02 5.518627096597454873e-01
5.509100000000000000e+04 1.126226263270815409e+01 9.661007583056107961e+00 7.246033749023396420e-02 2.865800227815828105e+00 1.533876746194622574e-02 4.744702363933489542e-01
5.509300000000000000e+04 8.977126238882743081e+00 9.661007583056107961e+00 5.259889656492752058e-02 2.146461618951780892e+00 1.095262713745783802e-02 3.476388991564817732e-01
5.509500000000000000e+04 1.444784183464777527e+01 9.661007583056107961e+00 3.821668521789280126e-02 1.594617632634736548e+00 7.830004347216196550e-03 2.527608471713695959e-01
5.509600000000000000e+04 2.386188865738691600e+00 9.661007583056107961e+00 3.255479319445020447e-02 1.371707876628354139e+00 6.616827885050855125e-03 2.151361161587757309e-01
5.509700000000000000e+04 -5.228081579542648960e+00 9.661007583056107961e+00 2.773573975679277312e-02 1.175722139313238657e+00 5.592785077591702451e-03 1.824748788355535223e-01
5.509800000000000000e+04 3.755641541895598845e+00 9.661007583056107961e+00 2.364680470704540530e-02 1.005199496984342522e+00 4.730874821351913062e-03 1.543990379983322947e-01
5.509900000000000000e+04 -2.112012074312609844e+00 9.661007583056107961e+00 2.014261664518247896e-02 8.590306992478349279e-01 3.998454947828823484e-03 1.305994130454626312e-01
5.510100000000000000e+04 -5.024386572584932154e+00 9.661007583056107961e+00 1.461699294405891317e-02 6.265066156758731797e-01 2.857113554350843541e-03 9.334127170379516447e-02
5.510400000000000000e+04 6.930216452068639121e+00 9.661007583056107961e+00 9.037874930121413478e-03 3.881185150520941041e-01 1.726894476100850886e-03 5.613841053171924472e-02
5.510700000000000000e+04 -3.107785330239430621e+01 9.661007583056107961e+00 5.552034038516851129e-03 2.392279833139978884e-01 1.037530654529236849e-03 3.362210244462529585e-02
5.510800000000000000e+04 -1.082094602681660245e+00 9.661007583056107961e+00 4.720859603404087973e-03 2.039003802456974268e-01 8.757902202812570909e-04 2.838889232647826000e-02
5.510900000000000000e+04 -8.968876691671971102e+00 9.661007583056107961e+00 4.011216429286866211e-03 1.740700140307695487e-01 7.387683124515371895e-04 2.401098185151864448e-02
5.511000000000000000e+04 -5.657016097223128703e-01 9.661007583056107961e+00 3.407602960591131405e-03 1.485874788428273585e-01 6.230988444615148105e-04 2.030771359649400851e-02
5.511100000000000000e+04 2.336500611611233680e+01 9.661007583056107961e+00 2.896432075331525739e-03 1.267483162048034240e-01 5.258591276927242816e-04 1.716526492481086630e-02
5.511400000000000000e+04 -1.964150662954381588e+01 9.661007583056107961e+00 1.777981697359458466e-03 7.867642896555236687e-02 3.160519228810185948e-04 1.037181356327150986e-02
