5.497500000000000000e+04 -2.796004615103615976e+00 9.222409936275006714e+00 9.676860811788584593e-01 1.458879295390727262e-18 9.676860811788584593e-01 1.458879295390727262e-18
5.497600000000000000e+04 -7.487201269644087276e+00 9.222409936275006714e+00 2.014654457448330049e+00 1.458879266904542626e-18 2.014654457448330049e+00 1.458879266904542626e-18
5.497900000000000000e+04 -2.257894297276208384e+00 9.222409936275006714e+00 7.421511495175619366e+00 1.458879148210798260e-18 7.421511495175619366e+00 1.458879148210798260e-18
5.498000000000000000e+04 1.502791895545685819e+01 9.222409936275006714e+00 1.010928248076253944e+01 1.458879094187306028e-18 1.010928248076253944e+01 1.458879094187306028e-18
5.498100000000000000e+04 3.169149085395078558e+01 9.222409936275006714e+00 1.326427468792255127e+01 1.458879030790155216e-18 1.326427468792255127e+01 1.458879030790155216e-18
5.498200000000000000e+04 1.437676413790436492e+01 9.222409936275006714e+00 1.681188057541250913e+01 1.458878956392917053e-18 1.681188057541250913e+01 1.458878956392917053e-18
5.498400000000000000e+04 2.616014712280152565e+01 9.222409936275006714e+00 2.504964300095078400e+01 1.458878766632481191e-18 2.504964300095078400e+01 1.458878766632481191e-18
5.498500000000000000e+04 3.398049699680975522e+01 9.222409936275006714e+00 2.982457128805857849e+01 1.458878646401056061e-18 2.982457128805857849e+01 1.458878646401056061e-18
5.498700000000000000e+04 3.642397856105878873e+01 9.222409936275006714e+00 4.097582893337165899e+01 1.458878339734227992e-18 4.097582893337165899e+01 1.458878339734227992e-18
5.499000000000000000e+04 5.061969168563287269e+01 9.222409936275006714e+00 6.053040193995693841e+01 1.458877649835416619e-18 6.053040193995693841e+01 1.458877649835416619e-18
5.499200000000000000e+04 8.619954963850108243e+01 9.222409936275006714e+00 7.440742163840896239e+01 1.458876967336947338e-18 7.440742163840896239e+01 1.458876967336947338e-18
5.499300000000000000e+04 8.777659753793503228e+01 9.222409936275006714e+00 8.115791156796579742e+01 4.727942875087466634e-03 8.115791156796579742e+01 4.727942875087466634e-03
5.499400000000000000e+04 8.867444093705145747e+01 9.222409936275006714e+00 8.659722275531558466e+01 2.480027301376598325e-01 8.659722275531558466e+01 2.480027301376598325e-01
5.499600000000000000e+04 8.885025776538634545e+01 9.222409936275006714e+00 9.298895886639343189e+01 1.611723565958664173e+00 9.298895886639343189e+01 1.611723565958664173e+00
5.499700000000000000e+04 9.296957227314442207e+01 9.222409936275006714e+00 9.799049354420412783e+01 2.753478662916496678e+00 9.534931745081652821e+01 2.753478662916496678e+00
5.499800000000000000e+04 1.071526750723065646e+02 9.222409936275006714e+00 1.026448216592931431e+02 4.184087600156392028e+00 9.725679520493949326e+01 4.184087600156392028e+00
5.500000000000000000e+04 1.161978268638106186e+02 9.222409936275006714e+00 1.104426673980238292e+02 8.087425984610032259e+00 9.942624000542298290e+01 8.087425984610032259e+00
5.500200000000000000e+04 1.329858129767274875e+02 9.222409936275006714e+00 1.158938757736231366e+02 1.344950446033000979e+01 9.937735874946248771e+01 1.344950446033000979e+01
5.500300000000000000e+04 1.353867634975456156e+02 9.222409936275006714e+00 1.173473468870210183e+02 1.657394882118942192e+01 9.828909195663038645e+01 1.657394882118942192e+01
5.500400000000000000e+04 1.394491760108248570e+02 9.222409936275006714e+00 1.179310516604720789e+02 2.003971440076062649e+01 9.653818898204983157e+01 2.003971440076062649e+01
5.500500000000000000e+04 1.451749269046331676e+02 9.222409936275006714e+00 1.179034302948030586e+02 2.385965703044686492e+01 9.437559456880096320e+01 2.385965703044686492e+01
5.500900000000000000e+04 1.528298921668073547e+02 9.222409936275006714e+00 1.122780655183545377e+02 4.317674359126633732e+01 8.255133116561614770e+01 4.317674359126633732e+01
5.501200000000000000e+04 1.611045439984297900e+02 9.222409936275006714e+00 1.030821799343895862e+02 5.952593731072717276e+01 7.142612246008147281e+01 5.952593731072717276e+01
5.501300000000000000e+04 1.490864493860655671e+02 9.222409936275006714e+00 9.951399514032958393e+01 6.492632925437264646e+01 6.765517379857884350e+01 6.492632925437264646e+01
5.501400000000000000e+04 1.701728258316728670e+02 9.222409936275006714e+00 9.533926124446041683e+01 6.927777820425247057e+01 6.361888512242121152e+01 6.927777820425247057e+01
5.501600000000000000e+04 1.709920673476016475e+02 9.222409936275006714e+00 8.614971700166772450e+01 8.345201124505612711e+01 5.543739832797152900e+01 7.439116709311475972e+01
5.501700000000000000e+04 1.711121813898487005e+02 9.222409936275006714e+00 8.242288440607163125e+01 9.021571019926457780e+01 5.211031447560955598e+01 7.627945396065322825e+01
5.501800000000000000e+04 1.645145420712836710e+02 9.222409936275006714e+00 7.921994516207718107e+01 9.675884041349021913e+01 4.922327896239417555e+01 7.780543616395159745e+01
5.501900000000000000e+04 1.713843371959807484e+02 9.222409936275006714e+00 7.622883159101917272e+01 1.029086957140099798e+02 4.656333247267679099e+01 7.888746317670370445e+01
5.502000000000000000e+04 1.841986038041572726e+02 9.222409936275006714e+00 7.309167822373581203e+01 1.086052704827236397e+02 4.390417961541074021e+01 7.954099200433840622e+01
5.502100000000000000e+04 1.948545706244146061e+02 9.222409936275006714e+00 6.968532712445265531e+01 1.137938188502529755e+02 4.117301454915962466e+01 7.978252741376498136e+01
5.502200000000000000e+04 1.924998921865811212e+02 9.222409936275006714e+00 6.621299237973961738e+01 1.182352063457605027e+02 3.849145005216814042e+01 7.950188699956999017e+01
5.502500000000000000e+04 1.796744220554158460e+02 9.222409936275006714e+00 5.657059096547304478e+01 1.260782442963526080e+02 3.137059333747742329e+01 7.550047565504078761e+01
5.502900000000000000e+04 1.682449209536891033e+02 9.222409936275006714e+00 4.529080834822966040e+01 1.263695777483251987e+02 2.366167303078713857e+01 6.604106493249292953e+01
5.503100000000000000e+04 1.739011799789661268e+02 9.222409936275006714e+00 4.035146502024145576e+01 1.222839295414949987e+02 2.048817721261307412e+01 6.008152583967718385e+01
5.503200000000000000e+04 1.466234306837359895e+02 9.222409936275006714e+00 3.809119148137853017e+01 1.197787503206582329e+02 1.907229695642826428e+01 5.714089796806518251e+01
5.503300000000000000e+04 1.558301001138132449e+02 9.222409936275006714e+00 3.628033796616680462e+01 1.167511803207315353e+02 1.791710107470335345e+01 5.412413903886307764e+01
5.503400000000000000e+04 1.418567055191107045e+02 9.222409936275006714e+00 3.472080384744823078e+01 1.128853497612241910e+02 1.691552365168480421e+01 5.089510809793696922e+01
5.503500000000000000e+04 1.314106402126371904e+02 9.222409936275006714e+00 3.321978083967000828e+01 1.082095041289223474e+02 1.596874529619285887e+01 4.748321739827211729e+01
5.503600000000000000e+04 1.426920813385048348e+02 9.222409936275006714e+00 3.188071486068827554e+01 1.037699396862302592e+02 1.512367877641758973e+01 4.434991866237722746e+01
5.503700000000000000e+04 1.165051892314064048e+02 9.222409936275006714e+00 3.064278095621837039e+01 1.000809855692766916e+02 1.434788638676704053e+01 4.168825158048764479e+01
5.503900000000000000e+04 1.382462916279370972e+02 9.222409936275006714e+00 2.809364044542087058e+01 9.396480492986177069e+01 1.282170619571031622e+01 3.725066597814144131e+01
5.504000000000000000e+04 1.012908111314132924e+02 9.222409936275006714e+00 2.686884445301588187e+01 9.073764609476171472e+01 1.210962883225882791e+01 3.512334369232860354e+01
5.504200000000000000e+04 1.113736644200470352e+02 9.222409936275006714e+00 2.459645602135408993e+01 8.330165654490021154e+01 1.081543224929825442e+01 3.079316004173451304e+01
5.504400000000000000e+04 1.020616677433107071e+02 9.222409936275006714e+00 2.246523431067127774e+01 7.594447198360101936e+01 9.643386980885679804e+00 2.686398018521436981e+01
5.504500000000000000e+04 7.914074640631989155e+01 9.222409936275006714e+00 2.140560780560789311e+01 7.247610919944085595e+01 9.080561577061848411e+00 2.509647466998194432e+01
5.504600000000000000e+04 9.029410151025513187e+01 9.222409936275006714e+00 2.032314363711936167e+01 6.908238937634362742e+01 8.521234229400151960e+00 2.342728885524403992e+01
5.504700000000000000e+04 1.034788166431790586e+02 9.222409936275006714e+00 1.920520368385746224e+01 6.574856997845375872e+01 7.960046289989414880e+00 2.184555602832633170e+01
5.504800000000000000e+04 8.722117616245142813e+01 9.222409936275006714e+00 1.808100773723998245e+01 6.247678383681365233e+01 7.409034476823465276e+00 2.034676735387665047e+01
5.505000000000000000e+04 6.293364078036833575e+01 9.222409936275006714e+00 1.569407658202418077e+01 5.623956559059025295e+01 6.288194800073795498e+00 1.761670391886676512e+01
5.505200000000000000e+04 6.816633954997149658e+01 9.222409936275006714e+00 1.318401588263255242e+01 5.056752525839564782e+01 5.167770414954748759e+00 1.525783756514261391e+01
5.505400000000000000e+04 6.286049501249143390e+01 9.222409936275006714e+00 1.083649022857742672e+01 4.649739141375119544e+01 4.157327640826142812e+00 1.353241892134784763e+01
5.505600000000000000e+04 7.065959760684840774e+01 9.222409936275006714e+00 8.825915252185710713e+00 4.304561948059081544e+01 3.315520380235053022e+00 1.209894302113407427e+01
5.505800000000000000e+04 4.002611722275600670e+01 9.222409936275006714e+00 7.146293128764558134e+00 3.999381092238081692e+01 2.629827455937498115e+00 1.086906482291032106e+01
5.506000000000000000e+04 5.109182161223058927e+01 9.222409936275006714e+00 5.711659010783961321e+00 3.682683443435897175e+01 2.059888564189253035e+00 9.687703065807063751e+00
5.506100000000000000e+04 3.935105114564269257e+01 9.222409936275006714e+00 5.085593544358840923e+00 3.536785401413435892e+01 1.815959130283463896e+00 9.157200117581325571e+00
5.506200000000000000e+04 3.359134259639962750e+01 9.222409936275006714e+00 4.516105806198337014e+00 3.394488304035753856e+01 1.596812745279095003e+00 8.652345799438604601e+00
5.506400000000000000e+04 4.222404047007655947e+01 9.222409936275006714e+00 3.523521428763860097e+00 3.120600027014605971e+01 1.221917543613490142e+00 7.714709584708543844e+00
5.506500000000000000e+04 2.401756552071692852e+01 9.222409936275006714e+00 3.094819461064711952e+00 2.982710222340660522e+01 1.063036946060080368e+00 7.264449261649479794e+00
5.506700000000000000e+04 4.004528024535968456e+01 9.222409936275006714e+00 2.370495639618291239e+00 2.692215016015060769e+01 7.990344961129509649e-01 6.368037031991533148e+00
5.506800000000000000e+04 4.199747506740725100e+01 9.222409936275006714e+00 2.065622122256427051e+00 2.541950820584409598e+01 6.898283870746817481e-01 5.927227581458772931e+00
5.506900000000000000e+04 1.768990271048012985e+01 9.222409936275006714e+00 1.792370626755424690e+00 2.387142501843312559e+01 5.930877954916861095e-01 5.488314753059690076e+00
5.507100000000000000e+04 2.410883983770812478e+01 9.222409936275006714e+00 1.337323390192590722e+00 2.044641253223120714e+01 4.345486239456022304e-01 4.572811605625031639e+00
5.507300000000000000e+04 2.921383454261565760e+01 9.222409936275006714e+00 9.898430726289796366e-01 1.708717866771194593e+01 3.159510589642119949e-01 3.720184334700300077e+00
5.507400000000000000e+04 2.481969790499578821e+01 9.222409936275006714e+00 8.499490109142830985e-01 1.547856227232389692e+01 2.689201451984696289e-01 3.325862112660915137e+00
5.507500000000000000e+04 9.519494732103661150e+00 9.222409936275006714e+00 7.272308202392441245e-01 1.399358694928760194e+01 2.280935985444418612e-01 2.967949892741649442e+00
5.507800000000000000e+04 1.648353812063714940e+01 9.222409936275006714e+00 4.517957619097660027e-01 1.030387435855959488e+01 1.381047141620609098e-01 2.103861964749998759e+00
5.508000000000000000e+04 -8.255737045052745415e+00 9.222409936275006714e+00 3.276818162673840185e-01 8.271523727273230264e+00 9.849760017656127020e-02 1.647910851351402695e+00
5.508100000000000000e+04 1.204839575799988438e+01 9.222409936275006714e+00 2.790520667065116700e-01 7.380493735663267607e+00 8.318738014801362046e-02 1.452767304226771250e+00
5.508200000000000000e+04 1.058449550349615187e+01 9.222409936275006714e+00 2.373391651254759538e-01 6.567626948823108712e+00 7.017301316464903682e-02 1.277450196223276269e+00
5.508400000000000000e+04 1.454404691318299037e+01 9.222409936275006714e+00 1.714140076833276793e-01 5.144761625630239088e+00 4.986444254227592049e-02 9.775340348907921584e-01
5.508500000000000000e+04 7.794109818961765690e+00 9.222409936275006714e+00 1.456383395017000204e-01 4.527601917703410805e+00 4.202762805578161287e-02 8.504295568480645384e-01
5.508800000000000000e+04 1.313158249944715417e+00 9.222409936275006714e+00 9.007486365724916288e-02 3.038887197012354768e+00 2.538464199561750803e-02 5.518627096597454873e-01
5.508900000000000000e+04 3.679977928699561751e+00 9.222409936275006714e+00 7.673087987202015237e-02 2.641613041119970529e+00 2.145658115601357940e-02 4.744702363933489542e-01
5.509000000000000000e+04 -4.046774860515826688e+00 9.222409936275006714e+00 6.536701457365473589e-02 2.287870636270585400e+00 1.813835800367798873e-02 4.064868588356523871e-01
5.509100000000000000e+04 9.979627519845735151e+00 9.222409936275006714e+00 5.570273403805772044e-02 1.977821988970971834e+00 1.533876746194622574e-02 3.476388991564817732e-01
5.509300000000000000e+04 7.979549826992883510e+00 9.222409936275006714e+00 4.038124099309330084e-02 1.468818558997546209e+00 1.095262713745783802e-02 2.527608471713695959e-01
5.509500000000000000e+04 1.334512965636520043e+01 9.222409936275006714e+00 2.930222526858716758e-02 1.082605208643455441e+00 7.830004347216196550e-03 1.824748788355535223e-01
5.509600000000000000e+04 1.887730371267890117e+00 9.222409936275006714e+00 2.494544112664172364e-02 9.254369539544041734e-01 6.616827885050855125e-03 1.543990379983322947e-01
5.509700000000000000e+04 -5.327575634693832107e+00 9.222409936275006714e+00 2.123971988917000911e-02 7.907402661663626153e-01 5.592785077591702451e-03 1.305994130454626312e-01
5.509800000000000000e+04 3.296774191270351206e+00 9.222409936275006714e+00 1.809748854159960729e-02 6.756745519435999325e-01 4.730874821351913062e-03 1.104837713296487195e-01
5.509900000000000000e+04 -2.263460507607221395e+00 9.222409936275006714e+00 1.540644675947923890e-02 5.765223646784908285e-01 3.998454947828823484e-03 9.334127170379516447e-02
5.510100000000000000e+04 -4.977984823879740617e+00 9.222409936275006714e+00 1.116702832718027144e-02 4.191512611089874274e-01 2.857113554350843541e-03 6.654990411841091302e-02
5.510400000000000000e+04 6.501897549633243401e+00 9.222409936275006714e+00 6.893071990804156349e-03 2.585371616931921857e-01 1.726894476100850886e-03 3.989155403382074055e-02
5.510700000000000000e+04 -2.973639538323181242e+01 9.222409936275006714e+00 4.227626158010281028e-03 1.600019797639647690e-01 1.037530654529236849e-03 2.401098185151864448e-02
5.510800000000000000e+04 -1.091964866860364758e+00 9.222409936275006714e+00 3.592841799681828398e-03 1.365612508509836398e-01 8.757902202812570909e-04 2.030771359649400851e-02
5.510900000000000000e+04 -8.612171394110614386e+00 9.222409936275006714e+00 3.051187007256094073e-03 1.164749051473041447e-01 7.387683124515371895e-04 1.716526492481086630e-02
5.511000000000000000e+04 -5.831774766638668783e-01 9.222409936275006714e+00 2.590720375502085938e-03 9.934596338910478552e-02 6.230988444615148105e-04 1.451068640294239306e-02
5.511100000000000000e+04 2.226746561516516465e+01 9.222409936275006714e+00 2.200983378957896853e-03 8.475957479192093580e-02 5.258591276927242816e-04 1.227101396955698233e-02
5.511400000000000000e+04 -1.877275480222048998e+01 9.222409936275006714e+00 1.349099238009915901e-03 5.250480331336469103e-02 3.160519228810185948e-04 7.405472963803201060e-03
