5.497600000000000000e+04 -2.522937494596556363e+00 4.272921818188030407e+00 1.164140563987932975e+00 8.960306594403884616e-19 1.164140563987932975e+00 8.960306594403884616e-19
5.497900000000000000e+04 4.192601365775638911e+00 4.272921818188030407e+00 4.289077145657377521e+00 8.960306593371694018e-19 4.289077145657377521e+00 8.960306593371694018e-19
5.498300000000000000e+04 1.217745305692387703e+01 4.272921818188030407e+00 1.143383206421574805e+01 8.960306590944363620e-19 1.143383206421574805e+01 8.960306590944363620e-19
5.499200000000000000e+04 4.011923502782917694e+01 4.272921818188030407e+00 3.733751665722944324e+01 8.960306574406249113e-19 3.733751665722944324e+01 8.960306574406249113e-19
5.499500000000000000e+04 4.312040237085410865e+01 4.272921818188030407e+00 4.526446668391263017e+01 4.470698795328594821e-01 4.526446668391263017e+01 4.470698795328594821e-01
5.499600000000000000e+04 3.896911990672683856e+01 4.272921818188030407e+00 4.750204251648135312e+01 9.313124511903465574e-01 4.750204251648135312e+01 9.313124511903465574e-01
5.499800000000000000e+04 5.320809480594166274e+01 4.272921818188030407e+00 5.133933107419673547e+01 2.426487086150368899e+00 5.091672227927872996e+01 2.426487086150368899e+00
5.500200000000000000e+04 6.285368277005051141e+01 4.272921818188030407e+00 5.605119289653529790e+01 7.442956887355959950e+00 5.381775602163734362e+01 7.442956887355959950e+00
5.500700000000000000e+04 7.485272569141926624e+01 4.272921818188030407e+00 5.643103835287060122e+01 1.763684900154167678e+01 5.210622193247517231e+01 1.763684900154167678e+01
5.501100000000000000e+04 7.746340495145520322e+01 4.272921818188030407e+00 5.345554677354331830e+01 2.752955409036710677e+01 4.789065290588005297e+01 2.752955409036710677e+01
5.501600000000000000e+04 8.306162342615805017e+01 4.272921818188030407e+00 4.667396868990392278e+01 3.878446767385669602e+01 4.031611703369087962e+01 3.800163401318508249e+01
5.502200000000000000e+04 8.698129782853438030e+01 4.272921818188030407e+00 3.827463095793200409e+01 4.660187129425622032e+01 3.169741694238675578e+01 4.305420481730988058e+01
5.502800000000000000e+04 8.107489906716629946e+01 4.272921818188030407e+00 3.310052133813628927e+01 4.691771809553633688e+01 2.632666932167046880e+01 4.100482266696061373e+01
5.503000000000000000e+04 7.798859983520947026e+01 4.272921818188030407e+00 3.188221413296672679e+01 4.578954530223617780e+01 2.502725028100064719e+01 3.931107941469451816e+01
5.503300000000000000e+04 7.219421783338940202e+01 4.272921818188030407e+00 3.005247301329474041e+01 4.293637825445604506e+01 2.313864568316503068e+01 3.590898908961783320e+01
5.503800000000000000e+04 7.091497160943950462e+01 4.272921818188030407e+00 2.617750680415279874e+01 3.710504765236313318e+01 1.953108020902245556e+01 2.975067964429372225e+01
5.504200000000000000e+04 6.926938801115295519e+01 4.272921818188030407e+00 2.275727613330874988e+01 3.267116159085687599e+01 1.656882135661357935e+01 2.535793355390940462e+01
5.504400000000000000e+04 4.815160135564706678e+01 4.272921818188030407e+00 2.108858188926991417e+01 3.098005478271676694e+01 1.517055024046465839e+01 2.366696316479508511e+01
5.504600000000000000e+04 4.416535228988649209e+01 4.272921818188030407e+00 1.956022205626315369e+01 2.961356548048470216e+01 1.390504162668881349e+01 2.227253721456430569e+01
5.505000000000000000e+04 4.500942484916063080e+01 4.272921818188030407e+00 1.711214545794200959e+01 2.744588374815655385e+01 1.188425964160150627e+01 2.002180022480052202e+01
5.505600000000000000e+04 4.135880880619860278e+01 4.272921818188030407e+00 1.482374425964091813e+01 2.409359103498677968e+01 9.950825172612551839e+00 1.681808671994051352e+01
5.505900000000000000e+04 3.548278346795478910e+01 4.272921818188030407e+00 1.392773532743040299e+01 2.200184453714448196e+01 9.195652533626304859e+00 1.503371680023538381e+01
5.506300000000000000e+04 3.451038803306744285e+01 4.272921818188030407e+00 1.295119734197186823e+01 1.908426026891646643e+01 8.367487622413662507e+00 1.268309979990460690e+01
5.506500000000000000e+04 2.460456286830616790e+01 4.272921818188030407e+00 1.253110179519172362e+01 1.771908863596386396e+01 8.010164788539839265e+00 1.161678924537065605e+01
5.506700000000000000e+04 3.504987307129736962e+01 4.272921818188030407e+00 1.212651650490148292e+01 1.649512493557565662e+01 7.670155917078735897e+00 1.067024059484808518e+01
5.507000000000000000e+04 2.521928924695997054e+01 4.272921818188030407e+00 1.156321169359384449e+01 1.499128048230180887e+01 7.200455628366551508e+00 9.507407713281207151e+00
5.507400000000000000e+04 2.310668473601179329e+01 4.272921818188030407e+00 1.082413826530773271e+01 1.361655642822002577e+01 6.603708294373577203e+00 8.415671463671214880e+00
5.507900000000000000e+04 2.511052538401699508e+01 4.272921818188030407e+00 9.815472466325255496e+00 1.228171352391129290e+01 5.840457257125583723e+00 7.356522026901044953e+00
5.508300000000000000e+04 1.789118533679166489e+01 4.272921818188030407e+00 8.834894822137480119e+00 1.145140886053044227e+01 5.155149271873892936e+00 6.693990097930931249e+00
5.509100000000000000e+04 1.904887867574348803e+01 4.272921818188030407e+00 6.154343660916092418e+00 1.011599420263847193e+01 3.457107999615824934e+00 5.641623000746457173e+00
