5.497400000000000000e+04 3.564689161595226086e+00 7.076683777182807944e+00 2.872527343123094101e-01 1.361878786922353313e-18 2.872527343123094101e-01 1.361878786922353313e-18
5.497600000000000000e+04 -4.952523515031995061e+00 7.076683777182807944e+00 1.958814406946931541e+00 1.361878729124037428e-18 1.958814406946931541e+00 1.361878729124037428e-18
5.498000000000000000e+04 1.045033466257095611e+01 7.076683777182807944e+00 9.740658635389692677e+00 1.361878539915005324e-18 9.740658635389692677e+00 1.361878539915005324e-18
5.498100000000000000e+04 7.474107330144878603e+00 7.076683777182807944e+00 1.261836908227294352e+01 1.361878470464420193e-18 1.261836908227294352e+01 1.361878470464420193e-18
5.498500000000000000e+04 2.985424513489135023e+01 7.076683777182807944e+00 2.761301931683333422e+01 1.361878049372206945e-18 2.761301931683333422e+01 1.361878049372206945e-18
5.498700000000000000e+04 3.248068559566763724e+01 7.076683777182807944e+00 3.698113532148148863e+01 1.361877713423546935e-18 3.698113532148148863e+01 1.361877713423546935e-18
5.498800000000000000e+04 4.746907519972140221e+01 7.076683777182807944e+00 4.209516568424355398e+01 1.361877500567910188e-18 4.209516568424355398e+01 1.361877500567910188e-18
5.498900000000000000e+04 5.008680325937029920e+01 7.076683777182807944e+00 4.711547825657126509e+01 1.361877250779591196e-18 4.711547825657126509e+01 1.361877250779591196e-18
5.499300000000000000e+04 6.661236049318824826e+01 7.076683777182807944e+00 6.549985504210982867e+01 -1.940482729049532867e-02 6.549985504210982867e+01 -1.940482729049532867e-02
5.499500000000000000e+04 6.510477482815272765e+01 7.076683777182807944e+00 6.925870503056015082e+01 1.172809985443463487e+00 6.925870503056015082e+01 1.172809985443463487e+00
5.499700000000000000e+04 8.725489258304422435e+01 7.076683777182807944e+00 7.457003354548812979e+01 4.188406388058739438e+00 6.841287481237441170e+01 4.188406388058739438e+00
5.499900000000000000e+04 8.720939016585106174e+01 7.076683777182807944e+00 7.675641500426864638e+01 9.046702486275524535e+00 6.504780932565140006e+01 9.046702486275524535e+00
5.500000000000000000e+04 1.012358836664319881e+02 7.076683777182807944e+00 7.742977792928846270e+01 1.217582329423711585e+01 6.320798198309262261e+01 1.217582329423711585e+01
5.500200000000000000e+04 9.437410809204384066e+01 7.076683777182807944e+00 7.777073697113253559e+01 1.983239277984976923e+01 5.914124484496770862e+01 1.983239277984976923e+01
5.500300000000000000e+04 9.087794981155307994e+01 7.076683777182807944e+00 7.654726045620641628e+01 2.434500671405781702e+01 5.628475033544589223e+01 2.434500671405781702e+01
5.500500000000000000e+04 1.103568961456131490e+02 7.076683777182807944e+00 7.250912717690557940e+01 3.451627414604166688e+01 5.000629460476246635e+01 3.451627414604166688e+01
5.500700000000000000e+04 1.201758845647098468e+02 7.076683777182807944e+00 6.861229691973812805e+01 4.622641915185185724e+01 4.455343955827151348e+01 4.622641915185185724e+01
5.500900000000000000e+04 1.213383264641658172e+02 7.076683777182807944e+00 6.418577169178358588e+01 5.889434782071408847e+01 3.937777404403901471e+01 5.889434782071408847e+01
5.501000000000000000e+04 1.267999965846769044e+02 7.076683777182807944e+00 6.174778233739241529e+01 6.489662410672829651e+01 3.686434766411487374e+01 6.489662410672829651e+01
5.501300000000000000e+04 1.347701458138963346e+02 7.076683777182807944e+00 5.426347408240056325e+01 8.187481880263729295e+01 2.997981993502793685e+01 8.187481880263729295e+01
5.501600000000000000e+04 1.359513032599092526e+02 7.076683777182807944e+00 4.432913695178363866e+01 9.644782064048186498e+01 2.279133005233092391e+01 8.648477460588402721e+01
5.501700000000000000e+04 1.372893000723225612e+02 7.076683777182807944e+00 4.124040106871525779e+01 1.002932744749409011e+02 2.072381963252022885e+01 8.551609351546802884e+01
5.501800000000000000e+04 1.414764240828791912e+02 7.076683777182807944e+00 3.836203622380108413e+01 1.029042401255672701e+02 1.885112345149930135e+01 8.363478553768472068e+01
5.501900000000000000e+04 1.324958834026143677e+02 7.076683777182807944e+00 3.554610638545676693e+01 1.047269730142987498e+02 1.708947422377729097e+01 8.130976165706424297e+01
5.502000000000000000e+04 1.351527889570690206e+02 7.076683777182807944e+00 3.282387556754014923e+01 1.063158256955617844e+02 1.544652967884242400e+01 7.900997747886577827e+01
5.502200000000000000e+04 1.247334164015156261e+02 7.076683777182807944e+00 2.784037122824809174e+01 1.079919130869110404e+02 1.256901635586821442e+01 7.392655605620964820e+01
5.502300000000000000e+04 1.294828017320288041e+02 7.076683777182807944e+00 2.556670431982701430e+01 1.068284561366763086e+02 1.131270102647213349e+01 7.035593791930737950e+01
5.502400000000000000e+04 1.260432073768714076e+02 7.076683777182807944e+00 2.346707148171969592e+01 1.044940429302265272e+02 1.018094207449878574e+01 6.630332673237724350e+01
5.502500000000000000e+04 1.203537482528959117e+02 7.076683777182807944e+00 2.155616958569424924e+01 1.021128535829249557e+02 9.172838121572022274e+00 6.250786825595308471e+01
5.502800000000000000e+04 1.032668997321038802e+02 7.076683777182807944e+00 1.669018186388912639e+01 9.470879980655597308e+01 6.716370971383953226e+00 5.242958359530334889e+01
5.502900000000000000e+04 1.043275552835077065e+02 7.076683777182807944e+00 1.536100468320107204e+01 9.175021352261090613e+01 6.071543353043900915e+00 4.922221755504877194e+01
5.503100000000000000e+04 9.914681165891259695e+01 7.076683777182807944e+00 1.311685755855353364e+01 8.523858203029836034e+01 5.006434182654020404e+00 4.306718978895430183e+01
5.503300000000000000e+04 8.048184497035025231e+01 7.076683777182807944e+00 1.136099714595861343e+01 7.848716858990314904e+01 4.192249869357422831e+00 3.747477491878492373e+01
5.503400000000000000e+04 9.534312198999150212e+01 7.076683777182807944e+00 1.067498515595003106e+01 7.421015716213753421e+01 3.874767751706000407e+00 3.448427377422747497e+01
5.503500000000000000e+04 7.924054904873219130e+01 7.076683777182807944e+00 1.007365997051950224e+01 6.935879559730229005e+01 3.597735703756966164e+00 3.138975180906150086e+01
5.503700000000000000e+04 7.321671795690816964e+01 7.076683777182807944e+00 9.090046217753702251e+00 6.022341985210378112e+01 3.145344712025503142e+00 2.590477454065029050e+01
5.503800000000000000e+04 7.336861845028397511e+01 7.076683777182807944e+00 8.696679411712059604e+00 5.613864563856493106e+01 2.963093496324381348e+00 2.356390431437412758e+01
5.503900000000000000e+04 6.900136256205099983e+01 7.076683777182807944e+00 8.350427924706488980e+00 5.212289638252073587e+01 2.802157021713587159e+00 2.136184277972161283e+01
5.504000000000000000e+04 5.807720814248661867e+01 7.076683777182807944e+00 8.026789845313659910e+00 4.822406565734605977e+01 2.653484246384680389e+00 1.930816209855303001e+01
5.504100000000000000e+04 5.104919378315624101e+01 7.076683777182807944e+00 7.716454289724283377e+00 4.453800755597858796e+01 2.513503025968822246e+00 1.743034109109994390e+01
5.504300000000000000e+04 5.017269790287144104e+01 7.076683777182807944e+00 7.131343358989600034e+00 3.776179602636397448e+01 2.256754227528354306e+00 1.414087628309016509e+01
5.504400000000000000e+04 4.230085277379554753e+01 7.076683777182807944e+00 6.826557922612931151e+00 3.471701247404085677e+01 2.129971270706062736e+00 1.272617759312348085e+01
5.504500000000000000e+04 3.426879825568393301e+01 7.076683777182807944e+00 6.509746066610660797e+00 3.193982233931377479e+01 2.002998789726357476e+00 1.146604765196502740e+01
5.504600000000000000e+04 2.976827259715729213e+01 7.076683777182807944e+00 6.202733048169092100e+00 2.934907286777682955e+01 1.882468299899572761e+00 1.032254954550394999e+01
5.504700000000000000e+04 2.688890958958739219e+01 7.076683777182807944e+00 5.905269464250255673e+00 2.697395200770047907e+01 1.768044749775525615e+00 9.298797575737893339e+00
5.504900000000000000e+04 1.391664936901888794e+01 7.076683777182807944e+00 5.320107792451603146e+00 2.288971844097550701e+01 1.551051834533994978e+00 7.589429191304875921e+00
5.505000000000000000e+04 1.905037902925315407e+01 7.076683777182807944e+00 4.999396640630950017e+00 2.114961065334885859e+01 1.438675292267899364e+00 6.881055001740258525e+00
5.505100000000000000e+04 2.564026379266088895e+01 7.076683777182807944e+00 4.664373798667502236e+00 1.959518339090783456e+01 1.325106192803267691e+00 6.258042728317525949e+00
5.505300000000000000e+04 1.266311354771265485e+01 7.076683777182807944e+00 4.002660935886081184e+00 1.701214996985241967e+01 1.108770342350714921e+00 5.240312336696778317e+00
5.505400000000000000e+04 1.222750911548340191e+01 7.076683777182807944e+00 3.676595545779516083e+00 1.600279081454577934e+01 1.005908494057323077e+00 4.843459689632500620e+00
5.505500000000000000e+04 3.006668804237778758e+01 7.076683777182807944e+00 3.366261583820283843e+00 1.511768542718676933e+01 9.098004280595362037e-01 4.497169629696206705e+00
5.505700000000000000e+04 1.602712969502308127e+01 7.076683777182807944e+00 2.792808846892607555e+00 1.366966811846283747e+01 7.368888778080757707e-01 3.931680890031879372e+00
5.505800000000000000e+04 1.561302218888733151e+01 7.076683777182807944e+00 2.521165749530275946e+00 1.309094706676111564e+01 6.574095826676078502e-01 3.703866870405477130e+00
5.505900000000000000e+04 2.288816765892359939e+00 7.076683777182807944e+00 2.262059628193343386e+00 1.258168502749400552e+01 5.830050588127172473e-01 3.502696277141983838e+00
5.506100000000000000e+04 1.930206356036848092e+01 7.076683777182807944e+00 1.788495952871900885e+00 1.164757302233951997e+01 4.505027589097987395e-01 3.141878782461027253e+00
5.506300000000000000e+04 1.105765427536091750e+01 7.076683777182807944e+00 1.386686094252291612e+00 1.078277169913047651e+01 3.415482990769190819e-01 2.820942784410442883e+00
5.506400000000000000e+04 1.730325445706651166e+01 7.076683777182807944e+00 1.217259562851066068e+00 1.033036066292440402e+01 2.965309531914898100e-01 2.662464088382578531e+00
5.506700000000000000e+04 1.846452925902234199e+01 7.076683777182807944e+00 8.055697861184052400e-01 8.956914702362812619e+00 1.899928740845295005e-01 2.210055937219407074e+00
5.506800000000000000e+04 -2.561927525317932108e+00 7.076683777182807944e+00 6.984592360489960683e-01 8.523653608338904064e+00 1.630009885761951050e-01 2.073679838540994247e+00
5.506900000000000000e+04 1.178387642798164947e+01 7.076683777182807944e+00 6.041151809993059452e-01 8.080980057922113602e+00 1.395185175518027509e-01 1.938814793167494166e+00
5.507000000000000000e+04 -5.848990163659891550e+00 7.076683777182807944e+00 5.213051974008690026e-01 7.599082893759043777e+00 1.191554736916271978e-01 1.798344115334874260e+00
5.507200000000000000e+04 1.244278336458900469e+01 7.076683777182807944e+00 3.866552933637701361e-01 6.590693339840242082e+00 8.659693020465177027e-02 1.518313062071563468e+00
5.507400000000000000e+04 1.423961445766537715e+01 7.076683777182807944e+00 2.851410479943118359e-01 5.602910311899288232e+00 6.259957145868536021e-02 1.257385617571653791e+00
5.507600000000000000e+04 1.298363702581978085e+00 7.076683777182807944e+00 2.071047123817978119e-01 4.692635529217341173e+00 4.458659039435906163e-02 1.026565350283807909e+00
5.507800000000000000e+04 1.162246602127803641e+01 7.076683777182807944e+00 1.498987299367342263e-01 3.851105335266846730e+00 3.165759871947924908e-02 8.217619783345098128e-01
5.508000000000000000e+04 5.853736032834188308e+00 7.076683777182807944e+00 1.082212382656883992e-01 3.083178866906239435e+00 2.242927217941729015e-02 6.421148923080304272e-01
5.508200000000000000e+04 9.323496743080081472e+00 7.076683777182807944e+00 7.791006564250946287e-02 2.415752680633499239e+00 1.585148843184322476e-02 4.913262041639884781e-01
5.508300000000000000e+04 -1.312457304952808634e+01 7.076683777182807944e+00 6.608829424894981097e-02 2.123747323660281960e+00 1.332425287277213925e-02 4.269353738461487691e-01
5.508400000000000000e+04 -6.023657235026873558e+00 7.076683777182807944e+00 5.599451227511507284e-02 1.865179695574471275e+00 1.118771474028273233e-02 3.706636914893623458e-01
5.508600000000000000e+04 1.961825879071960443e+01 7.076683777182807944e+00 4.030270157209958626e-02 1.422425839144079385e+00 7.910245647124551638e-03 2.763494403062012883e-01
5.508900000000000000e+04 9.706239301383458695e+00 7.076683777182807944e+00 2.488616509710727537e-02 9.277981417194884894e-01 4.758348966942117439e-03 1.743981469397534456e-01
5.509000000000000000e+04 -8.509984396876825841e+00 7.076683777182807944e+00 2.118333920506677501e-02 8.009630941551181271e-01 4.015798901434460173e-03 1.489443421145340285e-01
5.509200000000000000e+04 -4.600167858299524681e+00 7.076683777182807944e+00 1.534572671461119017e-02 5.945745227851390036e-01 2.860340487345981557e-03 1.082461627558146955e-01
5.509300000000000000e+04 9.640834435118206258e+00 7.076683777182807944e+00 1.306200868546821339e-02 5.110862818929339246e-01 2.414419350363810127e-03 9.208098189192380489e-02
5.509500000000000000e+04 -2.882502676521371932e+00 7.076683777182807944e+00 9.457692270565396658e-03 3.745993241661346174e-01 1.719580412830072277e-03 6.611820886863432889e-02
5.509600000000000000e+04 6.510640922295890753e+00 7.076683777182807944e+00 8.050493224126868685e-03 3.189724676812446535e-01 1.451847290194205504e-03 5.573323799294881836e-02
5.509700000000000000e+04 5.280727523941605384e+00 7.076683777182807944e+00 6.851297276344533310e-03 2.717060122305017811e-01 1.225634575374692737e-03 4.700145520178898584e-02
5.509800000000000000e+04 2.842150426340633196e+00 7.076683777182807944e+00 5.827465602245930631e-03 2.310371554547595574e-01 1.034155386379047173e-03 3.957199839934906482e-02
5.510000000000000000e+04 -3.166971678651173683e+00 7.076683777182807944e+00 4.221467558909533686e-03 1.669186435592234785e-01 7.373742460977353481e-04 2.803659022427161529e-02
5.510100000000000000e+04 1.230966909186130387e+01 7.076683777182807944e+00 3.591402833215952013e-03 1.416602796741605885e-01 6.224268341795411233e-04 2.356605663996549915e-02
5.510200000000000000e+04 1.546456934682209905e+00 7.076683777182807944e+00 3.057552182926639821e-03 1.202493912439627083e-01 5.258043306838589264e-04 1.981436053980403095e-02
5.510600000000000000e+04 -1.912942417797283690e-01 7.076683777182807944e+00 1.599703116689868117e-03 6.228527422545870884e-02 2.668395524086519138e-04 9.887807058905687813e-03
5.510900000000000000e+04 5.747018168498633450e+00 7.076683777182807944e+00 9.831824963433776193e-04 3.849504314256173287e-02 1.603886617199637324e-04 5.947936208677647232e-03
5.511100000000000000e+04 -1.065810688169296405e+01 7.076683777182807944e+00 7.110679617148581546e-04 2.791642242477439598e-02 1.143196079927424701e-04 4.237980086345396677e-03
5.511200000000000000e+04 -8.968547714835224838e+00 7.076683777182807944e+00 6.042960499304608508e-04 2.375798808789572267e-02 9.645587389153405797e-05 3.575425609182477163e-03
5.511400000000000000e+04 1.324332449637072884e+01 7.076683777182807944e+00 4.370219392535814890e-04 1.722394612844900530e-02 6.876820444588222371e-05 2.547921024918492483e-03
5.511500000000000000e+04 -2.011351129342668642e+01 7.076683777182807944e+00 3.714599451178390074e-04 1.465426427813787576e-02 5.804061642466235168e-05 2.149475516037590347e-03
5.511700000000000000e+04 -3.130360694712682523e+00 7.076683777182807944e+00 2.686686763757244276e-04 1.062134923019708750e-02 4.139733072045060849e-05 1.532043219218365976e-03
5.511800000000000000e+04 6.645269925194426941e-01 7.076683777182807944e+00 2.283598252717424100e-04 9.036449766180114362e-03 3.494412016400036890e-05 1.292694232973808696e-03
5.511900000000000000e+04 1.888049268180262752e+00 7.076683777182807944e+00 1.943012596565455818e-04 7.694736288584910072e-03 2.952906681710418518e-05 1.091761675451888552e-03
5.512000000000000000e+04 1.484278352141437107e+00 7.076683777182807944e+00 1.667056971856056445e-04 6.549358053840085084e-03 2.516312410348764490e-05 9.217178076221691852e-04
