5.497500000000000000e+04 -3.423815557111324903e+00 1.076077489155493438e+01 9.676860811788584593e-01 1.458879233475697024e-18 9.676860811788584593e-01 1.458879233475697024e-18
5.497600000000000000e+04 -9.072179812312175073e+00 1.076077489155493438e+01 2.014654457448330049e+00 1.458879194246585025e-18 2.014654457448330049e+00 1.458879194246585025e-18
5.497900000000000000e+04 -3.872489480306620102e+00 1.076077489155493438e+01 7.421511495175619366e+00 1.458879030790155216e-18 7.421511495175619366e+00 1.458879030790155216e-18
5.498000000000000000e+04 1.584838324111705177e+01 1.076077489155493438e+01 1.010928248076253944e+01 1.458878956392917053e-18 1.010928248076253944e+01 1.458878956392917053e-18
5.498100000000000000e+04 3.476528433841559007e+01 1.076077489155493438e+01 1.326427468792255127e+01 1.458878869086958948e-18 1.326427468792255127e+01 1.458878869086958948e-18
5.498200000000000000e+04 1.397056903105340098e+01 1.076077489155493438e+01 1.681188057541250913e+01 1.458878766632481191e-18 1.681188057541250913e+01 1.458878766632481191e-18
5.498400000000000000e+04 2.634538727538133074e+01 1.076077489155493438e+01 2.504964300095078400e+01 1.458878505308197166e-18 2.504964300095078400e+01 1.458878505308197166e-18
5.498500000000000000e+04 3.467373558751069851e+01 1.076077489155493438e+01 2.982457128805857849e+01 1.458878339734227992e-18 2.982457128805857849e+01 1.458878339734227992e-18
5.498700000000000000e+04 3.566469686106613324e+01 1.076077489155493438e+01 4.097582893337165899e+01 1.458877917415035206e-18 4.097582893337165899e+01 1.458877917415035206e-18
5.499000000000000000e+04 4.896651323850957738e+01 1.076077489155493438e+01 6.053040193995693841e+01 1.458876967336947338e-18 6.053040193995693841e+01 1.458876967336947338e-18
5.499200000000000000e+04 8.841456495958458106e+01 1.076077489155493438e+01 7.440742163840896239e+01 2.480027301376598325e-01 7.440742163840896239e+01 2.480027301376598325e-01
5.499300000000000000e+04 8.964927469290516626e+01 1.076077489155493438e+01 8.115791156796579742e+01 7.741488649430867675e-01 8.115791156796579742e+01 7.741488649430867675e-01
5.499400000000000000e+04 9.034328819490741580e+01 1.076077489155493438e+01 8.659722275531558466e+01 1.611723565958664173e+00 8.659722275531558466e+01 1.611723565958664173e+00
5.499600000000000000e+04 9.046340920257708262e+01 1.076077489155493438e+01 9.298895886639343189e+01 4.184087600156392028e+00 9.298895886639343189e+01 4.184087600156392028e+00
5.499700000000000000e+04 9.683974223864623809e+01 1.076077489155493438e+01 9.997375934718112944e+01 5.937209196140496026e+00 9.534931745081652821e+01 5.937209196140496026e+00
5.499800000000000000e+04 1.151559026262249574e+02 1.076077489155493438e+01 1.066907043398186232e+02 8.087425984610032259e+00 9.725679520493949326e+01 8.087425984610032259e+00
5.500000000000000000e+04 1.294431295145167837e+02 1.076077489155493438e+01 1.187149305664750472e+02 1.344950446033000979e+01 9.942624000542298290e+01 1.344950446033000979e+01
5.500200000000000000e+04 1.525859015238156076e+02 1.076077489155493438e+01 1.282961701455560615e+02 2.003971440076062649e+01 9.937735874946248771e+01 2.003971440076062649e+01
5.500300000000000000e+04 1.572278141659343476e+02 1.076077489155493438e+01 1.316582386759064320e+02 2.385965703044686492e+01 9.828909195663038645e+01 2.385965703044686492e+01
5.500400000000000000e+04 1.637988069350287788e+02 1.076077489155493438e+01 1.339950063070851627e+02 2.807878116178207151e+01 9.653818898204983157e+01 2.807878116178207151e+01
5.500500000000000000e+04 1.723321639445473181e+02 1.076077489155493438e+01 1.355705415980825705e+02 3.278066314669732861e+01 9.437559456880096320e+01 3.278066314669732861e+01
5.500900000000000000e+04 1.854086473431394211e+02 1.076077489155493438e+01 1.345999454655371608e+02 5.387147402998105150e+01 8.255133116561614770e+01 5.387147402998105150e+01
5.501200000000000000e+04 1.943761915093964774e+02 1.076077489155493438e+01 1.268527934891047124e+02 6.927777820425247057e+01 7.142612246008147281e+01 6.927777820425247057e+01
5.501300000000000000e+04 1.824186677313869609e+02 1.076077489155493438e+01 1.234368645955070747e+02 7.689681600373593540e+01 6.765517379857884350e+01 7.227144361253377269e+01
5.501400000000000000e+04 2.095539402159593010e+02 1.076077489155493438e+01 1.191581718342949046e+02 8.391323648103346500e+01 6.361888512242121152e+01 7.439116709311475972e+01
5.501600000000000000e+04 2.085575602882927342e+02 1.076077489155493438e+01 1.092116747061039064e+02 9.772362782192321617e+01 5.543739832797152900e+01 7.780543616395159745e+01
5.501700000000000000e+04 2.075350911368339553e+02 1.076077489155493438e+01 1.051846697690178729e+02 1.041314513932488950e+02 5.211031447560955598e+01 7.888746317670370445e+01
5.501800000000000000e+04 1.984526879692111265e+02 1.076077489155493438e+01 1.017445176152687623e+02 1.100847329340043359e+02 4.922327896239417555e+01 7.954099200433840622e+01
5.501900000000000000e+04 2.049833510141665158e+02 1.076077489155493438e+01 9.850472984594773607e+01 1.155250996951316864e+02 4.656333247267679099e+01 7.978252741376498136e+01
5.502000000000000000e+04 2.181344471674052272e+02 1.076077489155493438e+01 9.500864468774885552e+01 1.202068531433498322e+02 4.390417961541074021e+01 7.950188699956999017e+01
5.502100000000000000e+04 2.282911099244309980e+02 1.076077489155493438e+01 9.109529469001569169e+01 1.239228871389196200e+02 4.117301454915962466e+01 7.863127356530432621e+01
5.502200000000000000e+04 2.230820469183517503e+02 1.076077489155493438e+01 8.702916856795215494e+01 1.266581039444494081e+02 3.849145005216814042e+01 7.723055118563988231e+01
5.502500000000000000e+04 2.027436595370340058e+02 1.076077489155493438e+01 7.549333286663943454e+01 1.307208936013601033e+02 3.137059333747742329e+01 7.135419956406119013e+01
5.502900000000000000e+04 1.829972171362384188e+02 1.076077489155493438e+01 6.153218071656195320e+01 1.254502259532459760e+02 2.366167303078713857e+01 6.008152583967718385e+01
5.503100000000000000e+04 1.883509503839264880e+02 1.076077489155493438e+01 5.526685803102376582e+01 1.199390921101205976e+02 2.048817721261307412e+01 5.412413903886307764e+01
5.503200000000000000e+04 1.552908630548363931e+02 1.076077489155493438e+01 5.237252744235200907e+01 1.160408464632963046e+02 1.907229695642826428e+01 5.089510809793696922e+01
5.503300000000000000e+04 1.646354061352008671e+02 1.076077489155493438e+01 5.006933895325852291e+01 1.113006615815498606e+02 1.791710107470335345e+01 4.748321739827211729e+01
5.503400000000000000e+04 1.481769400943789492e+02 1.076077489155493438e+01 4.809083374173989966e+01 1.067946041390043490e+02 1.691552365168480421e+01 4.434991866237722746e+01
5.503500000000000000e+04 1.375371574690804266e+02 1.076077489155493438e+01 4.617362702394164131e+01 1.030533579069654593e+02 1.596874529619285887e+01 4.168825158048764479e+01
5.503600000000000000e+04 1.525437918804779542e+02 1.076077489155493438e+01 4.446361560266771562e+01 9.986418835890530943e+01 1.512367877641758973e+01 3.937862316991534328e+01
5.503700000000000000e+04 1.231400507606185641e+02 1.076077489155493438e+01 4.287865846685330240e+01 9.685173154316774458e+01 1.434788638676704053e+01 3.725066597814144131e+01
5.503900000000000000e+04 1.483054579910565280e+02 1.076077489155493438e+01 3.956137446686417292e+01 8.985598695208597064e+01 1.282170619571031622e+01 3.293841163932770399e+01
5.504000000000000000e+04 1.048888263609083538e+02 1.076077489155493438e+01 3.795157676029916161e+01 8.597450283652275971e+01 1.210962883225882791e+01 3.079316004173451304e+01
5.504200000000000000e+04 1.174427828825685367e+02 1.076077489155493438e+01 3.494466159748265710e+01 7.844282214082596738e+01 1.081543224929825442e+01 2.686398018521436981e+01
5.504400000000000000e+04 1.077607034443416296e+02 1.076077489155493438e+01 3.209319187238754267e+01 7.140637643078382268e+01 9.643386980885679804e+00 2.342728885524403992e+01
5.504500000000000000e+04 8.144401497395398337e+01 1.076077489155493438e+01 3.066051616494933896e+01 6.798337036015155377e+01 9.080561577061848411e+00 2.184555602832633170e+01
5.504600000000000000e+04 9.484334852690867024e+01 1.076077489155493438e+01 2.918522723569551758e+01 6.462133311591225038e+01 8.521234229400151960e+00 2.034676735387665047e+01
5.504700000000000000e+04 1.105954319725953070e+02 1.076077489155493438e+01 2.764922078827823526e+01 6.133105649580027574e+01 7.960046289989414880e+00 1.892933842462971228e+01
5.504800000000000000e+04 9.207509470599465828e+01 1.076077489155493438e+01 2.609461942737224405e+01 5.820558974793578955e+01 7.409034476823465276e+00 1.761670391886676512e+01
5.505000000000000000e+04 6.462060851790035088e+01 1.076077489155493438e+01 2.275697698146706927e+01 5.236489852356945107e+01 6.288194800073795498e+00 1.525783756514261391e+01
5.505200000000000000e+04 7.253006506807386700e+01 1.076077489155493438e+01 1.920343486197184646e+01 4.817541135999833557e+01 5.167770414954748759e+00 1.353241892134784763e+01
5.505400000000000000e+04 6.692128477384225960e+01 1.076077489155493438e+01 1.585189029447008302e+01 4.462090186194247110e+01 4.157327640826142812e+00 1.209894302113407427e+01
5.505600000000000000e+04 7.636208426103857505e+01 1.076077489155493438e+01 1.296368468671905738e+01 4.147635136422577773e+01 3.315520380235053022e+00 1.086906482291032106e+01
5.505800000000000000e+04 4.044536801066936960e+01 1.076077489155493438e+01 1.053771861594155546e+01 3.820830089154306108e+01 2.629827455937498115e+00 9.687703065807063751e+00
5.506000000000000000e+04 5.366622018679608175e+01 1.076077489155493438e+01 8.453782667432696130e+00 3.523235209531400614e+01 2.059888564189253035e+00 8.652345799438604601e+00
5.506100000000000000e+04 4.006387619346345019e+01 1.076077489155493438e+01 7.540770288502083751e+00 3.380939004564805117e+01 1.815959130283463896e+00 8.174417322448755741e+00
5.506200000000000000e+04 3.342805198812221334e+01 1.076077489155493438e+01 6.708210342917478641e+00 3.240178025577588983e+01 1.596812745279095003e+00 7.714709584708543844e+00
5.506400000000000000e+04 4.350038192959334538e+01 1.076077489155493438e+01 5.251801602450779427e+00 2.950392139587509277e+01 1.221917543613490142e+00 6.816987383520122457e+00
5.506500000000000000e+04 2.219924129065001495e+01 1.076077489155493438e+01 4.620490086050140555e+00 2.796841864450681214e+01 1.063036946060080368e+00 6.368037031991533148e+00
5.506700000000000000e+04 4.090394442961384414e+01 1.076077489155493438e+01 3.550509783477897585e+00 2.480718268382979730e+01 7.990344961129509649e-01 5.488314753059690076e+00
5.506800000000000000e+04 4.309188632354405257e+01 1.076077489155493438e+01 3.098709114739470749e+00 2.306006797083062665e+01 6.898283870746817481e-01 5.030555840059037109e+00
5.506900000000000000e+04 1.464334729162409587e+01 1.076077489155493438e+01 2.692915135430000717e+00 2.125442834294514682e+01 5.930877954916861095e-01 4.572811605625031639e+00
5.507100000000000000e+04 2.249576776053690708e+01 1.076077489155493438e+01 2.015219243547730077e+00 1.776760038252863083e+01 4.345486239456022304e-01 3.720184334700300077e+00
5.507300000000000000e+04 2.904521062165795087e+01 1.076077489155493438e+01 1.495870288666061754e+00 1.455482627400504825e+01 3.159510589642119949e-01 2.967949892741649442e+00
5.507400000000000000e+04 2.437102747134472480e+01 1.076077489155493438e+01 1.286245054484280281e+00 1.317720419920619612e+01 2.689201451984696289e-01 2.652416304188042862e+00
5.507500000000000000e+04 6.939751240431397683e+00 1.076077489155493438e+01 1.102034221367470979e+00 1.190665851382645890e+01 2.280935985444418612e-01 2.366188098932125783e+00
5.507800000000000000e+04 1.597935143117900125e+01 1.076077489155493438e+01 6.873471623845771594e-01 8.608686287459727637e+00 1.381047141620609098e-01 1.647910851351402695e+00
5.508000000000000000e+04 -1.232977914819554321e+01 1.076077489155493438e+01 4.997768232958718082e-01 6.836913450186974828e+00 9.849760017656127020e-02 1.277450196223276269e+00
5.508100000000000000e+04 1.161168331737548698e+01 1.076077489155493438e+01 4.261273548081997986e-01 6.064613960240517798e+00 8.318738014801362046e-02 1.119758855288131238e+00
5.508200000000000000e+04 1.012973350289661489e+01 1.076077489155493438e+01 3.628646510744002462e-01 5.356886511201541801e+00 7.017301316464903682e-02 9.775340348907921584e-01
5.508400000000000000e+04 1.516889929738886167e+01 1.076077489155493438e+01 2.626858833127094783e-01 4.139066187152150356e+00 4.986444254227592049e-02 7.380645840142919800e-01
5.508500000000000000e+04 7.490592084146707741e+00 1.076077489155493438e+01 2.234398845585629234e-01 3.625698929562126693e+00 4.202762805578161287e-02 6.392275968903607941e-01
5.508800000000000000e+04 4.035967811324217003e-01 1.076077489155493438e+01 1.386509145800628173e-01 2.383638940212265300e+00 2.538464199561750803e-02 4.064868588356523871e-01
5.508900000000000000e+04 3.301081428736392098e+00 1.076077489155493438e+01 1.182364904602128258e-01 2.060803394199623995e+00 2.145658115601357940e-02 3.476388991564817732e-01
5.509000000000000000e+04 -5.589183434925777405e+00 1.076077489155493438e+01 1.008311321424459200e-01 1.777566511386584391e+00 1.813835800367798873e-02 2.966566274009653781e-01
5.509100000000000000e+04 1.088830228106866116e+01 1.076077489155493438e+01 8.601213854286343663e-02 1.530719690469814376e+00 1.533876746194622574e-02 2.527608471713695959e-01
5.509300000000000000e+04 8.740555314758195138e+00 1.076077489155493438e+01 6.247926150562824188e-02 1.128424650719063171e+00 1.095262713745783802e-02 1.824748788355535223e-01
5.509500000000000000e+04 1.514358179850645136e+01 1.076077489155493438e+01 4.542577022037475737e-02 8.243434951429601254e-01 7.830004347216196550e-03 1.305994130454626312e-01
5.509600000000000000e+04 1.836857395245841573e+00 1.076077489155493438e+01 3.870844312754750244e-02 7.044445259978403540e-01 6.616827885050855125e-03 1.104837713296487195e-01
5.509700000000000000e+04 -6.529571254365020394e+00 1.076077489155493438e+01 3.298904278017466413e-02 6.011177897724409025e-01 5.592785077591702451e-03 9.334127170379516447e-02
5.509800000000000000e+04 3.577839039684838074e+00 1.076077489155493438e+01 2.813451256257982688e-02 5.125027132386836826e-01 4.730874821351913062e-03 7.879808014124903282e-02
5.509900000000000000e+04 -2.870616487886066714e+00 1.076077489155493438e+01 2.397273663970770838e-02 4.370997702497228521e-01 3.998454947828823484e-03 6.654990411841091302e-02
5.510100000000000000e+04 -5.976164507563124673e+00 1.076077489155493438e+01 1.740696432988251413e-02 3.168758786174807329e-01 2.857113554350843541e-03 4.732315988911003218e-02
5.510400000000000000e+04 7.483070414786394231e+00 1.076077489155493438e+01 1.077236774191710732e-02 1.955426903447822218e-01 1.726894476100850886e-03 2.838889232647826000e-02
5.510700000000000000e+04 -3.476011323854210389e+01 1.076077489155493438e+01 6.623076933187383580e-03 1.215300756676609556e-01 1.037530654529236849e-03 1.716526492481086630e-02
5.510800000000000000e+04 -1.328347923882932102e+00 1.076077489155493438e+01 5.633082696849044807e-03 1.036643436626204506e-01 8.757902202812570909e-04 1.451068640294239306e-02
5.510900000000000000e+04 -1.009497098433452678e+01 1.076077489155493438e+01 4.787588048842187846e-03 8.844946869256671562e-02 7.387683124515371895e-04 1.227101396955698233e-02
5.511000000000000000e+04 -7.199041374536038207e-01 1.076077489155493438e+01 4.068212355489229937e-03 7.542382823211042642e-02 6.230988444615148105e-04 1.037181356327150986e-02
5.511100000000000000e+04 2.594811200335344381e+01 1.076077489155493438e+01 3.458838412398894217e-03 6.427877814431257053e-02 5.258591276927242816e-04 8.762101709966271107e-03
5.511400000000000000e+04 -2.192504976396176275e+01 1.076077489155493438e+01 2.124817077529088383e-03 3.984918425493027411e-02 3.160519228810185948e-04 5.293462308040685488e-03
