5.497400000000000000e+04 3.187261989434081677e+00 6.261738070206875229e+00 2.872527343123094101e-01 1.361878828892547995e-18 2.872527343123094101e-01 1.361878828892547995e-18
5.497600000000000000e+04 -4.156618915318637697e+00 6.261738070206875229e+00 1.958814406946931541e+00 1.361878786922353313e-18 1.958814406946931541e+00 1.361878786922353313e-18
5.498000000000000000e+04 1.036860889243553530e+01 6.261738070206875229e+00 9.740658635389692677e+00 1.361878649528380196e-18 9.740658635389692677e+00 1.361878649528380196e-18
5.498100000000000000e+04 8.066516735801009474e+00 6.261738070206875229e+00 1.261836908227294352e+01 1.361878599096895607e-18 1.261836908227294352e+01 1.361878599096895607e-18
5.498500000000000000e+04 2.959614721554117622e+01 6.261738070206875229e+00 2.761301931683333422e+01 1.361878293321106731e-18 2.761301931683333422e+01 1.361878293321106731e-18
5.498700000000000000e+04 3.299895408116058348e+01 6.261738070206875229e+00 3.698113532148148863e+01 1.361878049372206945e-18 3.698113532148148863e+01 1.361878049372206945e-18
5.498800000000000000e+04 4.685021972628109665e+01 6.261738070206875229e+00 4.209516568424355398e+01 1.361877894807208667e-18 4.209516568424355398e+01 1.361877894807208667e-18
5.498900000000000000e+04 4.974462765405798592e+01 6.261738070206875229e+00 4.711547825657126509e+01 1.361877713423546935e-18 4.711547825657126509e+01 1.361877713423546935e-18
5.499300000000000000e+04 6.650141536404676401e+01 6.261738070206875229e+00 6.549985504210982867e+01 1.361876613660269607e-18 6.549985504210982867e+01 1.361876613660269607e-18
5.499500000000000000e+04 6.452598350372861091e+01 6.261738070206875229e+00 6.925870503056015082e+01 -1.940482729049532867e-02 6.925870503056015082e+01 -1.940482729049532867e-02
5.499700000000000000e+04 7.711737477458167689e+01 6.261738070206875229e+00 6.842655738733689930e+01 1.172809985443463487e+00 6.841287481237441170e+01 1.172809985443463487e+00
5.499900000000000000e+04 7.050656218416357035e+01 6.261738070206875229e+00 6.507382844938165078e+01 4.188406388058739438e+00 6.504780932565140006e+01 4.188406388058739438e+00
5.500000000000000000e+04 7.991788178646267227e+01 6.261738070206875229e+00 6.323958597408416438e+01 6.387348154830737812e+00 6.320798198309262261e+01 6.387348154830737812e+00
5.500200000000000000e+04 6.850129711465010018e+01 6.261738070206875229e+00 5.918264371635918053e+01 1.217582329423711585e+01 5.914124484496770862e+01 1.217582329423711585e+01
5.500300000000000000e+04 6.324166356280047552e+01 6.261738070206875229e+00 5.632977813571424264e+01 1.577296135284117895e+01 5.628475033544589223e+01 1.577296135284117895e+01
5.500500000000000000e+04 7.734914993881560008e+01 6.261738070206875229e+00 5.005630089936722982e+01 2.434500671405781702e+01 5.000629460476246635e+01 2.434500671405781702e+01
5.500700000000000000e+04 8.384572192061642681e+01 6.261738070206875229e+00 4.460690368574144316e+01 3.451627414604166688e+01 4.455343955827151348e+01 3.451627414604166688e+01
5.500900000000000000e+04 8.411811263957058316e+01 6.261738070206875229e+00 3.943290292770066685e+01 4.622641915185185724e+01 3.937777404403901471e+01 4.622641915185185724e+01
5.501000000000000000e+04 8.967627378514379188e+01 6.261738070206875229e+00 3.691964418561105532e+01 5.261895710530443893e+01 3.686434766411487374e+01 5.261895710530443893e+01
5.501300000000000000e+04 9.968285752288848300e+01 6.261738070206875229e+00 3.003378361091098725e+01 7.085966617111323274e+01 2.997981993502793685e+01 7.085966617111323274e+01
5.501600000000000000e+04 1.037794468127514733e+02 6.261738070206875229e+00 2.283919184544081560e+01 8.521019049050045169e+01 2.279133005233092391e+01 8.521019049050045169e+01
5.501700000000000000e+04 1.095780750001184458e+02 6.261738070206875229e+00 2.076941203571177041e+01 9.256425927334363735e+01 2.072381963252022885e+01 8.657338128820018142e+01
5.501800000000000000e+04 1.175346957216190731e+02 6.261738070206875229e+00 1.889448103543774948e+01 9.845426741133837822e+01 1.885112345149930135e+01 8.648477460588402721e+01
5.501900000000000000e+04 1.135181436738534586e+02 6.261738070206875229e+00 1.713048896191435588e+01 1.032692345292792027e+02 1.708947422377729097e+01 8.551609351546802884e+01
5.502000000000000000e+04 1.187422577648726332e+02 6.261738070206875229e+00 1.548514600303952982e+01 1.067848941745158413e+02 1.544652967884242400e+01 8.363478553768472068e+01
5.502200000000000000e+04 1.145971423928925219e+02 6.261738070206875229e+00 1.260295270002905710e+01 1.118149201280908471e+02 1.256901635586821442e+01 7.900997747886577827e+01
5.502300000000000000e+04 1.226577877716656673e+02 6.261738070206875229e+00 1.134437658934625404e+01 1.138903848147912470e+02 1.131270102647213349e+01 7.672486177229268378e+01
5.502400000000000000e+04 1.233657220261002010e+02 6.261738070206875229e+00 1.021046680651483030e+01 1.148522974889272916e+02 1.018094207449878574e+01 7.392655605620964820e+01
5.502500000000000000e+04 1.204404824003684666e+02 6.261738070206875229e+00 9.200356635936737248e+00 1.141736160554520012e+02 9.172838121572022274e+00 7.035593791930737950e+01
5.502800000000000000e+04 1.075945960155921313e+02 6.261738070206875229e+00 6.738534995589519738e+00 1.080516583741667347e+02 6.716370971383953226e+00 5.903171895441801809e+01
5.502900000000000000e+04 1.094212304871889643e+02 6.261738070206875229e+00 6.092186600444250644e+00 1.057921422311157045e+02 6.071543353043900915e+00 5.569179944783939362e+01
5.503100000000000000e+04 1.060395749665222525e+02 6.261738070206875229e+00 5.024457345711574874e+00 1.003148793771894134e+02 5.006434182654020404e+00 4.922221755504877194e+01
5.503300000000000000e+04 8.965191013117306795e+01 6.261738070206875229e+00 4.208180418860981042e+00 9.373143185668014610e+01 4.192249869357422831e+00 4.306718978895430183e+01
5.503400000000000000e+04 1.035788369835897527e+02 6.261738070206875229e+00 3.889879345937654165e+00 9.043531122488560925e+01 3.874767751706000407e+00 4.027222623124582412e+01
5.503500000000000000e+04 9.018892892329640176e+01 6.261738070206875229e+00 3.612126646571993227e+00 8.674660898200335168e+01 3.597735703756966164e+00 3.747477491878492373e+01
5.503700000000000000e+04 8.361765056391963924e+01 6.261738070206875229e+00 3.158555159816010427e+00 7.700533913798966523e+01 3.145344712025503142e+00 3.138975180906150086e+01
5.503800000000000000e+04 8.238750405189446724e+01 6.261738070206875229e+00 2.975834798358576450e+00 7.186106365499941262e+01 2.963093496324381348e+00 2.848916256541365399e+01
5.503900000000000000e+04 7.749525584417180823e+01 6.261738070206875229e+00 2.814486512609126745e+00 6.713481369954926947e+01 2.802157021713587159e+00 2.590477454065029050e+01
5.504000000000000000e+04 6.698029273619737012e+01 6.261738070206875229e+00 2.665424925493411479e+00 6.269883659968667899e+01 2.653484246384680389e+00 2.356390431437412758e+01
5.504100000000000000e+04 5.977642565096882521e+01 6.261738070206875229e+00 2.525065139888278409e+00 5.831783078864001624e+01 2.513503025968822246e+00 2.136184277972161283e+01
5.504300000000000000e+04 5.693634546924698725e+01 6.261738070206875229e+00 2.267586647820490242e+00 4.999719038571107887e+01 2.256754227528354306e+00 1.743034109109994390e+01
5.504400000000000000e+04 4.896391048338549723e+01 6.261738070206875229e+00 2.140408129932521941e+00 4.615342805874807652e+01 2.129971270706062736e+00 1.571127044483526802e+01
5.504500000000000000e+04 4.083248486175849479e+01 6.261738070206875229e+00 2.013013783674988844e+00 4.251878680799551091e+01 2.002998789726357476e+00 1.414087628309016509e+01
5.504600000000000000e+04 3.592028529570818307e+01 6.261738070206875229e+00 1.892068888229060608e+00 3.914572227644782743e+01 1.882468299899572761e+00 1.272617759312348085e+01
5.504700000000000000e+04 3.253977969242354362e+01 6.261738070206875229e+00 1.777238582474358619e+00 3.606301307496040209e+01 1.768044749775525615e+00 1.146604765196502740e+01
5.504900000000000000e+04 1.944577412115177495e+01 6.261738070206875229e+00 1.559427514440478779e+00 3.053353171969294166e+01 1.551051834533994978e+00 9.298797575737893339e+00
5.505000000000000000e+04 2.331374330076527812e+01 6.261738070206875229e+00 1.446588006375372881e+00 2.814831074107014430e+01 1.438675292267899364e+00 8.395463714229940422e+00
5.505100000000000000e+04 2.852525892473250479e+01 6.261738070206875229e+00 1.332526787482965824e+00 2.597102669264528529e+01 1.325106192803267691e+00 7.589429191304875921e+00
5.505300000000000000e+04 1.600641451684430194e+01 6.261738070206875229e+00 1.115201210336349114e+00 2.228113532990171919e+01 1.108770342350714921e+00 6.258042728317525949e+00
5.505400000000000000e+04 1.513226122234467397e+01 6.261738070206875229e+00 1.011843354172261344e+00 2.071414240182828337e+01 1.005908494057323077e+00 5.707004188293002933e+00
5.505500000000000000e+04 3.054700758165415664e+01 6.261738070206875229e+00 9.152592306278932721e-01 1.938286727097404238e+01 9.098004280595362037e-01 5.240312336696778317e+00
5.505700000000000000e+04 1.761278389354004403e+01 6.261738070206875229e+00 7.414575888504858492e-01 1.725653930307028361e+01 7.368888778080757707e-01 4.497169629696206705e+00
5.505800000000000000e+04 1.704757982762959401e+01 6.261738070206875229e+00 6.615512630384138282e-01 1.638522391467558847e+01 6.574095826676078502e-01 4.194456255036756787e+00
5.505900000000000000e+04 5.108415223808364658e+00 6.261738070206875229e+00 5.867362911891186306e-01 1.563079054641073640e+01 5.830050588127172473e-01 3.931680890031879372e+00
5.506100000000000000e+04 2.005403951773879356e+01 6.261738070206875229e+00 4.534760771186034378e-01 1.441009248416212252e+01 4.505027589097987395e-01 3.502696277141983838e+00
5.506300000000000000e+04 1.272062712070199630e+01 6.261738070206875229e+00 3.438708275106420742e-01 1.336052533453727165e+01 3.415482990769190819e-01 3.141878782461027253e+00
5.506400000000000000e+04 1.825791727983220625e+01 6.261738070206875229e+00 2.985770167685111165e-01 1.286652064316420940e+01 2.965309531914898100e-01 2.977258571631851591e+00
5.506700000000000000e+04 1.923126215597718414e+01 6.261738070206875229e+00 1.913608227779381443e-01 1.133997764803577013e+01 1.899928740845295005e-01 2.503748487157946734e+00
5.506800000000000000e+04 5.576197492055392502e-01 6.261738070206875229e+00 1.641908957928013557e-01 1.082042778782274439e+01 1.630009885761951050e-01 2.353085374874466229e+00
5.506900000000000000e+04 1.319813587008327715e+01 6.261738070206875229e+00 1.405509545816860939e-01 1.031565709256530639e+01 1.395185175518027509e-01 2.210055937219407074e+00
5.507000000000000000e+04 -2.418019114544714299e+00 6.261738070206875229e+00 1.200491397443144148e-01 9.822606659200980417e+00 1.191554736916271978e-01 2.073679838540994247e+00
5.507200000000000000e+04 1.369059023894070748e+01 6.261738070206875229e+00 8.726372656722758414e-02 8.767287231080576504e+00 8.659693020465177027e-02 1.798344115334874260e+00
5.507400000000000000e+04 1.506511170052716153e+01 6.261738070206875229e+00 6.309410807320897652e-02 7.612214368001990472e+00 6.259957145868536021e-02 1.518313062071563468e+00
5.507600000000000000e+04 3.336353782029683135e+00 6.261738070206875229e+00 4.494774177655336961e-02 6.478050701729160643e+00 4.458659039435906163e-02 1.257385617571653791e+00
5.507800000000000000e+04 1.220664168000873673e+01 6.261738070206875229e+00 3.192035678885092598e-02 5.430941329141456997e+00 3.165759871947924908e-02 1.026565350283807909e+00
5.508000000000000000e+04 6.839544626310082975e+00 6.261738070206875229e+00 2.261992099294233768e-02 4.461181427982387149e+00 2.242927217941729015e-02 8.217619783345098128e-01
5.508200000000000000e+04 9.634086754099431715e+00 6.261738070206875229e+00 1.598939638120025833e-02 3.574782028457267113e+00 1.585148843184322476e-02 6.421148923080304272e-01
5.508300000000000000e+04 -1.036335391732445999e+01 6.261738070206875229e+00 1.344150629805253294e-02 3.174017187898987125e+00 1.332425287277213925e-02 5.631284486372484244e-01
5.508400000000000000e+04 -4.215312412369077499e+00 6.261738070206875229e+00 1.128728540147124794e-02 2.803310790478052095e+00 1.118771474028273233e-02 4.913262041639884781e-01
5.508600000000000000e+04 1.823889356098002068e+01 6.261738070206875229e+00 7.982228882513384485e-03 2.166158613063833283e+00 7.910245647124551638e-03 3.706636914893623458e-01
5.508900000000000000e+04 9.187506203076898359e+00 6.261738070206875229e+00 4.803077447231373677e-03 1.437201096012423518e+00 4.758348966942117439e-03 2.374910926056618965e-01
5.509000000000000000e+04 -7.006274984344726064e+00 6.261738070206875229e+00 4.053948990998088205e-03 1.247120563596468612e+00 4.015798901434460173e-03 2.037512357202438951e-01
5.509200000000000000e+04 -3.674937675410654858e+00 6.261738070206875229e+00 2.888085790073237607e-03 9.322724261632913123e-01 2.860340487345981557e-03 1.489443421145340285e-01
5.509300000000000000e+04 8.873585730801600846e+00 6.261738070206875229e+00 2.438080659997375350e-03 8.043323871148021498e-01 2.414419350363810127e-03 1.270988539148603380e-01
5.509500000000000000e+04 -2.293179007618731724e+00 6.261738070206875229e+00 1.736776216958373347e-03 5.954692936986928364e-01 1.719580412830072277e-03 9.208098189192380489e-02
5.509600000000000000e+04 5.984422067698365488e+00 6.261738070206875229e+00 1.466510947825166956e-03 5.114384988174593971e-01 1.451847290194205504e-03 7.824946432335670721e-02
5.509700000000000000e+04 4.864086095180777392e+00 6.261738070206875229e+00 1.238136048043514620e-03 4.367239932191034346e-01 1.225634575374692737e-03 6.611820886863432889e-02
5.509800000000000000e+04 2.678293736001147174e+00 6.261738070206875229e+00 1.044807186858751156e-03 3.719859236601375518e-01 1.034155386379047173e-03 5.573323799294881836e-02
5.510000000000000000e+04 -2.683356060050773095e+00 6.261738070206875229e+00 7.451166756817615040e-04 2.695961106950853226e-01 7.373742460977353481e-04 3.957199839934906482e-02
5.510100000000000000e+04 1.099345946480412728e+01 6.261738070206875229e+00 6.290245586218440408e-04 2.292584067411574389e-01 6.224268341795411233e-04 3.331275889874418111e-02
5.510200000000000000e+04 1.454680459764920553e+00 6.261738070206875229e+00 5.314304370221762048e-04 1.948879459669568270e-01 5.258043306838589264e-04 2.803659022427161529e-02
5.510600000000000000e+04 -1.244421634902702495e-01 6.261738070206875229e+00 2.698014714403879901e-04 1.010810026784544902e-01 2.668395524086519138e-04 1.398464342535341541e-02
5.510900000000000000e+04 5.112505727491103436e+00 6.261738070206875229e+00 1.622170924635713408e-04 6.207967599304194811e-02 1.603886617199637324e-04 8.348980041024522958e-03
5.511100000000000000e+04 -9.410892575097184576e+00 6.261738070206875229e+00 1.156457154454582970e-04 4.504966884452449999e-02 1.143196079927424701e-04 5.947936208677647232e-03
5.511200000000000000e+04 -7.918828560375852810e+00 6.261738070206875229e+00 9.758440761606501234e-05 3.836694270430483084e-02 9.645587389153405797e-05 5.019748626793075000e-03
5.511400000000000000e+04 1.173049794719410421e+01 6.261738070206875229e+00 6.958654607878823439e-05 2.782253192041436729e-02 6.876820444588222371e-05 3.575425609182477163e-03
5.511500000000000000e+04 -1.778679683480855189e+01 6.261738070206875229e+00 5.873710382175830266e-05 2.369390429479525245e-02 5.804061642466235168e-05 3.018024187954762658e-03
5.511700000000000000e+04 -2.762292095179113449e+00 6.261738070206875229e+00 4.190237815524010603e-05 1.717258979272751757e-02 4.139733072045060849e-05 2.149475516037590347e-03
5.511800000000000000e+04 5.944625028246176557e-01 6.261738070206875229e+00 3.537393284201757483e-05 1.462445775412622891e-02 3.494412016400036890e-05 1.814809112742756881e-03
5.511900000000000000e+04 1.676124088874948903e+00 6.261738070206875229e+00 2.989522724563628027e-05 1.245183446851919236e-02 2.952906681710418518e-05 1.532043219218365976e-03
5.512000000000000000e+04 1.318028734067940855e+00 6.261738070206875229e+00 2.547766315478123457e-05 1.059595608883971696e-02 2.516312410348764490e-05 1.292694232973808696e-03
