5.497500000000000000e+04 -1.888898384015425869e+00 6.999670026455162564e+00 9.676860811788584593e-01 1.458879340350270093e-18 9.676860811788584593e-01 1.458879340350270093e-18
5.497600000000000000e+04 -5.197110708945248625e+00 6.999670026455162564e+00 2.014654457448330049e+00 1.458879319665053140e-18 2.014654457448330049e+00 1.458879319665053140e-18
5.497900000000000000e+04 7.498850742310469997e-02 6.999670026455162564e+00 7.421511495175619366e+00 1.458879233475697024e-18 7.421511495175619366e+00 1.458879233475697024e-18
5.498000000000000000e+04 1.384245337002502119e+01 6.999670026455162564e+00 1.010928248076253944e+01 1.458879194246585025e-18 1.010928248076253944e+01 1.458879194246585025e-18
5.498100000000000000e+04 2.725025379312545226e+01 6.999670026455162564e+00 1.326427468792255127e+01 1.458879148210798260e-18 1.326427468792255127e+01 1.458879148210798260e-18
5.498200000000000000e+04 1.496366393178772825e+01 6.999670026455162564e+00 1.681188057541250913e+01 1.458879094187306028e-18 1.681188057541250913e+01 1.458879094187306028e-18
5.498400000000000000e+04 2.589249887806799322e+01 6.999670026455162564e+00 2.504964300095078400e+01 1.458878956392917053e-18 2.504964300095078400e+01 1.458878956392917053e-18
5.498500000000000000e+04 3.297885621105883303e+01 6.999670026455162564e+00 2.982457128805857849e+01 1.458878869086958948e-18 2.982457128805857849e+01 1.458878869086958948e-18
5.498700000000000000e+04 3.752104316304227893e+01 6.999670026455162564e+00 4.097582893337165899e+01 1.458878646401056061e-18 4.097582893337165899e+01 1.458878646401056061e-18
5.499000000000000000e+04 5.300832235474889842e+01 6.999670026455162564e+00 6.053040193995693841e+01 1.458878145431422993e-18 6.053040193995693841e+01 1.458878145431422993e-18
5.499200000000000000e+04 8.335746891246306234e+01 6.999670026455162564e+00 7.440742163840896239e+01 1.458877649835416619e-18 7.440742163840896239e+01 1.458877649835416619e-18
5.499300000000000000e+04 8.617780594247052761e+01 6.999670026455162564e+00 8.115791156796579742e+01 1.458877335827950478e-18 8.115791156796579742e+01 1.458877335827950478e-18
5.499400000000000000e+04 8.798556969033073472e+01 6.999670026455162564e+00 8.659722275531558466e+01 1.458876967336947338e-18 8.659722275531558466e+01 1.458876967336947338e-18
5.499600000000000000e+04 8.887247601641965389e+01 6.999670026455162564e+00 9.298895886639343189e+01 2.480027301376598325e-01 9.298895886639343189e+01 2.480027301376598325e-01
5.499700000000000000e+04 9.116677228134706468e+01 6.999670026455162564e+00 9.629327569357960215e+01 7.741488649430867675e-01 9.534931745081652821e+01 7.741488649430867675e-01
5.499800000000000000e+04 1.010399366840783557e+02 6.999670026455162564e+00 9.918247974999729877e+01 1.611723565958664173e+00 9.725679520493949326e+01 1.611723565958664173e+00
5.500000000000000000e+04 1.057774516030145406e+02 6.999670026455162564e+00 1.033635191096377355e+02 4.184087600156392028e+00 9.942624000542298290e+01 4.184087600156392028e+00
5.500200000000000000e+04 1.161323513513843011e+02 6.999670026455162564e+00 1.052803738591805711e+02 8.087425984610032259e+00 9.937735874946248771e+01 8.087425984610032259e+00
5.500300000000000000e+04 1.168242137258615543e+02 6.999670026455162564e+00 1.051005260292248522e+02 1.061141975033804385e+01 9.828909195663038645e+01 1.061141975033804385e+01
5.500400000000000000e+04 1.187556088604662108e+02 6.999670026455162564e+00 1.041840135494281583e+02 1.344950446033000979e+01 9.653818898204983157e+01 1.344950446033000979e+01
5.500500000000000000e+04 1.219479436410263418e+02 6.999670026455162564e+00 1.027844600448811150e+02 1.657394882118942192e+01 9.437559456880096320e+01 1.657394882118942192e+01
5.500900000000000000e+04 1.239640782692169978e+02 6.999670026455162564e+00 9.317568748663094880e+01 3.278066314669732861e+01 8.255133116561614770e+01 3.278066314669732861e+01
5.501200000000000000e+04 1.300231523960959237e+02 6.999670026455162564e+00 8.274002025775837410e+01 4.842432155196556209e+01 7.142612246008147281e+01 4.842432155196556209e+01
5.501300000000000000e+04 1.212596540523916673e+02 6.999670026455162564e+00 7.904153954887965483e+01 5.387147402998105150e+01 6.765517379857884350e+01 5.387147402998105150e+01
5.501400000000000000e+04 1.386984658205304868e+02 6.999670026455162564e+00 7.495577045123665982e+01 5.952593731072717276e+01 6.361888512242121152e+01 5.952593731072717276e+01
5.501600000000000000e+04 1.367470278061983890e+02 6.999670026455162564e+00 6.641400319690988852e+01 6.927777820425247057e+01 5.543739832797152900e+01 6.927777820425247057e+01
5.501700000000000000e+04 1.358420725194333443e+02 6.999670026455162564e+00 6.294404885508876646e+01 7.405654826976335414e+01 5.211031447560955598e+01 7.227144361253377269e+01
5.501800000000000000e+04 1.293090119802184859e+02 6.999670026455162564e+00 5.994410912040362405e+01 7.806609074751460753e+01 4.922327896239417555e+01 7.439116709311475972e+01
5.501900000000000000e+04 1.332130104358485028e+02 6.999670026455162564e+00 5.716580327670529016e+01 8.193176149913763595e+01 4.656333247267679099e+01 7.627945396065322825e+01
5.502000000000000000e+04 1.417271444319905811e+02 6.999670026455162564e+00 5.433581269203234143e+01 8.549261325695002256e+01 4.390417961541074021e+01 7.780543616395159745e+01
5.502100000000000000e+04 1.486271762459662114e+02 6.999670026455162564e+00 5.136333565007664248e+01 8.863006487902660524e+01 4.117301454915962466e+01 7.888746317670370445e+01
5.502200000000000000e+04 1.458392301963994839e+02 6.999670026455162564e+00 4.839914929559621726e+01 9.132896701938136630e+01 3.849145005216814042e+01 7.954099200433840622e+01
5.502500000000000000e+04 1.342305616073241197e+02 6.999670026455162564e+00 4.037709068466720197e+01 9.611100567887146440e+01 3.137059333747742329e+01 7.863127356530432621e+01
5.502900000000000000e+04 1.230656881310771809e+02 6.999670026455162564e+00 3.139194160994529881e+01 9.426603304408122597e+01 2.366167303078713857e+01 7.135419956406119013e+01
5.503100000000000000e+04 1.266471713000261445e+02 6.999670026455162564e+00 2.758733061678350396e+01 9.050927948998156580e+01 2.048817721261307412e+01 6.604106493249292953e+01
5.503200000000000000e+04 1.053161375293865376e+02 6.999670026455162564e+00 2.586966359169930030e+01 8.798240622880385331e+01 1.907229695642826428e+01 6.306078428096606103e+01
5.503300000000000000e+04 1.119139751296261380e+02 6.999670026455162564e+00 2.448013519836719354e+01 8.530975853975765233e+01 1.791710107470335345e+01 6.008152583967718385e+01
5.503400000000000000e+04 1.014611404815226905e+02 6.999670026455162564e+00 2.327914364944863124e+01 8.254574120466696741e+01 1.691552365168480421e+01 5.714089796806518251e+01
5.503500000000000000e+04 9.405487510104329374e+01 6.999670026455162564e+00 2.213427785505292533e+01 7.952459748980152199e+01 1.596874529619285887e+01 5.412413903886307764e+01
5.503600000000000000e+04 1.024942837888107761e+02 6.999670026455162564e+00 2.111265557187895325e+01 7.603729149831784184e+01 1.512367877641758973e+01 5.089510809793696922e+01
5.503700000000000000e+04 8.149277004741880148e+01 6.999670026455162564e+00 2.017169347115578049e+01 7.211276226275586509e+01 1.434788638676704053e+01 4.748321739827211729e+01
5.503900000000000000e+04 9.593758494725015851e+01 6.999670026455162564e+00 1.827990652322419507e+01 6.537134730336268262e+01 1.282170619571031622e+01 4.168825158048764479e+01
5.504000000000000000e+04 6.772349957300855294e+01 6.999670026455162564e+00 1.738458315159077117e+01 6.272227098504114906e+01 1.210962883225882791e+01 3.937862316991534328e+01
5.504200000000000000e+04 7.605822653733737582e+01 6.999670026455162564e+00 1.574078009562868097e+01 5.767955501154202835e+01 1.081543224929825442e+01 3.512334369232860354e+01
5.504400000000000000e+04 6.908741765271329882e+01 6.999670026455162564e+00 1.422592447420255546e+01 5.208970952659809939e+01 9.643386980885679804e+00 3.079316004173451304e+01
5.504500000000000000e+04 5.165707508282390847e+01 6.999670026455162564e+00 1.348554199809455234e+01 4.935970740941733226e+01 9.080561577061848411e+00 2.875937039527899231e+01
5.504600000000000000e+04 6.018384476089072876e+01 6.999670026455162564e+00 1.273924517295322723e+01 4.677018950245822282e+01 8.521234229400151960e+00 2.686398018521436981e+01
5.504700000000000000e+04 7.035214716859258033e+01 6.999670026455162564e+00 1.197907366180507260e+01 4.431284532478712634e+01 7.960046289989414880e+00 2.509647466998194432e+01
5.504800000000000000e+04 5.822483178088176459e+01 6.999670026455162564e+00 1.122320542549218558e+01 4.194421796642892986e+01 7.409034476823465276e+00 2.342728885524403992e+01
5.505000000000000000e+04 4.025298102140300216e+01 6.999670026455162564e+00 9.649863740193248773e+00 3.743398257766226322e+01 6.288194800073795498e+00 2.034676735387665047e+01
5.505200000000000000e+04 4.466502477401702720e+01 6.999670026455162564e+00 8.032782333005661357e+00 3.328147704352308978e+01 5.167770414954748759e+00 1.761670391886676512e+01
5.505400000000000000e+04 4.031792525788704040e+01 6.999670026455162564e+00 6.544465172188513868e+00 2.957884390378547579e+01 4.157327640826142812e+00 1.525783756514261391e+01
5.505600000000000000e+04 4.644724461516042879e+01 6.999670026455162564e+00 5.284939486094674344e+00 2.690244881563951651e+01 3.315520380235053022e+00 1.353241892134784763e+01
5.505800000000000000e+04 2.349499336763277313e+01 6.999670026455162564e+00 4.244015548391934622e+00 2.465038651125856362e+01 2.629827455937498115e+00 1.209894302113407427e+01
5.506000000000000000e+04 3.253844548729549757e+01 6.999670026455162564e+00 3.365033958459563657e+00 2.268156447244925999e+01 2.059888564189253035e+00 1.086906482291032106e+01
5.506100000000000000e+04 2.380625268812820750e+01 6.999670026455162564e+00 2.984528830620873041e+00 2.165842610579386474e+01 1.815959130283463896e+00 1.025736495656825298e+01
5.506200000000000000e+04 1.963905343439177997e+01 6.999670026455162564e+00 2.640170193044455882e+00 2.069487128917704766e+01 1.596812745279095003e+00 9.687703065807063751e+00
5.506400000000000000e+04 2.664330610968962532e+01 6.999670026455162564e+00 2.044512433974091881e+00 1.891056697925301222e+01 1.221917543613490142e+00 8.652345799438604601e+00
5.506500000000000000e+04 1.309884008093720453e+01 6.999670026455162564e+00 1.789197483913721687e+00 1.806791460780848624e+01 1.063036946060080368e+00 8.174417322448755741e+00
5.506700000000000000e+04 2.593723918637829229e+01 6.999670026455162564e+00 1.360675843430744214e+00 1.641547599654933265e+01 7.990344961129509649e-01 7.264449261649479794e+00
5.506800000000000000e+04 2.776891478638165012e+01 6.999670026455162564e+00 1.181538061381515181e+00 1.557272597891336474e+01 6.898283870746817481e-01 6.816987383520122457e+00
5.506900000000000000e+04 9.674082200380233587e+00 6.999670026455162564e+00 1.021712345293527946e+00 1.470443431057164752e+01 5.930877954916861095e-01 6.368037031991533148e+00
5.507100000000000000e+04 1.546611012105412541e+01 6.999670026455162564e+00 7.572009772252119575e-01 1.294419034509128252e+01 4.345486239456022304e-01 5.488314753059690076e+00
5.507300000000000000e+04 2.002034654039110251e+01 6.999670026455162564e+00 5.568005512126309453e-01 1.101087306518451392e+01 3.159510589642119949e-01 4.572811605625031639e+00
5.507400000000000000e+04 1.697815749130938912e+01 6.999670026455162564e+00 4.765802813207279942e-01 1.005689464913513831e+01 2.689201451984696289e-01 4.134216331963799895e+00
5.507500000000000000e+04 5.600368841428736033e+00 6.999670026455162564e+00 4.064856019660498809e-01 9.141608965659047570e+00 2.280935985444418612e-01 3.720184334700300077e+00
5.507800000000000000e+04 1.131191016380759606e+01 6.999670026455162564e+00 2.502181211188219123e-01 6.714326632421611762e+00 1.381047141620609098e-01 2.652416304188042862e+00
5.508000000000000000e+04 -7.182592013735225045e+00 6.999670026455162564e+00 1.804082044833896503e-01 5.429646958626797471e+00 9.849760017656127020e-02 2.103861964749998759e+00
5.508100000000000000e+04 8.342161651894086205e+00 6.999670026455162564e+00 1.531895605425670770e-01 4.857901178509258955e+00 8.318738014801362046e-02 1.864479439074748779e+00
5.508200000000000000e+04 7.332859232261666804e+00 6.999670026455162564e+00 1.299183165730312117e-01 4.334335121224459186e+00 7.017301316464903682e-02 1.647910851351402695e+00
5.508400000000000000e+04 1.052017699454684241e+01 6.999670026455162564e+00 9.330634488510669566e-02 3.423055545799890798e+00 4.986444254227592049e-02 1.277450196223276269e+00
5.508500000000000000e+04 5.475914964197535539e+00 6.999670026455162564e+00 7.905817113573078425e-02 3.028163872355692732e+00 4.202762805578161287e-02 1.119758855288131238e+00
5.508800000000000000e+04 7.209759122507282125e-01 6.999670026455162564e+00 4.850497392522593737e-02 2.050638640225308951e+00 2.538464199561750803e-02 7.380645840142919800e-01
5.508900000000000000e+04 2.562896238379226865e+00 6.999670026455162564e+00 4.121165542635528423e-02 1.791818876843370267e+00 2.145658115601357940e-02 6.392275968903607941e-01
5.509000000000000000e+04 -3.261937670979814907e+00 6.999670026455162564e+00 3.501791396190072347e-02 1.560557370375828423e+00 1.813835800367798873e-02 5.518627096597454873e-01
5.509100000000000000e+04 7.414163387611781175e+00 6.999670026455162564e+00 2.976487825990664984e-02 1.353426349312027765e+00 1.533876746194622574e-02 4.744702363933489542e-01
5.509300000000000000e+04 5.941181825125476657e+00 6.999670026455162564e+00 2.147043497755860009e-02 1.008813321462194379e+00 1.095262713745783802e-02 3.476388991564817732e-01
5.509500000000000000e+04 1.004630841501778704e+01 6.999670026455162564e+00 1.550419160792279247e-02 7.459730882568631483e-01 7.830004347216196550e-03 2.527608471713695959e-01
5.509600000000000000e+04 1.364845543706981523e+00 6.999670026455162564e+00 1.316748749125120146e-02 6.402450816885165708e-01 6.616827885050855125e-03 2.151361161587757309e-01
5.509700000000000000e+04 -4.101092724399978628e+00 6.999670026455162564e+00 1.118501087667564571e-02 5.475523689218455559e-01 5.592785077591702451e-03 1.824748788355535223e-01
5.509800000000000000e+04 2.452266329310922810e+00 6.999670026455162564e+00 9.508112215953075722e-03 4.671188495601545365e-01 4.730874821351913062e-03 1.543990379983322947e-01
5.509900000000000000e+04 -1.760780471929105140e+00 6.999670026455162564e+00 8.075679458129874852e-03 3.983412697299655303e-01 3.998454947828823484e-03 1.305994130454626312e-01
5.510100000000000000e+04 -3.809682126873922048e+00 6.999670026455162564e+00 5.827083094098546058e-03 2.893112716459130818e-01 2.857113554350843541e-03 9.334127170379516447e-02
5.510400000000000000e+04 4.915118768706942198e+00 6.999670026455162564e+00 3.573290049947880700e-03 1.781608596634641772e-01 1.726894476100850886e-03 5.613841053171924472e-02
5.510700000000000000e+04 -2.258275115644942588e+01 6.999670026455162564e+00 2.177673090791414946e-03 1.091945021094095636e-01 1.037530654529236849e-03 3.362210244462529585e-02
5.510800000000000000e+04 -8.404130267401503929e-01 6.999670026455162564e+00 1.846866416529114761e-03 9.289981124916746325e-02 8.757902202812570909e-04 2.838889232647826000e-02
5.510900000000000000e+04 -6.546494842349312115e+00 6.999670026455162564e+00 1.565228423591071829e-03 7.916660826264211581e-02 7.387683124515371895e-04 2.401098185151864448e-02
5.511000000000000000e+04 -4.512068219551989556e-01 6.999670026455162564e+00 1.326328200320780245e-03 6.745816302483380322e-02 6.230988444615148105e-04 2.030771359649400851e-02
5.511100000000000000e+04 1.689323686588320328e+01 6.999670026455162564e+00 1.124549744570890698e-03 5.744355907087955737e-02 5.258591276927242816e-04 1.716526492481086630e-02
5.511400000000000000e+04 -1.425294892823032811e+01 6.999670026455162564e+00 6.852637791906245404e-04 3.547782547452652674e-02 3.160519228810185948e-04 1.037181356327150986e-02
