Inference for Stan model: anon_model_ecc96bcd87b207086d802dbe6527f8f0.
8 chains, each with iter=25000; warmup=5000; thin=3; 
post-warmup draws per chain=6667, total post-warmup draws=53336.

        mean se_mean     sd   2.5%    16%    50%    84%  97.5%  n_eff   Rhat
meanr  3.811 7.23e-4   0.11   3.59  3.715  3.811  3.909  4.026  23070  1.001
sigr   0.499 3.26e-4   0.05  0.422  0.452  0.491  0.545  0.619  23857  1.001
meang  3.392   0.001  0.174  3.107  3.238  3.367  3.549  3.816  25396  1.001
sigg   0.485 3.58e-4  0.062  0.384  0.427  0.478  0.543  0.626  29641    1.0
meani  3.689   0.002  0.278  3.151   3.41  3.691  3.956  4.276  31596  1.001
sigi   0.638 7.88e-4  0.094  0.455  0.534  0.641  0.742   0.79  14111  1.001
c0r    0.812   0.008    0.3  0.443  0.544   0.73  1.108  1.599   1447  1.006
c1r   -3.278   0.023  1.162 -4.927 -4.534 -3.442 -1.991 -0.847   2601  1.003
c2r   -0.286   0.019  2.685 -4.734 -3.348 -0.352  2.792  4.541  19115  1.001
c3r    -0.84   0.016  2.114 -4.394 -3.171 -0.915  1.506  3.164  17113  1.001
c4r    1.339   0.015    1.4 -1.043 -0.157  1.256  2.874  4.082   9052  1.001
c0g    0.778   0.006  0.377  0.408  0.456  0.642  1.153  1.796   3732  1.002
c1g   -1.726   0.013  1.757 -4.735 -3.633 -1.771  0.158  1.735  18288  1.001
c2g    -0.32   0.017  2.667 -4.653 -3.301 -0.506  2.794  4.584  24210    1.0
c3g      0.4    0.02  2.625 -4.484 -2.614   0.55  3.332  4.711  17016  1.001
c4g   -0.663    0.01  1.938 -4.348 -2.675 -0.688  1.369  3.108  38386    1.0
c0i    0.793   0.002  0.362  0.411  0.469  0.676  1.158  1.766  27569    1.0
c1i   -2.418   0.018  1.445 -4.812 -3.991 -2.489 -0.846  0.448   6604  1.002
c2i   -0.827   0.018  2.605 -4.791 -3.733 -1.046  2.135  4.304  20471  1.001
c3i    0.773   0.017  2.392 -3.828 -1.889  0.871  3.443  4.728  20272    1.0
c4i    0.963   0.009  1.569 -1.941 -0.654  0.934  2.601  4.077  28367    1.0
mu     0.806 3.38e-4  0.038  0.729  0.768  0.807  0.844  0.878  12624  1.001
dt    33.215   0.003  0.588 32.088 32.633   33.2 33.796 34.395  33700    1.0
t0    -2.509   0.012  1.925 -4.907 -4.404 -2.922 -0.597  2.235  25973    1.0
lp__  -822.6   0.043  4.597 -832.6 -827.2 -822.2 -818.1 -814.8  11423  1.001

Samples were drawn using NUTS at Sat Aug 15 08:00:02 2020.
For each parameter, n_eff is a crude measure of effective sample size,
and Rhat is the potential scale reduction factor on split chains (at 
convergence, Rhat=1).