Inference for Stan model: anon_model_ecc96bcd87b207086d802dbe6527f8f0.
8 chains, each with iter=25000; warmup=5000; thin=3; 
post-warmup draws per chain=6667, total post-warmup draws=53336.

        mean se_mean     sd   2.5%    16%    50%    84%  97.5%  n_eff   Rhat
meanr  3.896   0.007  0.077   3.75  3.815  3.897  3.972  4.045    127  1.033
sigr    0.56   0.002  0.023  0.518  0.536  0.559  0.582  0.607    144  1.028
meang  3.769   0.011  0.063  3.652  3.707  3.766  3.836   3.89     36  1.135
sigg   0.518   0.002  0.021   0.48  0.497  0.517  0.539  0.558     80  1.063
meani  3.657   0.001   0.13  3.454   3.55  3.649  3.754  3.961   8319  1.005
sigi   0.572 8.45e-4  0.062  0.458  0.512   0.57  0.628  0.714   5464  1.003
c0r    0.637   0.013   0.23   0.41  0.454  0.558   0.83  1.272    300  1.021
c1r   -3.125   0.045  1.109  -4.89 -4.354 -3.167 -1.971 -0.879    607  1.012
c2r    0.414   0.483  2.781 -4.627 -2.779  0.499  3.608  4.756     33  1.112
c3r   -0.571   0.386  2.117  -4.37 -2.988 -0.527  1.796  2.918     30  1.122
c4r     1.67   0.207  1.292 -0.688  0.232  1.669  3.229  3.728     39    1.1
c0g    0.815   0.123  0.417  0.418  0.483  0.659  1.168  1.891     11  1.432
c1g   -2.478   0.381  1.714 -4.878 -4.287 -2.772 -0.511  0.907     20  1.197
c2g    1.908   0.147  2.447 -3.816 -0.896  2.664  4.203  4.881    278  1.021
c3g    0.288     0.2  2.056 -4.386  -2.08  0.808  2.296  2.879    106  1.042
c4g    2.482   0.033   1.24 -0.167  1.261  2.528  3.794   4.62   1451   1.01
c0i    0.829   0.031  0.351  0.415  0.491  0.733  1.186  1.727    124  1.032
c1i   -2.505   0.137  1.439 -4.858 -4.126 -2.561 -0.969  0.302    111  1.036
c2i   -0.114   0.029  2.513 -4.621 -2.864 -0.295  2.742  4.497   7513  1.005
c3i    0.936   0.181  2.187  -3.17 -1.362  0.965  3.393  4.635    146  1.028
c4i    2.177   0.189   1.44 -0.412  0.569  2.223  3.763  4.722     58   1.06
mu     1.318 1.39e-4  0.022  1.275  1.297  1.316   1.34  1.362  25356  1.002
dt    41.993    0.02  0.245 41.497 41.743 42.002 42.235 42.444    144  1.029
t0    -4.615   0.002  0.341 -4.988  -4.92 -4.694 -4.322 -3.712  35782  1.001
lp__  -789.7   0.068  4.696 -800.1 -794.3 -789.2 -785.2 -781.7   4781  1.005

Samples were drawn using NUTS at Fri Aug 14 12:05:48 2020.
For each parameter, n_eff is a crude measure of effective sample size,
and Rhat is the potential scale reduction factor on split chains (at 
convergence, Rhat=1).