Inference for Stan model: anon_model_ecc96bcd87b207086d802dbe6527f8f0.
8 chains, each with iter=25000; warmup=5000; thin=3; 
post-warmup draws per chain=6667, total post-warmup draws=53336.

        mean se_mean     sd   2.5%    16%    50%    84%  97.5%  n_eff   Rhat
meanr   3.73   0.002  0.211  3.301  3.501  3.756  3.927  4.114  17421    1.0
sigr   0.579 5.21e-4   0.08  0.463  0.502  0.562  0.667  0.763  23507    1.0
meang  3.466   0.002   0.28  3.011  3.189  3.419  3.775  4.043  18806    1.0
sigg   0.487  4.6e-4  0.072  0.365  0.417  0.481  0.557  0.649  24504    1.0
meani  3.592   0.002  0.306  2.973  3.285    3.6  3.881  4.218  32722    1.0
sigi   0.633 5.56e-4    0.1  0.442  0.523  0.637  0.747  0.792  32247    1.0
c0r    0.878   0.003  0.394  0.417  0.502  0.761  1.318  1.827  17575  1.001
c1r   -2.274   0.009  1.357 -4.791 -3.893 -2.117 -0.836 -0.107  22222    1.0
c2r    -2.51   0.012  1.903 -4.913 -4.431 -2.959 -0.316  1.713  27165    1.0
c3r   -2.754   0.007  1.242  -4.68 -4.011 -2.936 -1.399 -0.181  31044    1.0
c4r   -0.882   0.006  1.029 -2.474 -1.889 -1.059  0.233  1.368  26888    1.0
c0g    0.786   0.003  0.373  0.409  0.461  0.653  1.173  1.777  17812  1.001
c1g   -1.975   0.009  1.584 -4.733 -3.699 -1.977 -0.396  1.301  32248    1.0
c2g   -1.034   0.013  2.556 -4.742 -3.762 -1.435  1.988   4.16  40993    1.0
c3g   -0.523   0.018  2.846 -4.794 -3.728 -0.758  2.961  4.675  25280    1.0
c4g   -0.035   0.009  1.789 -3.209 -1.837 -0.169  1.891  3.576  35954    1.0
c0i    0.795   0.002   0.37   0.41  0.468  0.671  1.172  1.774  43164    1.0
c1i   -2.405   0.007  1.403 -4.801 -3.945 -2.443 -0.923  0.381  40051    1.0
c2i   -1.017   0.015  2.558 -4.819 -3.839 -1.283  1.906  4.147  30055    1.0
c3i    0.662   0.012  2.326 -3.667 -1.905  0.697  3.271  4.679  37215    1.0
c4i    1.229   0.009  1.594 -1.701 -0.424   1.19  2.913  4.349  30918    1.0
mu     0.665   0.001  0.238  0.291  0.432  0.642  0.879  1.206  33004    1.0
dt     9.966    0.01  1.602  6.335  8.716 10.103 11.328 12.677  23934    1.0
t0     -2.18    0.01  1.862  -4.86 -4.158  -2.43 -0.171  1.871  35934    1.0
lp__  -706.5   0.029  4.836 -716.9 -711.2 -706.1 -701.7 -698.0  27540    1.0

Samples were drawn using NUTS at Sat Aug 15 13:37:12 2020.
For each parameter, n_eff is a crude measure of effective sample size,
and Rhat is the potential scale reduction factor on split chains (at 
convergence, Rhat=1).