Inference for Stan model: anon_model_ecc96bcd87b207086d802dbe6527f8f0.
8 chains, each with iter=25000; warmup=5000; thin=3; 
post-warmup draws per chain=6667, total post-warmup draws=53336.

        mean se_mean     sd   2.5%    16%    50%    84%  97.5%  n_eff   Rhat
meanr  3.679   0.001   0.05  3.574  3.632  3.681  3.726  3.775   2245  1.008
sigr   0.516 3.45e-4  0.013  0.494  0.504  0.515  0.529  0.547   1526  1.006
meang  3.674 8.91e-4  0.047  3.573  3.628  3.677  3.721   3.76   2841  1.004
sigg   0.488 2.35e-4  0.014  0.464  0.474  0.487  0.502  0.518   3521  1.003
meani  3.552 3.05e-4  0.031  3.491  3.522  3.551  3.582  3.613  10172  1.001
sigi   0.426  3.2e-4  0.021  0.392  0.406  0.424  0.446  0.472   4279  1.001
c0r    0.711   0.013  0.241  0.424  0.486   0.65  0.947  1.283    359  1.023
c1r   -3.018   0.023  1.098 -4.873 -4.262 -3.032  -1.81 -0.999   2194  1.011
c2r   -3.179   0.029  1.212 -4.912  -4.49 -3.325 -1.858 -0.551   1724  1.006
c3r   -3.256   0.022  0.915 -4.604 -4.227 -3.376 -2.262 -1.261   1672  1.007
c4r   -0.531   0.008  0.441 -1.302 -0.988 -0.556 -0.068  0.358   2926  1.004
c0g    0.688   0.009  0.236  0.429  0.487  0.617  0.906  1.279    689  1.019
c1g   -3.291   0.028  1.074 -4.914 -4.482 -3.393 -2.053 -1.254   1499   1.01
c2g   -1.542   0.023  1.631 -4.355 -3.374 -1.545  0.212  1.464   5139  1.002
c3g   -2.856   0.016  1.227 -4.877 -4.249 -2.897 -1.489 -0.567   5791  1.002
c4g     0.33   0.013  0.825 -1.242 -0.547  0.345  1.174  1.925   3924  1.003
c0i    1.208   0.005  0.338  0.661   0.87   1.16  1.586  1.918   5204  1.002
c1i   -3.188   0.022  1.195 -4.913 -4.455 -3.349 -1.912 -0.538   2904  1.004
c2i   -0.779   0.035  2.339 -4.704 -3.376 -0.827  1.743  3.785   4368  1.002
c3i    0.728   0.026  1.918 -2.634 -1.439  0.758   2.79   4.28   5291  1.001
c4i    2.987   0.011  1.095  0.957  1.802  2.976  4.233  4.851   9379  1.001
mu      0.94 4.67e-4  0.043  0.859  0.897   0.94  0.983  1.028   8670  1.001
dt    10.876   0.001  0.149 10.577 10.728 10.878 11.024  11.16  11836    1.0
t0    -4.455   0.006  0.413 -4.979 -4.863 -4.545 -4.025 -3.481   4156  1.002
lp__  -672.4   0.046  4.658 -682.5 -677.0 -672.0 -667.8 -664.3  10477  1.002

Samples were drawn using NUTS at Fri Aug 14 03:09:58 2020.
For each parameter, n_eff is a crude measure of effective sample size,
and Rhat is the potential scale reduction factor on split chains (at 
convergence, Rhat=1).