Inference for Stan model: anon_model_ecc96bcd87b207086d802dbe6527f8f0.
8 chains, each with iter=25000; warmup=5000; thin=3; 
post-warmup draws per chain=6667, total post-warmup draws=53336.

        mean se_mean     sd   2.5%    16%    50%    84%  97.5%  n_eff   Rhat
meanr   3.81 8.94e-4  0.129   3.56  3.689  3.805   3.93  4.085  20826  1.002
sigr   0.534 4.63e-4  0.033  0.481  0.503   0.53  0.565  0.609   4925  1.002
meang  3.775 4.36e-4  0.063  3.652  3.713  3.774  3.839  3.898  21010  1.001
sigg   0.455 4.43e-4  0.026  0.413   0.43  0.452   0.48  0.514   3453  1.003
meani  3.435   0.003  0.231  3.002  3.196  3.444  3.653  3.881   7600  1.001
sigi   0.557   0.002  0.104   0.38   0.44  0.558   0.67  0.756   4464  1.003
c0r     0.72   0.005  0.321  0.407  0.445  0.601  1.053  1.571   4236  1.007
c1r   -2.483   0.018  1.164 -4.526  -3.76 -2.505 -1.183 -0.428   4090  1.005
c2r   -2.212   0.026  1.951 -4.872 -4.312 -2.544  0.092  1.744   5836  1.003
c3r   -2.773   0.018  1.324 -4.739 -4.211 -2.967 -1.206 -0.172   5670  1.002
c4r   -0.535   0.011  0.889 -1.851 -1.457 -0.675  0.451   1.34   6734  1.003
c0g    0.712   0.014   0.28   0.42  0.483  0.622  0.952  1.532    398  1.026
c1g   -3.182   0.036  1.186 -4.921 -4.477  -3.32 -1.832 -0.696   1089   1.01
c2g    0.659   0.021  2.596 -4.197  -2.48  0.911  3.503  4.707  15923  1.001
c3g   -1.092   0.013   1.94  -4.73 -3.409 -0.872  1.022  1.888  20843  1.001
c4g    1.631   0.021  1.335 -0.907  0.154  1.708  3.084  3.904   4081  1.003
c0i     0.77   0.002   0.36  0.409  0.459  0.647  1.124  1.757  35411    1.0
c1i   -1.629   0.008  1.499 -4.552 -3.247 -1.577 -0.093  1.154  31318  1.001
c2i   -1.295   0.014  2.426 -4.825 -3.924 -1.608  1.402  3.814  31330  1.001
c3i    1.078   0.031  2.344 -3.401 -1.542  1.207  3.716   4.79   5790  1.002
c4i    0.717    0.03   1.72 -2.413 -1.082  0.656  2.521  4.136   3235  1.003
mu     1.217  3.5e-4  0.059  1.104  1.158  1.216  1.275  1.332  28084    1.0
dt    16.591   0.002  0.232 16.131 16.365 16.592 16.822 17.043  13917  1.001
t0    -3.766   0.013  0.932 -4.951 -4.713 -3.952 -2.802 -1.582   4895  1.002
lp__  -714.6   0.045  4.648 -724.7 -719.2 -714.2 -710.0 -706.7  10847  1.002

Samples were drawn using NUTS at Sat Aug 15 21:07:16 2020.
For each parameter, n_eff is a crude measure of effective sample size,
and Rhat is the potential scale reduction factor on split chains (at 
convergence, Rhat=1).