Inference for Stan model: anon_model_ecc96bcd87b207086d802dbe6527f8f0.
8 chains, each with iter=25000; warmup=5000; thin=3; 
post-warmup draws per chain=6667, total post-warmup draws=53336.

        mean se_mean     sd   2.5%    16%    50%    84%  97.5%  n_eff   Rhat
meanr  3.899 9.64e-4  0.139  3.664  3.769  3.881  4.038  4.211  20812    1.0
sigr   0.525 2.41e-4  0.038  0.465  0.489  0.519   0.56  0.615  25311    1.0
meang  3.831 5.62e-4  0.084  3.678  3.748  3.826  3.916  4.004  22453  1.001
sigg   0.468 1.78e-4  0.031  0.418  0.439  0.465  0.498  0.537  29748    1.0
meani  3.208   0.002   0.22  2.875  3.019  3.177  3.372  3.814  12185  1.001
sigi   0.735 6.32e-4  0.066  0.516  0.692  0.753  0.786  0.798  10925  1.001
c0r    0.809   0.003  0.323   0.45  0.537  0.704   1.12  1.703   8883  1.004
c1r   -3.169   0.012  1.205 -4.924 -4.501 -3.313 -1.749  -0.86  10710  1.003
c2r   -1.027   0.016  2.373 -4.783 -3.796 -1.085  1.717  3.083  23170    1.0
c3r   -2.187    0.01  1.563 -4.744 -4.019 -2.198 -0.378  0.405  22733    1.0
c4r    0.218   0.007  1.132 -1.689 -1.039  0.191  1.463  2.325  23232    1.0
c0g    0.885   0.003  0.316  0.494  0.607  0.794  1.198  1.716  14458  1.002
c1g   -3.275   0.013  1.163 -4.929 -4.537 -3.439 -1.952 -0.888   8265  1.002
c2g    0.725   0.015  2.507 -3.964 -2.266  1.003   3.44  4.681  26710  1.001
c3g   -1.295   0.012   1.86  -4.77 -3.538  -1.08  0.712  1.565  22271    1.0
c4g    1.513   0.008  1.313 -1.008  0.055  1.583  2.942  3.767  27403  1.001
c0i    1.073   0.004  0.442  0.434  0.595  1.004  1.602  1.944   9892  1.001
c1i    -2.04   0.007  1.189 -4.338 -3.321 -1.986 -0.833  0.159  29459    1.0
c2i   -3.054   0.012   1.65 -4.936 -4.575 -3.482 -1.463  1.115  19389    1.0
c3i    1.423   0.016  2.339 -3.174 -1.282  1.681   4.03  4.847  22681    1.0
c4i   -0.034   0.008  1.365 -2.481 -1.458 -0.074  1.391  2.635  33010    1.0
mu     0.519 5.21e-4    0.1  0.336  0.424  0.514  0.614  0.735  36837    1.0
dt     13.22   0.006  1.033 11.018 12.221 13.286 14.225 15.054  34510    1.0
t0    -3.938   0.005   0.87 -4.961  -4.75 -4.124 -3.152 -1.824  32989    1.0
lp__  -691.3    0.03  4.589 -701.3 -695.8 -690.9 -686.8 -683.5  23145    1.0

Samples were drawn using NUTS at Thu Aug 13 23:15:30 2020.
For each parameter, n_eff is a crude measure of effective sample size,
and Rhat is the potential scale reduction factor on split chains (at 
convergence, Rhat=1).