Inference for Stan model: anon_model_ecc96bcd87b207086d802dbe6527f8f0.
8 chains, each with iter=25000; warmup=5000; thin=3; 
post-warmup draws per chain=6667, total post-warmup draws=53336.

        mean se_mean     sd   2.5%    16%    50%    84%  97.5%  n_eff   Rhat
meanr  3.919   0.001  0.165  3.587  3.767  3.917  4.073   4.27  21185    1.0
sigr   0.533 3.74e-4  0.057  0.446  0.478  0.523  0.588  0.668  23584    1.0
meang  3.443   0.002  0.225  3.065  3.218  3.406  3.709   3.87  21953    1.0
sigg   0.426 3.78e-4   0.06  0.325  0.367  0.421  0.486  0.557  25039    1.0
meani  3.876   0.004  0.342  3.055  3.497  3.944   4.16  4.422   9040    1.0
sigi   0.518   0.001  0.128   0.35  0.398  0.479  0.689  0.788   9254  1.001
c0r    0.701   0.003  0.318  0.406  0.442  0.584  0.995  1.602  11652  1.002
c1r   -2.168   0.009  1.094 -4.357 -3.336 -2.123 -0.985 -0.316  13690  1.002
c2r   -1.674   0.017  2.223 -4.805 -4.069 -2.039  1.017  2.642  17120    1.0
c3r   -2.573   0.013  1.575 -4.851 -4.287 -2.812 -0.645  0.388  14457    1.0
c4r   -0.256   0.007  1.085 -1.916 -1.408 -0.394  0.954  1.942  24851    1.0
c0g    0.752   0.003  0.358  0.407  0.451   0.62  1.099  1.744  18011  1.001
c1g   -1.406   0.011  1.713 -4.533 -3.212 -1.429  0.314  2.096  23911  1.001
c2g   -0.859   0.016  2.648 -4.767 -3.747 -1.205  2.227  4.425  26727    1.0
c3g    0.071   0.022  2.739 -4.612  -3.09  0.088  3.241  4.687  16110  1.001
c4g    0.251    0.01  1.733 -3.184 -1.489  0.241  2.054  3.528  31263    1.0
c0i    0.879   0.003  0.389  0.415  0.503  0.774  1.298  1.836  19483    1.0
c1i   -2.288   0.011  1.494 -4.823 -4.008  -2.28 -0.656  0.431  17724  1.001
c2i    0.824   0.025  3.068 -4.714 -3.062  1.413  4.165  4.878  14946    1.0
c3i    0.844   0.013  2.085 -3.786 -1.504  1.328   2.76  4.228  25241    1.0
c4i    2.012    0.01  1.438 -1.022  0.467  2.189  3.411  4.541  18819    1.0
mu     1.463   0.001  0.202  1.089  1.264  1.456  1.664  1.876  36656    1.0
dt    15.984   0.004  0.852 14.325 15.141 15.979 16.832 17.669  46359    1.0
t0    -1.101   0.018  2.493 -4.812 -3.827 -1.394  1.709  4.045  18759  1.001
lp__  -743.0   0.033  4.868 -753.6 -747.8 -742.6 -738.2 -734.5  21127    1.0

Samples were drawn using NUTS at Sat Aug 15 00:20:21 2020.
For each parameter, n_eff is a crude measure of effective sample size,
and Rhat is the potential scale reduction factor on split chains (at 
convergence, Rhat=1).