Inference for Stan model: anon_model_ecc96bcd87b207086d802dbe6527f8f0.
8 chains, each with iter=25000; warmup=5000; thin=3; 
post-warmup draws per chain=6667, total post-warmup draws=53336.

        mean se_mean     sd   2.5%    16%    50%    84%  97.5%  n_eff   Rhat
meanr  3.907 7.28e-4  0.125  3.651  3.793  3.904  4.022  4.169  29641    1.0
sigr   0.535 2.34e-4  0.045  0.467  0.493  0.528  0.578  0.643  37336    1.0
meang  3.676   0.001  0.188  3.244  3.468  3.716   3.84  3.966  19943    1.0
sigg   0.484 2.84e-4  0.051  0.397  0.435  0.479  0.533  0.596  31717    1.0
meani  3.556   0.001  0.243  3.127  3.327  3.536  3.782  4.116  42585    1.0
sigi    0.63 4.23e-4  0.091   0.46  0.532  0.629  0.733  0.788  46199    1.0
c0r    0.952   0.002  0.347  0.534  0.635  0.847   1.33  1.814  26192  1.001
c1r     -3.0   0.007  1.215 -4.913 -4.403 -3.048 -1.585 -0.846  29001  1.001
c2r   -1.921   0.011  1.928 -4.795 -3.995 -2.171  0.292  1.951  33281    1.0
c3r   -2.985   0.007  1.294 -4.878 -4.386 -3.158 -1.488  -0.39  33826    1.0
c4r   -0.408   0.006  1.012 -2.105 -1.454 -0.503  0.685  1.673  33314    1.0
c0g    0.899   0.002  0.366  0.441  0.573  0.791  1.283  1.829  40420    1.0
c1g   -2.914   0.006  1.326 -4.903 -4.377 -3.026 -1.475 -0.283  42468    1.0
c2g   -0.782   0.012  2.411 -4.561 -3.377 -1.008  1.905   4.12  43086    1.0
c3g   -1.731   0.013  2.252 -4.846 -4.064 -2.059  0.519  3.804  32014    1.0
c4g    0.305   0.007  1.407 -2.203 -1.087  0.208  1.787  3.147  41448    1.0
c0i    0.781   0.002  0.377  0.408  0.456  0.646  1.166    1.8  46347    1.0
c1i   -1.928   0.007  1.566 -4.718 -3.648 -1.952 -0.235  1.049  44508    1.0
c2i   -0.592   0.012  2.511 -4.717 -3.436 -0.679  2.218  4.171  47633    1.0
c3i    1.616    0.01  2.244 -3.152 -0.852  1.905  4.036   4.85  46147    1.0
c4i    0.509   0.008  1.608 -2.658 -1.123  0.518  2.137  3.617  44408    1.0
mu     0.585 2.26e-4  0.048  0.489  0.538  0.585  0.633  0.676  44842    1.0
dt    21.842   0.002  0.473 20.923  21.37 21.842 22.309 22.779  49934    1.0
t0     -3.04   0.006  1.322 -4.906 -4.419 -3.231 -1.655 -0.064  44112    1.0
lp__  -737.5   0.032  4.957 -748.2 -742.4 -737.1 -732.6 -729.0  23449    1.0

Samples were drawn using NUTS at Sat Aug 15 06:22:12 2020.
For each parameter, n_eff is a crude measure of effective sample size,
and Rhat is the potential scale reduction factor on split chains (at 
convergence, Rhat=1).