Inference for Stan model: anon_model_ecc96bcd87b207086d802dbe6527f8f0.
8 chains, each with iter=25000; warmup=5000; thin=3; 
post-warmup draws per chain=6667, total post-warmup draws=53336.

        mean se_mean     sd   2.5%    16%    50%    84%  97.5%  n_eff   Rhat
meanr  3.854   0.004   0.18  3.509  3.687  3.847  4.029  4.229   1883  1.005
sigr    0.55 4.14e-4   0.05   0.47  0.503  0.543  0.595  0.669  14814    1.0
meang  3.724   0.002  0.182  3.186  3.602  3.748  3.874  4.011  13651  1.001
sigg   0.528 6.11e-4  0.055  0.426  0.475  0.525   0.58  0.648   8081  1.001
meani  3.694   0.002  0.232   3.14  3.507  3.713  3.877  4.154  11421  1.001
sigi    0.54   0.002   0.12  0.359  0.418  0.519  0.685  0.782   3219  1.004
c0r    0.708   0.015  0.305  0.408  0.452  0.601  0.996  1.562    440  1.018
c1r    -2.62   0.027  1.184 -4.778 -3.967 -2.577 -1.296 -0.669   1986  1.006
c2r   -1.258   0.033  2.419 -4.762 -3.936 -1.558  1.625  3.312   5246  1.002
c3r   -2.424   0.019  1.667 -4.847 -4.245 -2.633 -0.428  0.625   7912  1.001
c4r   -0.093   0.021  1.255 -2.032  -1.45 -0.208  1.299  2.404   3609  1.003
c0g    0.745   0.003  0.342   0.41  0.458  0.629   1.06   1.71  15873  1.002
c1g   -2.644   0.011  1.306  -4.82 -4.082 -2.684 -1.241 -0.143  14723  1.001
c2g    -0.82   0.042  2.386 -4.549 -3.421 -1.058  1.875  4.017   3265  1.003
c3g   -1.923   0.032  2.024 -4.847 -4.097  -2.16  0.229  2.413   4115  1.002
c4g    0.569   0.031  1.338 -1.697 -0.762  0.449  1.983   3.27   1923  1.005
c0i    0.924   0.008   0.42  0.415  0.505  0.813  1.427  1.873   2515  1.004
c1i   -2.638   0.013   1.42 -4.868 -4.192 -2.752 -1.095  0.253  12469  1.001
c2i    0.154   0.018   2.76 -4.707 -3.133  0.274  3.265  4.678  24648    1.0
c3i    1.013   0.014  2.086 -3.207 -1.274  1.188  3.214   4.51  22029  1.001
c4i    1.998    0.01   1.56 -1.108  0.325   2.07  3.653  4.716  26625  1.001
mu      0.77   0.002  0.231  0.384  0.557  0.745  0.978  1.305  10412  1.001
dt    10.525   0.006  1.068  8.334  9.524 10.538  11.55 12.552  30591    1.0
t0    -3.021   0.008  1.395 -4.912  -4.45 -3.257 -1.552  0.178  29339    1.0
lp__  -727.6   0.061  5.161 -738.7 -732.7 -727.2 -722.5 -718.5   7118  1.001

Samples were drawn using NUTS at Sat Aug 15 15:21:22 2020.
For each parameter, n_eff is a crude measure of effective sample size,
and Rhat is the potential scale reduction factor on split chains (at 
convergence, Rhat=1).