Inference for Stan model: anon_model_ecc96bcd87b207086d802dbe6527f8f0.
8 chains, each with iter=25000; warmup=5000; thin=3; 
post-warmup draws per chain=6667, total post-warmup draws=53336.

        mean se_mean     sd   2.5%    16%    50%    84%  97.5%  n_eff   Rhat
meanr  3.873   0.012  0.187  3.509  3.693   3.87  4.049  4.272    245   1.03
sigr   0.639 3.93e-4  0.068  0.515  0.569  0.637  0.712  0.775  29914    1.0
meang  3.443   0.004  0.206  3.029   3.21  3.476  3.654   3.77   2995  1.005
sigg   0.483 4.71e-4  0.055  0.383  0.428  0.479  0.538  0.599  13691  1.001
meani  3.514   0.002  0.274  3.002  3.252  3.497  3.766  4.134  14810  1.001
sigi   0.624 8.14e-4  0.101  0.425  0.514  0.626  0.738   0.79  15423  1.001
c0r    0.848   0.047  0.402  0.433  0.507  0.705  1.252  1.994     73  1.094
c1r   -2.904   0.082  1.274 -4.891  -4.37 -2.969 -1.414  -0.62    243  1.029
c2r   -2.043   0.028  2.009 -4.859 -4.161 -2.398   0.25  2.188   5254  1.004
c3r   -2.791   0.009  1.332 -4.798 -4.202 -2.951 -1.295 -0.047  20979  1.001
c4r   -0.498   0.026  1.034 -2.071 -1.538  -0.66  0.615  1.756   1600  1.008
c0g    0.819    0.01  0.356  0.421  0.502   0.71  1.181  1.757   1389  1.008
c1g   -2.809   0.024  1.392 -4.887 -4.322 -2.957 -1.337   0.14   3418  1.003
c2g   -0.314    0.05  2.652 -4.674 -3.326 -0.423  2.665  4.532   2844  1.005
c3g   -0.071   0.083  2.535 -4.553 -2.964 -0.042  2.733  4.503    938   1.01
c4g    0.874   0.022  1.637 -2.486   -0.7  0.866  2.579  3.932   5521  1.001
c0i    0.803   0.008  0.373   0.41  0.465  0.681  1.179  1.771   2015  1.006
c1i   -2.002    0.01  1.524 -4.725 -3.696 -1.993   -0.4  0.953  21692  1.001
c2i   -1.003   0.066  2.529 -4.779 -3.714 -1.297  1.878  4.129   1491  1.007
c3i    1.327    0.09  2.308 -3.368 -1.277  1.572  3.868  4.823    654  1.013
c4i    0.766   0.026  1.624 -2.411 -0.886   0.78  2.431  3.865   3857  1.005
mu     0.712   0.001  0.045  0.629  0.667  0.711  0.758  0.803   1411  1.007
dt    26.082   0.015  0.462  25.19 25.621 26.075 26.542  26.99    968   1.01
t0     0.126   0.011  1.873 -3.855 -1.806  0.252  2.023  3.442  28339    1.0
lp__  -726.4   0.035  4.826 -736.7 -731.1 -726.1 -721.6 -717.8  18905  1.001

Samples were drawn using NUTS at Fri Aug 14 10:00:20 2020.
For each parameter, n_eff is a crude measure of effective sample size,
and Rhat is the potential scale reduction factor on split chains (at 
convergence, Rhat=1).