Inference for Stan model: anon_model_ecc96bcd87b207086d802dbe6527f8f0.
8 chains, each with iter=25000; warmup=5000; thin=3; 
post-warmup draws per chain=6667, total post-warmup draws=53336.

        mean se_mean     sd   2.5%    16%    50%    84%  97.5%  n_eff   Rhat
meanr  3.801   0.001  0.102  3.618  3.711  3.791  3.895  4.028  10306  1.001
sigr   0.504  3.1e-4  0.036  0.449   0.47  0.499  0.538  0.588  13419  1.001
meang  3.727   0.002  0.132  3.377  3.629  3.732  3.844  3.964   6920  1.003
sigg   0.462 3.76e-4  0.039  0.399  0.426  0.458  0.498   0.55  10510  1.002
meani  3.645   0.001  0.233  3.118  3.434  3.664  3.829  4.116  25074    1.0
sigi   0.559 7.79e-4   0.11  0.385  0.442  0.546  0.689  0.777  20099    1.0
c0r    0.763   0.011  0.289  0.445  0.517  0.675  1.029  1.575    710  1.014
c1r   -3.245    0.03  1.157 -4.927 -4.526 -3.376  -1.92 -0.932   1526  1.009
c2r   -1.371   0.015  2.225 -4.826 -3.884 -1.481  1.106   2.91  21878    1.0
c3r   -2.047    0.01  1.507  -4.49 -3.737 -2.109 -0.389  0.811  20689  1.001
c4r    0.281   0.007  1.047 -1.473 -0.818  0.213  1.388  2.434  21141  1.001
c0g    0.903   0.005  0.334  0.497  0.613  0.802  1.237  1.772   5037  1.002
c1g   -3.101   0.011  1.237  -4.92 -4.456 -3.244 -1.704 -0.628  13711  1.002
c2g    0.648   0.037  2.746 -4.292 -2.676  0.903  3.778  4.779   5653  1.003
c3g   -1.118   0.018  2.075 -4.772 -3.619 -0.927  1.068  2.148  12719  1.001
c4g     1.25   0.021  1.456 -1.477 -0.389  1.332  2.871  3.608   4591  1.003
c0i     0.86   0.002  0.393  0.414   0.49  0.741   1.29   1.83  29400    1.0
c1i   -2.656   0.009  1.356 -4.857 -4.152 -2.717 -1.194   0.04  21152    1.0
c2i   -1.012   0.045  2.599 -4.906 -3.892 -1.257   1.93  4.207   3389  1.002
c3i    0.094    0.06  2.382 -4.266 -2.504  0.021  2.769  4.451   1579  1.005
c4i    1.132    0.03  1.794 -2.012  -0.81  1.067  3.123  4.558   3556  1.002
mu     0.833 3.82e-4  0.041  0.752  0.793  0.833  0.873  0.912  11314    1.0
dt    19.818   0.003  0.324 19.177 19.494 19.826 20.138 20.443  12257  1.001
t0    -3.714   0.005  0.973 -4.949 -4.684 -3.914  -2.71 -1.392  32541    1.0
lp__  -676.0   0.036  4.807 -686.6 -680.7 -675.5 -671.3 -667.9  17625  1.001

Samples were drawn using NUTS at Thu Aug 13 21:13:20 2020.
For each parameter, n_eff is a crude measure of effective sample size,
and Rhat is the potential scale reduction factor on split chains (at 
convergence, Rhat=1).