5.497600000000000000e+04 -5.480413892043786817e+00 7.700314790247839269e+00 1.164140563987932975e+00 9.520325756554123191e-19 1.164140563987932975e+00 9.520325756554123191e-19
5.497900000000000000e+04 4.115216282684912130e+00 7.700314790247839269e+00 4.289077145657377521e+00 9.520325755457423570e-19 4.289077145657377521e+00 9.520325755457423570e-19
5.498300000000000000e+04 1.277392579214578383e+01 7.700314790247839269e+00 1.143383206421574805e+01 9.520325752878383818e-19 1.143383206421574805e+01 9.520325752878383818e-19
5.499200000000000000e+04 4.235050496426021738e+01 7.700314790247839269e+00 3.733751665722944324e+01 9.520325735306638118e-19 3.733751665722944324e+01 9.520325735306638118e-19
5.499500000000000000e+04 4.106994554552655075e+01 7.700314790247839269e+00 4.526446668391263017e+01 4.750117470036630540e-01 4.526446668391263017e+01 4.750117470036630540e-01
5.499600000000000000e+04 3.143588152262521618e+01 7.700314790247839269e+00 4.750204251648135312e+01 9.895194793897428287e-01 4.750204251648135312e+01 9.895194793897428287e-01
5.499800000000000000e+04 5.521027253205750185e+01 7.700314790247839269e+00 5.363721401287153157e+01 2.578142529034766373e+00 5.091672227927872996e+01 2.578142529034766373e+00
5.500200000000000000e+04 7.494917280125945069e+01 7.700314790247839269e+00 6.819522906225397207e+01 7.908141692815705781e+00 5.381775602163734362e+01 7.908141692815705781e+00
5.500700000000000000e+04 1.001002159270437346e+02 7.700314790247839269e+00 7.994669156414660449e+01 1.873915206413802537e+01 5.210622193247517231e+01 1.873915206413802537e+01
5.501100000000000000e+04 1.066176025119119117e+02 7.700314790247839269e+00 8.371396739283061095e+01 2.925015122101504517e+01 4.789065290588005297e+01 2.925015122101504517e+01
5.501600000000000000e+04 1.225073866604261212e+02 7.700314790247839269e+00 8.124399899481396403e+01 4.558273047088372465e+01 4.031611703369087962e+01 4.037673613900914660e+01
5.502200000000000000e+04 1.471682662669986144e+02 7.700314790247839269e+00 7.403741690105515261e+01 6.933775667747026716e+01 3.169741694238675578e+01 4.574509261839173746e+01
5.502800000000000000e+04 1.547262440872160596e+02 7.700314790247839269e+00 6.993250203736508297e+01 8.288951535199399245e+01 2.632666932167046880e+01 4.356762408364564010e+01
5.503000000000000000e+04 1.545772799984735855e+02 7.700314790247839269e+00 6.915523038366062281e+01 8.485106542129615548e+01 2.502725028100064719e+01 4.176802187811291844e+01
5.503300000000000000e+04 1.511003176650960427e+02 7.700314790247839269e+00 6.764555213018977042e+01 8.488678976745663363e+01 2.313864568316503068e+01 3.815330090771893623e+01
5.503800000000000000e+04 1.565892118197312186e+02 7.700314790247839269e+00 6.231662756965251759e+01 8.051805814622370860e+01 1.953108020902245556e+01 3.161009712206207212e+01
5.504200000000000000e+04 1.569264519767038166e+02 7.700314790247839269e+00 5.640623190311735158e+01 7.557717670866720994e+01 1.656882135661357935e+01 2.694280440102873797e+01
5.504400000000000000e+04 1.199877940146680260e+02 7.700314790247839269e+00 5.326714542097603555e+01 7.377961345748715871e+01 1.517055024046465839e+01 2.514614836259477570e+01
5.504600000000000000e+04 1.137675869088941596e+02 7.700314790247839269e+00 5.030956466463808141e+01 7.248381996497346336e+01 1.390504162668881349e+01 2.366457079047457057e+01
5.505000000000000000e+04 1.169963407040805805e+02 7.700314790247839269e+00 4.553812657137179798e+01 7.064474534146413021e+01 1.188425964160150627e+01 2.127316273885055153e+01
5.505600000000000000e+04 1.119721837134482030e+02 7.700314790247839269e+00 4.131963778168068302e+01 6.625271944509427158e+01 9.950825172612551839e+00 1.786921713993679006e+01
5.505900000000000000e+04 1.011653816337170753e+02 7.700314790247839269e+00 3.965784896216555211e+01 6.231271307210987942e+01 9.195652533626304859e+00 1.597332410025009253e+01
5.506300000000000000e+04 9.837941179364685240e+01 7.700314790247839269e+00 3.787455077680511550e+01 5.604474118651408787e+01 8.367487622413662507e+00 1.347579353739864416e+01
5.506500000000000000e+04 7.986334470521451578e+01 7.700314790247839269e+00 3.711313638447243335e+01 5.292430259913340507e+01 8.010164788539839265e+00 1.234283857320632016e+01
5.506700000000000000e+04 9.801559622642315617e+01 7.700314790247839269e+00 3.635742482124936004e+01 5.007373124733008041e+01 7.670155917078735897e+00 1.133713063202608851e+01
5.507000000000000000e+04 7.944939088432158769e+01 7.700314790247839269e+00 3.528515702090451356e+01 4.657042880428909370e+01 7.200455628366551508e+00 1.010162069536128193e+01
5.507400000000000000e+04 7.489669377163448871e+01 7.700314790247839269e+00 3.377220309666734721e+01 4.352853573904325657e+01 6.603708294373577203e+00 8.941650930150663257e+00
5.507900000000000000e+04 7.742929687450779852e+01 7.700314790247839269e+00 3.142912495068672740e+01 4.056977490527611252e+01 5.840457257125583723e+00 7.816304653582359485e+00
5.508300000000000000e+04 6.327687998182974383e+01 7.700314790247839269e+00 2.884305513563869638e+01 3.875011379504101683e+01 5.155149271873892936e+00 7.112364479051613841e+00
5.509100000000000000e+04 6.157714326992427800e+01 7.700314790247839269e+00 2.082022823837621317e+01 3.574965306379257157e+01 3.457107999615824934e+00 5.994224438293109358e+00
