5.497500000000000000e+04 -3.416146083665852817e+00 1.074198189451631436e+01 9.676860811788584593e-01 1.550059251352647235e-18 9.676860811788584593e-01 1.550059251352647235e-18
5.497600000000000000e+04 -9.052817373668206713e+00 1.074198189451631436e+01 2.014654457448330049e+00 1.550059221086075950e-18 2.014654457448330049e+00 1.550059221086075950e-18
5.497900000000000000e+04 -3.852765238416478333e+00 1.074198189451631436e+01 7.421511495175619366e+00 1.550059094973972802e-18 7.421511495175619366e+00 1.550059094973972802e-18
5.498000000000000000e+04 1.583836027300549709e+01 1.074198189451631436e+01 1.010928248076253944e+01 1.550059037574012029e-18 1.010928248076253944e+01 1.550059037574012029e-18
5.498100000000000000e+04 3.472773421635085356e+01 1.074198189451631436e+01 1.326427468792255127e+01 1.550058970214539617e-18 1.326427468792255127e+01 1.550058970214539617e-18
5.498200000000000000e+04 1.397553119780970299e+01 1.074198189451631436e+01 1.681188057541250913e+01 1.550058891167473899e-18 1.681188057541250913e+01 1.550058891167473899e-18
5.498400000000000000e+04 2.634312434185120821e+01 1.074198189451631436e+01 2.504964300095078400e+01 1.550058689547010832e-18 2.504964300095078400e+01 1.550058689547010832e-18
5.498500000000000000e+04 3.466526683584199731e+01 1.074198189451631436e+01 2.982457128805857849e+01 1.550058561801121860e-18 2.982457128805857849e+01 1.550058561801121860e-18
5.498700000000000000e+04 3.567397240955706650e+01 1.074198189451631436e+01 4.097582893337165899e+01 1.550058235967616748e-18 4.097582893337165899e+01 1.550058235967616748e-18
5.499000000000000000e+04 4.898670882184919151e+01 1.074198189451631436e+01 6.053040193995693841e+01 1.550057502950129748e-18 6.053040193995693841e+01 1.550057502950129748e-18
5.499200000000000000e+04 8.814253278073275055e+01 1.074198189451631436e+01 7.440742163840896239e+01 1.550056777795506162e-18 7.440742163840896239e+01 1.550056777795506162e-18
5.499300000000000000e+04 8.886667165192818629e+01 1.074198189451631436e+01 8.115791156796579742e+01 5.023439304780431998e-03 8.115791156796579742e+01 5.023439304780431998e-03
5.499400000000000000e+04 8.899134003974695872e+01 1.074198189451631436e+01 8.659722275531558466e+01 2.635029007712635374e-01 8.659722275531558466e+01 2.635029007712635374e-01
5.499600000000000000e+04 8.800349583856531410e+01 1.074198189451631436e+01 9.298895886639343189e+01 1.712456288831080142e+00 9.298895886639343189e+01 1.712456288831080142e+00
5.499700000000000000e+04 9.568190898232015229e+01 1.074198189451631436e+01 1.018117218978876082e+02 2.925571079348777026e+00 9.534931745081652821e+01 2.925571079348777026e+00
5.499800000000000000e+04 1.152628725100857423e+02 1.074198189451631436e+01 1.104401668880034180e+02 4.445593075166165420e+00 9.725679520493949326e+01 4.445593075166165420e+00
5.500000000000000000e+04 1.322574665439670412e+02 1.074198189451631436e+01 1.263811293636205022e+02 8.592890108648159497e+00 9.942624000542298290e+01 8.592890108648159497e+00
5.500200000000000000e+04 1.583225079896797638e+02 1.074198189451631436e+01 1.397898149027208206e+02 1.429009848910063241e+01 9.937735874946248771e+01 1.429009848910063241e+01
5.500300000000000000e+04 1.642374009702196247e+02 1.074198189451631436e+01 1.449206481500688142e+02 1.760982062251375879e+01 9.828909195663038645e+01 1.760982062251375879e+01
5.500400000000000000e+04 1.718962445043842422e+02 1.074198189451631436e+01 1.488820411222894222e+02 2.129219655080816054e+01 9.653818898204983157e+01 2.129219655080816054e+01
5.500500000000000000e+04 1.812681706838847617e+02 1.074198189451631436e+01 1.519432783769095749e+02 2.535088559484978887e+01 9.437559456880096320e+01 2.535088559484978887e+01
5.500900000000000000e+04 1.981042877926005303e+02 1.074198189451631436e+01 1.552864209458809626e+02 4.587529006572047052e+01 8.255133116561614770e+01 4.587529006572047052e+01
5.501200000000000000e+04 2.103768537529766434e+02 1.074198189451631436e+01 1.488818616328210851e+02 6.324630839264761306e+01 7.142612246008147281e+01 6.324630839264761306e+01
5.501300000000000000e+04 1.967075330418081194e+02 1.074198189451631436e+01 1.456070336661662736e+02 6.898422483277093420e+01 6.765517379857884350e+01 6.898422483277093420e+01
5.501400000000000000e+04 2.213108484684651955e+02 1.074198189451631436e+01 1.412319985483080416e+02 7.360763934201824554e+01 6.361888512242121152e+01 7.360763934201824554e+01
5.501600000000000000e+04 2.143997488562360445e+02 1.074198189451631436e+01 1.305840064142922756e+02 8.219631784988322920e+01 5.543739832797152900e+01 7.904061503643441711e+01
5.501700000000000000e+04 2.104015284522478453e+02 1.074198189451631436e+01 1.262788211538284031e+02 8.590062687015993959e+01 5.211031447560955598e+01 8.104691983319403903e+01
5.501800000000000000e+04 1.985349849767685555e+02 1.074198189451631436e+01 1.226188354084251699e+02 8.926935084743145410e+01 4.922327896239417555e+01 8.266827592419855364e+01
5.501900000000000000e+04 2.023019363454429254e+02 1.074198189451631436e+01 1.191485924661020022e+02 9.218402331688719187e+01 4.656333247267679099e+01 8.381792962524767177e+01
5.502000000000000000e+04 2.128685093958939092e+02 1.074198189451631436e+01 1.153198725249251737e+02 9.463478529079834800e+01 4.390417961541074021e+01 8.451230400460953263e+01
5.502100000000000000e+04 2.208007744804548338e+02 1.074198189451631436e+01 1.109366687197992434e+02 9.661435797521249924e+01 4.117301454915962466e+01 8.476893537712527404e+01
5.502200000000000000e+04 2.136593834241217564e+02 1.074198189451631436e+01 1.063202551310409518e+02 9.796076125271243029e+01 3.849145005216814042e+01 8.447075493704311100e+01
5.502500000000000000e+04 1.873996371689264322e+02 1.074198189451631436e+01 9.302970692140445408e+01 9.783443605791643449e+01 3.137059333747742329e+01 8.021925538348081375e+01
5.502900000000000000e+04 1.637851979006272529e+02 1.074198189451631436e+01 7.658363480822528402e+01 9.117979275032523390e+01 2.366167303078713857e+01 7.016863149077371986e+01
5.503100000000000000e+04 1.677119430439930170e+02 1.074198189451631436e+01 6.908948016353747335e+01 8.550041953000922490e+01 2.048817721261307412e+01 6.383662120465699985e+01
5.503200000000000000e+04 1.350356133395426355e+02 1.074198189451631436e+01 6.560754648565256275e+01 8.252766008863400771e+01 1.907229695642826428e+01 6.071220409106924620e+01
5.503300000000000000e+04 1.454263850035860344e+02 1.074198189451631436e+01 6.284809376660084013e+01 7.931858845617554721e+01 1.791710107470335345e+01 5.750689772879200490e+01
5.503400000000000000e+04 1.294504904705645174e+02 1.074198189451631436e+01 6.048131322797320308e+01 7.566595907166700385e+01 1.691552365168480421e+01 5.407605235405802091e+01
5.503500000000000000e+04 1.181096185082646031e+02 1.074198189451631436e+01 5.817841434925395561e+01 7.160061609360194268e+01 1.596874529619285887e+01 5.045091848566411841e+01
5.503600000000000000e+04 1.321428150150152590e+02 1.074198189451631436e+01 5.612463466945162338e+01 6.781654111791797845e+01 1.512367877641758973e+01 4.712178857877579219e+01
5.503700000000000000e+04 1.022874507589503281e+02 1.074198189451631436e+01 5.421807883391731053e+01 6.463073722046603109e+01 1.434788638676704053e+01 4.429376730426811548e+01
5.503900000000000000e+04 1.283752217517747454e+02 1.074198189451631436e+01 5.018892909985257944e+01 5.933118291826581014e+01 1.282170619571031622e+01 3.957883260177526807e+01
5.504000000000000000e+04 8.590618367135709832e+01 1.074198189451631436e+01 4.822233669056957694e+01 5.668785288578936132e+01 1.210962883225882791e+01 3.731855267309912705e+01
5.504200000000000000e+04 9.958827187523047542e+01 1.074198189451631436e+01 4.453470963208647504e+01 5.100534541642876718e+01 1.081543224929825442e+01 3.271773254434290834e+01
5.504400000000000000e+04 9.090614330975151347e+01 1.074198189451631436e+01 4.101576060304557814e+01 4.563668936232971873e+01 9.643386980885679804e+00 2.854297894679026371e+01
5.504500000000000000e+04 6.523387560196610480e+01 1.074198189451631436e+01 3.923736700821847023e+01 4.316634168220178225e+01 9.080561577061848411e+00 2.666500433685580873e+01
5.504600000000000000e+04 7.922522354407773548e+01 1.074198189451631436e+01 3.739803348232356939e+01 4.079221256991281308e+01 8.521234229400151960e+00 2.489149440869678642e+01
5.504700000000000000e+04 9.555340152584398083e+01 1.074198189451631436e+01 3.547459003134913758e+01 3.850140627496557499e+01 7.960046289989414880e+00 2.321090328009672277e+01
5.504800000000000000e+04 7.757386926299760432e+01 1.074198189451631436e+01 3.352111675327695650e+01 3.629144531351517600e+01 7.409034476823465276e+00 2.161844031349393802e+01
5.505000000000000000e+04 5.098877345991014920e+01 1.074198189451631436e+01 2.930241653579219374e+01 3.216928412797831527e+01 6.288194800073795498e+00 1.871774791379593239e+01
5.505200000000000000e+04 5.843314517574786038e+01 1.074198189451631436e+01 2.478184328530605285e+01 2.850907931472715973e+01 5.167770414954748759e+00 1.621145241296402517e+01
5.505400000000000000e+04 5.279627629210498441e+01 1.074198189451631436e+01 2.049983888718251279e+01 2.585920666257929312e+01 4.157327640826142812e+00 1.437819510393208411e+01
5.505600000000000000e+04 6.231527286603937910e+01 1.074198189451631436e+01 1.679830193908868807e+01 2.363320815552141241e+01 3.315520380235053022e+00 1.285512695995495314e+01
5.505800000000000000e+04 2.708643986471747667e+01 1.074198189451631436e+01 1.368067254051702619e+01 2.169192227029602904e+01 2.629827455937498115e+00 1.154838137434221323e+01
5.506000000000000000e+04 4.070283873142656006e+01 1.074198189451631436e+01 1.099500562542527859e+01 1.974517725535245916e+01 2.059888564189253035e+00 1.029318450742000302e+01
5.506100000000000000e+04 2.739018022459347179e+01 1.074198189451631436e+01 9.816069395826596988e+00 1.885814855743488039e+01 1.815959130283463896e+00 9.729525124930155755e+00
5.506200000000000000e+04 2.106967564553110606e+01 1.074198189451631436e+01 8.739711133016228928e+00 1.800197998497021601e+01 1.596812745279095003e+00 9.193117411903516611e+00
5.506400000000000000e+04 3.196125184854115986e+01 1.074198189451631436e+01 6.853459953841175789e+00 1.637840494440555261e+01 1.221917543613490142e+00 8.196878933752826057e+00
5.506500000000000000e+04 1.123943866949248971e+01 1.074198189451631436e+01 6.034383004098261338e+00 1.557657822341319154e+01 1.063036946060080368e+00 7.718477340502571948e+00
5.506700000000000000e+04 3.109301910949151448e+01 1.074198189451631436e+01 4.644070617563990311e+00 1.392460774682920288e+01 7.990344961129509649e-01 6.766039346491002249e+00
5.506800000000000000e+04 3.404607763779814888e+01 1.074198189451631436e+01 4.056107362092735258e+00 1.308643361730595878e+01 6.898283870746817481e-01 6.297679305299944907e+00
5.506900000000000000e+04 6.473522079002199447e+00 1.074198189451631436e+01 3.527481576148010500e+00 1.223378786230915161e+01 5.930877954916861095e-01 5.831334425125919374e+00
5.507100000000000000e+04 1.573871551627081189e+01 1.074198189451631436e+01 2.643449302209424978e+00 1.038705606796791514e+01 4.345486239456022304e-01 4.858612330976595395e+00
5.507300000000000000e+04 2.354478444258829484e+01 1.074198189451631436e+01 1.964823603606677516e+00 8.608140857948258784e+00 3.159510589642119949e-01 3.952695855619067888e+00
5.507400000000000000e+04 1.934711149233014282e+01 1.074198189451631436e+01 1.690576026106629159e+00 7.766260192825662934e+00 2.689201451984696289e-01 3.533728494702221390e+00
5.507500000000000000e+04 2.384481220815866997e+00 1.074198189451631436e+01 1.449377786772101606e+00 6.993445915195469986e+00 2.280935985444418612e-01 3.153446761038001700e+00
5.507800000000000000e+04 1.266853339873992823e+01 1.074198189451631436e+01 9.056409746357197976e-01 5.091246425158991507e+00 1.381047141620609098e-01 2.235353337546873043e+00
5.508000000000000000e+04 -1.491508852078807124e+01 1.074198189451631436e+01 6.592633518323605113e-01 4.057771332793199015e+00 9.849760017656127020e-02 1.750905279560864836e+00
5.508100000000000000e+04 9.282494430130896035e+00 1.074198189451631436e+01 5.624272250825260722e-01 3.608068596562149288e+00 8.318738014801362046e-02 1.543565260740944023e+00
5.508200000000000000e+04 8.081223078696012863e+00 1.074198189451631436e+01 4.791935576622347592e-01 3.199748929209346837e+00 7.017301316464903682e-02 1.357290833487230675e+00
5.508400000000000000e+04 1.358560212263698830e+01 1.074198189451631436e+01 3.472707579612494544e-01 2.489988263661737200e+00 4.986444254227592049e-02 1.038629912071466377e+00
5.508500000000000000e+04 6.114898787353510556e+00 1.074198189451631436e+01 2.955413275355823211e-01 2.184263752296426553e+00 4.202762805578161287e-02 9.035814041510683570e-01
5.508800000000000000e+04 -4.787920296384875485e-01 1.074198189451631436e+01 1.836680586881937749e-01 1.452532824976717540e+00 2.538464199561750803e-02 5.863541290134794970e-01
5.508900000000000000e+04 2.535678390319514364e+00 1.074198189451631436e+01 1.567012074894662821e-01 1.258895211705026940e+00 2.145658115601357940e-02 5.041246261679331875e-01
5.509000000000000000e+04 -6.233703476417454148e+00 1.074198189451631436e+01 1.336969839548702577e-01 1.087138970942072014e+00 1.813835800367798873e-02 4.318922875128805017e-01
5.509100000000000000e+04 1.030660424943834741e+01 1.074198189451631436e+01 1.141009354809378318e-01 9.371250597500760948e-01 1.533876746194622574e-02 3.693663303537618181e-01
5.509300000000000000e+04 8.311510611366195178e+00 1.074198189451631436e+01 8.295827853189738366e-02 6.920859079515917500e-01 1.095262713745783802e-02 2.685584001195801540e-01
5.509500000000000000e+04 1.481662842916239065e+01 1.074198189451631436e+01 6.036802947858180279e-02 5.073761564982953720e-01 7.830004347216196550e-03 1.938795587627756278e-01
5.509600000000000000e+04 1.575842829389548783e+00 1.074198189451631436e+01 5.146310376103034601e-02 4.325853835167301487e-01 6.616827885050855125e-03 1.640489778732280302e-01
5.509700000000000000e+04 -6.738614480187133715e+00 1.074198189451631436e+01 4.387755577596680334e-02 3.686751507238525960e-01 5.592785077591702451e-03 1.387618763608040040e-01
5.509800000000000000e+04 3.383566868946879413e+00 1.074198189451631436e+01 3.743617764620714439e-02 3.142331538534351987e-01 4.730874821351913062e-03 1.173890070377517636e-01
5.509900000000000000e+04 -3.026502008858148685e+00 1.074198189451631436e+01 3.191142038785814428e-02 2.674569862874358606e-01 3.998454947828823484e-03 9.917510118528233276e-02
5.510100000000000000e+04 -6.082723865978529432e+00 1.074198189451631436e+01 2.318973367656143938e-02 1.935129628948958902e-01 2.857113554350843541e-03 7.070927312581157254e-02
5.510400000000000000e+04 7.396948898270848893e+00 1.074198189451631436e+01 1.436744829186553489e-02 1.185344756446264636e-01 1.726894476100850886e-03 4.238477616093452860e-02
5.510700000000000000e+04 -3.474561877248748232e+01 1.074198189451631436e+01 8.843025873076119231e-03 7.287449308428678441e-02 1.037530654529236849e-03 2.551166821723855130e-02
5.510800000000000000e+04 -1.365545124418096279e+00 1.074198189451631436e+01 7.523846082061648108e-03 6.206562516536884982e-02 8.757902202812570909e-04 2.157694569627488165e-02
5.510900000000000000e+04 -1.011119265476560081e+01 1.074198189451631436e+01 6.396772295680136847e-03 5.282556793067230694e-02 7.387683124515371895e-04 1.823809398261154111e-02
5.511000000000000000e+04 -7.475986681406880940e-01 1.074198189451631436e+01 5.437456419552319335e-03 4.496395978343561278e-02 6.230988444615148105e-04 1.541760430312628938e-02
5.511100000000000000e+04 2.587808472915386560e+01 1.074198189451631436e+01 4.624537151424163751e-03 3.828420440195900998e-02 5.258591276927242816e-04 1.303795234265428885e-02
5.511400000000000000e+04 -2.190224060746312063e+01 1.074198189451631436e+01 2.843702229892969714e-03 2.357547003986522685e-02 3.160519228810185948e-04 7.868315024040898470e-03
