5.497600000000000000e+04 -3.463920112369694326e+00 5.363418166280573551e+00 1.164140563987932975e+00 9.520325756554123191e-19 1.164140563987932975e+00 9.520325756554123191e-19
5.497900000000000000e+04 4.167979692336027497e+00 5.363418166280573551e+00 4.289077145657377521e+00 9.520325755457423570e-19 4.289077145657377521e+00 9.520325755457423570e-19
5.498300000000000000e+04 1.236723326152800517e+01 5.363418166280573551e+00 1.143383206421574805e+01 9.520325752878383818e-19 1.143383206421574805e+01 9.520325752878383818e-19
5.499200000000000000e+04 4.082915995827111288e+01 5.363418166280573551e+00 3.733751665722944324e+01 9.520325735306638118e-19 3.733751665722944324e+01 9.520325735306638118e-19
5.499500000000000000e+04 4.248705847306443673e+01 5.363418166280573551e+00 4.526446668391263017e+01 4.750117470036630540e-01 4.526446668391263017e+01 4.750117470036630540e-01
5.499600000000000000e+04 3.661195070980579658e+01 5.363418166280573551e+00 4.750204251648135312e+01 9.895194793897428287e-01 4.750204251648135312e+01 9.895194793897428287e-01
5.499800000000000000e+04 5.439176515683202240e+01 5.363418166280573551e+00 5.251368307777889299e+01 2.578142529034766373e+00 5.091672227927872996e+01 2.578142529034766373e+00
5.500200000000000000e+04 6.936172310721612178e+01 5.363418166280573551e+00 6.225750261003642549e+01 7.908141692815705781e+00 5.381775602163734362e+01 7.908141692815705781e+00
5.500700000000000000e+04 8.817319634855230959e+01 5.363418166280573551e+00 6.844890662606091780e+01 1.873915206413802537e+01 5.210622193247517231e+01 1.873915206413802537e+01
5.501100000000000000e+04 9.374904189308935543e+01 5.363418166280573551e+00 6.891936187109760681e+01 2.925015122101504517e+01 4.789065290588005297e+01 2.925015122101504517e+01
5.501600000000000000e+04 1.028065771119579921e+02 5.363418166280573551e+00 6.434126743223228573e+01 4.147381547451819017e+01 4.031611703369087962e+01 4.037673613900914660e+01
5.502200000000000000e+04 1.099103257370063744e+02 5.363418166280573551e+00 5.655149729395479596e+01 5.071686603165667151e+01 3.169741694238675578e+01 4.574509261839173746e+01
5.502800000000000000e+04 1.051042176089517852e+02 5.363418166280573551e+00 5.192380846127556282e+01 5.185407842715333260e+01 2.632666932167046880e+01 4.356762408364564010e+01
5.503000000000000000e+04 1.021756760385950571e+02 5.363418166280573551e+00 5.093089610751330554e+01 5.084707839814628727e+01 2.502725028100064719e+01 4.176802187811291844e+01
5.503300000000000000e+04 9.626892307884543243e+01 5.363418166280573551e+00 4.926472575198664572e+01 4.800162989846504047e+01 2.313864568316503068e+01 3.815330090771893623e+01
5.503800000000000000e+04 9.614365662682402558e+01 5.363418166280573551e+00 4.464670215103920015e+01 4.191666104837525353e+01 1.953108020902245556e+01 3.161009712206207212e+01
5.504200000000000000e+04 9.451887813798929017e+01 5.363418166280573551e+00 3.995385214753822822e+01 3.719171391817587846e+01 1.656882135661357935e+01 2.694280440102873797e+01
5.504400000000000000e+04 6.801186299824777848e+01 5.363418166280573551e+00 3.753370183852546660e+01 3.539486669928853502e+01 1.517055024046465839e+01 2.514614836259477570e+01
5.504600000000000000e+04 6.294072434482897904e+01 5.363418166280573551e+00 3.527492688008872790e+01 3.395244012534652001e+01 1.390504162668881349e+01 2.366457079047457057e+01
5.505000000000000000e+04 6.388350143160197092e+01 5.363418166280573551e+00 3.163947725213538220e+01 3.167742743485177215e+01 1.188425964160150627e+01 2.127316273885055153e+01
5.505600000000000000e+04 5.949451297783826931e+01 5.363418166280573551e+00 2.836468889202999577e+01 2.806525985046144100e+01 9.950825172612551839e+00 1.786921713993679006e+01
5.505900000000000000e+04 5.225510101668095331e+01 5.363418166280573551e+00 2.707732184064665404e+01 2.573860289624855824e+01 9.195652533626304859e+00 1.597332410025009253e+01
5.506300000000000000e+04 5.124155476476080651e+01 5.363418166280573551e+00 2.568848240970564234e+01 2.244651263985192813e+01 8.367487622413662507e+00 1.347579353739864416e+01
5.506500000000000000e+04 3.890222719487042724e+01 5.363418166280573551e+00 2.509395305544610721e+01 2.089472755913171298e+01 8.010164788539839265e+00 1.234283857320632016e+01
5.506700000000000000e+04 5.207895280111021208e+01 5.363418166280573551e+00 2.450992179112953195e+01 1.950024441083316162e+01 7.670155917078735897e+00 1.133713063202608851e+01
5.507000000000000000e+04 3.979737972441636629e+01 5.363418166280573551e+00 2.368650725192177831e+01 1.778683378174256902e+01 7.200455628366551508e+00 1.010162069536128193e+01
5.507400000000000000e+04 3.710775097868182115e+01 5.363418166280573551e+00 2.255193582168897848e+01 1.623027903547643547e+01 6.603708294373577203e+00 8.941650930150663257e+00
5.507900000000000000e+04 3.936225435493563651e+01 5.363418166280573551e+00 2.086130760115434768e+01 1.471857021298502488e+01 5.840457257125583723e+00 7.816304653582359485e+00
5.508300000000000000e+04 2.983336108103805984e+01 5.363418166280573551e+00 1.906022995853212620e+01 1.377950984724283323e+01 5.155149271873892936e+00 7.112364479051613841e+00
5.509100000000000000e+04 2.940182065462054339e+01 5.363418166280573551e+00 1.364946477782447865e+01 1.226470108180017782e+01 3.457107999615824934e+00 5.994224438293109358e+00
