5.497500000000000000e+04 -2.752060696176937604e+00 9.114731365623981674e+00 9.676860811788584593e-01 1.550059251352647235e-18 9.676860811788584593e-01 1.550059251352647235e-18
5.497600000000000000e+04 -7.376259959260433874e+00 9.114731365623981674e+00 2.014654457448330049e+00 1.550059221086075950e-18 2.014654457448330049e+00 1.550059221086075950e-18
5.497900000000000000e+04 -2.144879956373526575e+00 9.114731365623981674e+00 7.421511495175619366e+00 1.550059094973972802e-18 7.421511495175619366e+00 1.550059094973972802e-18
5.498000000000000000e+04 1.497049017612404498e+01 9.114731365623981674e+00 1.010928248076253944e+01 1.550059037574012029e-18 1.010928248076253944e+01 1.550059037574012029e-18
5.498100000000000000e+04 3.147633924915920645e+01 9.114731365623981674e+00 1.326427468792255127e+01 1.550058970214539617e-18 1.326427468792255127e+01 1.550058970214539617e-18
5.498200000000000000e+04 1.440519595335949177e+01 9.114731365623981674e+00 1.681188057541250913e+01 1.550058891167473899e-18 1.681188057541250913e+01 1.550058891167473899e-18
5.498400000000000000e+04 2.614718115215293892e+01 9.114731365623981674e+00 2.504964300095078400e+01 1.550058689547010832e-18 2.504964300095078400e+01 1.550058689547010832e-18
5.498500000000000000e+04 3.393197343917759667e+01 9.114731365623981674e+00 2.982457128805857849e+01 1.550058561801121860e-18 2.982457128805857849e+01 1.550058561801121860e-18
5.498700000000000000e+04 3.647712483684730245e+01 9.114731365623981674e+00 4.097582893337165899e+01 1.550058235967616748e-18 4.097582893337165899e+01 1.550058235967616748e-18
5.499000000000000000e+04 5.073540668005363585e+01 9.114731365623981674e+00 6.053040193995693841e+01 1.550057502950129748e-18 6.053040193995693841e+01 1.550057502950129748e-18
5.499200000000000000e+04 8.606186767719621855e+01 9.114731365623981674e+00 7.440742163840896239e+01 1.550056777795506162e-18 7.440742163840896239e+01 1.550056777795506162e-18
5.499300000000000000e+04 8.769967010113745687e+01 9.114731365623981674e+00 8.115791156796579742e+01 5.023439304780431998e-03 8.115791156796579742e+01 5.023439304780431998e-03
5.499400000000000000e+04 8.866858364183806884e+01 9.114731365623981674e+00 8.659722275531558466e+01 2.635029007712635374e-01 8.659722275531558466e+01 2.635029007712635374e-01
5.499600000000000000e+04 8.901813102018628854e+01 9.114731365623981674e+00 9.298895886639343189e+01 1.712456288831080142e+00 9.298895886639343189e+01 1.712456288831080142e+00
5.499700000000000000e+04 9.434382627354736428e+01 9.114731365623981674e+00 9.910188316310878065e+01 2.925571079348777026e+00 9.534931745081652821e+01 2.925571079348777026e+00
5.499800000000000000e+04 1.096776466161810788e+02 9.114731365623981674e+00 1.049120679374735658e+02 4.445593075166165420e+00 9.725679520493949326e+01 4.445593075166165420e+00
5.500000000000000000e+04 1.213661625195819340e+02 9.114731365623981674e+00 1.150783079644389062e+02 8.592890108648159497e+00 9.942624000542298290e+01 8.592890108648159497e+00
5.500200000000000000e+04 1.407339211606920344e+02 9.114731365623981674e+00 1.228439180699585478e+02 1.429009848910063241e+01 9.937735874946248771e+01 1.429009848910063241e+01
5.500300000000000000e+04 1.444251138372014793e+02 9.114731365623981674e+00 1.253669358637283011e+02 1.760982062251375879e+01 9.828909195663038645e+01 1.760982062251375879e+01
5.500400000000000000e+04 1.496863732548041810e+02 9.114731365623981674e+00 1.269330283022323158e+02 2.129219655080816054e+01 9.653818898204983157e+01 2.129219655080816054e+01
5.500500000000000000e+04 1.565266790075392862e+02 9.114731365623981674e+00 1.278037896258742734e+02 2.535088559484978887e+01 9.437559456880096320e+01 2.535088559484978887e+01
5.500900000000000000e+04 1.680679018341940036e+02 9.114731365623981674e+00 1.247868808322149761e+02 4.587529006572047052e+01 8.255133116561614770e+01 4.587529006572047052e+01
5.501200000000000000e+04 1.781631322884654764e+02 9.114731365623981674e+00 1.164028417942617040e+02 6.324630839264761306e+01 7.142612246008147281e+01 6.324630839264761306e+01
5.501300000000000000e+04 1.667295965689024513e+02 9.114731365623981674e+00 1.129199787089393254e+02 6.898422483277093420e+01 6.765517379857884350e+01 6.898422483277093420e+01
5.501400000000000000e+04 1.877855457118330094e+02 9.114731365623981674e+00 1.086869879704614164e+02 7.360763934201824554e+01 6.361888512242121152e+01 7.360763934201824554e+01
5.501600000000000000e+04 1.817983070374730801e+02 9.114731365623981674e+00 9.907325974911739763e+01 8.135094144192410681e+01 5.543739832797152900e+01 7.904061503643441711e+01
5.501700000000000000e+04 1.782699990080897123e+02 9.114731365623981674e+00 9.517821549792100200e+01 8.460037470360315126e+01 5.211031447560955598e+01 8.104691983319403903e+01
5.501800000000000000e+04 1.680129551559960817e+02 9.114731365623981674e+00 9.184234603097013405e+01 8.750099896604089622e+01 4.922327896239417555e+01 8.266827592419855364e+01
5.501900000000000000e+04 1.709920569870698444e+02 9.114731365623981674e+00 8.871187951890742340e+01 8.994284325279924985e+01 4.656333247267679099e+01 8.381792962524767177e+01
5.502000000000000000e+04 1.797691222939122611e+02 9.114731365623981674e+00 8.537358666456208312e+01 9.192308923599790660e+01 4.390417961541074021e+01 8.451230400460953263e+01
5.502100000000000000e+04 1.863668355169555184e+02 9.114731365623981674e+00 8.168312170031558139e+01 9.344110580328667481e+01 4.117301454915962466e+01 8.476893537712527404e+01
5.502200000000000000e+04 1.801826639548950197e+02 9.114731365623981674e+00 7.787803600936435089e+01 9.434694405995114153e+01 3.849145005216814042e+01 8.447075493704311100e+01
5.502500000000000000e+04 1.573504325935969348e+02 9.114731365623981674e+00 6.717458508396192940e+01 9.311553220529704333e+01 3.137059333747742329e+01 8.021925538348081375e+01
5.502900000000000000e+04 1.365677647958391390e+02 9.114731365623981674e+00 5.439220697055974796e+01 8.555114484439728528e+01 2.366167303078713857e+01 7.016863149077371986e+01
5.503100000000000000e+04 1.395409931428178538e+02 9.114731365623981674e+00 4.870980656436708500e+01 7.969693767709605936e+01 2.048817721261307412e+01 6.383662120465699985e+01
5.503200000000000000e+04 1.116625691061445593e+02 9.114731365623981674e+00 4.609421785701132990e+01 7.668355089349202558e+01 1.907229695642826428e+01 6.071220409106924620e+01
5.503300000000000000e+04 1.202488621128399870e+02 9.114731365623981674e+00 4.400746789959072913e+01 7.347548793351285212e+01 1.791710107470335345e+01 5.750689772879200490e+01
5.503400000000000000e+04 1.064131022228380345e+02 9.114731365623981674e+00 4.221314925402751328e+01 6.988227192872021476e+01 1.691552365168480421e+01 5.407605235405802091e+01
5.503500000000000000e+04 9.651209007476590784e+01 9.114731365623981674e+00 4.047890372298530792e+01 6.593485589684880210e+01 1.596874529619285887e+01 5.045091848566411841e+01
5.503600000000000000e+04 1.081638343038556513e+02 9.114731365623981674e+00 3.893196600380379380e+01 6.227265546094660920e+01 1.512367877641758973e+01 4.712178857877579219e+01
5.503700000000000000e+04 8.262969866496331406e+01 9.114731365623981674e+00 3.749956597368592526e+01 5.918269740402368484e+01 1.434788638676704053e+01 4.429376730426811548e+01
5.503900000000000000e+04 1.045585673827016109e+02 9.114731365623981674e+00 3.451997045356224447e+01 5.403975595367911922e+01 1.282170619571031622e+01 3.957883260177526807e+01
5.504000000000000000e+04 6.845328485454061251e+01 9.114731365623981674e+00 3.307942581680728011e+01 5.149904062859497600e+01 1.210962883225882791e+01 3.731855267309912705e+01
5.504200000000000000e+04 7.993669755720662806e+01 9.114731365623981674e+00 3.039542065551302130e+01 4.610630472918003875e+01 1.081543224929825442e+01 3.271773254434290834e+01
5.504400000000000000e+04 7.252738720797725591e+01 9.114731365623981674e+00 2.786058377380625473e+01 4.105748138108466350e+01 9.643386980885679804e+00 2.854297894679026371e+01
5.504500000000000000e+04 5.076887155133864837e+01 9.114731365623981674e+00 2.659190661590668014e+01 3.874582361818141152e+01 9.080561577061848411e+00 2.666500433685580873e+01
5.504600000000000000e+04 6.270009714952890079e+01 9.114731365623981674e+00 2.528930989609401081e+01 3.653259346198780122e+01 8.521234229400151960e+00 2.489149440869678642e+01
5.504700000000000000e+04 7.665109828884006049e+01 9.114731365623981674e+00 2.393709233822727001e+01 3.440525677615910638e+01 7.960046289989414880e+00 2.321090328009672277e+01
5.504800000000000000e+04 6.151800523112753893e+01 9.114731365623981674e+00 2.257170425859233376e+01 3.236071640963341167e+01 7.409034476823465276e+00 2.161844031349393802e+01
5.505000000000000000e+04 3.932286311664142886e+01 9.114731365623981674e+00 1.965201009326382930e+01 2.856577263196079386e+01 6.288194800073795498e+00 1.871774791379593239e+01
5.505200000000000000e+04 4.613513866548850473e+01 9.114731365623981674e+00 1.655719952520497529e+01 2.521468682240235282e+01 5.167770414954748759e+00 1.621145241296402517e+01
5.505400000000000000e+04 4.189270015477156051e+01 9.114731365623981674e+00 1.364703814379875269e+01 2.278357600755601098e+01 4.157327640826142812e+00 1.437819510393208411e+01
5.505600000000000000e+04 5.045923591456055846e+01 9.114731365623981674e+00 1.114465335983543426e+01 2.074588444209418370e+01 3.315520380235053022e+00 1.285512695995495314e+01
5.505800000000000000e+04 2.099045123856868500e+01 9.114731365623981674e+00 9.046792332693426530e+00 1.897458458879351895e+01 2.629827455937498115e+00 1.154838137434221323e+01
5.506000000000000000e+04 3.291485910163945050e+01 9.114731365623981674e+00 7.248300121207820190e+00 1.721309735123430684e+01 2.059888564189253035e+00 1.029318450742000302e+01
5.506100000000000000e+04 2.178460477225446468e+01 9.114731365623981674e+00 6.461434312611397779e+00 1.641269556544402164e+01 1.815959130283463896e+00 9.729525124930155755e+00
5.506200000000000000e+04 1.657392299813263037e+01 9.114731365623981674e+00 5.744525225323308781e+00 1.564218724134166472e+01 1.596812745279095003e+00 9.193117411903516611e+00
5.506400000000000000e+04 2.608570434793261228e+01 9.114731365623981674e+00 4.492021284260350633e+00 1.418666843454362336e+01 1.221917543613490142e+00 8.196878933752826057e+00
5.506500000000000000e+04 8.620872716544015546e+00 9.114731365623981674e+00 3.949780249442823354e+00 1.347148357715423650e+01 1.063036946060080368e+00 7.718477340502571948e+00
5.506700000000000000e+04 2.566575534905923206e+01 9.114731365623981674e+00 3.031756206748347005e+00 1.200690978914546214e+01 7.990344961129509649e-01 6.766039346491002249e+00
5.506800000000000000e+04 2.825525391740382020e+01 9.114731365623981674e+00 2.644547124214114309e+00 1.126780459104205256e+01 6.898283870746817481e-01 6.297679305299944907e+00
5.506900000000000000e+04 4.934873643923347153e+00 9.114731365623981674e+00 2.297020995253768572e+00 1.051864438752284059e+01 5.930877954916861095e-01 5.831334425125919374e+00
5.507100000000000000e+04 1.292121140088943143e+01 9.114731365623981674e+00 1.717205104981651465e+00 8.906049717159444157e+00 4.345486239456022304e-01 4.858612330976595395e+00
5.507300000000000000e+04 1.964119536647320885e+01 9.114731365623981674e+00 1.273412422709359282e+00 7.361000805105587297e+00 3.159510589642119949e-01 3.952695855619067888e+00
5.507400000000000000e+04 1.611890152833696277e+01 9.114731365623981674e+00 1.094442155940535732e+00 6.632413739261071584e+00 2.689201451984696289e-01 3.533728494702221390e+00
5.507500000000000000e+04 1.761425222808490787e+00 9.114731365623981674e+00 9.372644972777902650e-01 5.964754405439530949e+00 2.280935985444418612e-01 3.153446761038001700e+00
5.507800000000000000e+04 1.057097132345731794e+01 9.114731365623981674e+00 5.837949023241238988e-01 4.326185586846944098e+00 1.381047141620609098e-01 2.235353337546873043e+00
5.508000000000000000e+04 -1.279423891685573267e+01 9.114731365623981674e+00 4.241210348480117798e-01 3.439788508360789532e+00 9.849760017656127020e-02 1.750905279560864836e+00
5.508100000000000000e+04 7.754089427952148839e+00 9.114731365623981674e+00 3.614706452693374761e-01 3.055011950410866817e+00 8.318738014801362046e-02 1.543565260740944023e+00
5.508200000000000000e+04 6.749257773437948416e+00 9.114731365623981674e+00 3.076815881038713063e-01 2.706175643366712347e+00 7.017301316464903682e-02 1.357290833487230675e+00
5.508400000000000000e+04 1.144387630439033288e+01 9.114731365623981674e+00 2.225612693969039602e-01 2.101186091068064421e+00 4.986444254227592049e-02 1.038629912071466377e+00
5.508500000000000000e+04 5.114851825533436980e+00 9.114731365623981674e+00 1.892370489541324585e-01 1.841183713644572562e+00 4.202762805578161287e-02 9.035814041510683570e-01
5.508800000000000000e+04 -4.568133134410705676e-01 9.114731365623981674e+00 1.172960856648897071e-01 1.220493536763813225e+00 2.538464199561750803e-02 5.863541290134794970e-01
5.508900000000000000e+04 2.107097022769369943e+00 9.114731365623981674e+00 9.998994311244599476e-02 1.056700872074792574e+00 2.145658115601357940e-02 5.041246261679331875e-01
5.509000000000000000e+04 -5.328441091185109002e+00 9.114731365623981674e+00 8.524052424159984931e-02 9.116059374752349953e-01 1.813835800367798873e-02 4.318922875128805017e-01
5.509100000000000000e+04 8.711042739505369781e+00 9.114731365623981674e+00 7.268762707219296459e-02 7.850290406956254019e-01 1.533876746194622574e-02 3.693663303537618181e-01
5.509300000000000000e+04 7.026196204914146648e+00 9.114731365623981674e+00 5.276460915237276422e-02 5.786277706019560263e-01 1.095262713745783802e-02 2.685584001195801540e-01
5.509500000000000000e+04 1.255212178140614832e+01 9.114731365623981674e+00 3.833759533973990496e-02 4.233940316379943836e-01 7.830004347216196550e-03 1.938795587627756278e-01
5.509600000000000000e+04 1.319709311257714068e+00 9.114731365623981674e+00 3.265800165474149613e-02 3.606475758620674155e-01 6.616827885050855125e-03 1.640489778732280302e-01
5.509700000000000000e+04 -5.732963809924768839e+00 9.114731365623981674e+00 2.782384768011982035e-02 3.070840347306647011e-01 5.592785077591702451e-03 1.387618763608040040e-01
5.509800000000000000e+04 2.857833091468542808e+00 9.114731365623981674e+00 2.372207213743914023e-02 2.615008759425891394e-01 4.730874821351913062e-03 1.173890070377517636e-01
5.509900000000000000e+04 -2.579467437556500986e+00 9.114731365623981674e+00 2.020685507142764431e-02 2.223762090526575919e-01 3.998454947828823484e-03 9.917510118528233276e-02
5.510100000000000000e+04 -5.169878051725220303e+00 9.114731365623981674e+00 1.466378609188470801e-02 1.606152699630137570e-01 2.857113554350843541e-03 7.070927312581157254e-02
5.510400000000000000e+04 6.270853685239487163e+00 9.114731365623981674e+00 9.066965686735452973e-03 9.813484892998791675e-02 1.726894476100850886e-03 4.238477616093452860e-02
5.510700000000000000e+04 -2.948575617337780130e+01 9.114731365623981674e+00 5.569997473107164698e-03 6.018653825334879109e-02 1.037530654529236849e-03 2.551166821723855130e-02
5.510800000000000000e+04 -1.161777710211445491e+00 9.114731365623981674e+00 4.736159326648050824e-03 5.121917464831787087e-02 8.757902202812570909e-04 2.157694569627488165e-02
5.510900000000000000e+04 -8.582164132438018456e+00 9.114731365623981674e+00 4.024237663893859111e-03 4.355998234955219678e-02 7.387683124515371895e-04 1.823809398261154111e-02
5.511000000000000000e+04 -6.366474230722122263e-01 9.114731365623981674e+00 3.418682641632897132e-03 3.704883173088950599e-02 6.230988444615148105e-04 1.541760430312628938e-02
5.511100000000000000e+04 2.195595787136677401e+01 9.114731365623981674e+00 2.905864703566451816e-03 3.152102448863859652e-02 5.258591276927242816e-04 1.303795234265428885e-02
5.511400000000000000e+04 -1.858564238871717222e+01 9.114731365623981674e+00 1.783798788996296967e-03 1.936770426738966197e-02 3.160519228810185948e-04 7.868315024040898470e-03
