5.497600000000000000e+04 -2.608594138231312698e+00 4.372188537157419397e+00 1.164140563987932975e+00 9.520325756554123191e-19 1.164140563987932975e+00 9.520325756554123191e-19
5.497900000000000000e+04 4.190360081114612001e+00 4.372188537157419397e+00 4.289077145657377521e+00 9.520325755457423570e-19 4.289077145657377521e+00 9.520325755457423570e-19
5.498300000000000000e+04 1.219472854644692106e+01 4.372188537157419397e+00 1.143383206421574805e+01 9.520325752878383818e-19 1.143383206421574805e+01 9.520325752878383818e-19
5.499200000000000000e+04 4.018385873673275199e+01 4.372188537157419397e+00 3.733751665722944324e+01 9.520325735306638118e-19 3.733751665722944324e+01 9.520325735306638118e-19
5.499500000000000000e+04 4.308814810072812662e+01 4.372188537157419397e+00 4.526446668391263017e+01 4.750117470036630540e-01 4.526446668391263017e+01 4.750117470036630540e-01
5.499600000000000000e+04 3.880745781444383624e+01 4.372188537157419397e+00 4.750204251648135312e+01 9.895194793897428287e-01 4.750204251648135312e+01 9.895194793897428287e-01
5.499800000000000000e+04 5.330799147043993003e+01 4.372188537157419397e+00 5.130052908974227677e+01 2.578142529034766373e+00 5.091672227927872996e+01 2.578142529034766373e+00
5.500200000000000000e+04 6.309892467434211483e+01 4.372188537157419397e+00 5.584612905512467762e+01 7.908141692815705781e+00 5.381775602163734362e+01 7.908141692815705781e+00
5.500700000000000000e+04 7.557617715148271031e+01 4.372188537157419397e+00 5.603395371684186443e+01 1.873915206413802537e+01 5.210622193247517231e+01 1.873915206413802537e+01
5.501100000000000000e+04 7.859124471646555321e+01 4.372188537157419397e+00 5.294460396321759532e+01 2.925015122101504517e+01 4.789065290588005297e+01 2.925015122101504517e+01
5.501600000000000000e+04 8.490327242256316254e+01 4.372188537157419397e+00 4.609022016385637954e+01 4.126554694440180526e+01 4.031611703369087962e+01 4.037673613900914660e+01
5.502200000000000000e+04 8.959746404331336578e+01 4.372188537157419397e+00 3.767074159487619767e+01 4.977302914827219382e+01 3.169741694238675578e+01 4.574509261839173746e+01
5.502800000000000000e+04 8.384077065871419165e+01 4.372188537157419397e+00 3.247857758353295310e+01 5.028098557038371297e+01 2.632666932167046880e+01 4.356762408364564010e+01
5.503000000000000000e+04 8.070054284207910200e+01 4.372188537157419397e+00 3.125282306487158124e+01 4.912351867455208776e+01 2.502725028100064719e+01 4.176802187811291844e+01
5.503300000000000000e+04 7.473661554742078295e+01 4.372188537157419397e+00 2.941767737295191054e+01 4.613203219789993170e+01 2.313864568316503068e+01 3.815330090771893623e+01
5.503800000000000000e+04 7.333706536386915786e+01 4.372188537157419397e+00 2.556726266223433797e+01 3.996007244989641549e+01 1.953108020902245556e+01 3.161009712206207212e+01
5.504200000000000000e+04 7.159764863582094563e+01 4.372188537157419397e+00 2.218908084506582767e+01 3.524607037960574019e+01 1.656882135661357935e+01 2.694280440102873797e+01
5.504400000000000000e+04 4.998644082574663372e+01 4.372188537157419397e+00 2.054521560158422488e+01 3.344925945423948832e+01 1.517055024046465839e+01 2.514614836259477570e+01
5.504600000000000000e+04 4.591560093854851488e+01 4.372188537157419397e+00 1.904098955151118133e+01 3.199940049088019123e+01 1.390504162668881349e+01 2.366457079047457057e+01
5.505000000000000000e+04 4.679631885650197631e+01 4.372188537157419397e+00 1.663214516780447738e+01 2.970229141228466219e+01 1.188425964160150627e+01 2.127316273885055153e+01
5.505600000000000000e+04 4.300418066546475160e+01 4.372188537157419397e+00 1.437633537242317239e+01 2.612965249774480014e+01 9.950825172612551839e+00 1.786921713993679006e+01
5.505900000000000000e+04 3.692085256302176077e+01 4.372188537157419397e+00 1.349325737711228079e+01 2.388477136812523938e+01 9.195652533626304859e+00 1.597332410025009253e+01
5.506300000000000000e+04 3.580628887545281458e+01 4.372188537157419397e+00 1.253034232091972555e+01 2.074351959178037319e+01 8.367487622413662507e+00 1.347579353739864416e+01
5.506500000000000000e+04 2.561047070548649529e+01 4.372188537157419397e+00 1.211601027423623123e+01 1.927124483443823877e+01 8.010164788539839265e+00 1.234283857320632016e+01
5.506700000000000000e+04 3.624549010424446749e+01 4.372188537157419397e+00 1.171735409197607503e+01 1.795056641321045632e+01 7.670155917078735897e+00 1.133713063202608851e+01
5.507000000000000000e+04 2.612430182539457846e+01 4.372188537157419397e+00 1.116264361489501411e+01 1.632788001119404697e+01 7.200455628366551508e+00 1.010162069536128193e+01
5.507400000000000000e+04 2.391824938777135046e+01 4.372188537157419397e+00 1.043663791015047337e+01 1.484661259228636432e+01 6.603708294373577203e+00 8.941650930150663257e+00
5.507900000000000000e+04 2.594209946341144146e+01 4.372188537157419397e+00 9.450504959239848901e+00 1.340825047948764137e+01 5.840457257125583723e+00 7.816304653582359485e+00
5.508300000000000000e+04 1.856010199740222433e+01 4.372188537157419397e+00 8.497037609143641035e+00 1.251382511418647780e+01 5.155149271873892936e+00 7.112364479051613841e+00
5.509100000000000000e+04 1.982410623589837328e+01 4.372188537157419397e+00 5.906695960588217886e+00 1.107431957391556665e+01 3.457107999615824934e+00 5.994224438293109358e+00
