5.497600000000000000e+04 -2.571560200337851931e+00 4.329270237429547308e+00 1.164140563987932975e+00 9.520325756554123191e-19 1.164140563987932975e+00 9.520325756554123191e-19
5.497900000000000000e+04 4.191329108074061338e+00 4.329270237429547308e+00 4.289077145657377521e+00 9.520325755457423570e-19 4.289077145657377521e+00 9.520325755457423570e-19
5.498300000000000000e+04 1.218725943046330151e+01 4.329270237429547308e+00 1.143383206421574805e+01 9.520325752878383818e-19 1.143383206421574805e+01 9.520325752878383818e-19
5.499200000000000000e+04 4.015591845889294831e+01 4.329270237429547308e+00 3.733751665722944324e+01 9.520325735306638118e-19 3.733751665722944324e+01 9.520325735306638118e-19
5.499500000000000000e+04 4.311417410322585653e+01 4.329270237429547308e+00 4.526446668391263017e+01 4.750117470036630540e-01 4.526446668391263017e+01 4.750117470036630540e-01
5.499600000000000000e+04 3.890251896798793041e+01 4.329270237429547308e+00 4.750204251648135312e+01 9.895194793897428287e-01 4.750204251648135312e+01 9.895194793897428287e-01
5.499800000000000000e+04 5.306174205639361219e+01 4.329270237429547308e+00 5.104867776227276011e+01 2.578142529034766373e+00 5.091672227927872996e+01 2.578142529034766373e+00
5.500200000000000000e+04 6.177435357868776578e+01 4.329270237429547308e+00 5.451512494795375119e+01 7.908141692815705781e+00 5.381775602163734362e+01 7.908141692815705781e+00
5.500700000000000000e+04 7.299094408793672528e+01 4.329270237429547308e+00 5.345660376663584401e+01 1.873915206413802537e+01 5.210622193247517231e+01 1.873915206413802537e+01
5.501100000000000000e+04 7.531025040470714771e+01 4.329270237429547308e+00 4.962823685337104251e+01 2.925015122101504517e+01 4.789065290588005297e+01 2.925015122101504517e+01
5.501600000000000000e+04 8.181392931518456635e+01 4.329270237429547308e+00 4.230129433285897278e+01 4.194105547700457493e+01 4.031611703369087962e+01 4.037673613900914660e+01
5.502200000000000000e+04 8.871795695344567889e+01 4.329270237429547308e+00 3.375108800321923752e+01 5.283431674537170153e+01 3.169741694238675578e+01 4.574509261839173746e+01
5.502800000000000000e+04 8.489556619400413240e+01 4.329270237429547308e+00 2.844173868442776154e+01 5.538323335947856663e+01 2.632666932167046880e+01 4.356762408364564010e+01
5.503000000000000000e+04 8.220246290321405525e+01 4.329270237429547308e+00 2.716764602493760350e+01 5.471379820016140627e+01 2.502725028100064719e+01 4.176802187811291844e+01
5.503300000000000000e+04 7.668828702746688464e+01 4.329270237429547308e+00 2.529742097524484379e+01 5.219597857789563733e+01 2.313864568316503068e+01 3.815330090771893623e+01
5.503800000000000000e+04 7.564560000605902701e+01 4.329270237429547308e+00 2.160636222418963825e+01 4.630616944461370821e+01 1.953108020902245556e+01 3.161009712206207212e+01
5.504200000000000000e+04 7.408124918111666091e+01 4.329270237429547308e+00 1.850110612887910122e+01 4.155666762141249393e+01 1.656882135661357935e+01 2.694280440102873797e+01
5.504400000000000000e+04 5.280944645914340896e+01 4.329270237429547308e+00 1.701839802305419624e+01 3.975973897983070060e+01 1.517055024046465839e+01 2.514614836259477570e+01
5.504600000000000000e+04 4.893032015065011819e+01 4.329270237429547308e+00 1.567081667438433534e+01 3.833398659880622716e+01 1.390504162668881349e+01 2.366457079047457057e+01
5.505000000000000000e+04 5.008251049722765913e+01 4.329270237429547308e+00 1.351661610514058687e+01 3.610854604686443992e+01 1.188425964160150627e+01 2.127316273885055153e+01
5.505600000000000000e+04 4.635371462610719817e+01 4.329270237429547308e+00 1.147234672978797398e+01 3.240769787405827174e+01 9.950825172612551839e+00 1.786921713993679006e+01
5.505900000000000000e+04 4.011809184047142907e+01 4.329270237429547308e+00 1.067319932899133228e+01 2.989758095849184727e+01 9.195652533626304859e+00 1.597332410025009253e+01
5.506300000000000000e+04 3.857336664632136092e+01 4.329270237429547308e+00 9.798706369449206477e+00 2.626709213676688037e+01 8.367487622413662507e+00 1.347579353739864416e+01
5.506500000000000000e+04 2.823863469772871326e+01 4.329270237429547308e+00 9.421783366932400483e+00 2.453692963305285346e+01 8.010164788539839265e+00 1.234283857320632016e+01
5.506700000000000000e+04 3.855148324449086772e+01 4.329270237429547308e+00 9.061611137209251154e+00 2.297686928093583703e+01 7.670155917078735897e+00 1.133713063202608851e+01
5.507000000000000000e+04 2.826979645846806477e+01 4.329270237429547308e+00 8.562683747362303421e+00 2.105992339829527182e+01 7.200455628366551508e+00 1.010162069536128193e+01
5.507400000000000000e+04 2.590435980082908074e+01 4.329270237429547308e+00 7.921496475675299465e+00 1.933446530881880676e+01 6.603708294373577203e+00 8.941650930150663257e+00
5.507900000000000000e+04 2.779290117632984902e+01 4.329270237429547308e+00 7.081617067678839916e+00 1.765820682152672205e+01 5.840457257125583723e+00 7.816304653582359485e+00
5.508300000000000000e+04 2.049642052021997785e+01 4.329270237429547308e+00 6.304114005261387987e+00 1.661901007077527481e+01 5.155149271873892936e+00 7.112364479051613841e+00
5.509100000000000000e+04 2.204973821879305618e+01 4.329270237429547308e+00 4.299293582868209285e+00 1.493526229617545376e+01 3.457107999615824934e+00 5.994224438293109358e+00
