5.497500000000000000e+04 -2.535164937550911990e+00 8.583257936772792362e+00 9.676860811788584593e-01 1.550059251352647235e-18 9.676860811788584593e-01 1.550059251352647235e-18
5.497600000000000000e+04 -6.828682495384779116e+00 8.583257936772792362e+00 2.014654457448330049e+00 1.550059221086075950e-18 2.014654457448330049e+00 1.550059221086075950e-18
5.497900000000000000e+04 -1.587070552833364623e+00 8.583257936772792362e+00 7.421511495175619366e+00 1.550059094973972802e-18 7.421511495175619366e+00 1.550059094973972802e-18
5.498000000000000000e+04 1.468703665252865243e+01 8.583257936772792362e+00 1.010928248076253944e+01 1.550059037574012029e-18 1.010928248076253944e+01 1.550059037574012029e-18
5.498100000000000000e+04 3.041440686623405654e+01 8.583257936772792362e+00 1.326427468792255127e+01 1.550058970214539617e-18 1.326427468792255127e+01 1.550058970214539617e-18
5.498200000000000000e+04 1.454552800231816967e+01 8.583257936772792362e+00 1.681188057541250913e+01 1.550058891167473899e-18 1.681188057541250913e+01 1.550058891167473899e-18
5.498400000000000000e+04 2.608318449211813572e+01 8.583257936772792362e+00 2.504964300095078400e+01 1.550058689547010832e-18 2.504964300095078400e+01 1.550058689547010832e-18
5.498500000000000000e+04 3.369247377458418669e+01 8.583257936772792362e+00 2.982457128805857849e+01 1.550058561801121860e-18 2.982457128805857849e+01 1.550058561801121860e-18
5.498700000000000000e+04 3.673944103637722947e+01 8.583257936772792362e+00 4.097582893337165899e+01 1.550058235967616748e-18 4.097582893337165899e+01 1.550058235967616748e-18
5.499000000000000000e+04 5.130654580720283775e+01 8.583257936772792362e+00 6.053040193995693841e+01 1.550057502950129748e-18 6.053040193995693841e+01 1.550057502950129748e-18
5.499200000000000000e+04 8.538230531280706259e+01 8.583257936772792362e+00 7.440742163840896239e+01 1.550056777795506162e-18 7.440742163840896239e+01 1.550056777795506162e-18
5.499300000000000000e+04 8.731851778029871980e+01 8.583257936772792362e+00 8.115791156796579742e+01 5.023439304780431998e-03 8.115791156796579742e+01 5.023439304780431998e-03
5.499400000000000000e+04 8.856316874325017352e+01 8.583257936772792362e+00 8.659722275531558466e+01 2.635029007712635374e-01 8.659722275531558466e+01 2.635029007712635374e-01
5.499600000000000000e+04 8.934951922958279624e+01 8.583257936772792362e+00 9.298895886639343189e+01 1.712456288831080142e+00 9.298895886639343189e+01 1.712456288831080142e+00
5.499700000000000000e+04 9.335765452362765870e+01 8.583257936772792362e+00 9.766768459387380119e+01 2.925571079348777026e+00 9.534931745081652821e+01 2.925571079348777026e+00
5.499800000000000000e+04 1.067332086216362939e+02 8.583257936772792362e+00 1.019862880732757162e+02 4.445593075166165420e+00 9.725679520493949326e+01 4.445593075166165420e+00
5.500000000000000000e+04 1.155184807754161938e+02 8.583257936772792362e+00 1.090962212553758235e+02 8.592890108648159497e+00 9.942624000542298290e+01 8.592890108648159497e+00
5.500200000000000000e+04 1.315552947395632089e+02 8.583257936772792362e+00 1.138751994964030416e+02 1.429009848910063241e+01 9.937735874946248771e+01 1.429009848910063241e+01
5.500300000000000000e+04 1.339917404589476462e+02 8.583257936772792362e+00 1.150180151606700747e+02 1.760982062251375879e+01 9.828909195663038645e+01 1.760982062251375879e+01
5.500400000000000000e+04 1.379845267190369782e+02 8.583257936772792362e+00 1.153163802786313141e+02 2.129219655080816054e+01 9.653818898204983157e+01 2.129219655080816054e+01
5.500500000000000000e+04 1.435540892104109219e+02 8.583257936772792362e+00 1.150278189437575662e+02 2.535088559484978887e+01 9.437559456880096320e+01 2.535088559484978887e+01
5.500900000000000000e+04 1.520771053958002881e+02 8.583257936772792362e+00 1.086448144310147370e+02 4.587529006572047052e+01 8.255133116561614770e+01 4.587529006572047052e+01
5.501200000000000000e+04 1.610600628838679711e+02 8.583257936772792362e+00 9.921312375503752889e+01 6.324630839264761306e+01 7.142612246008147281e+01 6.324630839264761306e+01
5.501300000000000000e+04 1.503145950987143351e+02 8.583257936772792362e+00 9.562015682268014416e+01 6.898422483277093420e+01 6.765517379857884350e+01 6.898422483277093420e+01
5.501400000000000000e+04 1.702407301722692523e+02 8.583257936772792362e+00 9.146234393263303275e+01 7.360763934201824554e+01 6.361888512242121152e+01 7.360763934201824554e+01
5.501600000000000000e+04 1.682263289924046035e+02 8.583257936772792362e+00 8.239600615365282010e+01 8.453634011570285622e+01 5.543739832797152900e+01 7.904061503643441711e+01
5.501700000000000000e+04 1.667971613860332241e+02 8.583257936772792362e+00 7.871803151664656184e+01 8.949975619560264306e+01 5.211031447560955598e+01 8.104691983319403903e+01
5.501800000000000000e+04 1.590481710554642518e+02 8.583257936772792362e+00 7.555370255388007195e+01 9.416419146197817724e+01 4.922327896239417555e+01 8.266827592419855364e+01
5.501900000000000000e+04 1.637748672545367583e+02 8.583257936772792362e+00 7.260306477623061028e+01 9.838766373351261052e+01 4.656333247267679099e+01 8.381792962524767177e+01
5.502000000000000000e+04 1.739934385582735672e+02 8.583257936772792362e+00 6.952433342907772840e+01 1.021408253063781046e+02 4.390417961541074021e+01 8.451230400460953263e+01
5.502100000000000000e+04 1.821855607653869242e+02 8.583257936772792362e+00 6.620050469365607171e+01 1.053979964437772452e+02 4.117301454915962466e+01 8.476893537712527404e+01
5.502200000000000000e+04 1.782823905853245208e+02 8.583257936772792362e+00 6.282481920843711976e+01 1.079638943139700871e+02 3.849145005216814042e+01 8.447075493704311100e+01
5.502500000000000000e+04 1.616188070197694628e+02 8.583257936772792362e+00 5.349060519588108775e+01 1.108964756197364068e+02 3.137059333747742329e+01 8.021925538348081375e+01
5.502900000000000000e+04 1.462285261328668184e+02 8.583257936772792362e+00 4.264725933010222292e+01 1.067600257711730194e+02 2.366167303078713857e+01 7.016863149077371986e+01
5.503100000000000000e+04 1.499733568184147430e+02 8.583257936772792362e+00 3.792374083201219293e+01 1.015645971285796918e+02 2.048817721261307412e+01 6.383662120465699985e+01
5.503200000000000000e+04 1.240038852495490858e+02 8.583257936772792362e+00 3.576667044947411966e+01 9.870429514937339377e+01 1.907229695642826428e+01 6.071220409106924620e+01
5.503300000000000000e+04 1.321330122660670838e+02 8.583257936772792362e+00 3.403595250453801668e+01 9.549243148718913687e+01 1.791710107470335345e+01 5.750689772879200490e+01
5.503400000000000000e+04 1.188689701913472589e+02 8.583257936772792362e+00 3.254461278441317518e+01 9.167534443611468475e+01 1.691552365168480421e+01 5.407605235405802091e+01
5.503500000000000000e+04 1.090705969956366488e+02 8.583257936772792362e+00 3.111133048308714422e+01 8.728357682964131925e+01 1.596874529619285887e+01 5.045091848566411841e+01
5.503600000000000000e+04 1.195482182787611123e+02 8.583257936772792362e+00 2.983264194250849499e+01 8.316215019138327591e+01 1.512367877641758973e+01 4.712178857877579219e+01
5.503700000000000000e+04 9.512906466966443020e+01 8.583257936772792362e+00 2.865119174530687474e+01 7.971104269802711428e+01 1.434788638676704053e+01 4.429376730426811548e+01
5.503900000000000000e+04 1.152710194682242673e+02 8.583257936772792362e+00 2.622707915213737095e+01 7.397798024844379938e+01 1.282170619571031622e+01 3.957883260177526807e+01
5.504000000000000000e+04 8.093062486715157888e+01 8.583257936772792362e+00 2.506494848630476824e+01 7.105061023349585980e+01 1.210962883225882791e+01 3.731855267309912705e+01
5.504200000000000000e+04 9.071280578799039063e+01 8.583257936772792362e+00 2.291211629502069513e+01 6.456600807673879672e+01 1.081543224929825442e+01 3.271773254434290834e+01
5.504400000000000000e+04 8.260903919703640952e+01 8.583257936772792362e+00 2.089812673000435694e+01 5.831204738633842055e+01 9.643386980885679804e+00 2.854297894679026371e+01
5.504500000000000000e+04 6.158230326284991918e+01 8.583257936772792362e+00 1.989922008470936277e+01 5.540244219184088337e+01 9.080561577061848411e+00 2.666500433685580873e+01
5.504600000000000000e+04 7.229062240719034094e+01 8.583257936772792362e+00 1.888069457159221187e+01 5.258294089236344604e+01 8.521234229400151960e+00 2.489149440869678642e+01
5.504700000000000000e+04 8.491162774070596697e+01 8.583257936772792362e+00 1.783080177869783256e+01 4.983964678072200627e+01 7.960046289989414880e+00 2.321090328009672277e+01
5.504800000000000000e+04 7.015004284505539545e+01 8.583257936772792362e+00 1.677666135353108956e+01 4.717179762685870514e+01 7.409034476823465276e+00 2.161844031349393802e+01
5.505000000000000000e+04 4.831210153914415173e+01 8.583257936772792362e+00 1.454447401195537992e+01 4.214389077234267944e+01 6.288194800073795498e+00 1.871774791379593239e+01
5.505200000000000000e+04 5.394112830528077751e+01 8.583257936772792362e+00 1.220425698223588817e+01 3.762803710892408304e+01 5.167770414954748759e+00 1.621145241296402517e+01
5.505400000000000000e+04 4.953637394759530821e+01 8.583257936772792362e+00 1.002015182939396531e+01 3.437262642025469717e+01 4.157327640826142812e+00 1.437819510393208411e+01
5.505600000000000000e+04 5.726378603958868041e+01 8.583257936772792362e+00 8.152425593933292802e+00 3.162538976177154026e+01 3.315520380235053022e+00 1.285512695995495314e+01
5.505800000000000000e+04 2.918690413629220259e+01 8.583257936772792362e+00 6.594283156124557621e+00 2.921357844451706143e+01 2.629827455937498115e+00 1.154838137434221323e+01
5.506000000000000000e+04 3.997991533301161837e+01 8.583257936772792362e+00 5.265333531894509811e+00 2.675403543815307117e+01 2.059888564189253035e+00 1.029318450742000302e+01
5.506100000000000000e+04 2.928719904874975200e+01 8.583257936772792362e+00 4.685973369159590618e+00 2.562722136026912523e+01 1.815959130283463896e+00 9.729525124930155755e+00
5.506200000000000000e+04 2.416108891543022708e+01 8.583257936772792362e+00 4.159304935911311674e+00 2.453394315643051371e+01 1.596812745279095003e+00 9.193117411903516611e+00
5.506400000000000000e+04 3.266251690677707131e+01 8.583257936772792362e+00 3.242215560479754455e+00 2.244518441163511824e+01 1.221917543613490142e+00 8.196878933752826057e+00
5.506500000000000000e+04 1.596277590024084070e+01 8.583257936772792362e+00 2.846491610979205333e+00 2.140353092463149665e+01 1.063036946060080368e+00 7.718477340502571948e+00
5.506700000000000000e+04 3.141870235280342882e+01 8.583257936772792362e+00 2.178429035846625617e+00 1.923284189891562690e+01 7.990344961129509649e-01 6.766039346491002249e+00
5.506800000000000000e+04 3.352449078888017198e+01 8.583257936772792362e+00 1.897470315704428812e+00 1.812044258024494425e+01 6.898283870746817481e-01 6.297679305299944907e+00
5.506900000000000000e+04 1.120587016089726262e+01 8.583257936772792362e+00 1.645792277481902488e+00 1.698134632536630306e+01 5.930877954916861095e-01 5.831334425125919374e+00
5.507100000000000000e+04 1.787746646581188870e+01 8.583257936772792362e+00 1.226984751505639792e+00 1.448651733052974322e+01 4.345486239456022304e-01 4.858612330976595395e+00
5.507300000000000000e+04 2.333271802927614402e+01 8.583257936772792362e+00 9.074788659743205921e-01 1.206025457294138192e+01 3.159510589642119949e-01 3.952695855619067888e+00
5.507400000000000000e+04 1.958642067795236841e+01 8.583257936772792362e+00 7.789346931931270257e-01 1.090477449530906817e+01 2.689201451984696289e-01 3.533728494702221390e+00
5.507500000000000000e+04 5.666264874989000333e+00 8.583257936772792362e+00 6.662254359297720141e-01 9.840888799602169001e+00 2.280935985444418612e-01 3.153446761038001700e+00
5.507800000000000000e+04 1.295331170877752669e+01 8.583257936772792362e+00 4.134559184949405664e-01 7.208953259063654251e+00 1.381047141620609098e-01 2.235353337546873043e+00
5.508000000000000000e+04 -9.618790587693920813e+00 8.583257936772792362e+00 2.996705388619199661e-01 5.768362680565775058e+00 9.849760017656127020e-02 1.750905279560864836e+00
5.508100000000000000e+04 9.478739974654310174e+00 8.583257936772792362e+00 2.551131578117116772e-01 5.138942718514343255e+00 8.318738014801362046e-02 1.543565260740944023e+00
5.508200000000000000e+04 8.300471539244728802e+00 8.583257936772792362e+00 2.169078390278573742e-01 4.565971676628817200e+00 7.017301316464903682e-02 1.357290833487230675e+00
5.508400000000000000e+04 1.231110084837035501e+01 8.583257936772792362e+00 1.565580169621767215e-01 3.566202045241774421e+00 4.986444254227592049e-02 1.038629912071466377e+00
5.508500000000000000e+04 6.171472537485798604e+00 8.583257936772792362e+00 1.329748654196149793e-01 3.133917565491569412e+00 4.202762805578161287e-02 9.035814041510683570e-01
5.508800000000000000e+04 4.870305526203573265e-01 8.583257936772792362e+00 8.216831679598175786e-02 2.094823165529239528e+00 2.538464199561750803e-02 5.863541290134794970e-01
5.508900000000000000e+04 2.783537883656017620e+00 8.583257936772792362e+00 6.997516282860487269e-02 1.818574015493363616e+00 2.145658115601357940e-02 5.041246261679331875e-01
5.509000000000000000e+04 -4.323851299831360961e+00 8.583257936772792362e+00 5.959464934172816614e-02 1.573018636889786936e+00 1.813835800367798873e-02 4.318922875128805017e-01
5.509100000000000000e+04 8.804304165911069902e+00 8.583257936772792362e+00 5.076938267454026571e-02 1.358130505110398012e+00 1.533876746194622574e-02 3.693663303537618181e-01
5.509300000000000000e+04 7.064852606993196282e+00 8.583257936772792362e+00 3.678442669048086894e-02 1.006140765807768789e+00 1.095262713745783802e-02 2.685584001195801540e-01
5.509500000000000000e+04 1.215192675844724590e+01 8.583257936772792362e+00 2.667785458984208574e-02 7.398407015858251556e-01 7.830004347216196550e-03 1.938795587627756278e-01
5.509600000000000000e+04 1.526802054282568211e+00 8.583257936772792362e+00 2.270528742528819463e-02 6.317109683819984722e-01 6.616827885050855125e-03 1.640489778732280302e-01
5.509700000000000000e+04 -5.155570289965617725e+00 8.583257936772792362e+00 1.932732540132864676e-02 5.391608437758729222e-01 5.592785077591702451e-03 1.387618763608040040e-01
5.509800000000000000e+04 2.899264264997711837e+00 8.583257936772792362e+00 1.646379870346012866e-02 4.601973696477495990e-01 4.730874821351913062e-03 1.173890070377517636e-01
5.509900000000000000e+04 -2.251244960278001805e+00 8.583257936772792362e+00 1.401214296000306662e-02 3.922416638543265166e-01 3.998454947828823484e-03 9.917510118528233276e-02
5.510100000000000000e+04 -4.738758895851638897e+00 8.583257936772792362e+00 1.015137667416571646e-02 2.845745695708455925e-01 2.857113554350843541e-03 7.070927312581157254e-02
5.510400000000000000e+04 5.985516551191715884e+00 8.583257936772792362e+00 6.261653152462872025e-03 1.750011339015140333e-01 1.726894476100850886e-03 4.238477616093452860e-02
5.510700000000000000e+04 -2.771655247707958125e+01 8.583257936772792362e+00 3.837727361216528889e-03 1.079950577612515117e-01 1.037530654529236849e-03 2.551166821723855130e-02
5.510800000000000000e+04 -1.051378285656211053e+00 8.583257936772792362e+00 3.260759220812683903e-03 9.208886153209422387e-02 8.757902202812570909e-04 2.157694569627488165e-02
5.510900000000000000e+04 -8.045312442804645414e+00 8.583257936772792362e+00 2.768559334885835506e-03 7.847293206521374631e-02 7.387683124515371895e-04 1.823809398261154111e-02
5.511000000000000000e+04 -5.684093932256250037e-01 8.583257936772792362e+00 2.350234387963137401e-03 6.687322494081740509e-02 6.230988444615148105e-04 1.541760430312628938e-02
5.511100000000000000e+04 2.070230337706244228e+01 8.583257936772792362e+00 1.996246897139208974e-03 5.700484935480353010e-02 5.258591276927242816e-04 1.303795234265428885e-02
5.511400000000000000e+04 -1.748539961999911085e+01 8.583257936772792362e+00 1.222838470970103592e-03 3.522266708043205602e-02 3.160519228810185948e-04 7.868315024040898470e-03
