5.497400000000000000e+04 3.109155278596093641e+00 6.093089034370493984e+00 2.872527343123094101e-01 9.260775751072001066e-19 2.872527343123094101e-01 9.260775751072001066e-19
5.497600000000000000e+04 -3.991910343679567319e+00 6.093089034370493984e+00 1.958814406946931541e+00 9.260775358043454047e-19 1.958814406946931541e+00 9.260775358043454047e-19
5.498000000000000000e+04 1.035169614325685750e+01 6.093089034370493984e+00 9.740658635389692677e+00 9.260774071422035432e-19 9.740658635389692677e+00 9.260774071422035432e-19
5.498100000000000000e+04 8.189112970407913750e+00 6.093089034370493984e+00 1.261836908227294352e+01 9.260773599158055384e-19 1.261836908227294352e+01 9.260773599158055384e-19
5.498500000000000000e+04 2.954273511105717986e+01 6.093089034370493984e+00 2.761301931683333422e+01 9.260770735731008535e-19 2.761301931683333422e+01 9.260770735731008535e-19
5.498700000000000000e+04 3.310620721426451496e+01 6.093089034370493984e+00 3.698113532148148863e+01 9.260768451280118463e-19 3.698113532148148863e+01 9.260768451280118463e-19
5.498800000000000000e+04 4.672215060704483847e+01 6.093089034370493984e+00 4.209516568424355398e+01 9.260767003861789973e-19 4.209516568424355398e+01 9.260767003861789973e-19
5.498900000000000000e+04 4.967381608289603889e+01 6.093089034370493984e+00 4.711547825657126509e+01 9.260765305301220290e-19 4.711547825657126509e+01 9.260765305301220290e-19
5.499300000000000000e+04 6.646124479431931320e+01 6.093089034370493984e+00 6.549985504210982867e+01 -1.319528255753682142e-02 6.549985504210982867e+01 -1.319528255753682142e-02
5.499500000000000000e+04 6.546984411755084921e+01 6.093089034370493984e+00 6.925870503056015082e+01 7.975107901015551226e-01 6.925870503056015082e+01 7.975107901015551226e-01
5.499700000000000000e+04 8.775687722243141309e+01 6.093089034370493984e+00 7.759323794440255995e+01 2.848116343879942391e+00 6.841287481237441170e+01 2.848116343879942391e+00
5.499900000000000000e+04 8.986798667459025580e+01 6.093089034370493984e+00 8.250541543240112219e+01 6.151757690667355227e+00 6.504780932565140006e+01 6.151757690667355227e+00
5.500000000000000000e+04 1.027061095875946393e+02 6.093089034370493984e+00 8.441277088572631726e+01 8.279559840081237354e+00 6.320798198309262261e+01 8.279559840081237354e+00
5.500200000000000000e+04 9.762374710214227491e+01 6.093089034370493984e+00 8.691793700066334338e+01 1.348602709029784208e+01 5.914124484496770862e+01 1.348602709029784208e+01
5.500300000000000000e+04 9.442846911173801061e+01 6.093089034370493984e+00 8.649628278702316209e+01 1.655460456555931259e+01 5.628475033544589223e+01 1.655460456555931259e+01
5.500500000000000000e+04 1.098976759226957540e+02 6.093089034370493984e+00 8.355816218947782659e+01 2.347106641930833248e+01 5.000629460476246635e+01 2.347106641930833248e+01
5.500700000000000000e+04 1.164546656683250490e+02 6.093089034370493984e+00 8.042535007636165290e+01 3.143396502325926178e+01 4.455343955827151348e+01 3.143396502325926178e+01
5.500900000000000000e+04 1.149151144068630828e+02 6.093089034370493984e+00 7.636665753017626912e+01 4.004815651808557675e+01 3.937777404403901471e+01 4.004815651808557675e+01
5.501000000000000000e+04 1.182293771561567013e+02 6.093089034370493984e+00 7.396570823879432055e+01 4.412970439257524191e+01 3.686434766411487374e+01 4.412970439257524191e+01
5.501300000000000000e+04 1.206837936275023964e+02 6.093089034370493984e+00 6.618690390161651749e+01 5.567487678579335153e+01 2.997981993502793685e+01 5.567487678579335153e+01
5.501600000000000000e+04 1.132903347327885371e+02 6.093089034370493984e+00 5.490433817425842022e+01 6.254092878694848423e+01 2.279133005233092391e+01 5.880964673200113424e+01
5.501700000000000000e+04 1.113449059905748442e+02 6.093089034370493984e+00 5.131417404374207081e+01 6.368517779412609059e+01 2.072381963252022885e+01 5.815094359051825279e+01
5.501800000000000000e+04 1.122112580908536899e+02 6.093089034370493984e+00 4.794201943957071421e+01 6.408829954322486344e+01 1.885112345149930135e+01 5.687165416562561404e+01
5.501900000000000000e+04 1.019728633632906423e+02 6.093089034370493984e+00 4.460843106457345186e+01 6.406066871966906717e+01 1.708947422377729097e+01 5.529063792680368294e+01
5.502000000000000000e+04 1.018766533793259441e+02 6.093089034370493984e+00 4.135626376952522776e+01 6.395315733233370992e+01 1.544652967884242400e+01 5.372678468562872922e+01
5.502200000000000000e+04 8.881042734352448065e+01 6.093089034370493984e+00 3.533870434401865168e+01 6.302794912290477214e+01 1.256901635586821442e+01 5.027005811822255055e+01
5.502300000000000000e+04 9.155938393025139987e+01 6.093089034370493984e+00 3.256551129013542578e+01 6.150143996500685972e+01 1.131270102647213349e+01 4.784203778512900840e+01
5.502400000000000000e+04 8.772846120984847573e+01 6.093089034370493984e+00 2.999064617087576679e+01 5.938915042321514193e+01 1.018094207449878574e+01 4.508626217801651848e+01
5.502500000000000000e+04 8.211988254109267871e+01 6.093089034370493984e+00 2.763646469879712697e+01 5.733789966894555334e+01 9.172838121572022274e+00 4.250535041404809533e+01
5.502800000000000000e+04 6.607178862145411813e+01 6.093089034370493984e+00 2.158738693381818052e+01 5.148619812862860812e+01 6.716370971383953226e+00 3.565211684480627952e+01
5.502900000000000000e+04 6.692379093148139191e+01 6.093089034370493984e+00 1.992218973205144650e+01 4.939836026925912904e+01 6.071543353043900915e+00 3.347110793743316037e+01
5.503100000000000000e+04 6.285989490924075085e+01 6.093089034370493984e+00 1.709912741546175852e+01 4.507938895066236284e+01 5.006434182654020404e+00 2.928568905648892340e+01
5.503300000000000000e+04 4.765889847872235663e+01 6.093089034370493984e+00 1.488089800295125364e+01 4.084248776185612684e+01 4.192249869357422831e+00 2.548284694477374757e+01
5.503400000000000000e+04 6.134548422486863473e+01 6.093089034370493984e+00 1.401393548372379705e+01 3.832713321730824418e+01 3.874767751706000407e+00 2.344930616647468113e+01
5.503500000000000000e+04 4.865304749148563701e+01 6.093089034370493984e+00 1.325338028940960733e+01 3.556490045876883954e+01 3.597735703756966164e+00 2.134503123016181902e+01
5.503700000000000000e+04 4.583766533563252921e+01 6.093089034370493984e+00 1.200893275639297286e+01 3.046799723762982026e+01 3.145344712025503142e+00 1.761524668764219470e+01
5.503800000000000000e+04 4.708224220344673228e+01 6.093089034370493984e+00 1.151190684246373230e+01 2.822309220589217915e+01 2.963093496324381348e+00 1.602345493377440633e+01
5.503900000000000000e+04 4.446382515033989336e+01 6.093089034370493984e+00 1.107466449669668052e+01 2.604644222630595607e+01 2.802157021713587159e+00 1.452605309021069679e+01
5.504000000000000000e+04 3.619653175385838040e+01 6.093089034370493984e+00 1.066511733166363562e+01 2.395890820416884992e+01 2.653484246384680389e+00 1.312955022701605934e+01
5.504100000000000000e+04 3.123817306163995866e+01 6.093089034370493984e+00 1.027113670571072923e+01 2.200478310943802640e+01 2.513503025968822246e+00 1.185263194194796199e+01
5.504300000000000000e+04 3.253266365619244738e+01 6.093089034370493984e+00 9.524797863561330402e+00 1.846211793639276877e+01 2.256754227528354306e+00 9.615795872501312402e+00
5.504400000000000000e+04 2.667427527421237343e+01 6.093089034370493984e+00 9.132612068913513070e+00 1.688963619754108691e+01 2.129971270706062736e+00 8.653800763323966194e+00
5.504500000000000000e+04 2.058749709780447645e+01 6.093089034370493984e+00 8.722587863103079542e+00 1.546459032258447053e+01 2.002998789726357476e+00 7.796912403336219377e+00
5.504600000000000000e+04 1.748933433997851949e+01 6.093089034370493984e+00 8.324010727953444544e+00 1.414499835151952389e+01 1.882468299899572761e+00 7.019333690942685777e+00
5.504700000000000000e+04 1.572170326044181365e+01 6.093089034370493984e+00 7.936673314345957131e+00 1.294274290771947733e+01 1.768044749775525615e+00 6.323182351501767329e+00
5.504900000000000000e+04 5.755139746437292203e+00 6.093089034370493984e+00 7.170738423500623959e+00 1.089095647800023237e+01 1.551051834533994978e+00 5.160811850087315023e+00
5.505000000000000000e+04 1.065861543935935352e+01 6.093089034370493984e+00 6.747733643181464736e+00 1.002286523372200300e+01 1.438675292267899364e+00 4.679117401183376046e+00
5.505100000000000000e+04 1.674316715843357528e+01 6.093089034370493984e+00 6.303975594363942392e+00 9.250390633036282395e+00 1.325106192803267691e+00 4.255469055255916899e+00
5.505300000000000000e+04 6.204801373557967459e+00 6.093089034370493984e+00 5.423579764127645753e+00 7.972108922304770751e+00 1.108770342350714921e+00 3.563412388953809184e+00
5.505400000000000000e+04 6.044643962053865671e+00 6.093089034370493984e+00 4.987920004489271975e+00 7.472857976781233980e+00 1.005908494057323077e+00 3.293552588950100279e+00
5.505500000000000000e+04 2.158083286414111512e+01 6.093089034370493984e+00 4.572399754648761139e+00 7.035587835022051983e+00 9.098004280595362037e-01 3.058075348193420417e+00
5.505700000000000000e+04 9.747978569309571739e+00 6.093089034370493984e+00 3.802278728012467468e+00 6.320537796831871447e+00 7.368888778080757707e-01 2.673543005221677760e+00
5.505800000000000000e+04 9.471270257413705096e+00 6.093089034370493984e+00 3.436281972189966449e+00 6.034205307155628972e+00 6.574095826676078502e-01 2.518629471875724057e+00
5.505900000000000000e+04 -1.941395504860832233e+00 6.093089034370493984e+00 3.086486182745053153e+00 5.782025305733831111e+00 5.830050588127172473e-01 2.381833468456548975e+00
5.506100000000000000e+04 1.281809745982722859e+01 6.093089034370493984e+00 2.445459186245977357e+00 5.321963634460114889e+00 4.505027589097987395e-01 2.136477572073498532e+00
5.506300000000000000e+04 5.842625487656483152e+00 6.093089034370493984e+00 1.899855449924898743e+00 4.900042969139902560e+00 3.415482990769190819e-01 1.918241093399101205e+00
5.506400000000000000e+04 1.130719279813498801e+01 6.093089034370493984e+00 1.669343211102497948e+00 4.682196215378243487e+00 2.965309531914898100e-01 1.810475580100153081e+00
5.506700000000000000e+04 1.262998041156470919e+01 6.093089034370493984e+00 1.107821995132002746e+00 4.029618797954351628e+00 1.899928740845295005e-01 1.502838037309196739e+00
5.506800000000000000e+04 -5.359097161517902386e+00 6.093089034370493984e+00 9.613726672861592215e-01 3.825696005077176665e+00 1.630009885761951050e-01 1.410102290207875919e+00
5.506900000000000000e+04 7.119023622211786417e+00 6.093089034370493984e+00 8.322351203313175239e-01 3.618709741055445850e+00 1.395185175518027509e-01 1.318394059353895864e+00
5.507000000000000000e+04 -7.913677017293121452e+00 6.093089034370493984e+00 7.187632891017436965e-01 3.395321303620256082e+00 1.191554736916271978e-01 1.222873998427714382e+00
5.507200000000000000e+04 8.171895898127189639e+00 6.093089034370493984e+00 5.339858727355593082e-01 2.932121060051334549e+00 8.659693020465177027e-02 1.032452882208663159e+00
5.507400000000000000e+04 1.006765618404604368e+01 6.093089034370493984e+00 3.944103392316986589e-01 2.482474131238601167e+00 6.259957145868536021e-02 8.550222199487245156e-01
5.507600000000000000e+04 -7.428634120239516747e-01 6.093089034370493984e+00 2.869021518490231792e-01 2.071052360092567657e+00 4.458659039435906163e-02 6.980644381929893560e-01
5.507800000000000000e+04 8.463427998910175276e+00 6.093089034370493984e+00 2.079558831665409835e-01 1.693324119225977586e+00 3.165759871947924908e-02 5.587981452674666283e-01
5.508000000000000000e+04 3.793487377319094467e+00 6.093089034370493984e+00 1.503456434509305162e-01 1.350846308862278633e+00 2.242927217941729015e-02 4.366381267694606771e-01
5.508200000000000000e+04 7.043753322290640995e+00 6.093089034370493984e+00 1.083812247835991144e-01 1.054822967040689008e+00 1.585148843184322476e-02 3.341018188315121318e-01
5.508300000000000000e+04 -1.216805644951235976e+01 6.093089034370493984e+00 9.199577672704011000e-02 9.257927906447400712e-01 1.332425287277213925e-02 2.903160542153811474e-01
5.508400000000000000e+04 -5.950811374207466642e+00 6.093089034370493984e+00 7.799493702948405438e-02 8.117657517108258780e-01 1.118771474028273233e-02 2.520513102127663885e-01
5.508600000000000000e+04 1.630542130629708453e+01 6.093089034370493984e+00 5.620760503306713313e-02 6.171371859677194927e-01 7.910245647124551638e-03 1.879176194082168572e-01
5.508900000000000000e+04 7.972407652963028113e+00 6.093089034370493984e+00 3.476905181529392486e-02 4.007482117360863794e-01 4.758348966942117439e-03 1.185907399190323230e-01
5.509000000000000000e+04 -7.659965615046191445e+00 6.093089034370493984e+00 2.961271152015010344e-02 3.454711145808257444e-01 4.015798901434460173e-03 1.012821526378831216e-01
5.509200000000000000e+04 -4.208713787577700316e+00 6.093089034370493984e+00 2.147613137048168946e-02 2.557432832802797318e-01 2.860340487345981557e-03 7.360739067395399848e-02
5.509300000000000000e+04 8.087377306968084767e+00 6.093089034370493984e+00 1.829004328892946951e-02 2.195376545532572998e-01 2.414419350363810127e-03 6.261506768650819399e-02
5.509500000000000000e+04 -2.638790106484168341e+00 6.093089034370493984e+00 1.325715478592709613e-02 1.604903159286600878e-01 1.719580412830072277e-03 4.496038203067134059e-02
5.509600000000000000e+04 5.471926621492785081e+00 6.093089034370493984e+00 1.129047066811519374e-02 1.364848986849065138e-01 1.451847290194205504e-03 3.789860183520520065e-02
5.509700000000000000e+04 4.432643122773520794e+00 6.093089034370493984e+00 9.613533717141979976e-03 1.161155822586154018e-01 1.225634575374692737e-03 3.196098953721650954e-02
5.509800000000000000e+04 2.349970754494398850e+00 6.093089034370493984e+00 8.181011638347885154e-03 9.861499160353282001e-02 1.034155386379047173e-03 2.690895891155736103e-02
5.510000000000000000e+04 -2.797134501582525079e+00 6.093089034370493984e+00 5.932179704898723691e-03 7.107790142321485094e-02 7.373742460977353481e-04 1.906488135250469784e-02
5.510100000000000000e+04 1.053897575340249659e+01 6.093089034370493984e+00 5.049189076777543458e-03 6.025264301532021888e-02 6.224268341795411233e-04 1.602491851517653942e-02
5.510200000000000000e+04 1.280733637625702359e+00 6.093089034370493984e+00 4.300656604236874000e-03 5.108790711252653161e-02 5.258043306838589264e-04 1.347376516706674104e-02
5.510600000000000000e+04 -1.911102804068529892e-01 6.093089034370493984e+00 2.254147669015061414e-03 2.634719827148076718e-02 2.668395524086519138e-04 6.723708800055868025e-03
5.510900000000000000e+04 4.931864816327369283e+00 6.093089034370493984e+00 1.387179542392450284e-03 1.623388447835866916e-02 1.603886617199637324e-04 4.044596621900800083e-03
5.511100000000000000e+04 -9.188621632602153255e+00 6.093089034370493984e+00 1.004075227925991338e-03 1.174969143491559447e-02 1.143196079927424701e-04 2.881826458714869133e-03
5.511200000000000000e+04 -7.732133669455714120e+00 6.093089034370493984e+00 8.536488310906044678e-04 9.989904815414034009e-03 9.645587389153405797e-05 2.431289414244084020e-03
5.511400000000000000e+04 1.139526324601172469e+01 6.093089034370493984e+00 6.178368831659182981e-04 7.228936400778120802e-03 6.876820444588222371e-05 1.732586296944574550e-03
5.511500000000000000e+04 -1.732418308009511776e+01 6.093089034370493984e+00 5.253508441966828852e-04 6.144839006822801035e-03 5.804061642466235168e-05 1.461643350905561436e-03
5.511700000000000000e+04 -2.699819300978500536e+00 6.093089034370493984e+00 3.802603636643782825e-04 4.445845166078553172e-03 4.139733072045060849e-05 1.041789389068488794e-03
5.511800000000000000e+04 5.682891845277356913e-01 6.093089034370493984e+00 3.233281760722683698e-04 3.779162817416437462e-03 3.494412016400036890e-05 8.790320784221899346e-04
5.511900000000000000e+04 1.622325540426608370e+00 6.093089034370493984e+00 2.752054623583437146e-04 3.215292333019745263e-03 2.952906681710418518e-05 7.423979393072841892e-04
5.512000000000000000e+04 1.275165148073083676e+00 6.093089034370493984e+00 2.362040077089614027e-04 2.734387906330785177e-03 2.516312410348764490e-05 6.267681091830750026e-04
