5.497500000000000000e+04 -2.525194584846060408e+00 8.558826949406000750e+00 9.676860811788584593e-01 1.550059251352647235e-18 9.676860811788584593e-01 1.550059251352647235e-18
5.497600000000000000e+04 -6.803511231167105322e+00 8.558826949406000750e+00 2.014654457448330049e+00 1.550059221086075950e-18 2.014654457448330049e+00 1.550059221086075950e-18
5.497900000000000000e+04 -1.561428942639559558e+00 8.558826949406000750e+00 7.421511495175619366e+00 1.550059094973972802e-18 7.421511495175619366e+00 1.550059094973972802e-18
5.498000000000000000e+04 1.467400674533460858e+01 8.558826949406000750e+00 1.010928248076253944e+01 1.550059037574012029e-18 1.010928248076253944e+01 1.550059037574012029e-18
5.498100000000000000e+04 3.036559152529083860e+01 8.558826949406000750e+00 1.326427468792255127e+01 1.550058970214539617e-18 1.326427468792255127e+01 1.550058970214539617e-18
5.498200000000000000e+04 1.455197884318650026e+01 8.558826949406000750e+00 1.681188057541250913e+01 1.550058891167473899e-18 1.681188057541250913e+01 1.550058891167473899e-18
5.498400000000000000e+04 2.608024266754525655e+01 8.558826949406000750e+00 2.504964300095078400e+01 1.550058689547010832e-18 2.504964300095078400e+01 1.550058689547010832e-18
5.498500000000000000e+04 3.368146435630963964e+01 8.558826949406000750e+00 2.982457128805857849e+01 1.550058561801121860e-18 2.982457128805857849e+01 1.550058561801121860e-18
5.498700000000000000e+04 3.675149929443666252e+01 8.558826949406000750e+00 4.097582893337165899e+01 1.550058235967616748e-18 4.097582893337165899e+01 1.550058235967616748e-18
5.499000000000000000e+04 5.133280016356873432e+01 8.558826949406000750e+00 6.053040193995693841e+01 1.550057502950129748e-18 6.053040193995693841e+01 1.550057502950129748e-18
5.499200000000000000e+04 8.535106691284561009e+01 8.558826949406000750e+00 7.440742163840896239e+01 1.550056777795506162e-18 7.440742163840896239e+01 1.550056777795506162e-18
5.499300000000000000e+04 8.730099681494139929e+01 8.558826949406000750e+00 8.115791156796579742e+01 5.023439304780431998e-03 8.115791156796579742e+01 5.023439304780431998e-03
5.499400000000000000e+04 8.855832298819288440e+01 8.558826949406000750e+00 8.659722275531558466e+01 2.635029007712635374e-01 8.659722275531558466e+01 2.635029007712635374e-01
5.499600000000000000e+04 8.936475261796643110e+01 8.558826949406000750e+00 9.298895886639343189e+01 1.712456288831080142e+00 9.298895886639343189e+01 1.712456288831080142e+00
5.499700000000000000e+04 9.388670791723743037e+01 8.558826949406000750e+00 9.817614290790201892e+01 2.925571079348777026e+00 9.534931745081652821e+01 2.925571079348777026e+00
5.499800000000000000e+04 1.077696111386261464e+02 8.558826949406000750e+00 1.030235482748120575e+02 4.445593075166165420e+00 9.725679520493949326e+01 4.445593075166165420e+00
5.500000000000000000e+04 1.176454545535813310e+02 8.558826949406000750e+00 1.112170166512904359e+02 8.592890108648159497e+00 9.942624000542298290e+01 8.592890108648159497e+00
5.500200000000000000e+04 1.347252747232419097e+02 8.558826949406000750e+00 1.170548286096409072e+02 1.429009848910063241e+01 9.937735874946248771e+01 1.429009848910063241e+01
5.500300000000000000e+04 1.376568026785500081e+02 8.558826949406000750e+00 1.186869595352943065e+02 1.760982062251375879e+01 9.828909195663038645e+01 1.760982062251375879e+01
5.500400000000000000e+04 1.420989948566673604e+02 8.558826949406000750e+00 1.194347648562216477e+02 2.129219655080816054e+01 9.653818898204983157e+01 2.129219655080816054e+01
5.500500000000000000e+04 1.480744436310584149e+02 8.558826949406000750e+00 1.195572116320853269e+02 2.535088559484978887e+01 9.437559456880096320e+01 2.535088559484978887e+01
5.500900000000000000e+04 1.578068146168053545e+02 8.558826949406000750e+00 1.143675700126661496e+02 4.587529006572047052e+01 8.255133116561614770e+01 4.587529006572047052e+01
5.501200000000000000e+04 1.671582195802006652e+02 8.558826949406000750e+00 1.053072973515895256e+02 6.324630839264761306e+01 7.142612246008147281e+01 6.324630839264761306e+01
5.501300000000000000e+04 1.564884769757601362e+02 8.558826949406000750e+00 1.017533649139195262e+02 6.898422483277093420e+01 6.765517379857884350e+01 6.898422483277093420e+01
5.501400000000000000e+04 1.763325681115474595e+02 8.558826949406000750e+00 9.756889964610176946e+01 7.360763934201824554e+01 6.361888512242121152e+01 7.360763934201824554e+01
5.501600000000000000e+04 1.704896646957559483e+02 8.558826949406000750e+00 8.830849862691908925e+01 8.089086647820597875e+01 5.543739832797152900e+01 7.904061503643441711e+01
5.501700000000000000e+04 1.670297297915130912e+02 8.558826949406000750e+00 8.455356752626445882e+01 8.389274498656719459e+01 5.211031447560955598e+01 8.104691983319403903e+01
5.501800000000000000e+04 1.572276878104856053e+02 8.558826949406000750e+00 8.132842327793284198e+01 8.653861768829065682e+01 4.922327896239417555e+01 8.266827592419855364e+01
5.501900000000000000e+04 1.598418465369256580e+02 8.558826949406000750e+00 7.831403183529235434e+01 8.872313706397824262e+01 4.656333247267679099e+01 8.381792962524767177e+01
5.502000000000000000e+04 1.679122488176426771e+02 8.558826949406000750e+00 7.514327961378863563e+01 9.044731648875657015e+01 4.390417961541074021e+01 8.451230400460953263e+01
5.502100000000000000e+04 1.739605372051155427e+02 8.558826949406000750e+00 7.168946940804006829e+01 9.171414268470179820e+01 4.117301454915962466e+01 8.476893537712527404e+01
5.502200000000000000e+04 1.680141129515724856e+02 8.558826949406000750e+00 6.816155109444333959e+01 9.238021444910550883e+01 3.849145005216814042e+01 8.447075493704311100e+01
5.502500000000000000e+04 1.461289017696612405e+02 8.558826949406000750e+00 5.834190925679718731e+01 9.054738682255047877e+01 3.137059333747742329e+01 8.021925538348081375e+01
5.502900000000000000e+04 1.261293121665915038e+02 8.558826949406000750e+00 4.681112924582961909e+01 8.248789401704863167e+01 2.366167303078713857e+01 7.016863149077371986e+01
5.503100000000000000e+04 1.287413763973164578e+02 8.558826949406000750e+00 4.174766376354612163e+01 7.653853784741116328e+01 2.048817721261307412e+01 6.383662120465699985e+01
5.503200000000000000e+04 1.024937907822998682e+02 8.558826949406000750e+00 3.942803747041875795e+01 7.350304064905469659e+01 1.907229695642826428e+01 6.071220409106924620e+01
5.503300000000000000e+04 1.104638387230934882e+02 8.558826949406000750e+00 3.757109750804995230e+01 7.029552663384139066e+01 1.791710107470335345e+01 5.750689772879200490e+01
5.503400000000000000e+04 9.737123302858775276e+01 8.558826949406000750e+00 3.597234438163739156e+01 6.673464487478804585e+01 1.691552365168480421e+01 5.407605235405802091e+01
5.503500000000000000e+04 8.798600088819173948e+01 8.558826949406000750e+00 3.443236328723726558e+01 6.285140763354839066e+01 1.596874529619285887e+01 5.045091848566411841e+01
5.503600000000000000e+04 9.884888102518729625e+01 8.558826949406000750e+00 3.305857388125710372e+01 5.925553436734287516e+01 1.512367877641758973e+01 4.712178857877579219e+01
5.503700000000000000e+04 7.481039037667633806e+01 8.558826949406000750e+00 3.178815585792082388e+01 5.621773801163229223e+01 1.434788638676704053e+01 4.429376730426811548e+01
5.503900000000000000e+04 9.535021724764976625e+01 8.558826949406000750e+00 2.916711104171804791e+01 5.116002918838365332e+01 1.282170619571031622e+01 3.957883260177526807e+01
5.504000000000000000e+04 6.143972303400033752e+01 8.558826949406000750e+00 2.790627584410460926e+01 4.867515935098518298e+01 1.210962883225882791e+01 3.731855267309912705e+01
5.504200000000000000e+04 7.223072865063666370e+01 8.558826949406000750e+00 2.556512990144592123e+01 4.344012438014375732e+01 1.081543224929825442e+01 3.271773254434290834e+01
5.504400000000000000e+04 6.532103997128621131e+01 8.558826949406000750e+00 2.336648728057567581e+01 3.856536198196979370e+01 9.643386980885679804e+00 2.854297894679026371e+01
5.504500000000000000e+04 4.493169879056594596e+01 8.558826949406000750e+00 2.227194041993266538e+01 3.634006723703367925e+01 9.080561577061848411e+00 2.666500433685580873e+01
5.504600000000000000e+04 5.619174010610948500e+01 8.558826949406000750e+00 2.115270474720531979e+01 3.421440231295550660e+01 8.521234229400151960e+00 2.489149440869678642e+01
5.504700000000000000e+04 6.936376502505984831e+01 8.558826949406000750e+00 1.999563046383656228e+01 3.217602987284759308e+01 7.960046289989414880e+00 2.321090328009672277e+01
5.504800000000000000e+04 5.523659265780593586e+01 8.558826949406000750e+00 1.883114516660614512e+01 3.022151552726556289e+01 7.409034476823465276e+00 2.161844031349393802e+01
5.505000000000000000e+04 3.460745011684020511e+01 8.558826949406000750e+00 1.635521991593831359e+01 2.660465163878043882e+01 6.288194800073795498e+00 1.871774791379593239e+01
5.505200000000000000e+04 4.126641623691788396e+01 8.558826949406000750e+00 1.374748110331445972e+01 2.342179611465405387e+01 5.167770414954748759e+00 1.621145241296402517e+01
5.505400000000000000e+04 3.754466750204168335e+01 8.558826949406000750e+00 1.130597133873706994e+01 2.110974095763282676e+01 4.157327640826142812e+00 1.437819510393208411e+01
5.505600000000000000e+04 4.582397335716221676e+01 8.558826949406000750e+00 9.213243194560654103e+00 1.917453073480962900e+01 3.315520380235053022e+00 1.285512695995495314e+01
5.505800000000000000e+04 1.835738702453890525e+01 8.558826949406000750e+00 7.463757375250381187e+00 1.749574152733968901e+01 2.629827455937498115e+00 1.154838137434221323e+01
5.506000000000000000e+04 2.974130750498092723e+01 8.558826949406000750e+00 5.968343470967564457e+00 1.583507620106892766e+01 2.059888564189253035e+00 1.029318450742000302e+01
5.506100000000000000e+04 1.937416111538961871e+01 8.558826949406000750e+00 5.315417504229399626e+00 1.508181894531135825e+01 1.815959130283463896e+00 9.729525124930155755e+00
5.506200000000000000e+04 1.455997414643439924e+01 8.558826949406000750e+00 4.721304126963147496e+00 1.435792906866782204e+01 1.596812745279095003e+00 9.193117411903516611e+00
5.506400000000000000e+04 2.363443606961745047e+01 8.558826949406000750e+00 3.685302121021561739e+00 1.299387066332508489e+01 1.221917543613490142e+00 8.196878933752826057e+00
5.506500000000000000e+04 7.299814569328786362e+00 8.558826949406000750e+00 3.237634297238430214e+00 1.232583847293505208e+01 1.063036946060080368e+00 7.718477340502571948e+00
5.506700000000000000e+04 2.342315167000177567e+01 8.558826949406000750e+00 2.480954295554981037e+00 1.096325064512745584e+01 7.990344961129509649e-01 6.766039346491002249e+00
5.506800000000000000e+04 2.590852186563662585e+01 8.558826949406000750e+00 2.162327234859663161e+00 1.027806123483105338e+01 6.898283870746817481e-01 6.297679305299944907e+00
5.506900000000000000e+04 4.061744281179237248e+00 8.558826949406000750e+00 1.876668714669865068e+00 9.585220454107593824e+00 5.930877954916861095e-01 5.831334425125919374e+00
5.507100000000000000e+04 1.165863383581204538e+01 8.558826949406000750e+00 1.400779803165529636e+00 8.100049056744229148e+00 4.345486239456022304e-01 4.858612330976595395e+00
5.507300000000000000e+04 1.805496942821334727e+01 8.558826949406000750e+00 1.037211221936087835e+00 6.682276027407823449e+00 3.159510589642119949e-01 3.952695855619067888e+00
5.507400000000000000e+04 1.478635351798144271e+01 8.558826949406000750e+00 8.907897710136563063e-01 6.015346169035174384e+00 2.689201451984696289e-01 3.533728494702221390e+00
5.507500000000000000e+04 1.340159574318559699e+00 8.558826949406000750e+00 7.623153826951748480e-01 5.404914783027244596e+00 2.280935985444418612e-01 3.153446761038001700e+00
5.507800000000000000e+04 9.699394496187201398e+00 8.558826949406000750e+00 4.738452358384007135e-01 3.909820362889122602e+00 1.381047141620609098e-01 2.235353337546873043e+00
5.508000000000000000e+04 -1.219491547490534344e+01 8.558826949406000750e+00 3.437912699283425244e-01 3.103466814435658971e+00 9.849760017656127020e-02 1.750905279560864836e+00
5.508100000000000000e+04 7.119901824682054681e+00 8.558826949406000750e+00 2.928194768089678601e-01 2.754024704946580027e+00 8.318738014801362046e-02 1.543565260740944023e+00
5.508200000000000000e+04 6.194229784920492143e+00 8.558826949406000750e+00 2.490893433211092411e-01 2.437560728828836343e+00 7.017301316464903682e-02 1.357290833487230675e+00
5.508400000000000000e+04 1.063344334243607925e+01 8.558826949406000750e+00 1.799577770604189331e-01 1.889590234162859206e+00 4.986444254227592049e-02 1.038629912071466377e+00
5.508500000000000000e+04 4.703704808298944329e+00 8.558826949406000750e+00 1.529211794078980946e-01 1.654470984440056025e+00 4.202762805578161287e-02 9.035814041510683570e-01
5.508800000000000000e+04 -4.963167786939033377e-01 8.558826949406000750e+00 9.462196618442411666e-02 1.094211958403408236e+00 2.538464199561750803e-02 5.863541290134794970e-01
5.508900000000000000e+04 1.919719044690043841e+00 8.558826949406000750e+00 8.061613326771917276e-02 9.466616604365551968e-01 2.145658115601357940e-02 5.041246261679331875e-01
5.509000000000000000e+04 -5.054747170227078534e+00 8.558826949406000750e+00 6.868673644395080491e-02 8.160764748083645381e-01 1.813835800367798873e-02 4.318922875128805017e-01
5.509100000000000000e+04 8.135148863197091629e+00 8.558826949406000750e+00 5.853993399982412166e-02 7.022545868673274461e-01 1.533876746194622574e-02 3.693663303537618181e-01
5.509300000000000000e+04 6.564117687426628045e+00 8.558826949406000750e+00 4.244979047394293464e-02 5.168810174004145885e-01 1.095262713745783802e-02 2.685584001195801540e-01
5.509500000000000000e+04 1.176150168183749400e+01 8.558826949406000750e+00 3.081151658816744937e-02 3.776888609184197998e-01 7.830004347216196550e-03 1.938795587627756278e-01
5.509600000000000000e+04 1.217633670454884465e+00 8.558826949406000750e+00 2.623376695780642309e-02 3.214972235041393955e-01 6.616827885050855125e-03 1.640489778732280302e-01
5.509700000000000000e+04 -5.401890068190998484e+00 8.558826949406000750e+00 2.233954943058689968e-02 2.735646104965147596e-01 5.592785077591702451e-03 1.387618763608040040e-01
5.509800000000000000e+04 2.667547197639842604e+00 8.558826949406000750e+00 1.903703336716879718e-02 2.328026527390635314e-01 4.730874821351913062e-03 1.173890070377517636e-01
5.509900000000000000e+04 -2.435884142900620830e+00 8.558826949406000750e+00 1.620831923826088553e-02 1.978421236968268271e-01 3.998454947828823484e-03 9.917510118528233276e-02
5.510100000000000000e+04 -4.864695105080228288e+00 8.558826949406000750e+00 1.175113568519466772e-02 1.427115234903810481e-01 2.857113554350843541e-03 7.070927312581157254e-02
5.510400000000000000e+04 5.882021872500176052e+00 8.558826949406000750e+00 7.256204752287251196e-03 8.703286236845367285e-02 1.726894476100850886e-03 4.238477616093452860e-02
5.510700000000000000e+04 -2.769144254134580763e+01 8.558826949406000750e+00 4.451859294846347709e-03 5.328143621413617553e-02 1.037530654529236849e-03 2.551166821723855130e-02
5.510800000000000000e+04 -1.094363823521414592e+00 8.558826949406000750e+00 3.783824482780049746e-03 4.531626526840083075e-02 8.757902202812570909e-04 2.157694569627488165e-02
5.510900000000000000e+04 -8.061691740888395685e+00 8.558826949406000750e+00 3.213727876972557497e-03 3.851741916713254804e-02 7.387683124515371895e-04 1.823809398261154111e-02
5.511000000000000000e+04 -6.003476773838953839e-01 8.558826949406000750e+00 2.729025309486026157e-03 3.274122127794273224e-02 6.230988444615148105e-04 1.541760430312628938e-02
5.511100000000000000e+04 2.061470320402676748e+01 8.558826949406000750e+00 2.318728557759435361e-03 2.784033299554174515e-02 5.258591276927242816e-04 1.303795234265428885e-02
5.511400000000000000e+04 -1.745347231254979548e+01 8.558826949406000750e+00 1.421712562507147738e-03 1.707773299911221135e-02 3.160519228810185948e-04 7.868315024040898470e-03
