5.497400000000000000e+04 2.708473760966174648e+00 5.227932239253238578e+00 2.872527343123094101e-01 9.260775751072001066e-19 2.872527343123094101e-01 9.260775751072001066e-19
5.497600000000000000e+04 -3.146967831788495040e+00 5.227932239253238578e+00 1.958814406946931541e+00 9.260775358043454047e-19 1.958814406946931541e+00 9.260775358043454047e-19
5.498000000000000000e+04 1.026493501946221620e+01 5.227932239253238578e+00 9.740658635389692677e+00 9.260774071422035432e-19 9.740658635389692677e+00 9.260774071422035432e-19
5.498100000000000000e+04 8.818022379228093399e+00 5.227932239253238578e+00 1.261836908227294352e+01 9.260773599158055384e-19 1.261836908227294352e+01 9.260773599158055384e-19
5.498500000000000000e+04 2.926873505581421142e+01 5.227932239253238578e+00 2.761301931683333422e+01 9.260770735731008535e-19 2.761301931683333422e+01 9.260770735731008535e-19
5.498700000000000000e+04 3.365640767311862191e+01 5.227932239253238578e+00 3.698113532148148863e+01 9.260768451280118463e-19 3.698113532148148863e+01 9.260768451280118463e-19
5.498800000000000000e+04 4.606516571411356864e+01 5.227932239253238578e+00 4.209516568424355398e+01 9.260767003861789973e-19 4.209516568424355398e+01 9.260767003861789973e-19
5.498900000000000000e+04 4.931055807990855300e+01 5.227932239253238578e+00 4.711547825657126509e+01 9.260765305301220290e-19 4.711547825657126509e+01 9.260765305301220290e-19
5.499300000000000000e+04 6.632286361188590718e+01 5.227932239253238578e+00 6.549985504210982867e+01 -1.319528255753682142e-02 6.549985504210982867e+01 -1.319528255753682142e-02
5.499500000000000000e+04 6.612106234552965134e+01 5.227932239253238578e+00 6.925870503056015082e+01 7.975107901015551226e-01 6.925870503056015082e+01 7.975107901015551226e-01
5.499700000000000000e+04 8.203799971697534943e+01 5.227932239253238578e+00 7.291309043954444746e+01 2.848116343879942391e+00 6.841287481237441170e+01 2.848116343879942391e+00
5.499900000000000000e+04 8.079617892773551091e+01 5.227932239253238578e+00 7.360553091952670002e+01 6.151757690667355227e+00 6.504780932565140006e+01 6.151757690667355227e+00
5.500000000000000000e+04 9.047405699282225555e+01 5.227932239253238578e+00 7.360257324469034756e+01 8.279559840081237354e+00 6.320798198309262261e+01 8.279559840081237354e+00
5.500200000000000000e+04 8.385795693417179564e+01 5.227932239253238578e+00 7.275738424081066569e+01 1.348602709029784208e+01 5.914124484496770862e+01 1.348602709029784208e+01
5.500300000000000000e+04 8.025093106720302671e+01 5.227932239253238578e+00 7.109444887395089552e+01 1.655460456555931259e+01 5.628475033544589223e+01 1.655460456555931259e+01
5.500500000000000000e+04 9.238564934567749276e+01 5.227932239253238578e+00 6.645342601492471601e+01 2.347106641930833248e+01 5.000629460476246635e+01 2.347106641930833248e+01
5.500700000000000000e+04 9.751467887994938621e+01 5.227932239253238578e+00 6.213785642373927232e+01 3.143396502325926178e+01 4.455343955827151348e+01 3.143396502325926178e+01
5.500900000000000000e+04 9.627113025862820450e+01 5.227932239253238578e+00 5.750973125553028353e+01 4.004815651808557675e+01 3.937777404403901471e+01 4.004815651808557675e+01
5.501000000000000000e+04 9.929608847890231971e+01 5.227932239253238578e+00 5.505144116425580592e+01 4.412970439257524191e+01 3.686434766411487374e+01 4.412970439257524191e+01
5.501300000000000000e+04 1.023926908153516138e+02 5.227932239253238578e+00 4.772853888409005663e+01 5.567487678579335153e+01 2.997981993502793685e+01 5.567487678579335153e+01
5.501600000000000000e+04 1.009841769601804486e+02 5.227932239253238578e+00 3.853313229995176670e+01 6.601601868675787443e+01 2.279133005233092391e+01 5.880964673200113424e+01
5.501700000000000000e+04 1.014230931537166356e+02 5.227932239253238578e+00 3.571921676248509669e+01 6.883942802257968196e+01 2.072381963252022885e+01 5.815094359051825279e+01
5.501800000000000000e+04 1.040761789334145675e+02 5.227932239253238578e+00 3.311148579786051727e+01 7.080944554422184467e+01 1.885112345149930135e+01 5.687165416562561404e+01
5.501900000000000000e+04 9.706237662722806192e+01 5.227932239253238578e+00 3.057927172277983630e+01 7.222854372362228048e+01 1.708947422377729097e+01 5.529063792680368294e+01
5.502000000000000000e+04 9.867951720095494750e+01 5.227932239253238578e+00 2.814748590179647181e+01 7.347738084932343838e+01 1.544652967884242400e+01 5.372678468562872922e+01
5.502200000000000000e+04 9.044125777829134449e+01 5.227932239253238578e+00 2.373072142530839201e+01 7.490987536711780592e+01 1.256901635586821442e+01 5.027005811822255055e+01
5.502300000000000000e+04 9.380229321431767175e+01 5.227932239253238578e+00 2.173083236771980964e+01 7.422297906436003245e+01 1.131270102647213349e+01 4.784203778512900840e+01
5.502400000000000000e+04 9.118479342933717646e+01 5.227932239253238578e+00 1.989166251791059992e+01 7.270999343294928963e+01 1.018094207449878574e+01 4.508626217801651848e+01
5.502500000000000000e+04 8.692657357877737923e+01 5.227932239253238578e+00 1.822371112758390765e+01 7.115203683281282565e+01 9.172838121572022274e+00 4.250535041404809533e+01
5.502800000000000000e+04 7.423163470928032837e+01 5.227932239253238578e+00 1.400614562011908681e+01 6.623310150711041899e+01 6.716370971383953226e+00 3.565211684480627952e+01
5.502900000000000000e+04 7.503672655520612977e+01 5.227932239253238578e+00 1.286113265194187072e+01 6.423203751342678913e+01 6.071543353043900915e+00 3.347110793743316037e+01
5.503100000000000000e+04 7.130758779632708411e+01 5.227932239253238578e+00 1.093427453909884228e+01 5.978868355091657349e+01 5.006434182654020404e+00 2.928568905648892340e+01
5.503300000000000000e+04 5.765994117278256681e+01 5.227932239253238578e+00 9.431827070427692306e+00 5.514752605221284654e+01 4.192249869357422831e+00 2.548284694477374757e+01
5.503400000000000000e+04 6.875430885691673666e+01 5.227932239253238578e+00 8.844989562969390207e+00 5.218343937537807875e+01 3.874767751706000407e+00 2.344930616647468113e+01
5.503500000000000000e+04 5.699758716133197822e+01 5.227932239253238578e+00 8.330934383355826256e+00 4.880842458941503281e+01 3.597735703756966164e+00 2.134503123016181902e+01
5.503700000000000000e+04 5.281209208305162406e+01 5.227932239253238578e+00 7.490277135330175362e+00 4.243826991155171413e+01 3.145344712025503142e+00 1.761524668764219470e+01
5.503800000000000000e+04 5.304282727941841102e+01 5.227932239253238578e+00 7.153723307016497834e+00 3.958509476730740317e+01 2.963093496324381348e+00 1.602345493377440633e+01
5.503900000000000000e+04 4.993330284110254524e+01 5.227932239253238578e+00 6.857341645611494840e+00 3.677583425273724771e+01 2.802157021713587159e+00 1.452605309021069679e+01
5.504000000000000000e+04 4.197473019757978108e+01 5.227932239253238578e+00 6.580788198419052826e+00 3.404471570240547607e+01 2.653484246384680389e+00 1.312955022701605934e+01
5.504100000000000000e+04 3.688578041676412766e+01 5.227932239253238578e+00 6.316296424591437031e+00 3.145988124030834854e+01 2.513503025968822246e+00 1.185263194194796199e+01
5.504300000000000000e+04 3.642089430758076674e+01 5.227932239253238578e+00 5.819550500338034560e+00 2.670104600507874437e+01 2.256754227528354306e+00 9.615795872501312402e+00
5.504400000000000000e+04 3.068210684626694373e+01 5.227932239253238578e+00 5.562667025584067559e+00 2.455999402964121359e+01 2.129971270706062736e+00 8.653800763323966194e+00
5.504500000000000000e+04 2.481418031662762758e+01 5.227932239253238578e+00 5.296942539148641771e+00 2.260580068936467413e+01 2.002998789726357476e+00 7.796912403336219377e+00
5.504600000000000000e+04 2.154891249048059976e+01 5.227932239253238578e+00 5.040113534724030231e+00 2.078141042831937568e+01 1.882468299899572761e+00 7.019333690942685777e+00
5.504700000000000000e+04 1.947433779014285449e+01 5.227932239253238578e+00 4.791907560565499047e+00 1.910780030389996398e+01 1.768044749775525615e+00 6.323182351501767329e+00
5.504900000000000000e+04 9.974339750296952190e+00 5.227932239253238578e+00 4.305823192023681578e+00 1.622766579872942927e+01 1.551051834533994978e+00 5.160811850087315023e+00
5.505000000000000000e+04 1.379674080794578472e+01 5.227932239253238578e+00 4.041176632654477352e+00 1.499970800425472639e+01 1.438675292267899364e+00 4.679117401183376046e+00
5.505100000000000000e+04 1.868810989489641372e+01 5.227932239253238578e+00 3.765748851956126408e+00 1.390235777721653143e+01 1.325106192803267691e+00 4.255469055255916899e+00
5.505300000000000000e+04 9.132137976411570435e+00 5.227932239253238578e+00 3.223890682242024575e+00 1.207810159955594109e+01 1.108770342350714921e+00 3.563412388953809184e+00
5.505400000000000000e+04 8.817992771534877150e+00 5.227932239253238578e+00 2.957891239086046120e+00 1.136520964776092768e+01 1.005908494057323077e+00 3.293552588950100279e+00
5.505500000000000000e+04 2.200201157039746747e+01 5.227932239253238578e+00 2.705207264209153806e+00 1.074000183155088628e+01 9.098004280595362037e-01 3.058075348193420417e+00
5.505700000000000000e+04 1.163505640204577318e+01 5.227932239253238578e+00 2.239543523257878643e+00 9.717127649420971736e+00 7.368888778080757707e-01 2.673543005221677760e+00
5.505800000000000000e+04 1.132868463245999457e+01 5.227932239253238578e+00 2.019613318335859997e+00 9.308399510994096460e+00 6.574095826676078502e-01 2.518629471875724057e+00
5.505900000000000000e+04 1.483959870393919189e+00 5.227932239253238578e+00 1.810211947496708662e+00 8.948757848900763534e+00 5.830050588127172473e-01 2.381833468456548975e+00
5.506100000000000000e+04 1.405069309398998101e+01 5.227932239253238578e+00 1.428430751594569559e+00 8.288732235270021675e+00 4.505027589097987395e-01 2.136477572073498532e+00
5.506300000000000000e+04 7.961193314164429324e+00 5.227932239253238578e+00 1.105430739381610517e+00 7.677112466708538641e+00 3.415482990769190819e-01 1.918241093399101205e+00
5.506400000000000000e+04 1.257822737854830208e+01 5.227932239253238578e+00 9.694837642484139817e-01 7.356742719172330247e+00 2.965309531914898100e-01 1.810475580100153081e+00
5.506700000000000000e+04 1.345149713091574384e+01 5.227932239253238578e+00 6.399128711704255013e-01 6.382909214235820805e+00 1.899928740845295005e-01 1.502838037309196739e+00
5.506800000000000000e+04 -2.075716799994098416e+00 5.227932239253238578e+00 5.543629263503070392e-01 6.075433547554048630e+00 1.630009885761951050e-01 1.410102290207875919e+00
5.506900000000000000e+04 8.529411289607596203e+00 5.227932239253238578e+00 4.790883184622606872e-01 5.761084312083945669e+00 1.395185175518027509e-01 1.318394059353895864e+00
5.507000000000000000e+04 -4.488251197619728572e+00 5.227932239253238578e+00 4.130833306048166120e-01 5.418607020692432386e+00 1.191554736916271978e-01 1.222873998427714382e+00
5.507200000000000000e+04 9.044878601980297361e+00 5.227932239253238578e+00 3.059070687738513206e-01 4.701356834939302232e+00 8.659693020465177027e-02 1.032452882208663159e+00
5.507400000000000000e+04 1.039319256674857428e+01 5.227932239253238578e+00 2.252532683681140457e-01 3.998184178365742802e+00 6.259957145868536021e-02 8.550222199487245156e-01
5.507600000000000000e+04 8.526065420198225553e-01 5.227932239253238578e+00 1.633697213753499411e-01 3.349770074189581948e+00 4.458659039435906163e-02 6.980644381929893560e-01
5.507800000000000000e+04 8.498421470397685695e+00 5.227932239253238578e+00 1.180790488627764256e-01 2.749952831586948143e+00 3.165759871947924908e-02 5.587981452674666283e-01
5.508000000000000000e+04 4.254231028975458351e+00 5.227932239253238578e+00 8.513389994720503562e-02 2.202284386479991252e+00 2.242927217941729015e-02 4.366381267694606771e-01
5.508200000000000000e+04 6.832839377145159432e+00 5.227932239253238578e+00 6.120958151809151315e-02 1.726058951305101896e+00 1.585148843184322476e-02 3.341018188315121318e-01
5.508300000000000000e+04 -9.744062521706904789e+00 5.227932239253238578e+00 5.188904774750836141e-02 1.517637297655789252e+00 1.332425287277213925e-02 2.903160542153811474e-01
5.508400000000000000e+04 -4.492293787932817750e+00 5.227932239253238578e+00 4.393662689439989388e-02 1.333049850255018320e+00 1.118771474028273233e-02 2.520513102127663885e-01
5.508600000000000000e+04 1.446095221205354697e+01 5.227932239253238578e+00 3.158561974004986395e-02 1.016886269147798449e+00 7.910245647124551638e-03 1.879176194082168572e-01
5.508900000000000000e+04 7.149730633352225695e+00 5.227932239253238578e+00 1.946960079851016781e-02 6.635325754019492095e-01 4.758348966942117439e-03 1.185907399190323230e-01
5.509000000000000000e+04 -6.304696660147171450e+00 5.227932239253238578e+00 1.656340998363371383e-02 5.728939099622992748e-01 4.015798901434460173e-03 1.012821526378831216e-01
5.509200000000000000e+04 -3.411616805610951708e+00 5.227932239253238578e+00 1.198580446296421999e-02 4.253736118022918289e-01 2.860340487345981557e-03 7.360739067395399848e-02
5.509300000000000000e+04 7.110875732960364459e+00 5.227932239253238578e+00 1.019665300625888747e-02 3.656858386471273370e-01 2.414419350363810127e-03 6.261506768650819399e-02
5.509500000000000000e+04 -2.137722595983842400e+00 5.227932239253238578e+00 7.375301406295505825e-03 2.680878924458848789e-01 1.719580412830072277e-03 4.496038203067134059e-02
5.509600000000000000e+04 4.802752758070248262e+00 5.227932239253238578e+00 6.274742206049115957e-03 2.283021988506104827e-01 1.451847290194205504e-03 3.789860183520520065e-02
5.509700000000000000e+04 3.895205387391465379e+00 5.227932239253238578e+00 5.337384214690757064e-03 1.944920681104283788e-01 1.225634575374692737e-03 3.196098953721650954e-02
5.509800000000000000e+04 2.094601894780245832e+00 5.227932239253238578e+00 4.537545582137304974e-03 1.653976433285311021e-01 1.034155386379047173e-03 2.690895891155736103e-02
5.510000000000000000e+04 -2.343241682040285490e+00 5.227932239253238578e+00 3.283868798611118325e-03 1.195196750668472557e-01 7.373742460977353481e-04 1.906488135250469784e-02
5.510100000000000000e+04 9.090754628084964040e+00 5.227932239253238578e+00 2.792426466591107093e-03 1.014436643422162720e-01 6.224268341795411233e-04 1.602491851517653942e-02
5.510200000000000000e+04 1.139854187424214294e+00 5.227932239253238578e+00 2.376237581241850451e-03 8.611943859145886060e-02 5.258043306838589264e-04 1.347376516706674104e-02
5.510600000000000000e+04 -1.426504605362543254e-01 5.227932239253238578e+00 1.241018341824166394e-03 4.462332670587393357e-02 2.668395524086519138e-04 6.723708800055868025e-03
5.510900000000000000e+04 4.244819031389224229e+00 5.227932239253238578e+00 7.617617678894940837e-04 2.758624822145379699e-02 1.603886617199637324e-04 4.044596621900800083e-03
5.511100000000000000e+04 -7.874314329687653213e+00 5.227932239253238578e+00 5.504779698789536877e-04 2.000868326610356560e-02 1.143196079927424701e-04 2.881826458714869133e-03
5.511200000000000000e+04 -6.626055879378247582e+00 5.227932239253238578e+00 4.676319951151336148e-04 1.702954096468925135e-02 9.645587389153405797e-05 2.431289414244084020e-03
5.511400000000000000e+04 9.783204746758542569e+00 5.227932239253238578e+00 3.379217676361024486e-04 1.234790367539699563e-02 6.876820444588222371e-05 1.732586296944574550e-03
5.511500000000000000e+04 -1.485925442235248006e+01 5.227932239253238578e+00 2.871161725341115300e-04 1.050648352552932541e-02 5.804061642466235168e-05 1.461643350905561436e-03
5.511700000000000000e+04 -2.312789527828782887e+00 5.227932239253238578e+00 2.075080492610143412e-04 7.616176348464158245e-03 4.139733072045060849e-05 1.041789389068488794e-03
5.511800000000000000e+04 4.907343886214668438e-01 5.227932239253238578e+00 1.763100352548070194e-04 6.480168769470578960e-03 3.494412016400036890e-05 8.790320784221899346e-04
5.511900000000000000e+04 1.394645254459547790e+00 5.227932239253238578e+00 1.499596792603442527e-04 5.518396253960573990e-03 2.952906681710418518e-05 7.423979393072841892e-04
5.512000000000000000e+04 1.096381755181734086e+00 5.227932239253238578e+00 1.286154024844744879e-04 4.697297212528928935e-03 2.516312410348764490e-05 6.267681091830750026e-04
