5.497500000000000000e+04 -2.434240723608335877e+00 8.335956936615126267e+00 9.676860811788584593e-01 1.550059251352647235e-18 9.676860811788584593e-01 1.550059251352647235e-18
5.497600000000000000e+04 -6.573888093390010567e+00 8.335956936615126267e+00 2.014654457448330049e+00 1.550059221086075950e-18 2.014654457448330049e+00 1.550059221086075950e-18
5.497900000000000000e+04 -1.327515105835733955e+00 8.335956936615126267e+00 7.421511495175619366e+00 1.550059094973972802e-18 7.421511495175619366e+00 1.550059094973972802e-18
5.498000000000000000e+04 1.455514230734026349e+01 8.335956936615126267e+00 1.010928248076253944e+01 1.550059037574012029e-18 1.010928248076253944e+01 1.550059037574012029e-18
5.498100000000000000e+04 2.992027691327504613e+01 8.335956936615126267e+00 1.326427468792255127e+01 1.550058970214539617e-18 1.326427468792255127e+01 1.550058970214539617e-18
5.498200000000000000e+04 1.461082619819725892e+01 8.335956936615126267e+00 1.681188057541250913e+01 1.550058891167473899e-18 1.681188057541250913e+01 1.550058891167473899e-18
5.498400000000000000e+04 2.605340607390526841e+01 8.335956936615126267e+00 2.504964300095078400e+01 1.550058689547010832e-18 2.504964300095078400e+01 1.550058689547010832e-18
5.498500000000000000e+04 3.358103169041564939e+01 8.335956936615126267e+00 2.982457128805857849e+01 1.550058561801121860e-18 2.982457128805857849e+01 1.550058561801121860e-18
5.498700000000000000e+04 3.686149992959702359e+01 8.335956936615126267e+00 4.097582893337165899e+01 1.550058235967616748e-18 4.097582893337165899e+01 1.550058235967616748e-18
5.499000000000000000e+04 5.157230373545614555e+01 8.335956936615126267e+00 6.053040193995693841e+01 1.550057502950129748e-18 6.053040193995693841e+01 1.550057502950129748e-18
5.499200000000000000e+04 8.506609674383643949e+01 8.335956936615126267e+00 7.440742163840896239e+01 1.550056777795506162e-18 7.440742163840896239e+01 1.550056777795506162e-18
5.499300000000000000e+04 8.714116300574377760e+01 8.335956936615126267e+00 8.115791156796579742e+01 5.023439304780431998e-03 8.115791156796579742e+01 5.023439304780431998e-03
5.499400000000000000e+04 8.851411791881167801e+01 8.335956936615126267e+00 8.659722275531558466e+01 2.635029007712635374e-01 8.659722275531558466e+01 2.635029007712635374e-01
5.499600000000000000e+04 8.950371816254047985e+01 8.335956936615126267e+00 9.298895886639343189e+01 1.712456288831080142e+00 9.298895886639343189e+01 1.712456288831080142e+00
5.499700000000000000e+04 9.269286377204603866e+01 8.335956936615126267e+00 9.679442155656828106e+01 2.925571079348777026e+00 9.534931745081652821e+01 2.925571079348777026e+00
5.499800000000000000e+04 1.049430611711877077e+02 8.335956936615126267e+00 1.002048224760400785e+02 4.445593075166165420e+00 9.725679520493949326e+01 4.445593075166165420e+00
5.500000000000000000e+04 1.119386138176744652e+02 8.335956936615126267e+00 1.054538140454956050e+02 8.592890108648159497e+00 9.942624000542298290e+01 8.592890108648159497e+00
5.500200000000000000e+04 1.259966973634577556e+02 8.335956936615126267e+00 1.084142747748986437e+02 1.429009848910063241e+01 9.937735874946248771e+01 1.429009848910063241e+01
5.500300000000000000e+04 1.276511335126286752e+02 8.335956936615126267e+00 1.087167050632773169e+02 1.760982062251375879e+01 9.828909195663038645e+01 1.760982062251375879e+01
5.500400000000000000e+04 1.308716716556164101e+02 8.335956936615126267e+00 1.082431691110800074e+02 2.129219655080816054e+01 9.653818898204983157e+01 2.129219655080816054e+01
5.500500000000000000e+04 1.356834937770856016e+02 8.335956936615126267e+00 1.072487127574066363e+02 2.535088559484978887e+01 9.437559456880096320e+01 2.535088559484978887e+01
5.500900000000000000e+04 1.423188193123549468e+02 8.335956936615126267e+00 9.881614060838043656e+01 4.587529006572047052e+01 8.255133116561614770e+01 4.587529006572047052e+01
5.501200000000000000e+04 1.506338075881885175e+02 8.335956936615126267e+00 8.874654980400819682e+01 6.324630839264761306e+01 7.142612246008147281e+01 6.324630839264761306e+01
5.501300000000000000e+04 1.401926981042592502e+02 8.335956936615126267e+00 8.508654221079444824e+01 6.898422483277093420e+01 6.765517379857884350e+01 6.898422483277093420e+01
5.501400000000000000e+04 1.596039106156954972e+02 8.335956936615126267e+00 8.097450403958127652e+01 7.360763934201824554e+01 6.361888512242121152e+01 7.360763934201824554e+01
5.501600000000000000e+04 1.592266336042714556e+02 8.335956936615126267e+00 7.224146448760014039e+01 8.572846864984188642e+01 5.543739832797152900e+01 7.904061503643441711e+01
5.501700000000000000e+04 1.586493043045430511e+02 8.335956936615126267e+00 6.869566044026024088e+01 9.133333907623989489e+01 5.211031447560955598e+01 8.104691983319403903e+01
5.501800000000000000e+04 1.519313501332829333e+02 8.335956936615126267e+00 6.563578004195217375e+01 9.665787677937829869e+01 4.922327896239417555e+01 8.266827592419855364e+01
5.501900000000000000e+04 1.573347991521775668e+02 8.335956936615126267e+00 6.279463741384277142e+01 1.015481194540511893e+02 4.656333247267679099e+01 8.381792962524767177e+01
5.502000000000000000e+04 1.680999375763697117e+02 8.335956936615126267e+00 5.987394936348344743e+01 1.059647908351111312e+02 4.390417961541074021e+01 8.451230400460953263e+01
5.502100000000000000e+04 1.769282220401673555e+02 8.335956936615126267e+00 5.677336019449128202e+01 1.098728367924735210e+02 4.117301454915962466e+01 8.476893537712527404e+01
5.502200000000000000e+04 1.739969078210951636e+02 8.335956936615126267e+00 5.365913036535866354e+01 1.130600083669438192e+02 3.849145005216814042e+01 8.447075493704311100e+01
5.502500000000000000e+04 1.600210659968823563e+02 8.335956936615126267e+00 4.515862516478454580e+01 1.175509550677105040e+02 3.137059333747742329e+01 8.021925538348081375e+01
5.502900000000000000e+04 1.471061592427992650e+02 8.335956936615126267e+00 3.549592835717347583e+01 1.146974033867582392e+02 2.366167303078713857e+01 7.016863149077371986e+01
5.503100000000000000e+04 1.512877048258013133e+02 8.335956936615126267e+00 3.135625936601307373e+01 1.097485211759968990e+02 2.048817721261307412e+01 6.383662120465699985e+01
5.503200000000000000e+04 1.262583824790064000e+02 8.335956936615126267e+00 2.947837424664542283e+01 1.069455108522960103e+02 1.907229695642826428e+01 6.071220409106924620e+01
5.503300000000000000e+04 1.342262475698983906e+02 8.335956936615126267e+00 2.796443911217193801e+01 1.037322247855676522e+02 1.791710107470335345e+01 5.750689772879200490e+01
5.503400000000000000e+04 1.212921191334407922e+02 8.335956936615126267e+00 2.665757893507786491e+01 9.983135448172896531e+01 1.691552365168480421e+01 5.407605235405802091e+01
5.503500000000000000e+04 1.116251800112775072e+02 8.335956936615126267e+00 2.540754884842906947e+01 9.527328926370915951e+01 1.596874529619285887e+01 5.045091848566411841e+01
5.503600000000000000e+04 1.216368003196289322e+02 8.335956936615126267e+00 2.429219340375945890e+01 9.097999821677932175e+01 1.512367877641758973e+01 4.712178857877579219e+01
5.503700000000000000e+04 9.780537888892993692e+01 8.335956936615126267e+00 2.326354297780613933e+01 8.739373133134951388e+01 1.434788638676704053e+01 4.429376730426811548e+01
5.503900000000000000e+04 1.172493527131097864e+02 8.335956936615126267e+00 2.117765600999207365e+01 8.143981737969892265e+01 1.282170619571031622e+01 3.957883260177526807e+01
5.504000000000000000e+04 8.380536509066601525e+01 8.335956936615126267e+00 2.018504763702135207e+01 7.836774268698499668e+01 1.210962883225882791e+01 3.731855267309912705e+01
5.504200000000000000e+04 9.297163475080805028e+01 8.335956936615126267e+00 1.835563908530562216e+01 7.147451195523795775e+01 1.081543224929825442e+01 3.271773254434290834e+01
5.504400000000000000e+04 8.472925416098001961e+01 8.335956936615126267e+00 1.665878601693781746e+01 6.476953123235480803e+01 9.643386980885679804e+00 2.854297894679026371e+01
5.504500000000000000e+04 6.413620773048965873e+01 8.335956936615126267e+00 1.582413878611023073e+01 6.163614551048200951e+01 9.080561577061848411e+00 2.666500433685580873e+01
5.504600000000000000e+04 7.437148850738525141e+01 8.335956936615126267e+00 1.497858017596684732e+01 5.858974855261076442e+01 8.521234229400151960e+00 2.489149440869678642e+01
5.504700000000000000e+04 8.647312830976089515e+01 8.335956936615126267e+00 1.411276861713286657e+01 5.561593371238024019e+01 7.960046289989414880e+00 2.321090328009672277e+01
5.504800000000000000e+04 7.198585875065704442e+01 8.335956936615126267e+00 1.324814244607676628e+01 5.271481259884626525e+01 7.409034476823465276e+00 2.161844031349393802e+01
5.505000000000000000e+04 5.052511400706143263e+01 8.335956936615126267e+00 1.143456819613095199e+01 4.722547199114128347e+01 6.288194800073795498e+00 1.871774791379593239e+01
5.505200000000000000e+04 5.581796928974145544e+01 8.335956936615126267e+00 9.553812400968988428e+00 4.227370648859726288e+01 5.167770414954748759e+00 1.621145241296402517e+01
5.505400000000000000e+04 5.151699420017980913e+01 8.335956936615126267e+00 7.811792522099174185e+00 3.870980336274546829e+01 4.157327640826142812e+00 1.437819510393208411e+01
5.505600000000000000e+04 5.900968635748659352e+01 8.335956936615126267e+00 6.330500817815704728e+00 3.569702099451739485e+01 3.315520380235053022e+00 1.285512695995495314e+01
5.505800000000000000e+04 3.171629067360350973e+01 8.335956936615126267e+00 5.100985325202453957e+00 3.304549965323733574e+01 2.629827455937498115e+00 1.154838137434221323e+01
5.506000000000000000e+04 4.211383121312606193e+01 8.335956936615126267e+00 4.057933480182850161e+00 3.032471079175866890e+01 2.059888564189253035e+00 1.029318450742000302e+01
5.506100000000000000e+04 3.168422349341577871e+01 8.335956936615126267e+00 3.604920543313395065e+00 2.907573762261190353e+01 1.815959130283463896e+00 9.729525124930155755e+00
5.506200000000000000e+04 2.665417190563961469e+01 8.335956936615126267e+00 3.194086928847852835e+00 2.786166349242296647e+01 1.596812745279095003e+00 9.193117411903516611e+00
5.506400000000000000e+04 3.479129249654891964e+01 8.335956936615126267e+00 2.481226694779912201e+00 2.553591607639554439e+01 1.221917543613490142e+00 8.196878933752826057e+00
5.506500000000000000e+04 1.849832300232716165e+01 8.335956936615126267e+00 2.174714907169404743e+00 2.437208241393442165e+01 1.063036946060080368e+00 7.718477340502571948e+00
5.506700000000000000e+04 3.331507869902505092e+01 8.335956936615126267e+00 1.658850301728623133e+00 2.193713129437444920e+01 7.990344961129509649e-01 6.766039346491002249e+00
5.506800000000000000e+04 3.524503947188262742e+01 8.335956936615126267e+00 1.442585910647689262e+00 2.068502746197435371e+01 6.898283870746817481e-01 6.297679305299944907e+00
5.506900000000000000e+04 1.344182018720573524e+01 8.335956936615126267e+00 1.249268406756396832e+00 1.939999848691798334e+01 5.930877954916861095e-01 5.831334425125919374e+00
5.507100000000000000e+04 1.960510798665200838e+01 8.335956936615126267e+00 9.284965755944086796e-01 1.657499521259203590e+01 4.345486239456022304e-01 4.858612330976595395e+00
5.507300000000000000e+04 2.456995568014605169e+01 8.335956936615126267e+00 6.846671465504847731e-01 1.381894008754033543e+01 3.159510589642119949e-01 3.952695855619067888e+00
5.507400000000000000e+04 2.076554133740380337e+01 8.335956936615126267e+00 5.868267026250386653e-01 1.250369622757019705e+01 2.689201451984696289e-01 3.533728494702221390e+00
5.507500000000000000e+04 7.091342585386435360e+00 8.335956936615126267e+00 5.011936202395225193e-01 1.129152367663544254e+01 2.280935985444418612e-01 3.153446761038001700e+00
5.507800000000000000e+04 1.377487020125581907e+01 8.335956936615126267e+00 3.097389426304663629e-01 8.287822798262123314e+00 1.381047141620609098e-01 2.235353337546873043e+00
5.508000000000000000e+04 -8.371133809879484744e+00 8.335956936615126267e+00 2.238944082407864355e-01 6.639826506238716064e+00 9.849760017656127020e-02 1.750905279560864836e+00
5.508100000000000000e+04 1.007619898146328730e+01 8.335956936615126267e+00 1.903536018270950425e-01 5.918849281632030390e+00 8.318738014801362046e-02 1.543565260740944023e+00
5.508200000000000000e+04 8.839876392533142280e+00 8.335956936615126267e+00 1.616369989042250321e-01 5.261996302111640489e+00 7.017301316464903682e-02 1.357290833487230675e+00
5.508400000000000000e+04 1.257174400121531654e+01 8.335956936615126267e+00 1.163695786736503729e-01 4.114481083691799768e+00 4.986444254227592049e-02 1.038629912071466377e+00
5.508500000000000000e+04 6.537331312505404668e+00 8.335956936615126267e+00 9.871762494209820882e-02 3.617720401387804596e+00 4.202762805578161287e-02 9.035814041510683570e-01
5.508800000000000000e+04 8.415489081225697721e-01 8.335956936615126267e+00 6.077951973938477276e-02 2.422039129821075942e+00 2.538464199561750803e-02 5.863541290134794970e-01
5.508900000000000000e+04 3.024605248739582919e+00 8.335956936615126267e+00 5.169959153954267056e-02 2.103703384429166157e+00 2.145658115601357940e-02 5.041246261679331875e-01
5.509000000000000000e+04 -3.920316663648607758e+00 8.335956936615126267e+00 4.397924217996717483e-02 1.820550902883559141e+00 1.813835800367798873e-02 4.318922875128805017e-01
5.509100000000000000e+04 8.792363901210430654e+00 8.335956936615126267e+00 3.742367651802905315e-02 1.572612483240702241e+00 1.533876746194622574e-02 3.693663303537618181e-01
5.509300000000000000e+04 7.041614418096729722e+00 8.335956936615126267e+00 2.705432168778811389e-02 1.166136575593018865e+00 1.095262713745783802e-02 2.685584001195801540e-01
5.509500000000000000e+04 1.193522017763909382e+01 8.335956936615126267e+00 1.957840487634676316e-02 8.582701804085087760e-01 7.830004347216196550e-03 1.938795587627756278e-01
5.509600000000000000e+04 1.597051677324716312e+00 8.335956936615126267e+00 1.664522179429101315e-02 7.331558542116906052e-01 6.616827885050855125e-03 1.640489778732280302e-01
5.509700000000000000e+04 -4.909255892299218438e+00 8.335956936615126267e+00 1.415391426365826370e-02 6.260150854292505507e-01 5.592785077591702451e-03 1.387618763608040040e-01
5.509800000000000000e+04 2.899406447951697441e+00 8.335956936615126267e+00 1.204433961284658884e-02 5.345591007959276109e-01 4.730874821351913062e-03 1.173890070377517636e-01
5.509900000000000000e+04 -2.114877146712496270e+00 8.335956936615126267e+00 1.024027117760304556e-02 4.558134413214627867e-01 3.998454947828823484e-03 9.917510118528233276e-02
5.510100000000000000e+04 -4.550090072510658779e+00 8.335956936615126267e+00 7.403834989066117832e-03 3.309660681769160950e-01 2.857113554350843541e-03 7.070927312581157254e-02
5.510400000000000000e+04 5.845343200518263949e+00 8.335956936615126267e+00 4.553538392888918651e-03 2.037681740783453543e-01 1.726894476100850886e-03 4.238477616093452860e-02
5.510700000000000000e+04 -2.689792300165636973e+01 8.335956936615126267e+00 2.782972816209491364e-03 1.258872923344212524e-01 1.037530654529236849e-03 2.551166821723855130e-02
5.510800000000000000e+04 -1.003941696701160513e+00 8.335956936615126267e+00 2.362409155974780611e-03 1.073842530686519026e-01 8.757902202812570909e-04 2.157694569627488165e-02
5.510900000000000000e+04 -7.798868476566795493e+00 8.335956936615126267e+00 2.003994723687561527e-03 9.153902765620232362e-02 7.387683124515371895e-04 1.823809398261154111e-02
5.511000000000000000e+04 -5.395267511828024665e-01 8.335956936615126267e+00 1.699671497148705704e-03 7.803493931321650590e-02 6.230988444615148105e-04 1.541760430312628938e-02
5.511100000000000000e+04 2.011651154971382738e+01 8.335956936615126267e+00 1.442393598532485874e-03 6.654211545340400769e-02 5.258591276927242816e-04 1.303795234265428885e-02
5.511400000000000000e+04 -1.697496774147351317e+01 8.335956936615126267e+00 8.812777403742536302e-04 4.115635247206912706e-02 3.160519228810185948e-04 7.868315024040898470e-03
