5.497600000000000000e+04 -3.476252557712713465e+00 5.377710126998657358e+00 1.164140563987932975e+00 9.520325756554123191e-19 1.164140563987932975e+00 9.520325756554123191e-19
5.497900000000000000e+04 4.167657002589997717e+00 5.377710126998657358e+00 4.289077145657377521e+00 9.520325755457423570e-19 4.289077145657377521e+00 9.520325755457423570e-19
5.498300000000000000e+04 1.236972050619784369e+01 5.377710126998657358e+00 1.143383206421574805e+01 9.520325752878383818e-19 1.143383206421574805e+01 9.520325752878383818e-19
5.499200000000000000e+04 4.083846417945113672e+01 5.377710126998657358e+00 3.733751665722944324e+01 9.520325735306638118e-19 3.733751665722944324e+01 9.520325735306638118e-19
5.499500000000000000e+04 4.247839171301791339e+01 5.377710126998657358e+00 4.526446668391263017e+01 4.750117470036630540e-01 4.526446668391263017e+01 4.750117470036630540e-01
5.499600000000000000e+04 3.658029497598403879e+01 5.377710126998657358e+00 4.750204251648135312e+01 9.895194793897428287e-01 4.750204251648135312e+01 9.895194793897428287e-01
5.499800000000000000e+04 5.371856678867883517e+01 5.377710126998657358e+00 5.184235016858139034e+01 2.578142529034766373e+00 5.091672227927872996e+01 2.578142529034766373e+00
5.500200000000000000e+04 6.581166685452848242e+01 5.377710126998657358e+00 5.870958857520167840e+01 7.908141692815705781e+00 5.381775602163734362e+01 7.908141692815705781e+00
5.500700000000000000e+04 8.130565778647010688e+01 5.377710126998657358e+00 6.157874295657919106e+01 1.873915206413802537e+01 5.210622193247517231e+01 1.873915206413802537e+01
5.501100000000000000e+04 8.489718064083801607e+01 5.377710126998657358e+00 6.007927989817397929e+01 2.925015122101504517e+01 4.789065290588005297e+01 2.925015122101504517e+01
5.501600000000000000e+04 9.462342982352718934e+01 5.377710126998657358e+00 5.424153666482197167e+01 4.339841575273023722e+01 4.031611703369087962e+01 4.037673613900914660e+01
5.502200000000000000e+04 1.081911230579274701e+02 5.377710126998657358e+00 4.610329964031348027e+01 5.943882093926333710e+01 3.169741694238675578e+01 4.574509261839173746e+01
5.502800000000000000e+04 1.088840675488862644e+02 5.377710126998657358e+00 4.116324257771514539e+01 6.639095996225799468e+01 2.632666932167046880e+01 4.356762408364564010e+01
5.503000000000000000e+04 1.072146593469375802e+02 5.377710126998657358e+00 4.004148045756952712e+01 6.677441759668423060e+01 2.502725028100064719e+01 4.176802187811291844e+01
5.503300000000000000e+04 1.025602119867676407e+02 5.377710126998657358e+00 3.828180284304524150e+01 6.527849958512180706e+01 2.313864568316503068e+01 3.815330090771893623e+01
5.503800000000000000e+04 1.036917891488839274e+02 5.377710126998657358e+00 3.408855722946433531e+01 5.999740977635010353e+01 1.953108020902245556e+01 3.161009712206207212e+01
5.504200000000000000e+04 1.027141426382299443e+02 5.377710126998657358e+00 3.012321587438181680e+01 5.517131983147028507e+01 1.656882135661357935e+01 2.694280440102873797e+01
5.504400000000000000e+04 7.657697484420640421e+01 5.377710126998657358e+00 2.813264475857026881e+01 5.337413722575918484e+01 1.517055024046465839e+01 2.514614836259477570e+01
5.504600000000000000e+04 7.198841896467982338e+01 5.377710126998657358e+00 2.629142067889989676e+01 5.200039303379919886e+01 1.390504162668881349e+01 2.366457079047457057e+01
5.505000000000000000e+04 7.383242624150219058e+01 5.377710126998657358e+00 2.333474759141665444e+01 4.992957208875196784e+01 1.188425964160150627e+01 2.127316273885055153e+01
5.505600000000000000e+04 6.964869193220945931e+01 5.377710126998657358e+00 2.062383970403940836e+01 4.595212181403355345e+01 9.950825172612551839e+00 1.786921713993679006e+01
5.505900000000000000e+04 6.186765730943033503e+01 5.377710126998657358e+00 1.956019738244827266e+01 4.286977808047200966e+01 9.195652533626304859e+00 1.597332410025009253e+01
5.506300000000000000e+04 5.970568909297772819e+01 5.377710126998657358e+00 1.840705519391650569e+01 3.818379609924075169e+01 8.367487622413662507e+00 1.347579353739864416e+01
5.506500000000000000e+04 4.670416595618974043e+01 5.377710126998657358e+00 1.791224309230382161e+01 3.589725963573275180e+01 8.010164788539839265e+00 1.234283857320632016e+01
5.506700000000000000e+04 5.934183220130496750e+01 5.377710126998657358e+00 1.743079434789559912e+01 3.382075026784937677e+01 7.670155917078735897e+00 1.133713063202608851e+01
5.507000000000000000e+04 4.634460857094095587e+01 5.377710126998657358e+00 1.675607476540363905e+01 3.126896106773809692e+01 7.200455628366551508e+00 1.010162069536128193e+01
5.507400000000000000e+04 4.318534829733722802e+01 5.377710126998657358e+00 1.584759468037123220e+01 2.901667945818178751e+01 6.603708294373577203e+00 8.941650930150663257e+00
5.507900000000000000e+04 4.516645116516730951e+01 5.377710126998657358e+00 1.454681874861157631e+01 2.682717693444515916e+01 5.840457257125583723e+00 7.816304653582359485e+00
5.508300000000000000e+04 3.567604676855381030e+01 5.377710126998657358e+00 1.321479012133171871e+01 2.547564650316403956e+01 5.155149271873892936e+00 7.112364479051613841e+00
5.509100000000000000e+04 3.612669804760944459e+01 5.377710126998657358e+00 9.364785696208960175e+00 2.326496396344149531e+01 3.457107999615824934e+00 5.994224438293109358e+00
