5.497400000000000000e+04 2.484073988520381082e+00 4.743405303489861780e+00 2.872527343123094101e-01 9.260775751072001066e-19 2.872527343123094101e-01 9.260775751072001066e-19
5.497600000000000000e+04 -2.673761808911097937e+00 4.743405303489861780e+00 1.958814406946931541e+00 9.260775358043454047e-19 1.958814406946931541e+00 9.260775358043454047e-19
5.498000000000000000e+04 1.021634486598615510e+01 4.743405303489861780e+00 9.740658635389692677e+00 9.260774071422035432e-19 9.740658635389692677e+00 9.260774071422035432e-19
5.498100000000000000e+04 9.170240093344409260e+00 4.743405303489861780e+00 1.261836908227294352e+01 9.260773599158055384e-19 1.261836908227294352e+01 9.260773599158055384e-19
5.498500000000000000e+04 2.911528263202797717e+01 4.743405303489861780e+00 2.761301931683333422e+01 9.260770735731008535e-19 2.761301931683333422e+01 9.260770735731008535e-19
5.498700000000000000e+04 3.396454481529764280e+01 4.743405303489861780e+00 3.698113532148148863e+01 9.260768451280118463e-19 3.698113532148148863e+01 9.260768451280118463e-19
5.498800000000000000e+04 4.569722445905854613e+01 4.743405303489861780e+00 4.209516568424355398e+01 9.260767003861789973e-19 4.209516568424355398e+01 9.260767003861789973e-19
5.498900000000000000e+04 4.910711716830454776e+01 4.743405303489861780e+00 4.711547825657126509e+01 9.260765305301220290e-19 4.711547825657126509e+01 9.260765305301220290e-19
5.499300000000000000e+04 6.624536389082933852e+01 4.743405303489861780e+00 6.549985504210982867e+01 -1.319528255753682142e-02 6.549985504210982867e+01 -1.319528255753682142e-02
5.499500000000000000e+04 6.648577400738865606e+01 4.743405303489861780e+00 6.925870503056015082e+01 7.975107901015551226e-01 6.925870503056015082e+01 7.975107901015551226e-01
5.499700000000000000e+04 7.869108303437683105e+01 4.743405303489861780e+00 7.014790953838540588e+01 2.848116343879942391e+00 6.841287481237441170e+01 2.848116343879942391e+00
5.499900000000000000e+04 7.544155759215094292e+01 4.743405303489861780e+00 6.834719437095088779e+01 6.151757690667355227e+00 6.504780932565140006e+01 6.151757690667355227e+00
5.500000000000000000e+04 8.329074323826041848e+01 4.743405303489861780e+00 6.721556257382619037e+01 8.279559840081237354e+00 6.320798198309262261e+01 8.279559840081237354e+00
5.500200000000000000e+04 7.571253416081623300e+01 4.743405303489861780e+00 6.439087656113731839e+01 1.348602709029784208e+01 5.914124484496770862e+01 1.348602709029784208e+01
5.500300000000000000e+04 7.183669582422506039e+01 4.743405303489861780e+00 6.199455257045992340e+01 1.655460456555931259e+01 5.628475033544589223e+01 1.655460456555931259e+01
5.500500000000000000e+04 8.205152284979367039e+01 4.743405303489861780e+00 5.634740056591012092e+01 2.347106641930833248e+01 5.000629460476246635e+01 2.347106641930833248e+01
5.500700000000000000e+04 8.634441679915963164e+01 4.743405303489861780e+00 5.133302001082551413e+01 3.143396502325926178e+01 4.455343955827151348e+01 3.143396502325926178e+01
5.500900000000000000e+04 8.524911205395517300e+01 4.743405303489861780e+00 4.636845582882857997e+01 4.004815651808557675e+01 3.937777404403901471e+01 4.004815651808557675e+01
5.501000000000000000e+04 8.811028131497802462e+01 4.743405303489861780e+00 4.387628695818753499e+01 4.412970439257524191e+01 3.686434766411487374e+01 4.412970439257524191e+01
5.501300000000000000e+04 9.158057253268792408e+01 4.743405303489861780e+00 3.682274620125164688e+01 5.567487678579335153e+01 2.997981993502793685e+01 5.567487678579335153e+01
5.501600000000000000e+04 9.132065667553490584e+01 4.743405303489861780e+00 2.886050002381419688e+01 6.569472740175355341e+01 2.279133005233092391e+01 5.880964673200113424e+01
5.501700000000000000e+04 9.202315866863742144e+01 4.743405303489861780e+00 2.650521699351198279e+01 6.836288907628524214e+01 2.072381963252022885e+01 5.815094359051825279e+01
5.501800000000000000e+04 9.467802957098462002e+01 4.743405303489861780e+00 2.434913197514765670e+01 7.018803841588241710e+01 1.885112345149930135e+01 5.687165416562561404e+01
5.501900000000000000e+04 8.855082481645332848e+01 4.743405303489861780e+00 2.229039547882038619e+01 7.147337849583388447e+01 1.708947422377729097e+01 5.529063792680368294e+01
5.502000000000000000e+04 9.026775765359985826e+01 4.743405303489861780e+00 2.034331728326850453e+01 7.259681369835283249e+01 1.544652967884242400e+01 5.372678468562872922e+01
5.502200000000000000e+04 8.324425837957252838e+01 4.743405303489861780e+00 1.687235368487304754e+01 7.381132555649590188e+01 1.256901635586821442e+01 5.027005811822255055e+01
5.502300000000000000e+04 8.642404515921806762e+01 4.743405303489861780e+00 1.532935737246488017e+01 7.304680240064610075e+01 1.131270102647213349e+01 4.784203778512900840e+01
5.502400000000000000e+04 8.411772052271912514e+01 4.743405303489861780e+00 1.392485982861306404e+01 7.147840780744563460e+01 1.018094207449878574e+01 4.508626217801651848e+01
5.502500000000000000e+04 8.031501468188120896e+01 4.743405303489861780e+00 1.266235512856517254e+01 6.987484343391737696e+01 9.172838121572022274e+00 4.250535041404809533e+01
5.502800000000000000e+04 6.894574998054106629e+01 4.743405303489861780e+00 9.526905667541122114e+00 6.486966871172670324e+01 6.716370971383953226e+00 3.565211684480627952e+01
5.502900000000000000e+04 6.968396462305894090e+01 4.743405303489861780e+00 8.689234189415804721e+00 6.286058199413813696e+01 6.071543353043900915e+00 3.347110793743316037e+01
5.503100000000000000e+04 6.625105607381375705e+01 4.743405303489861780e+00 7.291882196874823308e+00 5.842872789512708920e+01 5.006434182654020404e+00 2.928568905648892340e+01
5.503300000000000000e+04 5.375916976223941646e+01 4.743405303489861780e+00 6.212341604203740708e+00 5.382494612856922345e+01 4.192249869357422831e+00 2.548284694477374757e+01
5.503400000000000000e+04 6.370320028908777488e+01 4.743405303489861780e+00 5.791010917134535418e+00 5.090234721969496690e+01 3.874767751706000407e+00 2.344930616647468113e+01
5.503500000000000000e+04 5.287795101476107362e+01 4.743405303489861780e+00 5.422595833709833002e+00 4.758398752200152160e+01 3.597735703756966164e+00 2.134503123016181902e+01
5.503700000000000000e+04 4.876835967341992983e+01 4.743405303489861780e+00 4.820510806532265491e+00 4.133155198478172565e+01 3.145344712025503142e+00 1.761524668764219470e+01
5.503800000000000000e+04 4.883313480677834661e+01 4.743405303489861780e+00 4.578769021183625831e+00 3.853461477731358542e+01 2.963093496324381348e+00 1.602345493377440633e+01
5.503900000000000000e+04 4.586568352121353342e+01 4.743405303489861780e+00 4.365612359357762706e+00 3.578384260622583213e+01 2.802157021713587159e+00 1.452605309021069679e+01
5.504000000000000000e+04 3.850404230398535077e+01 4.743405303489861780e+00 4.167635856196511668e+00 3.311222700575554967e+01 2.653484246384680389e+00 1.312955022701605934e+01
5.504100000000000000e+04 3.375748049266314865e+01 4.743405303489861780e+00 3.979650239586842719e+00 3.058570511367754108e+01 2.513503025968822246e+00 1.185263194194796199e+01
5.504300000000000000e+04 3.310849990467819026e+01 4.743405303489861780e+00 3.630371797696795522e+00 2.593931152839904186e+01 2.256754227528354306e+00 9.615795872501312402e+00
5.504400000000000000e+04 2.781185240182214002e+01 4.743405303489861780e+00 3.453429262937696809e+00 2.385082701659400684e+01 2.129971270706062736e+00 8.653800763323966194e+00
5.504500000000000000e+04 2.241620433890027186e+01 4.743405303489861780e+00 3.272961668009254588e+00 2.194555628666453373e+01 2.002998789726357476e+00 7.796912403336219377e+00
5.504600000000000000e+04 1.939109535182684851e+01 4.743405303489861780e+00 3.099881994871523716e+00 2.016783742000954049e+01 1.882468299899572761e+00 7.019333690942685777e+00
5.504700000000000000e+04 1.745646103632838475e+01 4.743405303489861780e+00 2.933879327065124887e+00 1.853780664328910888e+01 1.768044749775525615e+00 6.323182351501767329e+00
5.504900000000000000e+04 8.766874207560492849e+00 4.743405303489861780e+00 2.613139601752993091e+00 1.573425750001300472e+01 1.551051834533994978e+00 5.160811850087315023e+00
5.505000000000000000e+04 1.222351310898757504e+01 4.743405303489861780e+00 2.442056146464971267e+00 1.453957135884115459e+01 1.438675292267899364e+00 4.679117401183376046e+00
5.505100000000000000e+04 1.666380989356991194e+01 4.743405303489861780e+00 2.266083274400792380e+00 1.347225768063097284e+01 1.325106192803267691e+00 4.255469055255916899e+00
5.505300000000000000e+04 8.024694209234914055e+00 4.743405303489861780e+00 1.924243987046128979e+00 1.169847986270110773e+01 1.108770342350714921e+00 3.563412388953809184e+00
5.505400000000000000e+04 7.768933087430771600e+00 4.743405303489861780e+00 1.758485287656183171e+00 1.100534020377147826e+01 1.005908494057323077e+00 3.293552588950100279e+00
5.505500000000000000e+04 1.976327291967859168e+01 4.743405303489861780e+00 1.602010194460453230e+00 1.039750826521236071e+01 9.098004280595362037e-01 3.058075348193420417e+00
5.505700000000000000e+04 1.042751630810925612e+01 4.743405303489861780e+00 1.316229559911494595e+00 9.403094128034712895e+00 7.368888778080757707e-01 2.673543005221677760e+00
5.505800000000000000e+04 1.018889183164551149e+01 4.743405303489861780e+00 1.182600147096760645e+00 9.005682144412404000e+00 6.574095826676078502e-01 2.518629471875724057e+00
5.505900000000000000e+04 1.296726052554820541e+00 4.743405303489861780e+00 1.056148291108370163e+00 8.655975907312752682e+00 5.830050588127172473e-01 2.381833468456548975e+00
5.506100000000000000e+04 1.277387260908240307e+01 4.743405303489861780e+00 8.275378095420953262e-01 8.014438066328679611e+00 4.505027589097987395e-01 2.136477572073498532e+00
5.506300000000000000e+04 7.311189387554722252e+00 4.743405303489861780e+00 6.360592004028002844e-01 7.420357029253798586e+00 3.415482990769190819e-01 1.918241093399101205e+00
5.506400000000000000e+04 1.152337419110526184e+01 4.743405303489861780e+00 5.559844089550585178e-01 7.109466099636551739e+00 2.965309531914898100e-01 1.810475580100153081e+00
5.506700000000000000e+04 1.236165445244575523e+01 4.743405303489861780e+00 3.634571885848759676e-01 6.165334497139474124e+00 1.899928740845295005e-01 1.502838037309196739e+00
5.506800000000000000e+04 -1.717361266102387596e+00 4.743405303489861780e+00 3.138885479138897594e-01 5.867432866482608311e+00 1.630009885761951050e-01 1.410102290207875919e+00
5.506900000000000000e+04 7.910518886947802031e+00 4.743405303489861780e+00 2.704378879320133433e-01 5.563009931641569317e+00 1.395185175518027509e-01 1.318394059353895864e+00
5.507000000000000000e+04 -3.899464177509500473e+00 4.743405303489861780e+00 2.324778299821576022e-01 5.231543063583107944e+00 1.191554736916271978e-01 1.222873998427714382e+00
5.507200000000000000e+04 8.372338901293209901e+00 4.743405303489861780e+00 1.711508133311653579e-01 4.537781200357723144e+00 8.659693020465177027e-02 1.032452882208663159e+00
5.507400000000000000e+04 9.581297905687272021e+00 4.743405303489861780e+00 1.253098582165211305e-01 3.858048399788579719e+00 6.259957145868536021e-02 8.550222199487245156e-01
5.507600000000000000e+04 9.079744321650204952e-01 4.743405303489861780e+00 9.038280866266761027e-02 3.231545547813287733e+00 4.458659039435906163e-02 6.980644381929893560e-01
5.507800000000000000e+04 7.825801340690755836e+00 4.743405303489861780e+00 6.497693927853183393e-02 2.652261661990003017e+00 3.165759871947924908e-02 5.587981452674666283e-01
5.508000000000000000e+04 3.954696660390037533e+00 4.743405303489861780e+00 4.660471524082474698e-02 2.123564226154239343e+00 2.242927217941729015e-02 4.366381267694606771e-01
5.508200000000000000e+04 6.275283775183204682e+00 4.743405303489861780e+00 3.333906527930406705e-02 1.663999471365525062e+00 1.585148843184322476e-02 3.341018188315121318e-01
5.508300000000000000e+04 -8.773930034364671116e+00 4.743405303489861780e+00 2.819270893189558189e-02 1.462917998972105060e+00 1.332425287277213925e-02 2.903160542153811474e-01
5.508400000000000000e+04 -4.016644788225559815e+00 4.743405303489861780e+00 2.381388746930116970e-02 1.284854251665535907e+00 1.118771474028273233e-02 2.520513102127663885e-01
5.508600000000000000e+04 1.316637148265318480e+01 4.743405303489861780e+00 1.703816297502340135e-02 9.799272550453811403e-01 7.910245647124551638e-03 1.879176194082168572e-01
5.508900000000000000e+04 6.517056275211779770e+00 4.743405303489861780e+00 1.043019558619280411e-02 6.392367072904863168e-01 4.758348966942117439e-03 1.185907399190323230e-01
5.509000000000000000e+04 -5.694480040379626296e+00 4.743405303489861780e+00 8.853465084507242816e-03 5.518674144545443472e-01 4.015798901434460173e-03 1.012821526378831216e-01
5.509200000000000000e+04 -3.076182538504200092e+00 4.743405303489861780e+00 6.378615654666491830e-03 4.096903495564632181e-01 2.860340487345981557e-03 7.360739067395399848e-02
5.509300000000000000e+04 6.468379714253925883e+00 4.743405303489861780e+00 5.414819055077629492e-03 3.521736305539951428e-01 2.414419350363810127e-03 6.261506768650819399e-02
5.509500000000000000e+04 -1.927490710980162891e+00 4.743405303489861780e+00 3.900114222153956787e-03 2.581399012804001525e-01 1.719580412830072277e-03 4.496038203067134059e-02
5.509600000000000000e+04 4.367919851915275764e+00 4.743405303489861780e+00 3.311289337457241650e-03 2.198131815283582424e-01 1.451847290194205504e-03 3.789860183520520065e-02
5.509700000000000000e+04 3.542943582099279620e+00 4.743405303489861780e+00 2.810898260475668854e-03 1.872457284244155029e-01 1.225634575374692737e-03 3.196098953721650954e-02
5.509800000000000000e+04 1.907895881532312821e+00 4.743405303489861780e+00 2.384869252556504320e-03 1.592232177431966988e-01 1.034155386379047173e-03 2.690895891155736103e-02
5.510000000000000000e+04 -2.120731000923597787e+00 4.743405303489861780e+00 1.719161974564200907e-03 1.150409651196011712e-01 7.373742460977353481e-04 1.906488135250469784e-02
5.510100000000000000e+04 8.252738644575842386e+00 4.743405303489861780e+00 1.459058904637197890e-03 9.763532655691628537e-02 6.224268341795411233e-04 1.602491851517653942e-02
5.510200000000000000e+04 1.038037975821616721e+00 4.743405303489861780e+00 1.239229244925689217e-03 8.288057971613807529e-02 5.258043306838589264e-04 1.347376516706674104e-02
5.510600000000000000e+04 -1.274671482958099344e-01 4.743405303489861780e+00 6.424291172229448094e-04 4.293359753083529629e-02 2.668395524086519138e-04 6.723708800055868025e-03
5.510900000000000000e+04 3.852615636598484272e+00 4.743405303489861780e+00 3.922449346046876211e-04 2.653665939353442096e-02 1.603886617199637324e-04 4.044596621900800083e-03
5.511100000000000000e+04 -7.143645758013650315e+00 4.743405303489861780e+00 2.824781956265823854e-04 1.924509378359030853e-02 1.143196079927424701e-04 2.881826458714869133e-03
5.511200000000000000e+04 -6.011207541889390882e+00 4.743405303489861780e+00 2.395608966599642041e-04 1.637868766029344086e-02 9.645587389153405797e-05 2.431289414244084020e-03
5.511400000000000000e+04 8.877030327059340920e+00 4.743405303489861780e+00 1.725389606614672255e-04 1.187462683336550605e-02 6.876820444588222371e-05 1.732586296944574550e-03
5.511500000000000000e+04 -1.348163619768815735e+01 4.743405303489861780e+00 1.463595054864548441e-04 1.010322536169762364e-02 5.804061642466235168e-05 1.461643350905561436e-03
5.511700000000000000e+04 -2.098109311747162753e+00 4.743405303489861780e+00 1.054404541855715106e-04 7.323061692773154448e-03 4.139733072045060849e-05 1.041789389068488794e-03
5.511800000000000000e+04 4.455332605059826312e-01 4.743405303489861780e+00 8.944701337561143586e-05 6.230445827572766646e-03 3.494412016400036890e-05 8.790320784221899346e-04
5.511900000000000000e+04 1.265627363507266789e+00 4.743405303489861780e+00 7.596046299337874111e-05 5.305461555983945546e-03 2.952906681710418518e-05 7.423979393072841892e-04
5.512000000000000000e+04 9.949708567801133219e-01 4.743405303489861780e+00 6.504861189928990903e-05 4.515815388599736004e-03 2.516312410348764490e-05 6.267681091830750026e-04
