5.497500000000000000e+04 -3.302367851620757744e+00 1.046318387883959389e+01 9.676860811788584593e-01 1.550059251352647235e-18 9.676860811788584593e-01 1.550059251352647235e-18
5.497600000000000000e+04 -8.765571573463642352e+00 1.046318387883959389e+01 2.014654457448330049e+00 1.550059221086075950e-18 2.014654457448330049e+00 1.550059221086075950e-18
5.497900000000000000e+04 -3.560152011883272571e+00 1.046318387883959389e+01 7.421511495175619366e+00 1.550059094973972802e-18 7.421511495175619366e+00 1.550059094973972802e-18
5.498000000000000000e+04 1.568966745860499046e+01 1.046318387883959389e+01 1.010928248076253944e+01 1.550059037574012029e-18 1.010928248076253944e+01 1.550059037574012029e-18
5.498100000000000000e+04 3.417067035375598039e+01 1.046318387883959389e+01 1.326427468792255127e+01 1.550058970214539617e-18 1.326427468792255127e+01 1.550058970214539617e-18
5.498200000000000000e+04 1.404914597262562737e+01 1.046318387883959389e+01 1.681188057541250913e+01 1.550058891167473899e-18 1.681188057541250913e+01 1.550058891167473899e-18
5.498400000000000000e+04 2.630955325276363510e+01 1.046318387883959389e+01 2.504964300095078400e+01 1.550058689547010832e-18 2.504964300095078400e+01 1.550058689547010832e-18
5.498500000000000000e+04 3.453963114528976064e+01 1.046318387883959389e+01 2.982457128805857849e+01 1.550058561801121860e-18 2.982457128805857849e+01 1.550058561801121860e-18
5.498700000000000000e+04 3.581157709859463978e+01 1.046318387883959389e+01 4.097582893337165899e+01 1.550058235967616748e-18 4.097582893337165899e+01 1.550058235967616748e-18
5.499000000000000000e+04 4.928631449671561171e+01 1.046318387883959389e+01 6.053040193995693841e+01 1.550057502950129748e-18 6.053040193995693841e+01 1.550057502950129748e-18
5.499200000000000000e+04 8.778605091647510505e+01 1.046318387883959389e+01 7.440742163840896239e+01 1.550056777795506162e-18 7.440742163840896239e+01 1.550056777795506162e-18
5.499300000000000000e+04 8.866672842814347177e+01 1.046318387883959389e+01 8.115791156796579742e+01 5.023439304780431998e-03 8.115791156796579742e+01 5.023439304780431998e-03
5.499400000000000000e+04 8.893604195153848480e+01 1.046318387883959389e+01 8.659722275531558466e+01 2.635029007712635374e-01 8.659722275531558466e+01 2.635029007712635374e-01
5.499600000000000000e+04 8.817733402159191769e+01 1.046318387883959389e+01 9.298895886639343189e+01 1.712456288831080142e+00 9.298895886639343189e+01 1.712456288831080142e+00
5.499700000000000000e+04 9.408759067134698739e+01 1.046318387883959389e+01 9.998237963009114537e+01 2.925571079348777026e+00 9.534931745081652821e+01 2.925571079348777026e+00
5.499800000000000000e+04 1.115212078271668190e+02 1.046318387883959389e+01 1.067082898058084055e+02 4.445593075166165420e+00 9.725679520493949326e+01 4.445593075166165420e+00
5.500000000000000000e+04 1.246977287850513818e+02 1.046318387883959389e+01 1.187508860338215015e+02 8.592890108648159497e+00 9.942624000542298290e+01 8.592890108648159497e+00
5.500200000000000000e+04 1.467726573740627316e+02 1.046318387883959389e+01 1.283500768312151763e+02 1.429009848910063241e+01 9.937735874946248771e+01 1.429009848910063241e+01
5.500300000000000000e+04 1.509928921014114280e+02 1.046318387883959389e+01 1.317204410976543727e+02 1.760982062251375879e+01 9.828909195663038645e+01 1.760982062251375879e+01
5.500400000000000000e+04 1.570343387503336601e+02 1.046318387883959389e+01 1.340648284325410202e+02 2.129219655080816054e+01 9.653818898204983157e+01 2.129219655080816054e+01
5.500500000000000000e+04 1.648690825668675188e+02 1.046318387883959389e+01 1.356473318585755123e+02 2.535088559484978887e+01 9.437559456880096320e+01 2.535088559484978887e+01
5.500900000000000000e+04 1.775941871051410601e+02 1.046318387883959389e+01 1.346969677204157847e+02 4.587529006572047052e+01 8.255133116561614770e+01 4.587529006572047052e+01
5.501200000000000000e+04 1.884965585612080758e+02 1.046318387883959389e+01 1.269561126778282301e+02 6.324630839264761306e+01 7.142612246008147281e+01 6.324630839264761306e+01
5.501300000000000000e+04 1.751055001802326672e+02 1.046318387883959389e+01 1.235408455658913311e+02 6.898422483277093420e+01 6.765517379857884350e+01 6.898422483277093420e+01
5.501400000000000000e+04 1.991725966952865576e+02 1.046318387883959389e+01 1.192617009465223106e+02 7.360763934201824554e+01 6.361888512242121152e+01 7.360763934201824554e+01
5.501600000000000000e+04 1.987427921329542073e+02 1.046318387883959389e+01 1.093119137157076750e+02 8.785348446415353862e+01 5.543739832797152900e+01 7.904061503643441711e+01
5.501700000000000000e+04 1.981536011243094890e+02 1.046318387883959389e+01 1.052836040768002874e+02 9.460177239246719694e+01 5.211031447560955598e+01 8.104691983319403903e+01
5.501800000000000000e+04 1.899387578985623861e+02 1.046318387883959389e+01 1.018424208749743229e+02 1.011029685489659755e+02 4.922327896239417555e+01 8.266827592419855364e+01
5.501900000000000000e+04 1.969870111650406272e+02 1.046318387883959389e+01 9.860155224098140536e+01 1.071817555882845028e+02 4.656333247267679099e+01 8.381792962524767177e+01
5.502000000000000000e+04 2.107232914869782121e+02 1.046318387883959389e+01 9.510390698247805119e+01 1.127811591957669322e+02 4.390417961541074021e+01 8.451230400460953263e+01
5.502100000000000000e+04 2.219436313971092147e+02 1.046318387883959389e+01 9.118835330940636652e+01 1.178494150180480062e+02 4.117301454915962466e+01 8.476893537712527404e+01
5.502200000000000000e+04 2.183986379398060933e+02 1.046318387883959389e+01 8.711964626770280518e+01 1.221440313090890726e+02 3.849145005216814042e+01 8.447075493704311100e+01
5.502500000000000000e+04 2.016138182857343395e+02 1.046318387883959389e+01 7.557558073698375267e+01 1.294128253761579685e+02 3.137059333747742329e+01 8.021925538348081375e+01
5.502900000000000000e+04 1.865738854702277081e+02 1.046318387883959389e+01 6.160277398976418795e+01 1.288460899371255266e+02 2.366167303078713857e+01 7.016863149077371986e+01
5.503100000000000000e+04 1.924498474054344399e+02 1.046318387883959389e+01 5.533168792284880766e+01 1.243366863996796070e+02 2.048817721261307412e+01 6.383662120465699985e+01
5.503200000000000000e+04 1.613107964569722981e+02 1.046318387883959389e+01 5.243460139942425968e+01 1.216358006963453704e+02 1.907229695642826428e+01 6.071220409106924620e+01
5.503300000000000000e+04 1.717243523770950446e+02 1.046318387883959389e+01 5.012927297187418674e+01 1.184199791377937032e+02 1.791710107470335345e+01 5.750689772879200490e+01
5.503400000000000000e+04 1.559957354338638993e+02 1.046318387883959389e+01 4.814894669867759092e+01 1.143697619036535116e+02 1.691552365168480421e+01 5.407605235405802091e+01
5.503500000000000000e+04 1.443786523665153538e+02 1.046318387883959389e+01 4.622993103458605191e+01 1.095152646782632502e+02 1.596874529619285887e+01 5.045091848566411841e+01
5.503600000000000000e+04 1.574226992971637173e+02 1.046318387883959389e+01 4.451830729556229471e+01 1.049156185900051526e+02 1.512367877641758973e+01 4.712178857877579219e+01
5.503700000000000000e+04 1.278887359449797003e+02 1.046318387883959389e+01 4.293184182010624284e+01 1.010884247932697946e+02 1.434788638676704053e+01 4.429376730426811548e+01
5.503900000000000000e+04 1.527177965962487178e+02 1.046318387883959389e+01 3.961121907743198989e+01 9.474083438722041706e+01 1.282170619571031622e+01 3.957883260177526807e+01
5.504000000000000000e+04 1.108997910517663001e+02 1.046318387883959389e+01 3.799974795740322264e+01 9.141081793751331475e+01 1.210962883225882791e+01 3.731855267309912705e+01
5.504200000000000000e+04 1.227219801045242065e+02 1.046318387883959389e+01 3.498964016744716332e+01 8.378919076262563692e+01 1.081543224929825442e+01 3.271773254434290834e+01
5.504400000000000000e+04 1.125585817834598998e+02 1.046318387883959389e+01 3.213503987778510407e+01 7.628024916291519730e+01 9.643386980885679804e+00 2.854297894679026371e+01
5.504500000000000000e+04 8.672450233953595955e+01 1.046318387883959389e+01 3.070074270858468779e+01 7.274796588428617383e+01 9.080561577061848411e+00 2.666500433685580873e+01
5.504600000000000000e+04 9.952898051601944474e+01 1.046318387883959389e+01 2.922374636292365935e+01 6.929711852658141424e+01 8.521234229400151960e+00 2.489149440869678642e+01
5.504700000000000000e+04 1.146156982464715384e+02 1.046318387883959389e+01 2.768592278567465215e+01 6.591239145688038548e+01 7.960046289989414880e+00 2.321090328009672277e+01
5.504800000000000000e+04 9.628477438341619177e+01 1.046318387883959389e+01 2.612945066370798486e+01 6.259545393669219493e+01 7.409034476823465276e+00 2.161844031349393802e+01
5.505000000000000000e+04 6.886041282102246441e+01 1.046318387883959389e+01 2.278767594250254547e+01 5.628358958703861248e+01 6.288194800073795498e+00 1.871774791379593239e+01
5.505200000000000000e+04 7.479315351103440435e+01 1.046318387883959389e+01 1.922959832149302528e+01 5.055479415419753053e+01 5.167770414954748759e+00 1.621145241296402517e+01
5.505400000000000000e+04 6.858483943591278376e+01 1.046318387883959389e+01 1.587368977662224800e+01 4.644099117372844887e+01 4.157327640826142812e+00 1.437819510393208411e+01
5.505600000000000000e+04 7.725232304862390720e+01 1.046318387883959389e+01 1.298166953932359569e+01 4.295486317499914719e+01 3.315520380235053022e+00 1.285512695995495314e+01
5.505800000000000000e+04 4.235741319867599941e+01 1.046318387883959389e+01 1.055245947776848681e+01 3.987604932513801259e+01 2.629827455937498115e+00 1.154838137434221323e+01
5.506000000000000000e+04 5.485936533333394038e+01 1.046318387883959389e+01 8.465701332928324163e+00 3.668957949248535755e+01 2.059888564189253035e+00 1.029318450742000302e+01
5.506100000000000000e+04 4.152358295451032433e+01 1.046318387883959389e+01 7.551441736624105339e+00 3.522285295752146794e+01 1.815959130283463896e+00 9.729525124930155755e+00
5.506200000000000000e+04 3.498639004488065041e+01 1.046318387883959389e+01 6.717738345289383517e+00 3.379345535637453679e+01 1.596812745279095003e+00 9.193117411903516611e+00
5.506400000000000000e+04 4.480740387723691498e+01 1.046318387883959389e+01 5.259313587996349071e+00 3.104526634973083432e+01 1.221917543613490142e+00 8.196878933752826057e+00
5.506500000000000000e+04 2.418842370013257437e+01 1.046318387883959389e+01 4.627121427343455551e+00 2.966364173804955229e+01 1.063036946060080368e+00 7.718477340502571948e+00
5.506700000000000000e+04 4.251255509468050064e+01 1.046318387883959389e+01 3.555638725721867122e+00 2.675763308361781156e+01 7.990344961129509649e-01 6.766039346491002249e+00
5.506800000000000000e+04 4.482452121541873424e+01 1.046318387883959389e+01 3.103199436779265685e+00 2.525650048250350110e+01 6.898283870746817481e-01 6.297679305299944907e+00
5.506900000000000000e+04 1.736147744659105641e+01 1.046318387883959389e+01 2.696829360354465965e+00 2.371134071674580568e+01 5.930877954916861095e-01 5.831334425125919374e+00
5.507100000000000000e+04 2.495387568281318735e+01 1.046318387883959389e+01 2.018165724060169808e+00 2.029778885449379899e+01 4.345486239456022304e-01 4.858612330976595395e+00
5.507300000000000000e+04 3.108708427470171998e+01 1.046318387883959389e+01 1.498069740578089171e+00 1.695386591466405690e+01 3.159510589642119949e-01 3.952695855619067888e+00
5.507400000000000000e+04 2.627556077340522478e+01 1.046318387883959389e+01 1.288141419218879369e+00 1.535383685385371955e+01 2.689201451984696289e-01 3.533728494702221390e+00
5.507500000000000000e+04 9.079896569952069285e+00 1.046318387883959389e+01 1.103663307770573532e+00 1.387733717426641533e+01 2.280935985444418612e-01 3.153446761038001700e+00
5.507800000000000000e+04 1.739781072092985426e+01 1.046318387883959389e+01 6.883709886961584257e-01 1.021095001711660544e+01 1.381047141620609098e-01 2.235353337546873043e+00
5.508000000000000000e+04 -1.042882019970527807e+01 1.046318387883959389e+01 5.005248358142962983e-01 8.193244915515336402e+00 9.849760017656127020e-02 1.750905279560864836e+00
5.508100000000000000e+04 1.271515140519264975e+01 1.046318387883959389e+01 4.267666188900027247e-01 7.309063283604109174e+00 8.318738014801362046e-02 1.543565260740944023e+00
5.508200000000000000e+04 1.115412126112367019e+01 1.046318387883959389e+01 3.634102487445031171e-01 6.502687464134313089e+00 7.017301316464903682e-02 1.357290833487230675e+00
5.508400000000000000e+04 1.582427253239517206e+01 1.046318387883959389e+01 2.630825973529927753e-01 5.091809948824062459e+00 4.986444254227592049e-02 1.038629912071466377e+00
5.508500000000000000e+04 8.244644235710609337e+00 1.046318387883959389e+01 2.237780496840953426e-01 4.480117909581682767e+00 4.202762805578161287e-02 9.035814041510683570e-01
5.508800000000000000e+04 1.084076190208055568e+00 1.046318387883959389e+01 1.388620508286575461e-01 3.005314405014090084e+00 2.538464199561750803e-02 5.863541290134794970e-01
5.508900000000000000e+04 3.821385848862616008e+00 1.046318387883959389e+01 1.184168949753750671e-01 2.611957654637429460e+00 2.145658115601357940e-02 5.041246261679331875e-01
5.509000000000000000e+04 -4.898291744865709063e+00 1.046318387883959389e+01 1.009852772530704379e-01 2.261786864213057413e+00 1.813835800367798873e-02 4.318922875128805017e-01
5.509100000000000000e+04 1.105624252521893425e+01 1.046318387883959389e+01 8.614387864611834644e-02 1.954935011692644276e+00 1.533876746194622574e-02 3.693663303537618181e-01
5.509300000000000000e+04 8.854775227200340382e+00 1.046318387883959389e+01 6.257531075343145122e-02 1.451335374448044169e+00 1.095262713745783802e-02 2.685584001195801540e-01
5.509500000000000000e+04 1.499393909962723725e+01 1.046318387883959389e+01 4.549585135563581628e-02 1.069375365941748424e+00 7.830004347216196550e-03 1.938795587627756278e-01
5.509600000000000000e+04 2.016211450482976453e+00 1.046318387883959389e+01 3.876826414133247717e-02 9.139853373553213922e-01 6.616827885050855125e-03 1.640489778732280302e-01
5.509700000000000000e+04 -6.151689097330740985e+00 1.046318387883959389e+01 3.304011131933353579e-02 7.808361737330956620e-01 5.592785077591702451e-03 1.387618763608040040e-01
5.509800000000000000e+04 3.648497432751322656e+00 1.046318387883959389e+01 2.817813857907533470e-02 6.671117997241456932e-01 4.730874821351913062e-03 1.173890070377517636e-01
5.509900000000000000e+04 -2.646407988346700879e+00 1.046318387883959389e+01 2.400997009683992350e-02 5.691326251115979007e-01 3.998454947828823484e-03 9.917510118528233276e-02
5.510100000000000000e+04 -5.704836065253823918e+00 1.046318387883959389e+01 1.743408626865796882e-02 4.136607318515120313e-01 2.857113554350843541e-03 7.070927312581157254e-02
5.510400000000000000e+04 7.341351260824682257e+00 1.046318387883959389e+01 1.078922913629807613e-02 2.550465501561851034e-01 1.726894476100850886e-03 4.238477616093452860e-02
5.510700000000000000e+04 -3.375901121283632733e+01 1.046318387883959389e+01 6.633488781840292045e-03 1.577809013979932229e-01 1.037530654529236849e-03 2.551166821723855130e-02
5.510800000000000000e+04 -1.257596191550326870e+00 1.046318387883959389e+01 5.641950622525876945e-03 1.346488876868875695e-01 8.757902202812570909e-04 2.157694569627488165e-02
5.510900000000000000e+04 -9.786826469236926229e+00 1.046318387883959389e+01 4.795135331814181882e-03 1.148298549177199090e-01 7.387683124515371895e-04 1.823809398261154111e-02
5.511000000000000000e+04 -6.752829775399632473e-01 1.046318387883959389e+01 4.074634287862428060e-03 9.793113244754805824e-02 6.230988444615148105e-04 1.541760430312628938e-02
5.511100000000000000e+04 2.525165531627403581e+01 1.046318387883959389e+01 3.464305690779731581e-03 8.354266590114686752e-02 5.258591276927242816e-04 1.303795234265428885e-02
5.511400000000000000e+04 -2.130566051519015502e+01 1.046318387883959389e+01 2.128188742197020030e-03 5.173337913764194940e-02 3.160519228810185948e-04 7.868315024040898470e-03
