5.497600000000000000e+04 -3.891244523634688424e+00 5.858640608367828406e+00 1.164140563987932975e+00 9.520325756554123191e-19 1.164140563987932975e+00 9.520325756554123191e-19
5.497900000000000000e+04 4.156798357093257401e+00 5.858640608367828406e+00 4.289077145657377521e+00 9.520325755457423570e-19 4.289077145657377521e+00 9.520325755457423570e-19
5.498300000000000000e+04 1.245341733408200113e+01 5.858640608367828406e+00 1.143383206421574805e+01 9.520325752878383818e-19 1.143383206421574805e+01 9.520325752878383818e-19
5.499200000000000000e+04 4.115155513031092482e+01 5.858640608367828406e+00 3.733751665722944324e+01 9.520325735306638118e-19 3.733751665722944324e+01 9.520325735306638118e-19
5.499500000000000000e+04 4.218675159706008770e+01 5.858640608367828406e+00 4.526446668391263017e+01 4.750117470036630540e-01 4.526446668391263017e+01 4.750117470036630540e-01
5.499600000000000000e+04 3.551506623618431036e+01 5.858640608367828406e+00 4.750204251648135312e+01 9.895194793897428287e-01 4.750204251648135312e+01 9.895194793897428287e-01
5.499800000000000000e+04 5.504925445829508135e+01 5.858640608367828406e+00 5.323581131562550439e+01 2.578142529034766373e+00 5.091672227927872996e+01 2.578142529034766373e+00
5.500200000000000000e+04 7.310385562293778605e+01 5.858640608367828406e+00 6.607386387418038964e+01 7.908141692815705781e+00 5.381775602163734362e+01 7.908141692815705781e+00
5.500700000000000000e+04 9.565414101552377701e+01 5.858640608367828406e+00 7.583889021898654903e+01 1.873915206413802537e+01 5.210622193247517231e+01 1.873915206413802537e+01
5.501100000000000000e+04 1.028498375242754008e+02 5.858640608367828406e+00 7.842831447876545781e+01 2.925015122101504517e+01 4.789065290588005297e+01 2.925015122101504517e+01
5.501600000000000000e+04 1.130982747414662697e+02 5.858640608367828406e+00 7.520517814161992476e+01 4.117938785542902735e+01 4.031611703369087962e+01 4.037673613900914660e+01
5.502200000000000000e+04 1.200587158558831504e+02 5.858640608367828406e+00 6.779024107804255550e+01 4.938257108931400552e+01 3.169741694238675578e+01 4.574509261839173746e+01
5.502800000000000000e+04 1.145775597698407324e+02 5.858640608367828406e+00 6.349855531677595621e+01 4.963020915527616950e+01 2.632666932167046880e+01 4.356762408364564010e+01
5.503000000000000000e+04 1.114891598678083398e+02 5.858640608367828406e+00 6.264424194046676320e+01 4.841049527398326546e+01 2.502725028100064719e+01 4.176802187811291844e+01
5.503300000000000000e+04 1.053477190540117334e+02 5.858640608367828406e+00 6.107865392082847933e+01 4.535859400953667375e+01 2.313864568316503068e+01 3.815330090771893623e+01
5.503800000000000000e+04 1.056192331311788735e+02 5.858640608367828406e+00 5.600371218687946850e+01 3.915064679617300669e+01 1.953108020902245556e+01 3.161009712206207212e+01
5.504200000000000000e+04 1.039469287925735159e+02 5.858640608367828406e+00 5.052830775903399285e+01 3.444117261298058708e+01 1.656882135661357935e+01 2.694280440102873797e+01
5.504400000000000000e+04 7.491977003553877523e+01 5.858640608367828406e+00 4.764607483564025614e+01 3.264437670196485897e+01 1.517055024046465839e+01 2.514614836259477570e+01
5.504600000000000000e+04 6.926248917063711019e+01 5.858640608367828406e+00 4.493815568039172348e+01 3.119144301627124705e+01 1.390504162668881349e+01 2.366457079047457057e+01
5.505000000000000000e+04 7.007667633286909847e+01 5.858640608367828406e+00 4.057257097288859882e+01 2.888519283187692110e+01 1.188425964160150627e+01 2.127316273885055153e+01
5.505600000000000000e+04 6.536766941234932915e+01 5.858640608367828406e+00 3.669123702780060370e+01 2.532890662401204551e+01 9.950825172612551839e+00 1.786921713993679006e+01
5.505900000000000000e+04 5.766846653659561639e+01 5.858640608367828406e+00 3.516321747350232130e+01 2.311785552403269151e+01 9.195652533626304859e+00 1.597332410025009253e+01
5.506300000000000000e+04 5.695325043705601331e+01 5.858640608367828406e+00 3.352084714605014426e+01 2.003900446668284019e+01 8.367487622413662507e+00 1.347579353739864416e+01
5.506500000000000000e+04 4.367790860847347290e+01 5.858640608367828406e+00 3.281905559303612563e+01 1.859962251855368720e+01 8.010164788539839265e+00 1.234283857320632016e+01
5.506700000000000000e+04 5.824796142171034319e+01 5.858640608367828406e+00 3.212468006684828481e+01 1.730947654523221146e+01 7.670155917078735897e+00 1.133713063202608851e+01
5.507000000000000000e+04 4.503493340852320870e+01 5.858640608367828406e+00 3.114131980533382205e+01 1.572432205813402817e+01 7.200455628366551508e+00 1.010162069536128193e+01
5.507400000000000000e+04 4.220867785672355410e+01 5.858640608367828406e+00 2.976355019061593055e+01 1.427420042746797080e+01 6.603708294373577203e+00 8.941650930150663257e+00
5.507900000000000000e+04 4.465136950789314341e+01 5.858640608367828406e+00 2.765357213268086767e+01 1.286618128430917096e+01 5.840457257125583723e+00 7.816304653582359485e+00
5.508300000000000000e+04 3.405420892208003636e+01 5.858640608367828406e+00 2.534795563270133556e+01 1.199022107537200554e+01 5.155149271873892936e+00 7.112364479051613841e+00
5.509100000000000000e+04 3.264988683022318128e+01 5.858640608367828406e+00 1.825833723522241314e+01 1.058186790014579870e+01 3.457107999615824934e+00 5.994224438293109358e+00
