5.497600000000000000e+04 -4.111206325170334352e+00 6.113552374816960899e+00 1.164140563987932975e+00 9.520325756554123191e-19 1.164140563987932975e+00 9.520325756554123191e-19
5.497900000000000000e+04 4.151042854765896628e+00 6.113552374816960899e+00 4.289077145657377521e+00 9.520325755457423570e-19 4.289077145657377521e+00 9.520325755457423570e-19
5.498300000000000000e+04 1.249777989180842930e+01 6.113552374816960899e+00 1.143383206421574805e+01 9.520325752878383818e-19 1.143383206421574805e+01 9.520325752878383818e-19
5.499200000000000000e+04 4.131750545043971101e+01 6.113552374816960899e+00 3.733751665722944324e+01 9.520325735306638118e-19 3.733751665722944324e+01 9.520325735306638118e-19
5.499500000000000000e+04 4.203217104954603656e+01 6.113552374816960899e+00 4.526446668391263017e+01 4.750117470036630540e-01 4.526446668391263017e+01 4.750117470036630540e-01
5.499600000000000000e+04 3.495045378125801250e+01 6.113552374816960899e+00 4.750204251648135312e+01 9.895194793897428287e-01 4.750204251648135312e+01 9.895194793897428287e-01
5.499800000000000000e+04 5.545383003467854621e+01 6.113552374816960899e+00 5.367365926428975342e+01 2.578142529034766373e+00 5.091672227927872996e+01 2.578142529034766373e+00
5.500200000000000000e+04 7.537962094969010707e+01 6.113552374816960899e+00 6.838783785178040375e+01 7.908141692815705781e+00 5.381775602163734362e+01 7.908141692815705781e+00
5.500700000000000000e+04 1.001817305749586637e+02 6.113552374816960899e+00 8.031965829762299336e+01 1.873915206413802537e+01 5.210622193247517231e+01 1.873915206413802537e+01
5.501100000000000000e+04 1.084053043738294377e+02 6.113552374816960899e+00 8.419387684706252628e+01 2.925015122101504517e+01 4.789065290588005297e+01 2.925015122101504517e+01
5.501600000000000000e+04 1.188417684104686884e+02 6.113552374816960899e+00 8.179229213228971673e+01 4.047875536404952612e+01 4.031611703369087962e+01 4.037673613900914660e+01
5.502200000000000000e+04 1.238235241356865828e+02 6.113552374816960899e+00 7.460462757274621026e+01 4.620742606528170882e+01 3.169741694238675578e+01 4.574509261839173746e+01
5.502800000000000000e+04 1.163666986784559754e+02 6.113552374816960899e+00 7.051667052315778506e+01 4.433819520197309316e+01 2.632666932167046880e+01 4.356762408364564010e+01
5.503000000000000000e+04 1.128120167927920932e+02 6.113552374816960899e+00 6.974639385222069166e+01 4.261229838601180830e+01 2.502725028100064719e+01 4.176802187811291844e+01
5.503300000000000000e+04 1.061739705403125100e+02 6.113552374816960899e+00 6.824179191113807974e+01 3.906911333719327217e+01 2.313864568316503068e+01 3.815330090771893623e+01
5.503800000000000000e+04 1.063785335795215445e+02 6.113552374816960899e+00 6.288980704723362436e+01 3.256852157739439235e+01 1.953108020902245556e+01 3.161009712206207212e+01
5.504200000000000000e+04 1.046389486394390360e+02 6.113552374816960899e+00 5.693991646656972705e+01 2.789586747733139305e+01 1.656882135661357935e+01 2.694280440102873797e+01
5.504400000000000000e+04 7.427234071930148218e+01 6.113552374816960899e+00 5.377750903369627622e+01 2.609919366071031632e+01 1.517055024046465839e+01 2.514614836259477570e+01
5.504600000000000000e+04 6.825261694996272865e+01 6.113552374816960899e+00 5.079726031851397039e+01 2.462125680477573297e+01 1.390504162668881349e+01 2.366457079047457057e+01
5.505000000000000000e+04 6.887548708198224290e+01 6.113552374816960899e+00 4.598897287474618167e+01 2.224067255062593063e+01 1.188425964160150627e+01 2.127316273885055153e+01
5.505600000000000000e+04 6.405041417299381123e+01 6.113552374816960899e+00 4.173987220037481904e+01 1.881736404430235510e+01 9.950825172612551839e+00 1.786921713993679006e+01
5.505900000000000000e+04 5.630809018045332692e+01 6.113552374816960899e+00 4.006593783590868441e+01 1.688141355451800152e+01 9.195652533626304859e+00 1.597332410025009253e+01
5.506300000000000000e+04 5.612088665964062528e+01 6.113552374816960899e+00 3.826984414307274562e+01 1.430999556934427552e+01 8.367487622413662507e+00 1.347579353739864416e+01
5.506500000000000000e+04 4.256353576853268805e+01 6.113552374816960899e+00 3.750301631085999787e+01 1.313809289870197183e+01 8.010164788539839265e+00 1.234283857320632016e+01
5.506700000000000000e+04 5.803526480278827648e+01 6.113552374816960899e+00 3.674173575842463890e+01 1.209623210689246342e+01 7.670155917078735897e+00 1.133713063202608851e+01
5.507000000000000000e+04 4.456731371196645597e+01 6.113552374816960899e+00 3.566139562167577282e+01 1.081628139305731651e+01 7.200455628366551508e+00 1.010162069536128193e+01
5.507400000000000000e+04 4.184694376780681324e+01 6.113552374816960899e+00 3.413616767391552287e+01 9.619432533399841390e+00 6.603708294373577203e+00 8.941650930150663257e+00
5.507900000000000000e+04 4.454146736943307872e+01 6.113552374816960899e+00 3.177192526727418809e+01 8.458157763564077669e+00 5.840457257125583723e+00 7.816304653582359485e+00
5.508300000000000000e+04 3.346589061958477629e+01 6.113552374816960899e+00 2.916039176787906229e+01 7.732353372907517119e+00 5.155149271873892936e+00 7.112364479051613841e+00
5.509100000000000000e+04 3.160560335251262032e+01 6.113552374816960899e+00 2.105283445242661600e+01 6.577326450243378808e+00 3.457107999615824934e+00 5.994224438293109358e+00
