5.497500000000000000e+04 -2.116761447486938952e+00 7.558017337711481431e+00 9.676860811788584593e-01 1.550059251352647235e-18 9.676860811788584593e-01 1.550059251352647235e-18
5.497600000000000000e+04 -5.772376353589794284e+00 7.558017337711481431e+00 2.014654457448330049e+00 1.550059221086075950e-18 2.014654457448330049e+00 1.550059221086075950e-18
5.497900000000000000e+04 -5.110264535380890649e-01 7.558017337711481431e+00 7.421511495175619366e+00 1.550059094973972802e-18 7.421511495175619366e+00 1.550059094973972802e-18
5.498000000000000000e+04 1.414023968289435373e+01 7.558017337711481431e+00 1.010928248076253944e+01 1.550059037574012029e-18 1.010928248076253944e+01 1.550059037574012029e-18
5.498100000000000000e+04 2.836588264408027626e+01 7.558017337711481431e+00 1.326427468792255127e+01 1.550058970214539617e-18 1.326427468792255127e+01 1.550058970214539617e-18
5.498200000000000000e+04 1.481623601165908610e+01 7.558017337711481431e+00 1.681188057541250913e+01 1.550058891167473899e-18 1.681188057541250913e+01 1.550058891167473899e-18
5.498400000000000000e+04 2.595973152060490463e+01 7.558017337711481431e+00 2.504964300095078400e+01 1.550058689547010832e-18 2.504964300095078400e+01 1.550058689547010832e-18
5.498500000000000000e+04 3.323046614396098164e+01 7.558017337711481431e+00 2.982457128805857849e+01 1.550058561801121860e-18 2.982457128805857849e+01 1.550058561801121860e-18
5.498700000000000000e+04 3.724546298018515955e+01 7.558017337711481431e+00 4.097582893337165899e+01 1.550058235967616748e-18 4.097582893337165899e+01 1.550058235967616748e-18
5.499000000000000000e+04 5.240830365449826189e+01 7.558017337711481431e+00 6.053040193995693841e+01 1.550057502950129748e-18 6.053040193995693841e+01 1.550057502950129748e-18
5.499200000000000000e+04 8.407139325635327509e+01 7.558017337711481431e+00 7.440742163840896239e+01 1.550056777795506162e-18 7.440742163840896239e+01 1.550056777795506162e-18
5.499300000000000000e+04 8.658325461842247250e+01 7.558017337711481431e+00 8.115791156796579742e+01 5.023439304780431998e-03 8.115791156796579742e+01 5.023439304780431998e-03
5.499400000000000000e+04 8.835981777985044516e+01 7.558017337711481431e+00 8.659722275531558466e+01 2.635029007712635374e-01 8.659722275531558466e+01 2.635029007712635374e-01
5.499600000000000000e+04 8.998878476550606820e+01 7.558017337711481431e+00 9.298895886639343189e+01 1.712456288831080142e+00 9.298895886639343189e+01 1.712456288831080142e+00
5.499700000000000000e+04 9.253827023531464135e+01 7.558017337711481431e+00 9.598403266828080405e+01 2.925571079348777026e+00 9.534931745081652821e+01 2.925571079348777026e+00
5.499800000000000000e+04 1.032625488103601157e+02 7.558017337711481431e+00 9.855162079087460825e+01 4.445593075166165420e+00 9.725679520493949326e+01 4.445593075166165420e+00
5.500000000000000000e+04 1.087551907290064719e+02 7.558017337711481431e+00 1.020736568609972892e+02 8.592890108648159497e+00 9.942624000542298290e+01 8.592890108648159497e+00
5.500200000000000000e+04 1.206217035015084633e+02 7.558017337711481431e+00 1.033465316951772905e+02 1.429009848910063241e+01 9.937735874946248771e+01 1.429009848910063241e+01
5.500300000000000000e+04 1.216798951769577712e+02 7.558017337711481431e+00 1.028690835947939632e+02 1.760982062251375879e+01 9.828909195663038645e+01 1.760982062251375879e+01
5.500400000000000000e+04 1.241830167164646781e+02 7.558017337711481431e+00 1.016792227514804381e+02 2.129219655080816054e+01 9.653818898204983157e+01 2.129219655080816054e+01
5.500500000000000000e+04 1.281766766859465747e+02 7.558017337711481431e+00 1.000296951820393900e+02 2.535088559484978887e+01 9.437559456880096320e+01 2.535088559484978887e+01
5.500900000000000000e+04 1.334192212066650711e+02 7.558017337711481431e+00 8.969512241317404744e+01 4.587529006572047052e+01 8.255133116561614770e+01 4.587529006572047052e+01
5.501200000000000000e+04 1.410476486806596483e+02 7.558017337711481431e+00 7.903355971281558823e+01 6.324630839264761306e+01 7.142612246008147281e+01 6.324630839264761306e+01
5.501300000000000000e+04 1.317126423906737784e+02 7.558017337711481431e+00 7.531133832570407094e+01 6.898422483277093420e+01 6.765517379857884350e+01 6.898422483277093420e+01
5.501400000000000000e+04 1.494025374661790408e+02 7.558017337711481431e+00 7.124177913496163228e+01 7.360763934201824554e+01 6.361888512242121152e+01 7.360763934201824554e+01
5.501600000000000000e+04 1.478910263498384836e+02 7.558017337711481431e+00 6.281804063902813340e+01 8.393356476744065731e+01 5.543739832797152900e+01 7.904061503643441711e+01
5.501700000000000000e+04 1.467165962243930721e+02 7.558017337711481431e+00 5.939489101841686391e+01 8.857264261028618080e+01 5.211031447560955598e+01 8.104691983319403903e+01
5.501800000000000000e+04 1.399399882972991236e+02 7.558017337711481431e+00 5.643193898237620942e+01 9.290331061515090028e+01 4.922327896239417555e+01 8.266827592419855364e+01
5.501900000000000000e+04 1.441281005764339795e+02 7.558017337711481431e+00 5.369240795205347183e+01 9.678964410470577207e+01 4.656333247267679099e+01 8.381792962524767177e+01
5.502000000000000000e+04 1.531758745893784806e+02 7.558017337711481431e+00 5.091838422403281328e+01 1.002073155485654752e+02 4.390417961541074021e+01 8.451230400460953263e+01
5.502100000000000000e+04 1.604828185723775391e+02 7.558017337711481431e+00 4.802496157455667714e+01 1.031353851796729515e+02 4.117301454915962466e+01 8.476893537712527404e+01
5.502200000000000000e+04 1.571390947180653370e+02 7.558017337711481431e+00 4.515336283069937906e+01 1.053871487407391214e+02 3.849145005216814042e+01 8.447075493704311100e+01
5.502500000000000000e+04 1.425207016758026271e+02 7.558017337711481431e+00 3.742654016154462937e+01 1.075317745393674898e+02 3.137059333747742329e+01 8.021925538348081375e+01
5.502900000000000000e+04 1.288070731286286161e+02 7.558017337711481431e+00 2.885948674754200738e+01 1.027466535386407571e+02 2.366167303078713857e+01 7.016863149077371986e+01
5.503100000000000000e+04 1.319208138416585143e+02 7.558017337711481431e+00 2.526163062677149540e+01 9.742656374831506128e+01 2.048817721261307412e+01 6.383662120465699985e+01
5.503200000000000000e+04 1.089632994512650725e+02 7.558017337711481431e+00 2.364282968408561914e+01 9.453729341828847055e+01 1.907229695642826428e+01 6.071220409106924620e+01
5.503300000000000000e+04 1.159497325570834221e+02 7.558017337711481431e+00 2.233006919375222310e+01 9.132614896579505626e+01 1.791710107470335345e+01 5.750689772879200490e+01
5.503400000000000000e+04 1.040340013400762871e+02 7.558017337711481431e+00 2.119440619941052972e+01 8.755142519847505866e+01 1.691552365168480421e+01 5.407605235405802091e+01
5.503500000000000000e+04 9.514762333952967310e+01 7.558017337711481431e+00 2.011443433369220202e+01 8.324374256928767579e+01 1.596874529619285887e+01 5.045091848566411841e+01
5.503600000000000000e+04 1.041305097572905112e+02 7.558017337711481431e+00 1.915065214972382535e+01 7.920921564513284352e+01 1.512367877641758973e+01 4.712178857877579219e+01
5.503700000000000000e+04 8.243773555615698001e+01 7.558017337711481431e+00 1.826380004966160797e+01 7.582644872688673843e+01 1.434788638676704053e+01 4.429376730426811548e+01
5.503900000000000000e+04 9.996322510474847434e+01 7.558017337711481431e+00 1.649178676802559096e+01 7.020505531068408800e+01 1.282170619571031622e+01 3.957883260177526807e+01
5.504000000000000000e+04 6.963620168277017797e+01 7.558017337711481431e+00 1.565649523612507288e+01 6.735085224882695343e+01 1.210962883225882791e+01 3.731855267309912705e+01
5.504200000000000000e+04 7.804839872791531263e+01 7.558017337711481431e+00 1.412722411439194303e+01 6.107286475193736663e+01 1.081543224929825442e+01 3.271773254434290834e+01
5.504400000000000000e+04 7.076450944711693580e+01 7.558017337711481431e+00 1.272467400169186647e+01 5.504695309263360059e+01 9.643386980885679804e+00 2.854297894679026371e+01
5.504500000000000000e+04 5.221232875894992276e+01 7.558017337711481431e+00 1.204245965602534518e+01 5.225049793310301283e+01 9.080561577061848411e+00 2.666500433685580873e+01
5.504600000000000000e+04 6.163134246004621986e+01 7.558017337711481431e+00 1.135741448825086408e+01 4.954572177071514716e+01 8.521234229400151960e+00 2.489149440869678642e+01
5.504700000000000000e+04 7.276319592785955592e+01 7.558017337711481431e+00 1.066243048108458069e+01 4.691898573857416466e+01 7.960046289989414880e+00 2.321090328009672277e+01
5.504800000000000000e+04 5.980358550783351745e+01 7.558017337711481431e+00 9.973673709215727712e+00 4.436908576779275393e+01 7.409034476823465276e+00 2.161844031349393802e+01
5.505000000000000000e+04 4.074731876645543593e+01 7.558017337711481431e+00 8.548572786842862925e+00 3.957449342871134235e+01 6.288194800073795498e+00 1.871774791379593239e+01
5.505200000000000000e+04 4.599129519947187106e+01 7.558017337711481431e+00 7.094197432828551975e+00 3.527904964821716050e+01 5.167770414954748759e+00 1.621145241296402517e+01
5.505400000000000000e+04 4.247126582944844131e+01 7.558017337711481431e+00 5.762433087970507906e+00 3.217962183466046611e+01 4.157327640826142812e+00 1.437819510393208411e+01
5.505600000000000000e+04 4.960373760615748040e+01 7.558017337711481431e+00 4.639752978061691735e+00 2.956665291919933836e+01 3.315520380235053022e+00 1.285512695995495314e+01
5.505800000000000000e+04 2.516114274962546205e+01 7.558017337711481431e+00 3.715203587758232562e+00 2.727604606025295553e+01 2.629827455937498115e+00 1.154838137434221323e+01
5.506000000000000000e+04 3.489574832068421273e+01 7.558017337711481431e+00 2.937465140375489892e+00 2.494859666358730976e+01 2.059888564189253035e+00 1.029318450742000302e+01
5.506100000000000000e+04 2.558180833840561164e+01 7.558017337711481431e+00 2.601702543361536168e+00 2.388354982528421644e+01 1.815959130283463896e+00 9.729525124930155755e+00
5.506200000000000000e+04 2.115890497773373369e+01 7.558017337711481431e+00 2.298363745472640662e+00 2.285134960464064235e+01 1.596812745279095003e+00 9.193117411903516611e+00
5.506400000000000000e+04 2.879941090091024236e+01 7.558017337711481431e+00 1.775028339268979849e+00 2.088241932191561645e+01 1.221917543613490142e+00 8.196878933752826057e+00
5.506500000000000000e+04 1.415648568707561950e+01 7.558017337711481431e+00 1.551305518564555230e+00 1.990254373528355458e+01 1.063036946060080368e+00 7.718477340502571948e+00
5.506700000000000000e+04 2.785423238677630309e+01 7.558017337711481431e+00 1.176680766626235997e+00 1.786547341853048465e+01 7.990344961129509649e-01 6.766039346491002249e+00
5.506800000000000000e+04 2.973742927539931813e+01 7.558017337711481431e+00 1.020452771415472526e+00 1.682371282253568268e+01 6.898283870746817481e-01 6.297679305299944907e+00
5.506900000000000000e+04 1.010487486531598655e+01 7.558017337711481431e+00 8.812938961574040553e-01 1.575840445521189359e+01 5.930877954916861095e-01 5.831334425125919374e+00
5.507100000000000000e+04 1.598750688390640562e+01 7.558017337711481431e+00 6.514992784340688514e-01 1.343052131445655029e+01 4.345486239456022304e-01 4.858612330976595395e+00
5.507300000000000000e+04 2.077583185335679161e+01 7.558017337711481431e+00 4.778976694426036453e-01 1.117101130496468286e+01 3.159510589642119949e-01 3.952695855619067888e+00
5.507400000000000000e+04 1.746362264117784235e+01 7.558017337711481431e+00 4.085503136598354623e-01 1.009631250785755974e+01 2.689201451984696289e-01 3.533728494702221390e+00
5.507500000000000000e+04 5.192822389134477135e+00 7.558017337711481431e+00 3.480439460452003364e-01 9.107405019821220193e+00 2.280935985444418612e-01 3.153446761038001700e+00
5.507800000000000000e+04 1.157107907837283989e+01 7.558017337711481431e+00 2.134894952398012635e-01 6.663444999176647343e+00 1.381047141620609098e-01 2.235353337546873043e+00
5.508000000000000000e+04 -8.331787772849139628e+00 7.558017337711481431e+00 1.535740905020860914e-01 5.327724866794052438e+00 9.849760017656127020e-02 1.750905279560864836e+00
5.508100000000000000e+04 8.471638283242018730e+00 7.558017337711481431e+00 1.302566753130703081e-01 4.744598957139020357e+00 8.318738014801362046e-02 1.543565260740944023e+00
5.508200000000000000e+04 7.421814477541843758e+00 7.558017337711481431e+00 1.103456092895807455e-01 4.214041096989202373e+00 7.017301316464903682e-02 1.357290833487230675e+00
5.508400000000000000e+04 1.093054372196017887e+01 7.558017337711481431e+00 7.907467160058913314e-02 3.288975992108788660e+00 4.986444254227592049e-02 1.038629912071466377e+00
5.508500000000000000e+04 5.513857473343778182e+00 7.558017337711481431e+00 6.692687480107428755e-02 2.889292582072139126e+00 4.202762805578161287e-02 9.035814041510683570e-01
5.508800000000000000e+04 4.822029025719838380e-01 7.558017337711481431e+00 4.093069672955684801e-02 1.929373122866340440e+00 2.538464199561750803e-02 5.863541290134794970e-01
5.508900000000000000e+04 2.497229428529401218e+00 7.558017337711481431e+00 3.473984485719220500e-02 1.674404196771438702e+00 2.145658115601357940e-02 5.041246261679331875e-01
5.509000000000000000e+04 -3.767638253297681317e+00 7.558017337711481431e+00 2.948813021326611092e-02 1.447859022328354728e+00 1.813835800367798873e-02 4.318922875128805017e-01
5.509100000000000000e+04 7.786769647554635299e+00 7.558017337711481431e+00 2.503884913662849168e-02 1.249682090899064901e+00 1.533876746194622574e-02 3.693663303537618181e-01
5.509300000000000000e+04 6.245895865683047887e+00 7.558017337711481431e+00 1.802477544662062919e-02 9.252421653615952035e-01 1.095262713745783802e-02 2.685584001195801540e-01
5.509500000000000000e+04 1.071840977802611405e+01 7.558017337711481431e+00 1.299010912238433152e-02 6.799592640582773351e-01 7.830004347216196550e-03 1.938795587627756278e-01
5.509600000000000000e+04 1.359621236854837711e+00 7.558017337711481431e+00 1.102147540877353345e-02 5.804174420261566381e-01 6.616827885050855125e-03 1.640489778732280302e-01
5.509700000000000000e+04 -4.526936094400987542e+00 7.558017337711481431e+00 9.352984049725536139e-03 4.952447774613676912e-01 5.592785077591702451e-03 1.387618763608040040e-01
5.509800000000000000e+04 2.563772463094790233e+00 7.558017337711481431e+00 7.943077580360885862e-03 4.225978851067686004e-01 4.730874821351913062e-03 1.173890070377517636e-01
5.509900000000000000e+04 -1.973231823126825990e+00 7.558017337711481431e+00 6.739970752735031934e-03 3.600978981402757628e-01 3.998454947828823484e-03 9.917510118528233276e-02
5.510100000000000000e+04 -4.166280640071549080e+00 7.558017337711481431e+00 4.854113820766670952e-03 2.611176595750832607e-01 2.857113554350843541e-03 7.070927312581157254e-02
5.510400000000000000e+04 5.274379718631852398e+00 7.558017337711481431e+00 2.968406351402694526e-03 1.604556699146250098e-01 1.726894476100850886e-03 4.238477616093452860e-02
5.510700000000000000e+04 -2.440362811012837341e+01 7.558017337711481431e+00 1.804159644657189450e-03 9.894821623604602157e-02 1.037530654529236849e-03 2.551166821723855130e-02
5.510800000000000000e+04 -9.238714074965054257e-01 7.558017337711481431e+00 1.528739483451740325e-03 8.435506043914939300e-02 8.757902202812570909e-04 2.157694569627488165e-02
5.510900000000000000e+04 -7.082704248494166244e+00 7.558017337711481431e+00 1.294478073120634929e-03 7.186632875462917180e-02 7.387683124515371895e-04 1.823809398261154111e-02
5.511000000000000000e+04 -4.991443228901586981e-01 7.558017337711481431e+00 1.095948546186631964e-03 6.122953294338936980e-02 6.230988444615148105e-04 1.541760430312628938e-02
5.511100000000000000e+04 1.823064186424830879e+01 7.558017337711481431e+00 9.284172365910127976e-04 5.218252631712453488e-02 5.258591276927242816e-04 1.303795234265428885e-02
5.511400000000000000e+04 -1.539613434225269728e+01 7.558017337711481431e+00 5.643090735172503732e-04 3.222242073450806710e-02 3.160519228810185948e-04 7.868315024040898470e-03
