5.497400000000000000e+04 3.133399599200346941e+00 6.145437689825932637e+00 2.872527343123094101e-01 9.260775751072001066e-19 2.872527343123094101e-01 9.260775751072001066e-19
5.497600000000000000e+04 -4.043035879171251068e+00 6.145437689825932637e+00 1.958814406946931541e+00 9.260775358043454047e-19 1.958814406946931541e+00 9.260775358043454047e-19
5.498000000000000000e+04 1.035694586007360662e+01 6.145437689825932637e+00 9.740658635389692677e+00 9.260774071422035432e-19 9.740658635389692677e+00 9.260774071422035432e-19
5.498100000000000000e+04 8.151059103015530383e+00 6.145437689825932637e+00 1.261836908227294352e+01 9.260773599158055384e-19 1.261836908227294352e+01 9.260773599158055384e-19
5.498500000000000000e+04 2.955931422662055397e+01 6.145437689825932637e+00 2.761301931683333422e+01 9.260770735731008535e-19 2.761301931683333422e+01 9.260770735731008535e-19
5.498700000000000000e+04 3.307291584509937366e+01 6.145437689825932637e+00 3.698113532148148863e+01 9.260768451280118463e-19 3.698113532148148863e+01 9.260768451280118463e-19
5.498800000000000000e+04 4.676190325765522005e+01 6.145437689825932637e+00 4.209516568424355398e+01 9.260767003861789973e-19 4.209516568424355398e+01 9.260767003861789973e-19
5.498900000000000000e+04 4.969579599237273015e+01 6.145437689825932637e+00 4.711547825657126509e+01 9.260765305301220290e-19 4.711547825657126509e+01 9.260765305301220290e-19
5.499300000000000000e+04 6.646961792261421920e+01 6.145437689825932637e+00 6.549985504210982867e+01 -1.319528255753682142e-02 6.549985504210982867e+01 -1.319528255753682142e-02
5.499500000000000000e+04 6.543044039462435535e+01 6.145437689825932637e+00 6.925870503056015082e+01 7.975107901015551226e-01 6.925870503056015082e+01 7.975107901015551226e-01
5.499700000000000000e+04 8.808519007468373729e+01 6.145437689825932637e+00 7.785869962422069079e+01 2.848116343879942391e+00 6.841287481237441170e+01 2.848116343879942391e+00
5.499900000000000000e+04 9.038319786652844812e+01 6.145437689825932637e+00 8.301022394335566901e+01 6.151757690667355227e+00 6.504780932565140006e+01 6.151757690667355227e+00
5.500000000000000000e+04 1.034053057604133556e+02 6.145437689825932637e+00 8.502593387299897643e+01 8.279559840081237354e+00 6.320798198309262261e+01 8.279559840081237354e+00
5.500200000000000000e+04 9.840305871003876348e+01 6.145437689825932637e+00 8.772113478852831747e+01 1.348602709029784208e+01 5.914124484496770862e+01 1.348602709029784208e+01
5.500300000000000000e+04 9.522799401353506710e+01 6.145437689825932637e+00 8.736988702676134722e+01 1.655460456555931259e+01 5.628475033544589223e+01 1.655460456555931259e+01
5.500500000000000000e+04 1.108925143389127186e+02 6.145437689825932637e+00 8.452835639661118705e+01 2.347106641930833248e+01 5.000629460476246635e+01 2.347106641930833248e+01
5.500700000000000000e+04 1.175314276827178759e+02 6.145437689825932637e+00 8.146263122607957996e+01 3.143396502325926178e+01 4.455343955827151348e+01 3.143396502325926178e+01
5.500900000000000000e+04 1.159718095865202940e+02 6.145437689825932637e+00 7.743623735001703778e+01 4.004815651808557675e+01 3.937777404403901471e+01 4.004815651808557675e+01
5.501000000000000000e+04 1.193033603452616660e+02 6.145437689825932637e+00 7.503854047430057506e+01 4.412970439257524191e+01 3.686434766411487374e+01 4.412970439257524191e+01
5.501300000000000000e+04 1.217206460837892195e+02 6.145437689825932637e+00 6.723387701072529410e+01 5.567487678579335153e+01 2.997981993502793685e+01 5.567487678579335153e+01
5.501600000000000000e+04 1.119068750331513229e+02 6.145437689825932637e+00 5.583292596076105951e+01 6.026457831991325520e+01 2.279133005233092391e+01 5.880964673200113424e+01
5.501700000000000000e+04 1.088217862659613075e+02 6.145437689825932637e+00 5.219873239415246502e+01 6.030889681923667922e+01 2.072381963252022885e+01 5.815094359051825279e+01
5.501800000000000000e+04 1.086513394437707234e+02 6.145437689825932637e+00 4.878321907463374885e+01 5.968562672626531906e+01 1.885112345149930135e+01 5.687165416562561404e+01
5.501900000000000000e+04 9.736072816317347645e+01 6.145437689825932637e+00 4.540417611351540472e+01 5.871031905505918758e+01 1.708947422377729097e+01 5.529063792680368294e+01
5.502000000000000000e+04 9.635755022442981499e+01 6.145437689825932637e+00 4.210547613034766101e+01 5.771433437346961171e+01 1.544652967884242400e+01 5.372678468562872922e+01
5.502200000000000000e+04 8.160350795005736302e+01 6.145437689825932637e+00 3.599711834522319975e+01 5.524471785836220050e+01 1.256901635586821442e+01 5.027005811822255055e+01
5.502300000000000000e+04 8.381917386700033035e+01 6.145437689825932637e+00 3.318006287511197883e+01 5.316822203248428735e+01 1.131270102647213349e+01 4.784203778512900840e+01
5.502400000000000000e+04 7.956130543753241113e+01 6.145437689825932637e+00 3.056346853645061756e+01 5.066335970103133945e+01 1.018094207449878574e+01 4.508626217801651848e+01
5.502500000000000000e+04 7.358033512729036829e+01 6.145437689825932637e+00 2.817036354966340994e+01 4.828897762914944281e+01 9.172838121572022274e+00 4.250535041404809533e+01
5.502800000000000000e+04 5.678171822286198278e+01 6.145437689825932637e+00 2.201740095627200233e+01 4.182626950497721907e+01 6.716370971383953226e+00 3.565211684480627952e+01
5.502900000000000000e+04 5.758693831744731995e+01 6.145437689825932637e+00 2.032269849204927681e+01 3.968159060397272242e+01 6.071543353043900915e+00 3.347110793743316037e+01
5.503100000000000000e+04 5.358013123508962394e+01 6.145437689825932637e+00 1.744880276195291557e+01 3.544409587957256491e+01 5.006434182654020404e+00 2.928568905648892340e+01
5.503300000000000000e+04 3.852820241081265351e+01 6.145437689825932637e+00 1.518997362966908504e+01 3.147200195226697872e+01 4.192249869357422831e+00 2.548284694477374757e+01
5.503400000000000000e+04 5.263948744637862376e+01 6.145437689825932637e+00 1.430712219751609560e+01 2.925058846488744280e+01 3.874767751706000407e+00 2.344930616647468113e+01
5.503500000000000000e+04 4.025568978056006131e+01 6.145437689825932637e+00 1.353258532678899329e+01 2.688975730876214598e+01 3.597735703756966164e+00 2.134503123016181902e+01
5.503700000000000000e+04 3.828173834873518189e+01 6.145437689825932637e+00 1.226523448843066433e+01 2.262689482663441254e+01 3.145344712025503142e+00 1.761524668764219470e+01
5.503800000000000000e+04 3.994990919842281585e+01 6.145437689825932637e+00 1.175910647048286251e+01 2.078043587675614035e+01 2.963093496324381348e+00 1.602345493377440633e+01
5.503900000000000000e+04 3.773785376679627035e+01 6.145437689825932637e+00 1.131387439493651037e+01 1.901817612253964640e+01 2.802157021713587159e+00 1.452605309021069679e+01
5.504000000000000000e+04 2.983502091257491884e+01 6.145437689825932637e+00 1.089678372070710566e+01 1.735222081737700961e+01 2.653484246384680389e+00 1.312955022701605934e+01
5.504100000000000000e+04 2.526003644193676934e+01 6.145437689825932637e+00 1.049545838432205613e+01 1.581124059209158439e+01 2.513503025968822246e+00 1.185263194194796199e+01
5.504300000000000000e+04 2.738499010238209763e+01 6.145437689825932637e+00 9.734962433836516382e+00 1.306522510836787632e+01 2.256754227528354306e+00 9.615795872501312402e+00
5.504400000000000000e+04 2.185791519890019075e+01 6.145437689825932637e+00 9.335102184252175306e+00 1.186518412958560376e+01 2.129971270706062736e+00 8.653800763323966194e+00
5.504500000000000000e+04 1.607304071595211070e+01 6.145437689825932637e+00 8.916893183867895090e+00 1.078675520974073621e+01 2.002998789726357476e+00 7.796912403336219377e+00
5.504600000000000000e+04 1.328564878123215998e+01 6.145437689825932637e+00 8.510275982277129003e+00 9.797830316732788702e+00 1.882468299899572761e+00 7.019333690942685777e+00
5.504700000000000000e+04 1.181735635491635605e+01 6.145437689825932637e+00 8.115046923033837345e+00 8.904334783698212519e+00 1.768044749775525615e+00 6.323182351501767329e+00
5.504900000000000000e+04 2.316108056434181606e+00 6.145437689825932637e+00 7.333238688523254112e+00 7.395156051271834841e+00 1.551051834533994978e+00 5.160811850087315023e+00
5.505000000000000000e+04 7.499551928384083688e+00 6.145437689825932637e+00 6.901251704266559095e+00 6.762794648012979692e+00 1.438675292267899364e+00 4.679117401183376046e+00
5.505100000000000000e+04 1.385008947599823337e+01 6.145437689825932637e+00 6.447945829083998603e+00 6.203129155896331071e+00 1.325106192803267691e+00 4.255469055255916899e+00
5.505300000000000000e+04 3.578167086289938403e+00 6.145437689825932637e+00 5.548347874138888969e+00 5.282486892953348168e+00 1.108770342350714921e+00 3.563412388953809184e+00
5.505400000000000000e+04 3.554987785064979811e+00 6.145437689825932637e+00 5.103064846737021654e+00 4.923181047679053179e+00 1.005908494057323077e+00 3.293552588950100279e+00
5.505500000000000000e+04 1.934585426578872358e+01 6.145437689825932637e+00 4.678308394182321805e+00 4.609019091706143101e+00 9.098004280595362037e-01 3.058075348193420417e+00
5.505700000000000000e+04 7.608468563949261743e+00 6.145437689825932637e+00 3.890918308738176457e+00 4.095608623721146202e+00 7.368888778080757707e-01 2.673543005221677760e+00
5.505800000000000000e+04 7.406877398425573134e+00 6.145437689825932637e+00 3.516636542255855424e+00 3.889451151160824960e+00 6.574095826676078502e-01 2.518629471875724057e+00
5.505900000000000000e+04 -4.036238939401997072e+00 6.145437689825932637e+00 3.158877469995284404e+00 3.707663688784260891e+00 5.830050588127172473e-01 2.381833468456548975e+00
5.506100000000000000e+04 1.097580124291920534e+01 6.145437689825932637e+00 2.503145845994442453e+00 3.378587985269131178e+00 4.505027589097987395e-01 2.136477572073498532e+00
5.506300000000000000e+04 4.060347852746618358e+00 6.145437689825932637e+00 1.944915849822755005e+00 3.080929326029141269e+00 3.415482990769190819e-01 1.918241093399101205e+00
5.506400000000000000e+04 9.637509612792552360e+00 6.145437689825932637e+00 1.709039794213527585e+00 2.930240047754187227e+00 2.965309531914898100e-01 1.810475580100153081e+00
5.506700000000000000e+04 1.117937456564507848e+01 6.145437689825932637e+00 1.134362171893555482e+00 2.488100767452265050e+00 1.899928740845295005e-01 1.502838037309196739e+00
5.506800000000000000e+04 -6.896867765939371786e+00 6.145437689825932637e+00 9.844585827234451081e-01 2.352010070850026224e+00 1.630009885761951050e-01 1.410102290207875919e+00
5.506900000000000000e+04 5.758619094227640289e+00 6.145437689825932637e+00 8.522658871285718751e-01 2.215351699701570531e+00 1.395185175518027509e-01 1.318394059353895864e+00
5.507000000000000000e+04 -9.325024019855961299e+00 6.145437689825932637e+00 7.361016988815854978e-01 2.069972170276801027e+00 1.191554736916271978e-01 1.222873998427714382e+00
5.507200000000000000e+04 7.066328159834256439e+00 6.145437689825932637e+00 5.469226834595245501e-01 1.773186817031440654e+00 8.659693020465177027e-02 1.032452882208663159e+00
5.507400000000000000e+04 9.146167543804978095e+00 6.145437689825932637e+00 4.040050625044055432e-01 1.489611392966097680e+00 6.259957145868536021e-02 8.550222199487245156e-01
5.507600000000000000e+04 -1.600118570818201524e+00 6.145437689825932637e+00 2.939090093191176201e-01 1.233430960470466964e+00 4.458659039435906163e-02 6.980644381929893560e-01
5.507800000000000000e+04 7.832761993252848498e+00 6.145437689825932637e+00 2.130537685187115782e-01 1.001181661847345916e+00 3.165759871947924908e-02 5.587981452674666283e-01
5.508000000000000000e+04 3.259147694972925891e+00 6.145437689825932637e+00 1.540445052830413941e-01 7.931135533030706508e-01 2.242927217941729015e-02 4.366381267694606771e-01
5.508200000000000000e+04 6.657259812138900834e+00 6.145437689825932637e+00 1.110568378167450243e-01 6.151312208343645560e-01 1.585148843184322476e-02 3.341018188315121318e-01
5.508300000000000000e+04 -1.266675401687611924e+01 6.145437689825932637e+00 9.427066221641107469e-02 5.381062677663716043e-01 1.332425287277213925e-02 2.903160542153811474e-01
5.508400000000000000e+04 -6.349116274066427756e+00 6.145437689825932637e+00 7.992675140303567849e-02 4.702996787772304454e-01 1.118771474028273233e-02 2.520513102127663885e-01
5.508600000000000000e+04 1.617926575302159264e+01 6.145437689825932637e+00 5.760418357456762589e-02 3.552823740263672536e-01 7.910245647124551638e-03 1.879176194082168572e-01
5.508900000000000000e+04 7.865892141477806021e+00 6.145437689825932637e+00 3.563684881592155823e-02 2.286118566469259317e-01 4.758348966942117439e-03 1.185907399190323230e-01
5.509000000000000000e+04 -7.877231251440968585e+00 6.145437689825932637e+00 3.035287825693377961e-02 1.964982818177159474e-01 4.015798901434460173e-03 1.012821526378831216e-01
5.509200000000000000e+04 -4.357832292831111509e+00 6.145437689825932637e+00 2.201443024253172537e-02 1.446272866622922426e-01 2.860340487345981557e-03 7.360739067395399848e-02
5.509300000000000000e+04 8.059541556298007947e+00 6.145437689825932637e+00 1.874910680725477147e-02 1.238035881808505073e-01 2.414419350363810127e-03 6.261506768650819399e-02
5.509500000000000000e+04 -2.733101915205540244e+00 6.145437689825932637e+00 1.359077817642498527e-02 9.000874548920796692e-02 1.719580412830072277e-03 4.496038203067134059e-02
5.509600000000000000e+04 5.457808726123190901e+00 6.145437689825932637e+00 1.157496676608424195e-02 7.634016570243636057e-02 1.451847290194205504e-03 3.789860183520520065e-02
5.509700000000000000e+04 4.418548081646751946e+00 6.145437689825932637e+00 9.856080309721784380e-03 6.477522695352214144e-02 1.225634575374692737e-03 3.196098953721650954e-02
5.509800000000000000e+04 2.325703768664013626e+00 6.145437689825932637e+00 8.387671923870521073e-03 5.486915341604028939e-02 1.034155386379047173e-03 2.690895891155736103e-02
5.510000000000000000e+04 -2.853409128195826927e+00 6.145437689825932637e+00 6.082394000737487844e-03 3.934621757131043229e-02 7.373742460977353481e-04 1.906488135250469784e-02
5.510100000000000000e+04 1.060210603022681397e+01 6.145437689825932637e+00 5.177194442597530220e-03 3.327054950450736986e-02 6.224268341795411233e-04 1.602491851517653942e-02
5.510200000000000000e+04 1.268422988076256974e+00 6.145437689825932637e+00 4.409811178101898273e-03 2.814057471476577935e-02 5.258043306838589264e-04 1.347376516706674104e-02
5.510600000000000000e+04 -2.049122032678655503e-01 6.145437689825932637e+00 2.311613168294719863e-03 1.437545805851281507e-02 2.668395524086519138e-04 6.723708800055868025e-03
5.510900000000000000e+04 4.966684577313268179e+00 6.145437689825932637e+00 1.422653734783895256e-03 8.797542037270766543e-03 1.603886617199637324e-04 4.044596621900800083e-03
5.511100000000000000e+04 -9.273059376822107680e+00 6.145437689825932637e+00 1.029803624297490148e-03 6.339655880671042631e-03 1.143196079927424701e-04 2.881826458714869133e-03
5.511200000000000000e+04 -7.803246711016382342e+00 6.145437689825932637e+00 8.755440123022571047e-04 5.378605684119699970e-03 9.645587389153405797e-05 2.431289414244084020e-03
5.511400000000000000e+04 1.148976072032699136e+01 6.145437689825932637e+00 6.337138906102138822e-04 3.875767451981741978e-03 6.876820444588222371e-05 1.732586296944574550e-03
5.511500000000000000e+04 -1.747592434091491853e+01 6.145437689825932637e+00 5.388637037945527954e-04 3.287752766336226803e-03 5.804061642466235168e-05 1.461643350905561436e-03
5.511700000000000000e+04 -2.725123129423108637e+00 6.145437689825932637e+00 3.900590120032149371e-04 2.369126267935605171e-03 4.139733072045060849e-05 1.041789389068488794e-03
5.511800000000000000e+04 5.713754340990224723e-01 6.145437689825932637e+00 3.316671616671948842e-04 2.009874442816216456e-03 3.494412016400036890e-05 8.790320784221899346e-04
5.511900000000000000e+04 1.634732190653311878e+00 6.145437689825932637e+00 2.823095025487054599e-04 1.706648862716458447e-03 2.952906681710418518e-05 7.423979393072841892e-04
5.512000000000000000e+04 1.284815485580475647e+00 6.145437689825932637e+00 2.423065187607041735e-04 1.448588216326494264e-03 2.516312410348764490e-05 6.267681091830750026e-04
