5.497500000000000000e+04 -2.174786171837398641e+00 7.700198998634856906e+00 9.676860811788584593e-01 1.550059251352647235e-18 9.676860811788584593e-01 1.550059251352647235e-18
5.497600000000000000e+04 -5.918866223208186561e+00 7.700198998634856906e+00 2.014654457448330049e+00 1.550059221086075950e-18 2.014654457448330049e+00 1.550059221086075950e-18
5.497900000000000000e+04 -6.602536080271699248e-01 7.700198998634856906e+00 7.421511495175619366e+00 1.550059094973972802e-18 7.421511495175619366e+00 1.550059094973972802e-18
5.498000000000000000e+04 1.421607017712337040e+01 7.700198998634856906e+00 1.010928248076253944e+01 1.550059037574012029e-18 1.010928248076253944e+01 1.550059037574012029e-18
5.498100000000000000e+04 2.864997457002845493e+01 7.700198998634856906e+00 1.326427468792255127e+01 1.550058970214539617e-18 1.326427468792255127e+01 1.550058970214539617e-18
5.498200000000000000e+04 1.477869388308107901e+01 7.700198998634856906e+00 1.681188057541250913e+01 1.550058891167473899e-18 1.681188057541250913e+01 1.550058891167473899e-18
5.498400000000000000e+04 2.597685213458736442e+01 7.700198998634856906e+00 2.504964300095078400e+01 1.550058689547010832e-18 2.504964300095078400e+01 1.550058689547010832e-18
5.498500000000000000e+04 3.329453794558629909e+01 7.700198998634856906e+00 2.982457128805857849e+01 1.550058561801121860e-18 2.982457128805857849e+01 1.550058561801121860e-18
5.498700000000000000e+04 3.717528721802732150e+01 7.700198998634856906e+00 4.097582893337165899e+01 1.550058235967616748e-18 4.097582893337165899e+01 1.550058235967616748e-18
5.499000000000000000e+04 5.225551048496591022e+01 7.700198998634856906e+00 6.053040193995693841e+01 1.550057502950129748e-18 6.053040193995693841e+01 1.550057502950129748e-18
5.499200000000000000e+04 8.425319219572588736e+01 7.700198998634856906e+00 7.440742163840896239e+01 1.550056777795506162e-18 7.440742163840896239e+01 1.550056777795506162e-18
5.499300000000000000e+04 8.668522184218151949e+01 7.700198998634856906e+00 8.115791156796579742e+01 5.023439304780431998e-03 8.115791156796579742e+01 5.023439304780431998e-03
5.499400000000000000e+04 8.838801874824071092e+01 7.700198998634856906e+00 8.659722275531558466e+01 2.635029007712635374e-01 8.659722275531558466e+01 2.635029007712635374e-01
5.499600000000000000e+04 8.990013061373734615e+01 7.700198998634856906e+00 9.298895886639343189e+01 1.712456288831080142e+00 9.298895886639343189e+01 1.712456288831080142e+00
5.499700000000000000e+04 9.311750339043564395e+01 7.700198998634856906e+00 9.668312355071313391e+01 2.925571079348777026e+00 9.534931745081652821e+01 2.925571079348777026e+00
5.499800000000000000e+04 1.046936929057349630e+02 7.700198998634856906e+00 9.997777339689469045e+01 4.445593075166165420e+00 9.725679520493949326e+01 4.445593075166165420e+00
5.500000000000000000e+04 1.116351639855735272e+02 7.700198998634856906e+00 1.049895866115451639e+02 8.592890108648159497e+00 9.942624000542298290e+01 8.592890108648159497e+00
5.500200000000000000e+04 1.250496030683860482e+02 7.700198998634856906e+00 1.077182759685092890e+02 1.429009848910063241e+01 9.937735874946248771e+01 1.429009848910063241e+01
5.500300000000000000e+04 1.267470031948027440e+02 7.700198998634856906e+00 1.079135985327653344e+02 1.760982062251375879e+01 9.828909195663038645e+01 1.760982062251375879e+01
5.500400000000000000e+04 1.298682698045701613e+02 7.700198998634856906e+00 1.073416832307547253e+02 2.129219655080816054e+01 9.653818898204983157e+01 2.129219655080816054e+01
5.500500000000000000e+04 1.344568417947451451e+02 7.700198998634856906e+00 1.062572600462649319e+02 2.535088559484978887e+01 9.437559456880096320e+01 2.535088559484978887e+01
5.500900000000000000e+04 1.412470995345811389e+02 7.700198998634856906e+00 9.756346901926187343e+01 4.587529006572047052e+01 8.255133116561614770e+01 4.587529006572047052e+01
5.501200000000000000e+04 1.494034857991427430e+02 7.700198998634856906e+00 8.741257738204529915e+01 6.324630839264761306e+01 7.142612246008147281e+01 6.324630839264761306e+01
5.501300000000000000e+04 1.399086191700828579e+02 7.700198998634856906e+00 8.374402540810572759e+01 6.898422483277093420e+01 6.765517379857884350e+01 6.898422483277093420e+01
5.501400000000000000e+04 1.578842330074034521e+02 7.700198998634856906e+00 7.963782125792305067e+01 7.360763934201824554e+01 6.361888512242121152e+01 7.360763934201824554e+01
5.501600000000000000e+04 1.544083196309484833e+02 7.700198998634856906e+00 7.094726080609314067e+01 8.230020305870337438e+01 5.543739832797152900e+01 7.904061503643441711e+01
5.501700000000000000e+04 1.522042420117680308e+02 7.700198998634856906e+00 6.741830199602325990e+01 8.606041009402316888e+01 5.211031447560955598e+01 8.104691983319403903e+01
5.501800000000000000e+04 1.442863855200617706e+02 7.700198998634856906e+00 6.437173364281736099e+01 8.948665712985925325e+01 4.922327896239417555e+01 8.266827592419855364e+01
5.501900000000000000e+04 1.475304977563954196e+02 7.700198998634856906e+00 6.154454625072965257e+01 9.245943372196747134e+01 4.656333247267679099e+01 8.381792962524767177e+01
5.502000000000000000e+04 1.557007593848131251e+02 7.700198998634856906e+00 5.864400093288099924e+01 9.496801568173133035e+01 4.390417961541074021e+01 8.451230400460953263e+01
5.502100000000000000e+04 1.620740175665955576e+02 7.700198998634856906e+00 5.557186380812997584e+01 9.700430730596723095e+01 4.117301454915962466e+01 8.476893537712527404e+01
5.502200000000000000e+04 1.576185225971396733e+02 7.700198998634856906e+00 5.249095669151218857e+01 9.840485000438957286e+01 3.849145005216814042e+01 8.447075493704311100e+01
5.502500000000000000e+04 1.400275636633551812e+02 7.700198998634856906e+00 4.409670828216076188e+01 9.841432485953923504e+01 3.137059333747742329e+01 8.021925538348081375e+01
5.502900000000000000e+04 1.236042394186147675e+02 7.700198998634856906e+00 3.458448605113807872e+01 9.187147666482445629e+01 2.366167303078713857e+01 7.016863149077371986e+01
5.503100000000000000e+04 1.261391210452196390e+02 7.700198998634856906e+00 3.051922910201406225e+01 8.621358814755954825e+01 2.048817721261307412e+01 6.383662120465699985e+01
5.503200000000000000e+04 1.025325367689952429e+02 7.700198998634856906e+00 2.867692634641035454e+01 8.324582125138847744e+01 1.907229695642826428e+01 6.071220409106924620e+01
5.503300000000000000e+04 1.095639060676616907e+02 7.700198998634856906e+00 2.719062033795898259e+01 8.003662566686540458e+01 1.791710107470335345e+01 5.750689772879200490e+01
5.503400000000000000e+04 9.748349824822356879e+01 7.700198998634856906e+00 2.590727221208346620e+01 7.637669518984895944e+01 1.691552365168480421e+01 5.407605235405802091e+01
5.503500000000000000e+04 8.861244759781968128e+01 7.700198998634856906e+00 2.468059775276667978e+01 7.229686060151952631e+01 1.596874529619285887e+01 5.045091848566411841e+01
5.503600000000000000e+04 9.796306760092551258e+01 7.700198998634856906e+00 2.358605922933182697e+01 6.849780891026141205e+01 1.512367877641758973e+01 4.712178857877579219e+01
5.503700000000000000e+04 7.600538944625770910e+01 7.700198998634856906e+00 2.257688324476507802e+01 6.530022686870211146e+01 1.434788638676704053e+01 4.429376730426811548e+01
5.503900000000000000e+04 9.403148100727062797e+01 7.700198998634856906e+00 2.053410337758740667e+01 5.998142698705848375e+01 1.282170619571031622e+01 3.957883260177526807e+01
5.504000000000000000e+04 6.326590353328937510e+01 7.700198998634856906e+00 1.956310074348057881e+01 5.732548700923095453e+01 1.210962883225882791e+01 3.731855267309912705e+01
5.504200000000000000e+04 7.228417569882026328e+01 7.700198998634856906e+00 1.777491276860438418e+01 5.160737057353238555e+01 1.081543224929825442e+01 3.271773254434290834e+01
5.504400000000000000e+04 6.536707497657012311e+01 7.700198998634856906e+00 1.611847897616263126e+01 4.619941145024675677e+01 9.643386980885679804e+00 2.854297894679026371e+01
5.504500000000000000e+04 4.670643967289149145e+01 7.700198998634856906e+00 1.530476672654021542e+01 4.370956294772380346e+01 9.080561577061848411e+00 2.666500433685580873e+01
5.504600000000000000e+04 5.653881966479945476e+01 7.700198998634856906e+00 1.448125287331144762e+01 4.131566155234822446e+01 8.521234229400151960e+00 2.489149440869678642e+01
5.504700000000000000e+04 6.811104950479548847e+01 7.700198998634856906e+00 1.363890260092959750e+01 3.900476707618472716e+01 7.960046289989414880e+00 2.321090328009672277e+01
5.504800000000000000e+04 5.513646360531399893e+01 7.700198998634856906e+00 1.279843015866147127e+01 3.677447818402192325e+01 7.409034476823465276e+00 2.161844031349393802e+01
5.505000000000000000e+04 3.613581465731325437e+01 7.700198998634856906e+00 1.103820845008398166e+01 3.261210645034871902e+01 6.288194800073795498e+00 1.871774791379593239e+01
5.505200000000000000e+04 4.181603741111248240e+01 7.700198998634856906e+00 9.216011321657518351e+00 2.891391513552672521e+01 5.167770414954748759e+00 1.621145241296402517e+01
5.505400000000000000e+04 3.838190973911989090e+01 7.700198998634856906e+00 7.530335530776178565e+00 2.623715964286427749e+01 4.157327640826142812e+00 1.437819510393208411e+01
5.505600000000000000e+04 4.577330277229607702e+01 7.700198998634856906e+00 6.098295187052184652e+00 2.398802078582050612e+01 3.315520380235053022e+00 1.285512695995495314e+01
5.505800000000000000e+04 2.099672632286725360e+01 7.700198998634856906e+00 4.910663436344905541e+00 2.202584594006020424e+01 2.629827455937498115e+00 1.154838137434221323e+01
5.506000000000000000e+04 3.110193770677935632e+01 7.700198998634856906e+00 3.904049470114634435e+00 2.005633527574679320e+01 2.059888564189253035e+00 1.029318450742000302e+01
5.506100000000000000e+04 2.170536124475770734e+01 7.700198998634856906e+00 3.467139578585958670e+00 1.915866131404959205e+01 1.815959130283463896e+00 9.729525124930155755e+00
5.506200000000000000e+04 1.729715187759149586e+01 7.700198998634856906e+00 3.071069195573439714e+00 1.829196626757297395e+01 1.596812745279095003e+00 9.193117411903516611e+00
5.506400000000000000e+04 2.528948357183924500e+01 7.700198998634856906e+00 2.384238113319158359e+00 1.664773941229712761e+01 1.221917543613490142e+00 8.196878933752826057e+00
5.506500000000000000e+04 1.048972026975138583e+01 7.700198998634856906e+00 2.089096480280892010e+00 1.583526559019310298e+01 1.063036946060080368e+00 7.718477340502571948e+00
5.506700000000000000e+04 2.473074753259618319e+01 7.700198998634856906e+00 1.592629616182934083e+00 1.416026662128124514e+01 7.990344961129509649e-01 6.766039346491002249e+00
5.506800000000000000e+04 2.681152897151074654e+01 7.700198998634856906e+00 1.384610564143113898e+00 1.330991827382236714e+01 6.898283870746817481e-01 6.297679305299944907e+00
5.506900000000000000e+04 6.985529919293162138e+00 7.700198998634856906e+00 1.198731152572491743e+00 1.244455555863610563e+01 5.930877954916861095e-01 5.831334425125919374e+00
5.507100000000000000e+04 1.340083791210075148e+01 7.700198998634856906e+00 8.904540416372077605e-01 1.056905151114469454e+01 4.345486239456022304e-01 4.858612330976595395e+00
5.507300000000000000e+04 1.871628580098890637e+01 7.700198998634856906e+00 6.562696317197315166e-01 8.761397328791012740e+00 3.159510589642119949e-01 3.952695855619067888e+00
5.507400000000000000e+04 1.555760505789936587e+01 7.700198998634856906e+00 5.623424002491560492e-01 7.905594428427192177e+00 2.689201451984696289e-01 3.533728494702221390e+00
5.507500000000000000e+04 3.257202998486696366e+00 7.700198998634856906e+00 4.801601959397204245e-01 7.119858045101611133e+00 2.280935985444418612e-01 3.153446761038001700e+00
5.507800000000000000e+04 1.026423306713547490e+01 7.700198998634856906e+00 2.965201390238674795e-01 5.185261947948471395e+00 1.381047141620609098e-01 2.235353337546873043e+00
5.508000000000000000e+04 -9.724989291073040221e+00 7.700198998634856906e+00 2.142366855738855880e-01 4.133712977436934999e+00 9.849760017656127020e-02 1.750905279560864836e+00
5.508100000000000000e+04 7.522577090294884528e+00 7.700198998634856906e+00 1.820999495674131274e-01 3.676031701084434555e+00 8.318738014801362046e-02 1.543565260740944023e+00
5.508200000000000000e+04 6.570691712257982431e+00 7.700198998634856906e+00 1.545926903455113188e-01 3.260402341565149964e+00 7.017301316464903682e-02 1.357290833487230675e+00
5.508400000000000000e+04 1.035377318756339449e+01 7.700198998634856906e+00 1.112475331399846445e-01 2.537766737853054178e+00 4.986444254227592049e-02 1.038629912071466377e+00
5.508500000000000000e+04 4.926527499495682250e+00 7.700198998634856906e+00 9.435151486029207113e-02 2.226423601000293129e+00 4.202762805578161287e-02 9.035814041510683570e-01
5.508800000000000000e+04 2.300566637275625048e-02 7.700198998634856906e+00 5.805350208107971921e-02 1.481047282777441243e+00 2.538464199561750803e-02 5.863541290134794970e-01
5.508900000000000000e+04 2.136023363996977231e+00 7.700198998634856906e+00 4.937035675753184000e-02 1.283742133143785491e+00 2.145658115601357940e-02 5.041246261679331875e-01
5.509000000000000000e+04 -4.192955607579512467e+00 7.700198998634856906e+00 4.198904724044137671e-02 1.108709582169040475e+00 1.813835800367798873e-02 4.318922875128805017e-01
5.509100000000000000e+04 7.626091912304251430e+00 7.700198998634856906e+00 3.572275661360744398e-02 9.558155821628447901e-01 1.533876746194622574e-02 3.693663303537618181e-01
5.509300000000000000e+04 6.134224723165192295e+00 7.700198998634856906e+00 2.581421276607942170e-02 7.060283626734682461e-01 1.095262713745783802e-02 2.685584001195801540e-01
5.509500000000000000e+04 1.075042966963415836e+01 7.700198998634856906e+00 1.867357487435898286e-02 5.176964120627191024e-01 7.830004347216196550e-03 1.938795587627756278e-01
5.509600000000000000e+04 1.239931808603313090e+00 7.700198998634856906e+00 1.587286204554625574e-02 4.414255570771805082e-01 6.616827885050855125e-03 1.640489778732280302e-01
5.509700000000000000e+04 -4.736448813227480237e+00 7.700198998634856906e+00 1.349455927152645035e-02 3.762438572623583166e-01 5.592785077591702451e-03 1.387618763608040040e-01
5.509800000000000000e+04 2.505556225383052560e+00 7.700198998634856906e+00 1.148107635454878594e-02 3.207132302439695826e-01 4.730874821351913062e-03 1.173890070377517636e-01
5.509900000000000000e+04 -2.101334815801880751e+00 7.700198998634856906e+00 9.759543390225510623e-03 2.729967977994650630e-01 3.998454947828823484e-03 9.917510118528233276e-02
5.510100000000000000e+04 -4.311022787252911215e+00 7.700198998634856906e+00 7.053658813627557665e-03 1.975556398228935917e-01 2.857113554350843541e-03 7.070927312581157254e-02
5.510400000000000000e+04 5.332480250317386705e+00 7.700198998634856906e+00 4.335837931068233300e-03 1.210413110154165972e-01 1.726894476100850886e-03 4.238477616093452860e-02
5.510700000000000000e+04 -2.488827545288930665e+01 7.700198998634856906e+00 2.648543586400148222e-03 7.443366935736822620e-02 1.037530654529236849e-03 2.551166821723855130e-02
5.510800000000000000e+04 -9.631043347684099531e-01 7.700198998634856906e+00 2.247913790311741218e-03 6.339850572166633169e-02 8.757902202812570909e-04 2.157694569627488165e-02
5.510900000000000000e+04 -7.234610682605448595e+00 7.700198998634856906e+00 1.906550410876206450e-03 5.396418178820762412e-02 7.387683124515371895e-04 1.823809398261154111e-02
5.511000000000000000e+04 -5.244788144269703078e-01 7.700198998634856906e+00 1.616756786073305415e-03 4.593662086415124107e-02 6.230988444615148105e-04 1.541760430312628938e-02
5.511100000000000000e+04 1.855997431801574393e+01 7.700198998634856906e+00 1.371804594947230709e-03 3.911530679725740145e-02 5.258591276927242816e-04 1.303795234265428885e-02
5.511400000000000000e+04 -1.569424013015136943e+01 7.700198998634856906e+00 8.377455781622287958e-04 2.409254695592823181e-02 3.160519228810185948e-04 7.868315024040898470e-03
