5.497600000000000000e+04 -3.339033801053631567e+00 5.218688535950941620e+00 1.164140563987932975e+00 9.520325756554123191e-19 1.164140563987932975e+00 9.520325756554123191e-19
5.497900000000000000e+04 4.171247457240738754e+00 5.218688535950941620e+00 4.289077145657377521e+00 9.520325755457423570e-19 4.289077145657377521e+00 9.520325755457423570e-19
5.498300000000000000e+04 1.234204581463349548e+01 5.218688535950941620e+00 1.143383206421574805e+01 9.520325752878383818e-19 1.143383206421574805e+01 9.520325752878383818e-19
5.499200000000000000e+04 4.073493940180215134e+01 5.218688535950941620e+00 3.733751665722944324e+01 9.520325735306638118e-19 3.733751665722944324e+01 9.520325735306638118e-19
5.499500000000000000e+04 4.257482368613993629e+01 5.218688535950941620e+00 4.526446668391263017e+01 4.750117470036630540e-01 4.526446668391263017e+01 4.750117470036630540e-01
5.499600000000000000e+04 3.693251712782280549e+01 5.218688535950941620e+00 4.750204251648135312e+01 9.895194793897428287e-01 4.750204251648135312e+01 9.895194793897428287e-01
5.499800000000000000e+04 5.381253535246938213e+01 5.218688535950941620e+00 5.191556243048865582e+01 2.578142529034766373e+00 5.091672227927872996e+01 2.578142529034766373e+00
5.500200000000000000e+04 6.622242059196844366e+01 5.218688535950941620e+00 5.909650661241399661e+01 7.908141692815705781e+00 5.381775602163734362e+01 7.908141692815705781e+00
5.500700000000000000e+04 8.202567537103470841e+01 5.218688535950941620e+00 6.232796918253172436e+01 1.873915206413802537e+01 5.210622193247517231e+01 1.873915206413802537e+01
5.501100000000000000e+04 8.599230033256758077e+01 5.218688535950941620e+00 6.104333571581130258e+01 2.925015122101504517e+01 4.789065290588005297e+01 2.925015122101504517e+01
5.501600000000000000e+04 9.523762181315285602e+01 5.218688535950941620e+00 5.534296357836363711e+01 4.282198073974193875e+01 4.031611703369087962e+01 4.037673613900914660e+01
5.502200000000000000e+04 1.066399161432449745e+02 5.218688535950941620e+00 4.724272863686229584e+01 5.682651736258493713e+01 3.169741694238675578e+01 4.574509261839173746e+01
5.502800000000000000e+04 1.056643109512887406e+02 5.218688535950941620e+00 4.233673691553806151e+01 6.203703380348076024e+01 2.632666932167046880e+01 4.356762408364564010e+01
5.503000000000000000e+04 1.036200331572765236e+02 5.218688535950941620e+00 4.122902651654882078e+01 6.200403691986782206e+01 2.502725028100064719e+01 4.176802187811291844e+01
5.503300000000000000e+04 9.861295152454634660e+01 5.218688535950941620e+00 3.947954634332700863e+01 6.010392244566665454e+01 2.313864568316503068e+01 3.815330090771893623e+01
5.503800000000000000e+04 9.914381335602786294e+01 5.218688535950941620e+00 3.523997653375116812e+01 5.458206366742680160e+01 1.953108020902245556e+01 3.161009712206207212e+01
5.504200000000000000e+04 9.788606396930546794e+01 5.218688535950941620e+00 3.119529666721169292e+01 4.978626690100801255e+01 1.656882135661357935e+01 2.694280440102873797e+01
5.504400000000000000e+04 7.236303224069484941e+01 5.218688535950941620e+00 2.915787775953463168e+01 4.798918474665310896e+01 1.517055024046465839e+01 2.514614836259477570e+01
5.504600000000000000e+04 6.774898700565297816e+01 5.218688535950941620e+00 2.727111763675207001e+01 4.659486956642190592e+01 1.390504162668881349e+01 2.366457079047457057e+01
5.505000000000000000e+04 6.925461925201312852e+01 5.218688535950941620e+00 2.424042052158218397e+01 4.446289136562052136e+01 1.188425964160150627e+01 2.127316273885055153e+01
5.505600000000000000e+04 6.504473336436292641e+01 5.218688535950941620e+00 2.146801860599901346e+01 4.059484652678788308e+01 9.950825172612551839e+00 1.786921713993679006e+01
5.505900000000000000e+04 5.757312559254523165e+01 5.218688535950941620e+00 2.037997796683954022e+01 3.773883774880142283e+01 9.195652533626304859e+00 1.597332410025009253e+01
5.506300000000000000e+04 5.569420109590357981e+01 5.218688535950941620e+00 1.920113179745763432e+01 3.347033881774189013e+01 8.367487622413662507e+00 1.347579353739864416e+01
5.506500000000000000e+04 4.320408360164263684e+01 5.218688535950941620e+00 1.869544502320871615e+01 3.140386697111835446e+01 8.010164788539839265e+00 1.234283857320632016e+01
5.506700000000000000e+04 5.558549341179480052e+01 5.218688535950941620e+00 1.820280913422327629e+01 2.953163056172689238e+01 7.670155917078735897e+00 1.133713063202608851e+01
5.507000000000000000e+04 4.311208067735074678e+01 5.218688535950941620e+00 1.751187361182099878e+01 2.723094324908097974e+01 7.200455628366551508e+00 1.010162069536128193e+01
5.507400000000000000e+04 4.013649602091513202e+01 5.218688535950941620e+00 1.657873711779538439e+01 2.518703806345907026e+01 6.603708294373577203e+00 8.941650930150663257e+00
5.507900000000000000e+04 4.211629730344944988e+01 5.218688535950941620e+00 1.523544581477968052e+01 2.320054082108072890e+01 5.840457257125583723e+00 7.816304653582359485e+00
5.508300000000000000e+04 3.289956104514472912e+01 5.218688535950941620e+00 1.385226501115317177e+01 2.197254886699815302e+01 5.155149271873892936e+00 7.112364479051613841e+00
5.509100000000000000e+04 3.319588032119821719e+01 5.218688535950941620e+00 9.832051702111654023e+00 1.997028675236662565e+01 3.457107999615824934e+00 5.994224438293109358e+00
