5.497600000000000000e+04 -4.938332862431355608e+00 7.072101928503862212e+00 1.164140563987932975e+00 9.520325756554123191e-19 1.164140563987932975e+00 9.520325756554123191e-19
5.497900000000000000e+04 4.129400330123016438e+00 7.072101928503862212e+00 4.289077145657377521e+00 9.520325755457423570e-19 4.289077145657377521e+00 9.520325755457423570e-19
5.498300000000000000e+04 1.266459725964289618e+01 7.072101928503862212e+00 1.143383206421574805e+01 9.520325752878383818e-19 1.143383206421574805e+01 9.520325752878383818e-19
5.499200000000000000e+04 4.194153158901102785e+01 7.072101928503862212e+00 3.733751665722944324e+01 9.520325735306638118e-19 3.733751665722944324e+01 9.520325735306638118e-19
5.499500000000000000e+04 4.145089888273991363e+01 7.072101928503862212e+00 4.526446668391263017e+01 4.750117470036630540e-01 4.526446668391263017e+01 4.750117470036630540e-01
5.499600000000000000e+04 3.282733085047065913e+01 7.072101928503862212e+00 4.750204251648135312e+01 9.895194793897428287e-01 4.750204251648135312e+01 9.895194793897428287e-01
5.499800000000000000e+04 5.591894353374521387e+01 7.072101928503862212e+00 5.426388749636429054e+01 2.578142529034766373e+00 5.091672227927872996e+01 2.578142529034766373e+00
5.500200000000000000e+04 7.835522976299743902e+01 7.072101928503862212e+00 7.150712338008283098e+01 7.908141692815705781e+00 5.381775602163734362e+01 7.908141692815705781e+00
5.500700000000000000e+04 1.063979637692820006e+02 7.072101928503862212e+00 8.635982778901309587e+01 1.873915206413802537e+01 5.210622193247517231e+01 1.873915206413802537e+01
5.501100000000000000e+04 1.153873773887939507e+02 7.072101928503862212e+00 9.196597602883775835e+01 2.925015122101504517e+01 4.789065290588005297e+01 2.925015122101504517e+01
5.501600000000000000e+04 1.294511216410790553e+02 7.072101928503862212e+00 9.067186015823860146e+01 4.274622042089797702e+01 4.031611703369087962e+01 4.037673613900914660e+01
5.502200000000000000e+04 1.437573901891089179e+02 7.072101928503862212e+00 8.379056370813651711e+01 5.648318472763551057e+01 3.169741694238675578e+01 4.574509261839173746e+01
5.502800000000000000e+04 1.431909132159914861e+02 7.072101928503862212e+00 7.997723724134162637e+01 6.146480132873564628e+01 2.632666932167046880e+01 4.356762408364564010e+01
5.503000000000000000e+04 1.412217157611747780e+02 7.072101928503862212e+00 7.932024381449068073e+01 6.137707021427318210e+01 2.502725028100064719e+01 4.176802187811291844e+01
5.503300000000000000e+04 1.360064892058127555e+02 7.072101928503862212e+00 7.789785238835257530e+01 5.942383257406867614e+01 2.313864568316503068e+01 3.815330090771893623e+01
5.503800000000000000e+04 1.386751313493049054e+02 7.072101928503862212e+00 7.217240756580069672e+01 5.387032975359746700e+01 1.953108020902245556e+01 3.161009712206207212e+01
5.504200000000000000e+04 1.375695353524710640e+02 7.072101928503862212e+00 6.558289968425363270e+01 4.907851439151269801e+01 1.656882135661357935e+01 2.694280440102873797e+01
5.504400000000000000e+04 1.028411814735396916e+02 7.072101928503862212e+00 6.204281112735743875e+01 4.728144543938633859e+01 1.517055024046465839e+01 2.514614836259477570e+01
5.504600000000000000e+04 9.629043476266733137e+01 7.072101928503862212e+00 5.869545644492852432e+01 4.588442663325587034e+01 1.390504162668881349e+01 2.366457079047457057e+01
5.505000000000000000e+04 9.778191077416248334e+01 7.072101928503862212e+00 5.329039641342291844e+01 4.374441059108266217e+01 1.188425964160150627e+01 2.127316273885055153e+01
5.505600000000000000e+04 9.247715980931198487e+01 7.072101928503862212e+00 4.854553846280314389e+01 3.989074480716377735e+01 9.950825172612551839e+00 1.786921713993679006e+01
5.505900000000000000e+04 8.299989932287263628e+01 7.072101928503862212e+00 4.667490786919719170e+01 3.706448302235702386e+01 9.195652533626304859e+00 1.597332410025009253e+01
5.506300000000000000e+04 8.161869633811350866e+01 7.072101928503862212e+00 4.467159185076671690e+01 3.285085350117075365e+01 8.367487622413662507e+00 1.347579353739864416e+01
5.506500000000000000e+04 6.528633460958550927e+01 7.072101928503862212e+00 4.381709374806561641e+01 3.081330454293147980e+01 8.010164788539839265e+00 1.234283857320632016e+01
5.506700000000000000e+04 8.257288901838002459e+01 7.072101928503862212e+00 4.296562381486590709e+01 2.896791553891589999e+01 7.670155917078735897e+00 1.133713063202608851e+01
5.507000000000000000e+04 6.624489214459548236e+01 7.072101928503862212e+00 4.175455276917696779e+01 2.670023031432510763e+01 7.200455628366551508e+00 1.010162069536128193e+01
5.507400000000000000e+04 6.250634328478036394e+01 7.072101928503862212e+00 4.003054789101940258e+01 2.468371184873430479e+01 6.603708294373577203e+00 8.941650930150663257e+00
5.507900000000000000e+04 6.503481749588966920e+01 7.072101928503862212e+00 3.732355180133738060e+01 2.272389540210252790e+01 5.840457257125583723e+00 7.816304653582359485e+00
5.508300000000000000e+04 5.184762153254397532e+01 7.072101928503862212e+00 3.429963576074855069e+01 2.151213999543843869e+01 5.155149271873892936e+00 7.112364479051613841e+00
5.509100000000000000e+04 4.895590154829724128e+01 7.072101928503862212e+00 2.481987540141229331e+01 1.953727038386919546e+01 3.457107999615824934e+00 5.994224438293109358e+00
