5.497500000000000000e+04 -2.478243811231004567e+00 8.443780492073313937e+00 9.676860811788584593e-01 1.550059251352647235e-18 9.676860811788584593e-01 1.550059251352647235e-18
5.497600000000000000e+04 -6.684978781726908181e+00 8.443780492073313937e+00 2.014654457448330049e+00 1.550059221086075950e-18 2.014654457448330049e+00 1.550059221086075950e-18
5.497900000000000000e+04 -1.440681615942774663e+00 8.443780492073313937e+00 7.421511495175619366e+00 1.550059094973972802e-18 7.421511495175619366e+00 1.550059094973972802e-18
5.498000000000000000e+04 1.461264841218405763e+01 8.443780492073313937e+00 1.010928248076253944e+01 1.550059037574012029e-18 1.010928248076253944e+01 1.550059037574012029e-18
5.498100000000000000e+04 3.013571821093441372e+01 8.443780492073313937e+00 1.326427468792255127e+01 1.550058970214539617e-18 1.326427468792255127e+01 1.550058970214539617e-18
5.498200000000000000e+04 1.458235610046130226e+01 8.443780492073313937e+00 1.681188057541250913e+01 1.550058891167473899e-18 1.681188057541250913e+01 1.550058891167473899e-18
5.498400000000000000e+04 2.606638950270492927e+01 8.443780492073313937e+00 2.504964300095078400e+01 1.550058689547010832e-18 2.504964300095078400e+01 1.550058689547010832e-18
5.498500000000000000e+04 3.362962058304067625e+01 8.443780492073313937e+00 2.982457128805857849e+01 1.550058561801121860e-18 2.982457128805857849e+01 1.550058561801121860e-18
5.498700000000000000e+04 3.680828209451403410e+01 8.443780492073313937e+00 4.097582893337165899e+01 1.550058235967616748e-18 4.097582893337165899e+01 1.550058235967616748e-18
5.499000000000000000e+04 5.145643293551112407e+01 8.443780492073313937e+00 6.053040193995693841e+01 1.550057502950129748e-18 6.053040193995693841e+01 1.550057502950129748e-18
5.499200000000000000e+04 8.520396408829125789e+01 8.443780492073313937e+00 7.440742163840896239e+01 1.550056777795506162e-18 7.440742163840896239e+01 1.550056777795506162e-18
5.499300000000000000e+04 8.721848991650357164e+01 8.443780492073313937e+00 8.115791156796579742e+01 5.023439304780431998e-03 8.115791156796579742e+01 5.023439304780431998e-03
5.499400000000000000e+04 8.853550414161604465e+01 8.443780492073313937e+00 8.659722275531558466e+01 2.635029007712635374e-01 8.659722275531558466e+01 2.635029007712635374e-01
5.499600000000000000e+04 8.943648722862289446e+01 8.443780492073313937e+00 9.298895886639343189e+01 1.712456288831080142e+00 9.298895886639343189e+01 1.712456288831080142e+00
5.499700000000000000e+04 9.285157505437186387e+01 8.443780492073313937e+00 9.704402702471188036e+01 2.925571079348777026e+00 9.534931745081652821e+01 2.925571079348777026e+00
5.499800000000000000e+04 1.054560441982149115e+02 8.443780492073313937e+00 1.007140202038538206e+02 4.445593075166165420e+00 9.725679520493949326e+01 4.445593075166165420e+00
5.500000000000000000e+04 1.129524583352617100e+02 8.443780492073313937e+00 1.064949261937860285e+02 8.592890108648159497e+00 9.942624000542298290e+01 8.592890108648159497e+00
5.500200000000000000e+04 1.276001832212559890e+02 8.443780492073313937e+00 1.099751752291465010e+02 1.429009848910063241e+01 9.937735874946248771e+01 1.429009848910063241e+01
5.500300000000000000e+04 1.294693754638052781e+02 8.443780492073313937e+00 1.105178135375701771e+02 1.760982062251375879e+01 9.828909195663038645e+01 1.760982062251375879e+01
5.500400000000000000e+04 1.329106980162058278e+02 8.443780492073313937e+00 1.102649106818703046e+02 2.129219655080816054e+01 9.653818898204983157e+01 2.129219655080816054e+01
5.500500000000000000e+04 1.379468913120819025e+02 8.443780492073313937e+00 1.094722208625636597e+02 2.535088559484978887e+01 9.437559456880096320e+01 2.535088559484978887e+01
5.500900000000000000e+04 1.450974678190792133e+02 8.443780492073313937e+00 1.016254782602969016e+02 4.587529006572047052e+01 8.255133116561614770e+01 4.587529006572047052e+01
5.501200000000000000e+04 1.536078977550914999e+02 8.443780492073313937e+00 9.173821895671530058e+01 6.324630839264761306e+01 7.142612246008147281e+01 6.324630839264761306e+01
5.501300000000000000e+04 1.430240201294187443e+02 8.443780492073313937e+00 8.809737364888734135e+01 6.898422483277093420e+01 6.765517379857884350e+01 6.898422483277093420e+01
5.501400000000000000e+04 1.626666135552189587e+02 8.443780492073313937e+00 8.397225165340177000e+01 7.360763934201824554e+01 6.361888512242121152e+01 7.360763934201824554e+01
5.501600000000000000e+04 1.620214488178845045e+02 8.443780492073313937e+00 7.514394520424582424e+01 8.560454803494745590e+01 5.543739832797152900e+01 7.904061503643441711e+01
5.501700000000000000e+04 1.613055614003416451e+02 8.443780492073313937e+00 7.156036273219409338e+01 9.114273989878408599e+01 5.211031447560955598e+01 8.104691983319403903e+01
5.501800000000000000e+04 1.543729477261659326e+02 8.443780492073313937e+00 6.847062771767664913e+01 9.639866058830823192e+01 4.922327896239417555e+01 8.266827592419855364e+01
5.501900000000000000e+04 1.597191771971639582e+02 8.443780492073313937e+00 6.559818800393229310e+01 1.012195931206733519e+02 4.656333247267679099e+01 8.381792962524767177e+01
5.502000000000000000e+04 1.704900650180013884e+02 8.443780492073313937e+00 6.263232631241573500e+01 1.055672932951349168e+02 4.390417961541074021e+01 8.451230400460953263e+01
5.502100000000000000e+04 1.792906303632126992e+02 8.443780492073313937e+00 5.946792840068928143e+01 1.094076814407769973e+02 4.117301454915962466e+01 8.476893537712527404e+01
5.502200000000000000e+04 1.761811439489337943e+02 8.443780492073313937e+00 5.627896649353628789e+01 1.125302722110411366e+02 3.849145005216814042e+01 8.447075493704311100e+01
5.502500000000000000e+04 1.616761004609640509e+02 8.443780492073313937e+00 4.754016164048599791e+01 1.168592283273628993e+02 3.137059333747742329e+01 8.021925538348081375e+01
5.502900000000000000e+04 1.482852152702780302e+02 8.443780492073313937e+00 3.753999897403522112e+01 1.138723206153915868e+02 2.366167303078713857e+01 7.016863149077371986e+01
5.503100000000000000e+04 1.524458958625043010e+02 8.443780492073313937e+00 3.323344781418459348e+01 1.088978101400952454e+02 2.048817721261307412e+01 6.383662120465699985e+01
5.503200000000000000e+04 1.270676164535748427e+02 8.443780492073313937e+00 3.127576294910977950e+01 1.060888444038904055e+02 1.907229695642826428e+01 6.071220409106924620e+01
5.503300000000000000e+04 1.351378740219693668e+02 8.443780492073313937e+00 2.969986461159272295e+01 1.028757061947467264e+02 1.791710107470335345e+01 5.750689772879200490e+01
5.503400000000000000e+04 1.220597857798842796e+02 8.443780492073313937e+00 2.834027450006423621e+01 9.898354507947544789e+01 1.691552365168480421e+01 5.407605235405802091e+01
5.503500000000000000e+04 1.123078408113989894e+02 8.443780492073313937e+00 2.703786528721998295e+01 9.444276633828106071e+01 1.596874529619285887e+01 5.045091848566411841e+01
5.503600000000000000e+04 1.224900979946000490e+02 8.443780492073313937e+00 2.587582421390689191e+01 9.016734043138536947e+01 1.512367877641758973e+01 4.712178857877579219e+01
5.503700000000000000e+04 9.838049061193397904e+01 8.443780492073313937e+00 2.480349890787122646e+01 8.659512323480610974e+01 1.434788638676704053e+01 4.429376730426811548e+01
5.503900000000000000e+04 1.181062423136565087e+02 8.443780492073313937e+00 2.262093664069319132e+01 8.066416658444711629e+01 1.282170619571031622e+01 3.957883260177526807e+01
5.504000000000000000e+04 8.424882782344593579e+01 8.443780492073313937e+00 2.157987357599392197e+01 7.760713380385369931e+01 1.210962883225882791e+01 3.731855267309912705e+01
5.504200000000000000e+04 9.359651823829042883e+01 8.443780492073313937e+00 1.965802058827841492e+01 7.075637961958126709e+01 1.081543224929825442e+01 3.271773254434290834e+01
5.504400000000000000e+04 8.531243585823771980e+01 8.443780492073313937e+00 1.787052014296949665e+01 6.409828199541979643e+01 9.643386980885679804e+00 2.854297894679026371e+01
5.504500000000000000e+04 6.448066033356884930e+01 8.443780492073313937e+00 1.698892251312852864e+01 6.098815804420311792e+01 9.080561577061848411e+00 2.666500433685580873e+01
5.504600000000000000e+04 7.487281976074288536e+01 8.443780492073313937e+00 1.609392463561007602e+01 5.796534667186216438e+01 8.521234229400151960e+00 2.489149440869678642e+01
5.504700000000000000e+04 8.715200224849222366e+01 8.443780492073313937e+00 1.517549699131132179e+01 5.501549423972322472e+01 7.960046289989414880e+00 2.321090328009672277e+01
5.504800000000000000e+04 7.249613181825083075e+01 8.443780492073313937e+00 1.425670181035056672e+01 5.213862152210649015e+01 7.409034476823465276e+00 2.161844031349393802e+01
5.505000000000000000e+04 5.078057210481725292e+01 8.443780492073313937e+00 1.232347504765244572e+01 4.669724650937781263e+01 6.288194800073795498e+00 1.871774791379593239e+01
5.505200000000000000e+04 5.614425060190415451e+01 8.443780492073313937e+00 1.031139108257339920e+01 4.179079362338247705e+01 5.167770414954748759e+00 1.621145241296402517e+01
5.505400000000000000e+04 5.176198017372517057e+01 8.443780492073313937e+00 8.443009618413457318e+00 3.825895798976090134e+01 4.157327640826142812e+00 1.437819510393208411e+01
5.505600000000000000e+04 5.932686653993694392e+01 8.443780492073313937e+00 6.851263024891855125e+00 3.527377884273911945e+01 3.315520380235053022e+00 1.285512695995495314e+01
5.505800000000000000e+04 3.166162367051613558e+01 8.443780492073313937e+00 5.527815831295112226e+00 3.264717512797579957e+01 2.629827455937498115e+00 1.154838137434221323e+01
5.506000000000000000e+04 4.218777606401977209e+01 8.443780492073313937e+00 4.403045596772586556e+00 2.995354252194890421e+01 2.059888564189253035e+00 1.029318450742000302e+01
5.506100000000000000e+04 3.162186309452942012e+01 8.443780492073313937e+00 3.913918731895710490e+00 2.871726767288317461e+01 1.815959130283463896e+00 9.729525124930155755e+00
5.506200000000000000e+04 2.652721426959473305e+01 8.443780492073313937e+00 3.469975959095920270e+00 2.751575016309330124e+01 1.596812745279095003e+00 9.193117411903516611e+00
5.506400000000000000e+04 3.477514992695135021e+01 8.443780492073313937e+00 2.698740747202375889e+00 2.521463749157630119e+01 1.221917543613490142e+00 8.196878933752826057e+00
5.506500000000000000e+04 1.827765436013267220e+01 8.443780492073313937e+00 2.366729376440640298e+00 2.406350434087797296e+01 1.063036946060080368e+00 7.718477340502571948e+00
5.506700000000000000e+04 3.330819615291834879e+01 8.443780492073313937e+00 1.807361904334799929e+00 2.165602301188559764e+01 7.990344961129509649e-01 6.766039346491002249e+00
5.506800000000000000e+04 3.527814399500297071e+01 8.443780492073313937e+00 1.572605881750261725e+00 2.041844132936205014e+01 6.898283870746817481e-01 6.297679305299944907e+00
5.506900000000000000e+04 1.321051580090227162e+01 8.443780492073313937e+00 1.362607139938026624e+00 1.914858192025412365e+01 5.930877954916861095e-01 5.831334425125919374e+00
5.507100000000000000e+04 1.950051372079793666e+01 8.443780492073313937e+00 1.013813688194909801e+00 1.635789994481915954e+01 4.345486239456022304e-01 4.858612330976595395e+00
5.507300000000000000e+04 2.458103420736672007e+01 8.443780492073313937e+00 7.483535974350519204e-01 1.363612641927054092e+01 3.159510589642119949e-01 3.952695855619067888e+00
5.507400000000000000e+04 2.075351981827674308e+01 8.443780492073313937e+00 6.417370822831860444e-01 1.233748985086184824e+01 2.689201451984696289e-01 3.533728494702221390e+00
5.507500000000000000e+04 6.926910532651063157e+00 8.443780492073313937e+00 5.483647953084387350e-01 1.114073157595050034e+01 2.280935985444418612e-01 3.153446761038001700e+00
5.507800000000000000e+04 1.375933546890707504e+01 8.443780492073313937e+00 3.393844482904440629e-01 8.175675346993449111e+00 1.381047141620609098e-01 2.235353337546873043e+00
5.508000000000000000e+04 -8.637121588797516125e+00 8.443780492073313937e+00 2.455535598936016140e-01 6.549238679470817281e+00 9.849760017656127020e-02 1.750905279560864836e+00
5.508100000000000000e+04 1.006495083960828829e+01 8.443780492073313937e+00 2.088638771940533323e-01 5.837778744274618958e+00 8.318738014801362046e-02 1.543565260740944023e+00
5.508200000000000000e+04 8.827511675385105505e+00 8.443780492073313937e+00 1.774351070736910341e-01 5.189645211519050783e+00 7.017301316464903682e-02 1.357290833487230675e+00
5.508400000000000000e+04 1.263412542220963175e+01 8.443780492073313937e+00 1.278566719370035631e-01 4.057488004814168825e+00 4.986444254227592049e-02 1.038629912071466377e+00
5.508500000000000000e+04 6.533319808943198304e+00 8.443780492073313937e+00 1.085093992201920376e-01 3.567429561771894964e+00 4.202762805578161287e-02 9.035814041510683570e-01
5.508800000000000000e+04 7.924192791483180009e-01 8.443780492073313937e+00 6.689309660485380504e-02 2.388025344950464923e+00 2.538464199561750803e-02 5.863541290134794970e-01
5.508900000000000000e+04 3.011432963960305020e+00 8.443780492073313937e+00 5.692331260905365842e-02 2.074064460679633903e+00 2.145658115601357940e-02 5.041246261679331875e-01
5.509000000000000000e+04 -4.016409613023946612e+00 8.443780492073313937e+00 4.844260642230432956e-02 1.794820161835307459e+00 1.813835800367798873e-02 4.318922875128805017e-01
5.509100000000000000e+04 8.866784964786107892e+00 8.443780492073313937e+00 4.123829031776254928e-02 1.550317287838070213e+00 1.533876746194622574e-02 3.693663303537618181e-01
5.509300000000000000e+04 7.103412092877451123e+00 8.443780492073313937e+00 2.983548533554453153e-02 1.149505165001508011e+00 1.095262713745783802e-02 2.685584001195801540e-01
5.509500000000000000e+04 1.206796317412394259e+01 8.443780492073313937e+00 2.160764623158225109e-02 8.459595499546087582e-01 7.830004347216196550e-03 1.938795587627756278e-01
5.509600000000000000e+04 1.599197710780854820e+00 8.443780492073313937e+00 1.837737517097945764e-02 7.226107558687583365e-01 6.616827885050855125e-03 1.640489778732280302e-01
5.509700000000000000e+04 -4.988586034892963816e+00 8.443780492073313937e+00 1.563263448168316500e-02 6.169866705195694578e-01 5.592785077591702451e-03 1.387618763608040040e-01
5.509800000000000000e+04 2.923372763998608903e+00 8.443780492073313937e+00 1.330755711791559333e-02 5.268292703417369882e-01 4.730874821351913062e-03 1.173890070377517636e-01
5.509900000000000000e+04 -2.153790961469623788e+00 8.443780492073313937e+00 1.131838828757318442e-02 4.492052161778966601e-01 3.998454947828823484e-03 9.917510118528233276e-02
5.510100000000000000e+04 -4.617358121220301648e+00 8.443780492073313937e+00 8.189167013045272128e-03 3.261437165021524032e-01 2.857113554350843541e-03 7.070927312581157254e-02
5.510400000000000000e+04 5.915754614507083176e+00 8.443780492073313937e+00 5.041770192464418640e-03 2.007778679114179954e-01 1.726894476100850886e-03 4.238477616093452860e-02
5.510700000000000000e+04 -2.724906374641409812e+01 8.443780492073313937e+00 3.084454146274029709e-03 1.240274117538896770e-01 1.037530654529236849e-03 2.551166821723855130e-02
5.510800000000000000e+04 -1.019680147205064946e+00 8.443780492073313937e+00 2.619185269140605638e-03 1.057943118249165121e-01 8.757902202812570909e-04 2.157694569627488165e-02
5.510900000000000000e+04 -7.902094552697514374e+00 8.443780492073313937e+00 2.222530834288339707e-03 9.018081958254503538e-02 7.387683124515371895e-04 1.823809398261154111e-02
5.511000000000000000e+04 -5.485110433631020799e-01 8.443780492073313937e+00 1.885622405387794723e-03 7.687468983617269658e-02 6.230988444615148105e-04 1.541760430312628938e-02
5.511100000000000000e+04 2.037500124125906709e+01 8.443780492073313937e+00 1.600701927152650824e-03 6.555072581251765451e-02 5.258591276927242816e-04 1.303795234265428885e-02
5.511400000000000000e+04 -1.719559769847550612e+01 8.443780492073313937e+00 9.789063155202985637e-04 4.053955158083564353e-02 3.160519228810185948e-04 7.868315024040898470e-03
