5.497600000000000000e+04 -4.186493419136001037e+00 6.200801915326382918e+00 1.164140563987932975e+00 9.520325756554123191e-19 1.164140563987932975e+00 9.520325756554123191e-19
5.497900000000000000e+04 4.149072898884855753e+00 6.200801915326382918e+00 4.289077145657377521e+00 9.520325755457423570e-19 4.289077145657377521e+00 9.520325755457423570e-19
5.498300000000000000e+04 1.251296401936507685e+01 6.200801915326382918e+00 1.143383206421574805e+01 9.520325752878383818e-19 1.143383206421574805e+01 9.520325752878383818e-19
5.499200000000000000e+04 4.137430584604450701e+01 6.200801915326382918e+00 3.733751665722944324e+01 9.520325735306638118e-19 3.733751665722944324e+01 9.520325735306638118e-19
5.499500000000000000e+04 4.197926222571979338e+01 6.200801915326382918e+00 4.526446668391263017e+01 4.750117470036630540e-01 4.526446668391263017e+01 4.750117470036630540e-01
5.499600000000000000e+04 3.475720190456190295e+01 6.200801915326382918e+00 4.750204251648135312e+01 9.895194793897428287e-01 4.750204251648135312e+01 9.895194793897428287e-01
5.499800000000000000e+04 5.523326394893491198e+01 6.200801915326382918e+00 5.346448142960095851e+01 2.578142529034766373e+00 5.091672227927872996e+01 2.578142529034766373e+00
5.500200000000000000e+04 7.426106333347313182e+01 6.200801915326382918e+00 6.728235804392191710e+01 7.908141692815705781e+00 5.381775602163734362e+01 7.908141692815705781e+00
5.500700000000000000e+04 9.805711054477903588e+01 6.200801915326382918e+00 7.817901251569979593e+01 1.873915206413802537e+01 5.210622193247517231e+01 1.873915206413802537e+01
5.501100000000000000e+04 1.055789497973381543e+02 6.200801915326382918e+00 8.143943239747029850e+01 2.925015122101504517e+01 4.789065290588005297e+01 2.925015122101504517e+01
5.501600000000000000e+04 1.170712566424328287e+02 6.200801915326382918e+00 7.864535894322237652e+01 4.190411772909796895e+01 4.031611703369087962e+01 4.037673613900914660e+01
5.502200000000000000e+04 1.270704869944543418e+02 6.200801915326382918e+00 7.134911703297268559e+01 5.266692127355499053e+01 3.169741694238675578e+01 4.574509261839173746e+01
5.502800000000000000e+04 1.238014748752077736e+02 6.200801915326382918e+00 6.716383046316428818e+01 5.510423534021678194e+01 2.632666932167046880e+01 4.356762408364564010e+01
5.503000000000000000e+04 1.212213141280855524e+02 6.200801915326382918e+00 6.635340602833394996e+01 5.440811392545836611e+01 2.502725028100064719e+01 4.176802187811291844e+01
5.503300000000000000e+04 1.155309016204886632e+02 6.200801915326382918e+00 6.481966854853898496e+01 5.186439353952403764e+01 2.313864568316503068e+01 3.815330090771893623e+01
5.503800000000000000e+04 1.166352471322824442e+02 6.200801915326382918e+00 5.960003849460058234e+01 4.595915601744275136e+01 1.953108020902245556e+01 3.161009712206207212e+01
5.504200000000000000e+04 1.151742101727969469e+02 6.200801915326382918e+00 5.387682931404182796e+01 4.121159537020078290e+01 1.656882135661357935e+01 2.694280440102873797e+01
5.504400000000000000e+04 8.457860123776319483e+01 6.200801915326382918e+00 5.084827267893219727e+01 3.941467316550570388e+01 1.517055024046465839e+01 2.514614836259477570e+01
5.504600000000000000e+04 7.871756122029033520e+01 6.200801915326382918e+00 4.799812690894464851e+01 3.798760260296582203e+01 1.390504162668881349e+01 2.366457079047457057e+01
5.505000000000000000e+04 7.981463852961825012e+01 6.200801915326382918e+00 4.340133663003775411e+01 3.575824311611410877e+01 1.188425964160150627e+01 2.127316273885055153e+01
5.505600000000000000e+04 7.493536954032170172e+01 6.200801915326382918e+00 3.932793313167637450e+01 3.206440560421385300e+01 9.950825172612551839e+00 1.786921713993679006e+01
5.505900000000000000e+04 6.664411595418511070e+01 6.200801915326382918e+00 3.772370822715645033e+01 2.956879215103800362e+01 9.195652533626304859e+00 1.597332410025009253e+01
5.506300000000000000e+04 6.555769293836956990e+01 6.200801915326382918e+00 3.600105445977897745e+01 2.596505549272271196e+01 8.367487622413662507e+00 1.347579353739864416e+01
5.506500000000000000e+04 5.132143926172886950e+01 6.200801915326382918e+00 3.526529711242406506e+01 2.424899465035555934e+01 8.010164788539839265e+00 1.234283857320632016e+01
5.506700000000000000e+04 6.656655998469075541e+01 6.200801915326382918e+00 3.453597982157974400e+01 2.270202403580635320e+01 7.670155917078735897e+00 1.133713063202608851e+01
5.507000000000000000e+04 5.236551255513299452e+01 6.200801915326382918e+00 3.350197092920877395e+01 2.080116867162680450e+01 7.200455628366551508e+00 1.010162069536128193e+01
5.507400000000000000e+04 4.920035729061994090e+01 6.200801915326382918e+00 3.204718984526670766e+01 1.908906326830495814e+01 6.603708294373577203e+00 8.941650930150663257e+00
5.507900000000000000e+04 5.160314742594120929e+01 6.200801915326382918e+00 2.980441989513267842e+01 1.742581328628678250e+01 5.840457257125583723e+00 7.816304653582359485e+00
5.508300000000000000e+04 4.025780740513837230e+01 6.200801915326382918e+00 2.733903543155573956e+01 1.639453283663555538e+01 5.155149271873892936e+00 7.112364479051613841e+00
5.509100000000000000e+04 3.847410761181077987e+01 6.200801915326382918e+00 1.971778908171760492e+01 1.472414056776861635e+01 3.457107999615824934e+00 5.994224438293109358e+00
