5.497600000000000000e+04 -3.961756400113026988e+00 5.940356191997577362e+00 1.164140563987932975e+00 9.520325756554123191e-19 1.164140563987932975e+00 9.520325756554123191e-19
5.497900000000000000e+04 4.154953349158496678e+00 5.940356191997577362e+00 4.289077145657377521e+00 9.520325755457423570e-19 4.289077145657377521e+00 9.520325755457423570e-19
5.498300000000000000e+04 1.246763838141308511e+01 5.940356191997577362e+00 1.143383206421574805e+01 9.520325752878383818e-19 1.143383206421574805e+01 9.520325752878383818e-19
5.499200000000000000e+04 4.120475286006567472e+01 5.940356191997577362e+00 3.733751665722944324e+01 9.520325735306638118e-19 3.733751665722944324e+01 9.520325735306638118e-19
5.499500000000000000e+04 4.213719860924052796e+01 5.940356191997577362e+00 4.526446668391263017e+01 4.750117470036630540e-01 4.526446668391263017e+01 4.750117470036630540e-01
5.499600000000000000e+04 3.533407170257915197e+01 5.940356191997577362e+00 4.750204251648135312e+01 9.895194793897428287e-01 4.750204251648135312e+01 9.895194793897428287e-01
5.499800000000000000e+04 5.395499576793326213e+01 5.940356191997577362e+00 5.215221855629364001e+01 2.578142529034766373e+00 5.091672227927872996e+01 2.578142529034766373e+00
5.500200000000000000e+04 6.736494932196454499e+01 5.940356191997577362e+00 6.034720589837165505e+01 7.908141692815705781e+00 5.381775602163734362e+01 7.908141692815705781e+00
5.500700000000000000e+04 8.458007734980249381e+01 5.940356191997577362e+00 6.474981726325425768e+01 1.873915206413802537e+01 5.210622193247517231e+01 1.873915206413802537e+01
5.501100000000000000e+04 8.851378703005843818e+01 5.940356191997577362e+00 6.415961308408685682e+01 2.925015122101504517e+01 4.789065290588005297e+01 2.925015122101504517e+01
5.501600000000000000e+04 9.980182603236129069e+01 5.940356191997577362e+00 5.890328830301640295e+01 4.423066576275341077e+01 4.031611703369087962e+01 4.037673613900914660e+01
5.502200000000000000e+04 1.170624834494973214e+02 5.940356191997577362e+00 5.092589379155644025e+01 6.321043374710347962e+01 3.169741694238675578e+01 4.574509261839173746e+01
5.502800000000000000e+04 1.202761267526516633e+02 5.940356191997577362e+00 4.613001711763185142e+01 7.267710672231969227e+01 2.632666932167046880e+01 4.356762408364564010e+01
5.503000000000000000e+04 1.191700467838883810e+02 5.940356191997577362e+00 4.506772842537766621e+01 7.366183643252684021e+01 2.502725028100064719e+01 4.176802187811291844e+01
5.503300000000000000e+04 1.149959781053942862e+02 5.940356191997577362e+00 4.335121113144547422e+01 7.274949246227490107e+01 2.313864568316503068e+01 3.815330090771893623e+01
5.503800000000000000e+04 1.173887588714106300e+02 5.940356191997577362e+00 3.896189994700156944e+01 6.781602202557139947e+01 1.953108020902245556e+01 3.161009712206207212e+01
5.504200000000000000e+04 1.168490997017529054e+02 5.940356191997577362e+00 3.466076106308701554e+01 6.294619515023155287e+01 1.656882135661357935e+01 2.694280440102873797e+01
5.504400000000000000e+04 8.817518469554839555e+01 5.940356191997577362e+00 3.247190827484693187e+01 6.114886751404808507e+01 1.517055024046465839e+01 2.514614836259477570e+01
5.504600000000000000e+04 8.327988681694084505e+01 5.940356191997577362e+00 3.043795445436013836e+01 5.980482347008249633e+01 1.390504162668881349e+01 2.366457079047457057e+01
5.505000000000000000e+04 8.561782289357481091e+01 5.940356191997577362e+00 2.716797720834279772e+01 5.782230064289337435e+01 1.188425964160150627e+01 2.127316273885055153e+01
5.505600000000000000e+04 8.127790668724377099e+01 5.940356191997577362e+00 2.419679795551802215e+01 5.368689210217635122e+01 9.950825172612551839e+00 1.786921713993679006e+01
5.505900000000000000e+04 7.268650822660306687e+01 5.940356191997577362e+00 2.302989059155776275e+01 5.027776865398669059e+01 9.195652533626304859e+00 1.597332410025009253e+01
5.506300000000000000e+04 7.019771632518902038e+01 5.940356191997577362e+00 2.176795718559426618e+01 4.498902961452487403e+01 8.367487622413662507e+00 1.347579353739864416e+01
5.506500000000000000e+04 5.576314809748364354e+01 5.940356191997577362e+00 2.122711840499498948e+01 4.238476647674988129e+01 8.010164788539839265e+00 1.234283857320632016e+01
5.506700000000000000e+04 6.964838935033917267e+01 5.940356191997577362e+00 2.069832045482614902e+01 4.001333024300692642e+01 7.670155917078735897e+00 1.133713063202608851e+01
5.507000000000000000e+04 5.519772764299039380e+01 5.940356191997577362e+00 1.995496746278848121e+01 3.709900312682334089e+01 7.200455628366551508e+00 1.010162069536128193e+01
5.507400000000000000e+04 5.163341565054216886e+01 5.940356191997577362e+00 1.894212997228240525e+01 3.454587011684817099e+01 6.603708294373577203e+00 8.941650930150663257e+00
5.507900000000000000e+04 5.371392352754916288e+01 5.940356191997577362e+00 1.746140918974366585e+01 3.206327098440740286e+01 5.840457257125583723e+00 7.816304653582359485e+00
5.508300000000000000e+04 4.311648574429665359e+01 5.940356191997577362e+00 1.591288073033744510e+01 3.053337717031625687e+01 5.155149271873892936e+00 7.112364479051613841e+00
5.509100000000000000e+04 4.322707139997487502e+01 5.940356191997577362e+00 1.134247304133213419e+01 2.802177970182871292e+01 3.457107999615824934e+00 5.994224438293109358e+00
