5.497400000000000000e+04 2.822206420915652991e+00 5.473505292295662628e+00 2.872527343123094101e-01 9.260775751072001066e-19 2.872527343123094101e-01 9.260775751072001066e-19
5.497600000000000000e+04 -3.386803100333433569e+00 5.473505292295662628e+00 1.958814406946931541e+00 9.260775358043454047e-19 1.958814406946931541e+00 9.260775358043454047e-19
5.498000000000000000e+04 1.028956199364295188e+01 5.473505292295662628e+00 9.740658635389692677e+00 9.260774071422035432e-19 9.740658635389692677e+00 9.260774071422035432e-19
5.498100000000000000e+04 8.639507681681106277e+00 5.473505292295662628e+00 1.261836908227294352e+01 9.260773599158055384e-19 1.261836908227294352e+01 9.260773599158055384e-19
5.498500000000000000e+04 2.934650943206549911e+01 5.473505292295662628e+00 2.761301931683333422e+01 9.260770735731008535e-19 2.761301931683333422e+01 9.260770735731008535e-19
5.498700000000000000e+04 3.350023435606360778e+01 5.473505292295662628e+00 3.698113532148148863e+01 9.260768451280118463e-19 3.698113532148148863e+01 9.260768451280118463e-19
5.498800000000000000e+04 4.625164958255271586e+01 5.473505292295662628e+00 4.209516568424355398e+01 9.260767003861789973e-19 4.209516568424355398e+01 9.260767003861789973e-19
5.498900000000000000e+04 4.941366814890319858e+01 5.473505292295662628e+00 4.711547825657126509e+01 9.260765305301220290e-19 4.711547825657126509e+01 9.260765305301220290e-19
5.499300000000000000e+04 6.636214283808580205e+01 5.473505292295662628e+00 6.549985504210982867e+01 -1.319528255753682142e-02 6.549985504210982867e+01 -1.319528255753682142e-02
5.499500000000000000e+04 6.593621533358431464e+01 5.473505292295662628e+00 6.925870503056015082e+01 7.975107901015551226e-01 6.925870503056015082e+01 7.975107901015551226e-01
5.499700000000000000e+04 8.387106002617277056e+01 5.473505292295662628e+00 7.445130928304081408e+01 2.848116343879942391e+00 6.841287481237441170e+01 2.848116343879942391e+00
5.499900000000000000e+04 8.377009408341145047e+01 5.473505292295662628e+00 7.653064600370606740e+01 6.151757690667355227e+00 6.504780932565140006e+01 6.151757690667355227e+00
5.500000000000000000e+04 9.443062328464287702e+01 5.473505292295662628e+00 7.715554880712736008e+01 8.279559840081237354e+00 6.320798198309262261e+01 8.279559840081237354e+00
5.500200000000000000e+04 8.840003738004853062e+01 5.473505292295662628e+00 7.741151727121609838e+01 1.348602709029784208e+01 5.914124484496770862e+01 1.348602709029784208e+01
5.500300000000000000e+04 8.496552061329754224e+01 5.473505292295662628e+00 7.615655239203377391e+01 1.655460456555931259e+01 5.628475033544589223e+01 1.655460456555931259e+01
5.500500000000000000e+04 9.812305242345064471e+01 5.473505292295662628e+00 7.207522051379895345e+01 2.347106641930833248e+01 5.000629460476246635e+01 2.347106641930833248e+01
5.500700000000000000e+04 1.037104178476826064e+02 5.473505292295662628e+00 6.814838649946530325e+01 3.143396502325926178e+01 4.455343955827151348e+01 3.143396502325926178e+01
5.500900000000000000e+04 1.024083719137006909e+02 5.473505292295662628e+00 6.370741611396112347e+01 4.004815651808557675e+01 3.937777404403901471e+01 4.004815651808557675e+01
5.501000000000000000e+04 1.055180187183540994e+02 5.473505292295662628e+00 6.126797215922491802e+01 4.412970439257524191e+01 3.686434766411487374e+01 4.412970439257524191e+01
5.501300000000000000e+04 1.084119039436780270e+02 5.473505292295662628e+00 5.379522906011988681e+01 5.567487678579335153e+01 2.997981993502793685e+01 5.567487678579335153e+01
5.501600000000000000e+04 9.904885663448534672e+01 5.473505292295662628e+00 4.391383821583939095e+01 5.886745091931879159e+01 2.279133005233092391e+01 5.880964673200113424e+01
5.501700000000000000e+04 9.579863389830485687e+01 5.473505292295662628e+00 4.084479392189076918e+01 5.823667870940077762e+01 2.072381963252022885e+01 5.815094359051825279e+01
5.501800000000000000e+04 9.513181359504093848e+01 5.473505292295662628e+00 3.798582069502031544e+01 5.698345282224519792e+01 1.885112345149930135e+01 5.687165416562561404e+01
5.501900000000000000e+04 8.460140026186728335e+01 5.473505292295662628e+00 3.519021982549655547e+01 5.542650128295502299e+01 1.708947422377729097e+01 5.529063792680368294e+01
5.502000000000000000e+04 8.329030726876571578e+01 5.473505292295662628e+00 3.248880014341117572e+01 5.388520936415618934e+01 1.544652967884242400e+01 5.372678468562872922e+01
5.502200000000000000e+04 6.942911594662506047e+01 5.473505292295662628e+00 2.754590418226409909e+01 5.046770051312946492e+01 1.256901635586821442e+01 5.027005811822255055e+01
5.502300000000000000e+04 7.109291829924764272e+01 5.473505292295662628e+00 2.529185416551414178e+01 4.805364618959310263e+01 1.131270102647213349e+01 4.784203778512900840e+01
5.502400000000000000e+04 6.703530631744575885e+01 5.473505292295662628e+00 2.321088417471256093e+01 4.530783932472747466e+01 1.018094207449878574e+01 4.508626217801651848e+01
5.502500000000000000e+04 6.148830316002451468e+01 5.473505292295662628e+00 2.131739031128449824e+01 4.273513295069437135e+01 9.172838121572022274e+00 4.250535041404809533e+01
5.502800000000000000e+04 4.610546901563430566e+01 5.473505292295662628e+00 1.649786371954223441e+01 3.589741489171204591e+01 6.716370971383953226e+00 3.565211684480627952e+01
5.502900000000000000e+04 4.674669026735902833e+01 5.473505292295662628e+00 1.518188238137955715e+01 3.371784936938247768e+01 6.071543353043900915e+00 3.347110793743316037e+01
5.503100000000000000e+04 4.310292303281554638e+01 5.473505292295662628e+00 1.296046983571303635e+01 2.953036152393512737e+01 5.006434182654020404e+00 2.928568905648892340e+01
5.503300000000000000e+04 2.969912285283158937e+01 5.473505292295662628e+00 1.122276711649577585e+01 2.572079506604895371e+01 4.192249869357422831e+00 2.548284694477374757e+01
5.503400000000000000e+04 4.231244110452716711e+01 5.473505292295662628e+00 1.054386123486963633e+01 2.367979013661193122e+01 3.874767751706000407e+00 2.344930616647468113e+01
5.503500000000000000e+04 3.136568013959429635e+01 5.473505292295662628e+00 9.948789171249520891e+00 2.156532226482996606e+01 3.597735703756966164e+00 2.134503123016181902e+01
5.503700000000000000e+04 2.980877181241346108e+01 5.473505292295662628e+00 8.975418622083433107e+00 1.781435862541531634e+01 3.145344712025503142e+00 1.761524668764219470e+01
5.503800000000000000e+04 3.139870070759495491e+01 5.473505292295662628e+00 8.586122612953277056e+00 1.621244898667640655e+01 2.963093496324381348e+00 1.602345493377440633e+01
5.503900000000000000e+04 2.954403329398182620e+01 5.473505292295662628e+00 8.243444428037300042e+00 1.470452438286256935e+01 2.802157021713587159e+00 1.452605309021069679e+01
5.504000000000000000e+04 2.263310016671116287e+01 5.473505292295662628e+00 7.923180084417618119e+00 1.329731621946129572e+01 2.653484246384680389e+00 1.312955022701605934e+01
5.504100000000000000e+04 1.869381403722432466e+01 5.473505292295662628e+00 7.616129354455591027e+00 1.200990679791461524e+01 2.513503025968822246e+00 1.185263194194796199e+01
5.504300000000000000e+04 2.087369865043116945e+01 5.473505292295662628e+00 7.037350005163269806e+00 9.752841115965424024e+00 2.256754227528354306e+00 9.615795872501312402e+00
5.504400000000000000e+04 1.610311013988840401e+01 5.473505292295662628e+00 6.735996868328471443e+00 8.781388484419906604e+00 2.129971270706062736e+00 8.653800763323966194e+00
5.504500000000000000e+04 1.110490110994325974e+01 5.473505292295662628e+00 6.422845554592522710e+00 7.915698355244635387e+00 2.002998789726357476e+00 7.796912403336219377e+00
5.504600000000000000e+04 8.775841256418726033e+00 5.473505292295662628e+00 6.119428350653837612e+00 7.129722894636542740e+00 1.882468299899572761e+00 7.019333690942685777e+00
5.504700000000000000e+04 7.617981144440886254e+00 5.473505292295662628e+00 5.825494201974952269e+00 6.425731103570741176e+00 1.768044749775525615e+00 6.323182351501767329e+00
5.504900000000000000e+04 -5.581333242938750772e-01 5.473505292295662628e+00 5.247431675410823004e+00 5.249581969459552688e+00 1.551051834533994978e+00 5.160811850087315023e+00
5.505000000000000000e+04 4.202160851229869820e+00 5.473505292295662628e+00 4.930737696759442734e+00 4.761901547796157708e+00 1.438675292267899364e+00 4.679117401183376046e+00
5.505100000000000000e+04 1.000075040942477855e+01 5.473505292295662628e+00 4.599984995194190240e+00 4.332849263524068739e+00 1.325106192803267691e+00 4.255469055255916899e+00
5.505300000000000000e+04 1.118898446882468534e+00 5.473505292295662628e+00 3.946860031408348846e+00 3.631710929907753016e+00 1.108770342350714921e+00 3.563412388953809184e+00
5.505400000000000000e+04 1.219694950865084948e+00 5.473505292295662628e+00 3.625098521878205915e+00 3.358297453567232083e+00 1.005908494057323077e+00 3.293552588950100279e+00
5.505500000000000000e+04 1.539733284860236751e+01 5.473505292295662628e+00 3.318895330717257064e+00 3.119694082307107763e+00 9.098004280595362037e-01 3.058075348193420417e+00
5.505700000000000000e+04 5.146485320572847577e+00 5.473505292295662628e+00 2.753165954357200018e+00 2.730041433101513260e+00 7.368888778080757707e-01 2.673543005221677760e+00
5.505800000000000000e+04 5.059023566179607911e+00 5.473505292295662628e+00 2.485228219594206589e+00 2.573091986668063491e+00 6.574095826676078502e-01 2.518629471875724057e+00
5.505900000000000000e+04 -5.046495384345139890e+00 5.473505292295662628e+00 2.229683572288462923e+00 2.434508480150546550e+00 5.830050588127172473e-01 2.381833468456548975e+00
5.506100000000000000e+04 8.485612929775797397e+00 5.473505292295662628e+00 1.762696349191333223e+00 2.185826409908967705e+00 4.505027589097987395e-01 2.136477572073498532e+00
5.506300000000000000e+04 2.471036542330113051e+00 5.473505292295662628e+00 1.366533420061730064e+00 1.964434501356812968e+00 3.415482990769190819e-01 1.918241093399101205e+00
5.506400000000000000e+04 7.506200684915649290e+00 5.473505292295662628e+00 1.199505785527105850e+00 1.854963634093688141e+00 2.965309531914898100e-01 1.810475580100153081e+00
5.506700000000000000e+04 9.066333309353673542e+00 5.473505292295662628e+00 7.937000393685339494e-01 1.541982359890045950e+00 1.899928740845295005e-01 1.502838037309196739e+00
5.506800000000000000e+04 -6.978781176398287656e+00 5.473505292295662628e+00 6.881343624736817599e-01 1.447524127935884142e+00 1.630009885761951050e-01 1.410102290207875919e+00
5.506900000000000000e+04 4.345958394357291255e+00 5.473505292295662628e+00 5.951566826733426518e-01 1.354030035567091339e+00 1.395185175518027509e-01 1.318394059353895864e+00
5.507000000000000000e+04 -9.034623024179243345e+00 5.473505292295662628e+00 5.135508205185588260e-01 1.256529066342130685e+00 1.191554736916271978e-01 1.222873998427714382e+00
5.507200000000000000e+04 5.670026239460144168e+00 5.473505292295662628e+00 3.808694740595469086e-01 1.061882116872876924e+00 8.659693020465177027e-02 1.032452882208663159e+00
5.507400000000000000e+04 7.620652944645295079e+00 5.473505292295662628e+00 2.808499335678582565e-01 8.802343410763545650e-01 6.259957145868536021e-02 8.550222199487245156e-01
5.507600000000000000e+04 -1.862201743283488753e+00 5.473505292295662628e+00 2.039709870705576911e-01 7.193344600926037113e-01 4.458659039435906163e-02 6.980644381929893560e-01
5.507800000000000000e+04 6.618860114692809660e+00 5.473505292295662628e+00 1.476187674242840087e-01 5.763739679872995625e-01 3.165759871947924908e-02 5.587981452674666283e-01
5.508000000000000000e+04 2.616568167412983037e+00 5.473505292295662628e+00 1.065669707148587109e-01 4.508008355185789684e-01 2.242927217941729015e-02 4.366381267694606771e-01
5.508200000000000000e+04 5.704558289445668784e+00 5.473505292295662628e+00 7.671343272670670677e-02 3.452670697134828659e-01 1.585148843184322476e-02 3.341018188315121318e-01
5.508300000000000000e+04 -1.147979349006212857e+01 5.473505292295662628e+00 6.507088148314989218e-02 3.001607177298621920e-01 1.332425287277213925e-02 2.903160542153811474e-01
5.508400000000000000e+04 -5.829126714934363740e+00 5.473505292295662628e+00 5.513053357641113650e-02 2.607222811938679219e-01 1.118771474028273233e-02 2.520513102127663885e-01
5.508600000000000000e+04 1.427675342559751037e+01 5.473505292295662628e+00 3.967810009514447650e-02 1.945669929641273832e-01 7.910245647124551638e-03 1.879176194082168572e-01
5.508900000000000000e+04 6.917951729403830186e+00 5.473505292295662628e+00 2.449805424463285738e-02 1.229618603848156438e-01 4.758348966942117439e-03 1.185907399190323230e-01
5.509000000000000000e+04 -7.092077527853430929e+00 5.473505292295662628e+00 2.085230931791741751e-02 1.050650734380781659e-01 4.015798901434460173e-03 1.012821526378831216e-01
5.509200000000000000e+04 -3.938241227972416159e+00 5.473505292295662628e+00 1.510497958830601603e-02 7.642899919843575141e-02 2.860340487345981557e-03 7.360739067395399848e-02
5.509300000000000000e+04 7.129260647912961879e+00 5.473505292295662628e+00 1.285669853423667373e-02 6.504607731591702247e-02 2.414419350363810127e-03 6.261506768650819399e-02
5.509500000000000000e+04 -2.470482378956767366e+00 5.473505292295662628e+00 9.308483574985794429e-03 4.675014593527395540e-02 1.719580412830072277e-03 4.496038203067134059e-02
5.509600000000000000e+04 4.830107090740419551e+00 5.473505292295662628e+00 7.923256067247374385e-03 3.942587870308458808e-02 1.451847290194205504e-03 3.789860183520520065e-02
5.509700000000000000e+04 3.908967327938311254e+00 5.473505292295662628e+00 6.742821486796021432e-03 3.326469367152586065e-02 1.225634575374692737e-03 3.196098953721650954e-02
5.509800000000000000e+04 2.048829439729503488e+00 5.473505292295662628e+00 5.735039493917845795e-03 2.801981273726518451e-02 1.034155386379047173e-03 2.690895891155736103e-02
5.510000000000000000e+04 -2.557858483290732732e+00 5.473505292295662628e+00 4.154286180811129180e-03 1.987065542984578145e-02 7.373742460977353481e-04 1.906488135250469784e-02
5.510100000000000000e+04 9.428888903884210748e+00 5.473505292295662628e+00 3.534154108440729775e-03 1.671008453425312096e-02 6.224268341795411233e-04 1.602491851517653942e-02
5.510200000000000000e+04 1.117809463803081327e+00 5.473505292295662628e+00 3.008734228170404767e-03 1.405647504393749310e-02 5.258043306838589264e-04 1.347376516706674104e-02
5.510600000000000000e+04 -1.887682478043682388e-01 5.473505292295662628e+00 1.574002424134851716e-03 7.027711511329963467e-03 2.668395524086519138e-04 6.723708800055868025e-03
5.510900000000000000e+04 4.419733184820511696e+00 5.473505292295662628e+00 9.673171280142322257e-04 4.233430343969423089e-03 1.603886617199637324e-04 4.044596621900800083e-03
5.511100000000000000e+04 -8.262002718756425779e+00 5.473505292295662628e+00 6.995612731214198143e-04 3.019205440159695650e-03 1.143196079927424701e-04 2.881826458714869133e-03
5.511200000000000000e+04 -6.952479549240288215e+00 5.473505292295662628e+00 5.945037166555241191e-04 2.548385794007726555e-03 9.645587389153405797e-05 2.431289414244084020e-03
5.511400000000000000e+04 1.023171976374437087e+01 5.473505292295662628e+00 4.299211554418242809e-04 1.817734523823906229e-03 6.876820444588222371e-05 1.732586296944574550e-03
5.511500000000000000e+04 -1.556664313616246531e+01 5.473505292295662628e+00 3.654164954929804937e-04 1.534194370891026234e-03 5.804061642466235168e-05 1.461643350905561436e-03
5.511700000000000000e+04 -2.428261183902277409e+00 5.473505292295662628e+00 2.642863591320229722e-04 1.094524260052888442e-03 4.139733072045060849e-05 1.041789389068488794e-03
5.511800000000000000e+04 5.079652209416586350e-01 5.473505292295662628e+00 2.246303230889991538e-04 9.239602553902785155e-04 3.494412016400036890e-05 8.790320784221899346e-04
5.511900000000000000e+04 1.455193511741130985e+00 5.473505292295662628e+00 1.911240706454061730e-04 7.807074663400679661e-04 2.952906681710418518e-05 7.423979393072841892e-04
5.512000000000000000e+04 1.143653181105640959e+00 5.473505292295662628e+00 1.639764289756285957e-04 6.594188838376473238e-04 2.516312410348764490e-05 6.267681091830750026e-04
