5.497600000000000000e+04 -3.182132052704760294e+00 5.036856501700730071e+00 1.164140563987932975e+00 9.520325756554123191e-19 1.164140563987932975e+00 9.520325756554123191e-19
5.497900000000000000e+04 4.175352935425969747e+00 5.036856501700730071e+00 4.289077145657377521e+00 9.520325755457423570e-19 4.289077145657377521e+00 9.520325755457423570e-19
5.498300000000000000e+04 1.231040139810339795e+01 5.036856501700730071e+00 1.143383206421574805e+01 9.520325752878383818e-19 1.143383206421574805e+01 9.520325752878383818e-19
5.499200000000000000e+04 4.061656477863812853e+01 5.036856501700730071e+00 3.733751665722944324e+01 9.520325735306638118e-19 3.733751665722944324e+01 9.520325735306638118e-19
5.499500000000000000e+04 4.268508809567082807e+01 5.036856501700730071e+00 4.526446668391263017e+01 4.750117470036630540e-01 4.526446668391263017e+01 4.750117470036630540e-01
5.499600000000000000e+04 3.733526288048989983e+01 5.036856501700730071e+00 4.750204251648135312e+01 9.895194793897428287e-01 4.750204251648135312e+01 9.895194793897428287e-01
5.499800000000000000e+04 5.382050531259271509e+01 5.036856501700730071e+00 5.189979875438004342e+01 2.578142529034766373e+00 5.091672227927872996e+01 2.578142529034766373e+00
5.500200000000000000e+04 6.616636620234457666e+01 5.036856501700730071e+00 5.901319747183703157e+01 7.908141692815705781e+00 5.381775602163734362e+01 7.908141692815705781e+00
5.500700000000000000e+04 8.183095755214631595e+01 5.036856501700730071e+00 6.216664976348486960e+01 1.873915206413802537e+01 5.210622193247517231e+01 1.873915206413802537e+01
5.501100000000000000e+04 8.593458893920980302e+01 5.036856501700730071e+00 6.083576032797398625e+01 2.925015122101504517e+01 4.789065290588005297e+01 2.925015122101504517e+01
5.501600000000000000e+04 9.442132981530087932e+01 5.036856501700730071e+00 5.510581017441118235e+01 4.214084697937193624e+01 4.031611703369087962e+01 4.037673613900914660e+01
5.502200000000000000e+04 1.032182316629617276e+02 5.036856501700730071e+00 4.699739282585982636e+01 5.373973720815476440e+01 3.169741694238675578e+01 4.574509261839173746e+01
5.502800000000000000e+04 1.002219385211669476e+02 5.036856501700730071e+00 4.208406633584542078e+01 5.689229757115639785e+01 2.632666932167046880e+01 4.356762408364564010e+01
5.503000000000000000e+04 9.771402204906992495e+01 5.036856501700730071e+00 4.097333039475017102e+01 5.636720491698197577e+01 2.502725028100064719e+01 4.176802187811291844e+01
5.503300000000000000e+04 9.227443169977716764e+01 5.036856501700730071e+00 3.922165456252751170e+01 5.398947917642461647e+01 2.313864568316503068e+01 3.815330090771893623e+01
5.503800000000000000e+04 9.217215872646521291e+01 5.036856501700730071e+00 3.499205903325160705e+01 4.818312020326414569e+01 1.953108020902245556e+01 3.161009712206207212e+01
5.504200000000000000e+04 9.070308646270332531e+01 5.036856501700730071e+00 3.096446191439626006e+01 4.342311881029384324e+01 1.656882135661357935e+01 2.694280440102873797e+01
5.504400000000000000e+04 6.594594257538247462e+01 5.036856501700730071e+00 2.893713002490621378e+01 4.162615535242415632e+01 1.517055024046465839e+01 2.514614836259477570e+01
5.504600000000000000e+04 6.136383856625680977e+01 5.036856501700730071e+00 2.706017448152316618e+01 4.020753284477530798e+01 1.390504162668881349e+01 2.366457079047457057e+01
5.505000000000000000e+04 6.258080358334947135e+01 5.036856501700730071e+00 2.404541582756602480e+01 3.800328930504214497e+01 1.188425964160150627e+01 2.127316273885055153e+01
5.505600000000000000e+04 5.842874841090052485e+01 5.036856501700730071e+00 2.128625448013357158e+01 3.426452137387594377e+01 9.950825172612551839e+00 1.786921713993679006e+01
5.505900000000000000e+04 5.135274733526765800e+01 5.036856501700730071e+00 2.020346715736841148e+01 3.167595710553999666e+01 9.195652533626304859e+00 1.597332410025009253e+01
5.506300000000000000e+04 4.984833578792164843e+01 5.036856501700730071e+00 1.903015543287684963e+01 2.790076929099306824e+01 8.367487622413662507e+00 1.347579353739864416e+01
5.506500000000000000e+04 3.796616130252270693e+01 5.036856501700730071e+00 1.852681013548930622e+01 2.609433272440193008e+01 8.010164788539839265e+00 1.234283857320632016e+01
5.506700000000000000e+04 5.007755823633367243e+01 5.036856501700730071e+00 1.803658300316703844e+01 2.446347167428678304e+01 7.670155917078735897e+00 1.133713063202608851e+01
5.507000000000000000e+04 3.823471597287208112e+01 5.036856501700730071e+00 1.734913901097955957e+01 2.245949425779835451e+01 7.200455628366551508e+00 1.010162069536128193e+01
5.507400000000000000e+04 3.551061358065122420e+01 5.036856501700730071e+00 1.642131140422562297e+01 2.066181321541698424e+01 6.603708294373577203e+00 8.941650930150663257e+00
5.507900000000000000e+04 3.755444721918998852e+01 5.036856501700730071e+00 1.508717428555907247e+01 1.891519340510112812e+01 5.840457257125583723e+00 7.816304653582359485e+00
5.508300000000000000e+04 2.872485592361221052e+01 5.036856501700730071e+00 1.371500729736691859e+01 1.783317840527816145e+01 5.155149271873892936e+00 7.112364479051613841e+00
5.509100000000000000e+04 2.908393735286223247e+01 5.036856501700730071e+00 9.731442462870560917e+00 1.607719242703920415e+01 3.457107999615824934e+00 5.994224438293109358e+00
