5.497400000000000000e+04 2.962655260015416125e+00 5.776764270229655551e+00 2.872527343123094101e-01 9.260775751072001066e-19 2.872527343123094101e-01 9.260775751072001066e-19
5.497600000000000000e+04 -3.682976469155369692e+00 5.776764270229655551e+00 1.958814406946931541e+00 9.260775358043454047e-19 1.958814406946931541e+00 9.260775358043454047e-19
5.498000000000000000e+04 1.031997392576307426e+01 5.776764270229655551e+00 9.740658635389692677e+00 9.260774071422035432e-19 9.740658635389692677e+00 9.260774071422035432e-19
5.498100000000000000e+04 8.419059289426346737e+00 5.776764270229655551e+00 1.261836908227294352e+01 9.260773599158055384e-19 1.261836908227294352e+01 9.260773599158055384e-19
5.498500000000000000e+04 2.944255326732842448e+01 5.776764270229655551e+00 2.761301931683333422e+01 9.260770735731008535e-19 2.761301931683333422e+01 9.260770735731008535e-19
5.498700000000000000e+04 3.330737540869985480e+01 5.776764270229655551e+00 3.698113532148148863e+01 9.260768451280118463e-19 3.698113532148148863e+01 9.260768451280118463e-19
5.498800000000000000e+04 4.648193913038134184e+01 5.776764270229655551e+00 4.209516568424355398e+01 9.260767003861789973e-19 4.209516568424355398e+01 9.260767003861789973e-19
5.498900000000000000e+04 4.954099911519053023e+01 5.776764270229655551e+00 4.711547825657126509e+01 9.260765305301220290e-19 4.711547825657126509e+01 9.260765305301220290e-19
5.499300000000000000e+04 6.641064888483582251e+01 5.776764270229655551e+00 6.549985504210982867e+01 -1.319528255753682142e-02 6.549985504210982867e+01 -1.319528255753682142e-02
5.499500000000000000e+04 6.570794714527045244e+01 5.776764270229655551e+00 6.925870503056015082e+01 7.975107901015551226e-01 6.925870503056015082e+01 7.975107901015551226e-01
5.499700000000000000e+04 8.577299655444501525e+01 5.776764270229655551e+00 7.598914510713026971e+01 2.848116343879942391e+00 6.841287481237441170e+01 2.848116343879942391e+00
5.499900000000000000e+04 8.675474417858583820e+01 5.776764270229655551e+00 7.945503272868648992e+01 6.151757690667355227e+00 6.504780932565140006e+01 6.151757690667355227e+00
5.500000000000000000e+04 9.848110968013131128e+01 5.776764270229655551e+00 8.070763967191659560e+01 8.279559840081237354e+00 6.320798198309262261e+01 8.279559840081237354e+00
5.500200000000000000e+04 9.291463741412133004e+01 5.776764270229655551e+00 8.206449141367758671e+01 1.348602709029784208e+01 5.914124484496770862e+01 1.348602709029784208e+01
5.500300000000000000e+04 8.959721750106460547e+01 5.776764270229655551e+00 8.121739543674816275e+01 1.655460456555931259e+01 5.628475033544589223e+01 1.655460456555931259e+01
5.500500000000000000e+04 1.038862125024757574e+02 5.776764270229655551e+00 7.769561517518994265e+01 2.347106641930833248e+01 5.000629460476246635e+01 2.347106641930833248e+01
5.500700000000000000e+04 1.099481663652329217e+02 5.776764270229655551e+00 7.415741994181276198e+01 3.143396502325926178e+01 4.455343955827151348e+01 3.143396502325926178e+01
5.500900000000000000e+04 1.085298720244992836e+02 5.776764270229655551e+00 6.990355773711789311e+01 4.004815651808557675e+01 3.937777404403901471e+01 4.004815651808557675e+01
5.501000000000000000e+04 1.117396693302500665e+02 5.776764270229655551e+00 6.748295522619623910e+01 4.412970439257524191e+01 3.686434766411487374e+01 4.412970439257524191e+01
5.501300000000000000e+04 1.144184539386354658e+02 5.776764270229655551e+00 5.986040861879975949e+01 5.567487678579335153e+01 2.997981993502793685e+01 5.567487678579335153e+01
5.501600000000000000e+04 1.056541397162555285e+02 5.776764270229655551e+00 4.929320432575776323e+01 6.030016291646359861e+01 2.279133005233092391e+01 5.880964673200113424e+01
5.501700000000000000e+04 1.028660466004043172e+02 5.776764270229655551e+00 4.596909480287102667e+01 6.036167586098435578e+01 2.072381963252022885e+01 5.815094359051825279e+01
5.501800000000000000e+04 1.027849381016560102e+02 5.776764270229655551e+00 4.285894187355408036e+01 5.975445063462361617e+01 1.885112345149930135e+01 5.687165416562561404e+01
5.501900000000000000e+04 9.224537806929585315e+01 5.776764270229655551e+00 3.980001979339814966e+01 5.879395733351212527e+01 1.708947422377729097e+01 5.529063792680368294e+01
5.502000000000000000e+04 9.138634049077219856e+01 5.776764270229655551e+00 3.682903338955311057e+01 5.781186153422763141e+01 1.544652967884242400e+01 5.372678468562872922e+01
5.502200000000000000e+04 7.766641319282450695e+01 5.776764270229655551e+00 3.136013695148372804e+01 5.536638767521048976e+01 1.256901635586821442e+01 5.027005811822255055e+01
5.502300000000000000e+04 7.977309254399179395e+01 5.776764270229655551e+00 2.885198926213285020e+01 5.329848940668217949e+01 1.131270102647213349e+01 4.784203778512900840e+01
5.502400000000000000e+04 7.576343747740614276e+01 5.776764270229655551e+00 2.652927933903219682e+01 5.079976389139135051e+01 1.018094207449878574e+01 4.508626217801651848e+01
5.502500000000000000e+04 7.013444182497755719e+01 5.776764270229655551e+00 2.441029916300596625e+01 4.843043310565212067e+01 9.172838121572022274e+00 4.250535041404809533e+01
5.502800000000000000e+04 5.432794197041715023e+01 5.776764270229655551e+00 1.898896137643692583e+01 4.197727642054473307e+01 6.716370971383953226e+00 3.565211684480627952e+01
5.502900000000000000e+04 5.506320979802265470e+01 5.776764270229655551e+00 1.750205423973689278e+01 3.983348607583391043e+01 6.071543353043900915e+00 3.347110793743316037e+01
5.503100000000000000e+04 5.122688283776396645e+01 5.776764270229655551e+00 1.498616060585882082e+01 3.559471768475773956e+01 5.006434182654020404e+00 2.928568905648892340e+01
5.503300000000000000e+04 3.698592870619909689e+01 5.776764270229655551e+00 1.301326121509863754e+01 3.161848421053239022e+01 4.192249869357422831e+00 2.548284694477374757e+01
5.503400000000000000e+04 5.017173389942284700e+01 5.776764270229655551e+00 1.224230988450428903e+01 2.939247574795883722e+01 3.874767751706000407e+00 2.344930616647468113e+01
5.503500000000000000e+04 3.843495575458201330e+01 5.776764270229655551e+00 1.156624111023526780e+01 2.702536976100963528e+01 3.597735703756966164e+00 2.134503123016181902e+01
5.503700000000000000e+04 3.639592124581712795e+01 5.776764270229655551e+00 1.046019030579221365e+01 2.274946930268533407e+01 3.145344712025503142e+00 1.761524668764219470e+01
5.503800000000000000e+04 3.788075553077011648e+01 5.776764270229655551e+00 1.001816524874854863e+01 2.089678172357120189e+01 2.963093496324381348e+00 1.602345493377440633e+01
5.503900000000000000e+04 3.571876489816408196e+01 5.776764270229655551e+00 9.629202068243676749e+00 1.912804409646223291e+01 2.802157021713587159e+00 1.452605309021069679e+01
5.504000000000000000e+04 2.821160528747965657e+01 5.776764270229655551e+00 9.265237712292798022e+00 1.745549854573988213e+01 2.653484246384680389e+00 1.312955022701605934e+01
5.504100000000000000e+04 2.383982675662002038e+01 5.776764270229655551e+00 8.915638623457082801e+00 1.590805991534112174e+01 2.513503025968822246e+00 1.185263194194796199e+01
5.504300000000000000e+04 2.571419106835903534e+01 5.776764270229655551e+00 8.254846275604126760e+00 1.314959096357855373e+01 2.256754227528354306e+00 9.615795872501312402e+00
5.504400000000000000e+04 2.047093923491388523e+01 5.776764270229655551e+00 7.909034549718621854e+00 1.194372787858816842e+01 2.129971270706062736e+00 8.653800763323966194e+00
5.504500000000000000e+04 1.499554632116576869e+01 5.776764270229655551e+00 7.548468218052019729e+00 1.085988053803709796e+01 2.002998789726357476e+00 7.796912403336219377e+00
5.504600000000000000e+04 1.234310772024311831e+01 5.776764270229655551e+00 7.198474415149227923e+00 9.865786557608062779e+00 1.882468299899572761e+00 7.019333690942685777e+00
5.504700000000000000e+04 1.093633931441492635e+01 5.776764270229655551e+00 6.858823478352093161e+00 8.967464396593914699e+00 1.768044749775525615e+00 6.323182351501767329e+00
5.504900000000000000e+04 1.970952943707105831e+00 5.776764270229655551e+00 6.188805696501296083e+00 7.449803457111600302e+00 1.551051834533994978e+00 5.160811850087315023e+00
5.505000000000000000e+04 6.839156548292011806e+00 5.776764270229655551e+00 5.820077258473768111e+00 6.813757053933345631e+00 1.438675292267899364e+00 4.679117401183376046e+00
5.505100000000000000e+04 1.281186220907776985e+01 5.776764270229655551e+00 5.434013412051747594e+00 6.250764865694841355e+00 1.325106192803267691e+00 4.255469055255916899e+00
5.505300000000000000e+04 3.176611252645821004e+00 5.776764270229655551e+00 4.669649359836735236e+00 5.324531875118159618e+00 1.108770342350714921e+00 3.563412388953809184e+00
5.505400000000000000e+04 3.172139768489247835e+00 5.776764270229655551e+00 4.292139668792623652e+00 4.963038365859921974e+00 1.005908494057323077e+00 3.293552588950100279e+00
5.505500000000000000e+04 1.803448419511170897e+01 5.776764270229655551e+00 3.932430587733886984e+00 4.646951945624286928e+00 9.098004280595362037e-01 3.058075348193420417e+00
5.505700000000000000e+04 7.041671762455764316e+00 5.776764270229655551e+00 3.266660492497886370e+00 4.130389387107430643e+00 7.368888778080757707e-01 2.673543005221677760e+00
5.505800000000000000e+04 6.874448105874786386e+00 5.776764270229655551e+00 2.950727181859819748e+00 3.922978594516296713e+00 6.574095826676078502e-01 2.518629471875724057e+00
5.505900000000000000e+04 -3.859565557678930503e+00 5.776764270229655551e+00 2.649050747850763887e+00 3.740090734754376811e+00 5.830050588127172473e-01 2.381833468456548975e+00
5.506100000000000000e+04 1.029431330163531655e+01 5.776764270229655551e+00 2.096878714020876888e+00 3.408967419114514286e+00 4.505027589097987395e-01 2.136477572073498532e+00
5.506300000000000000e+04 3.829361558838259683e+00 5.776764270229655551e+00 1.627571085679581975e+00 3.109366258745223988e+00 3.415482990769190819e-01 1.918241093399101205e+00
5.506400000000000000e+04 9.085476647515235982e+00 5.776764270229655551e+00 1.429470530886617796e+00 2.957627154573448713e+00 2.965309531914898100e-01 1.810475580100153081e+00
5.506700000000000000e+04 1.056320906329026421e+01 5.776764270229655551e+00 9.474489142703408362e-01 2.512198241889900263e+00 1.899928740845295005e-01 1.502838037309196739e+00
5.506800000000000000e+04 -6.422504563325750482e+00 5.776764270229655551e+00 8.218724892559710060e-01 2.375047173515361987e+00 1.630009885761951050e-01 1.410102290207875919e+00
5.506900000000000000e+04 5.478050116830185168e+00 5.776764270229655551e+00 7.111961456417917882e-01 2.237289415549994054e+00 1.395185175518027509e-01 1.318394059353895864e+00
5.507000000000000000e+04 -8.698652604205157957e+00 5.776764270229655551e+00 6.139932938369309090e-01 2.090690427364772397e+00 1.191554736916271978e-01 1.222873998427714382e+00
5.507200000000000000e+04 6.708603190298633834e+00 5.776764270229655551e+00 4.558132135642760652e-01 1.791303626399525895e+00 8.659693020465177027e-02 1.032452882208663159e+00
5.507400000000000000e+04 8.659025262000522360e+00 5.776764270229655551e+00 3.364327550926144439e-01 1.505132122521112725e+00 6.259957145868536021e-02 8.550222199487245156e-01
5.507600000000000000e+04 -1.448750866142914262e+00 5.776764270229655551e+00 2.445621429736697661e-01 1.246524910632850203e+00 4.458659039435906163e-02 6.980644381929893560e-01
5.507800000000000000e+04 7.410624450660404428e+00 5.776764270229655551e+00 1.771511305398932867e-01 1.012001441339935637e+00 3.165759871947924908e-02 5.587981452674666283e-01
5.508000000000000000e+04 3.103117042375046708e+00 5.776764270229655551e+00 1.279947046072765493e-01 8.018321998282380569e-01 2.242927217941729015e-02 4.366381267694606771e-01
5.508200000000000000e+04 6.289476485010630391e+00 5.776764270229655551e+00 9.221342344699184901e-02 6.220046147259657987e-01 1.585148843184322476e-02 3.341018188315121318e-01
5.508300000000000000e+04 -1.187888130990927849e+01 5.776764270229655551e+00 7.824943291721224436e-02 5.441667003335044495e-01 1.332425287277213925e-02 2.903160542153811474e-01
5.508400000000000000e+04 -5.943482233972486206e+00 5.776764270229655551e+00 6.632165295444659991e-02 4.756375793408436636e-01 1.118771474028273233e-02 2.520513102127663885e-01
5.508600000000000000e+04 1.522767634431349038e+01 5.776764270229655551e+00 4.776856540729578632e-02 3.593757673647983153e-01 7.910245647124551638e-03 1.879176194082168572e-01
5.508900000000000000e+04 7.406438192515739871e+00 5.776764270229655551e+00 2.952525559631876545e-02 2.313027440283714209e-01 4.758348966942117439e-03 1.185907399190323230e-01
5.509000000000000000e+04 -7.393939939358172175e+00 5.776764270229655551e+00 2.514014070813960777e-02 1.988270700371063682e-01 4.015798901434460173e-03 1.012821526378831216e-01
5.509200000000000000e+04 -4.088456809580777396e+00 5.776764270229655551e+00 1.822337803313089921e-02 1.463642854097167156e-01 2.860340487345981557e-03 7.360739067395399848e-02
5.509300000000000000e+04 7.582853817843311361e+00 5.776764270229655551e+00 1.551608170583732363e-02 1.253001319588487317e-01 2.414419350363810127e-03 6.261506768650819399e-02
5.509500000000000000e+04 -2.564172025012575684e+00 5.776764270229655551e+00 1.124118437765278360e-02 9.111053464015023140e-02 1.719580412830072277e-03 4.496038203067134059e-02
5.509600000000000000e+04 5.134597877021839452e+00 5.776764270229655551e+00 9.571359445370335867e-03 7.728036629492078535e-02 1.451847290194205504e-03 3.789860183520520065e-02
5.509700000000000000e+04 4.157044822926724059e+00 5.776764270229655551e+00 8.147908802357290564e-03 6.557779486067834285e-02 1.225634575374692737e-03 3.196098953721650954e-02
5.509800000000000000e+04 2.189204817235957279e+00 5.776764270229655551e+00 6.932235227445153990e-03 5.555300154276811980e-02 1.034155386379047173e-03 2.690895891155736103e-02
5.510000000000000000e+04 -2.680065657510706689e+00 5.776764270229655551e+00 5.024486827433571196e-03 3.984225681662197094e-02 7.373742460977353481e-04 1.906488135250469784e-02
5.510100000000000000e+04 9.967897659924672027e+00 5.776764270229655551e+00 4.275697058701990495e-03 3.369234172216888784e-02 6.224268341795411233e-04 1.602491851517653942e-02
5.510200000000000000e+04 1.193871240465630867e+00 5.776764270229655551e+00 3.641073382235320531e-03 2.849929433070622076e-02 5.258043306838589264e-04 1.347376516706674104e-02
5.510600000000000000e+04 -1.918357159529124611e-01 5.776764270229655551e+00 1.906903592778051628e-03 1.456260390958147993e-02 2.668395524086519138e-04 6.723708800055868025e-03
5.510900000000000000e+04 4.669205747495131398e+00 5.776764270229655551e+00 1.172821304464780967e-03 8.913789183484977299e-03 1.603886617199637324e-04 4.044596621900800083e-03
5.511100000000000000e+04 -8.716410069646984837e+00 5.776764270229655551e+00 8.486074543388724342e-04 6.424227186938959340e-03 1.143196079927424701e-04 2.881826458714869133e-03
5.511200000000000000e+04 -7.334825924628656679e+00 5.776764270229655551e+00 7.213438468968349365e-04 5.450690901899775571e-03 9.645587389153405797e-05 2.431289414244084020e-03
5.511400000000000000e+04 1.080068500387509722e+01 5.776764270229655551e+00 5.218976352256476979e-04 3.928185199572001990e-03 6.876820444588222371e-05 1.732586296944574550e-03
5.511500000000000000e+04 -1.642734008736292850e+01 5.776764270229655551e+00 4.436973215230571518e-04 3.332415599520098092e-03 5.804061642466235168e-05 1.461643350905561436e-03
5.511700000000000000e+04 -2.561510190931989506e+00 5.776764270229655551e+00 3.210505310962813441e-04 2.401590163635776692e-03 4.139733072045060849e-05 1.041789389068488794e-03
5.511800000000000000e+04 5.372072228766886504e-01 5.776764270229655551e+00 2.729385790799557752e-04 2.037532491918534437e-03 3.494412016400036890e-05 8.790320784221899346e-04
5.511900000000000000e+04 1.536755188203291489e+00 5.776764270229655551e+00 2.322782120190085384e-04 1.730232432121285970e-03 2.952906681710418518e-05 7.423979393072841892e-04
5.512000000000000000e+04 1.207816165268195574e+00 5.776764270229655551e+00 1.993286505041788159e-04 1.468688224596722625e-03 2.516312410348764490e-05 6.267681091830750026e-04
