5.497600000000000000e+04 -5.431262188595649576e+00 7.643353320290438901e+00 1.164140563987932975e+00 9.520325756554123191e-19 1.164140563987932975e+00 9.520325756554123191e-19
5.497900000000000000e+04 4.116502382096784984e+00 7.643353320290438901e+00 4.289077145657377521e+00 9.520325755457423570e-19 4.289077145657377521e+00 9.520325755457423570e-19
5.498300000000000000e+04 1.276401272875774495e+01 7.643353320290438901e+00 1.143383206421574805e+01 9.520325752878383818e-19 1.143383206421574805e+01 9.520325752878383818e-19
5.499200000000000000e+04 4.231342243054233165e+01 7.643353320290438901e+00 3.733751665722944324e+01 9.520325735306638118e-19 3.733751665722944324e+01 9.520325735306638118e-19
5.499500000000000000e+04 4.110448743951549488e+01 7.643353320290438901e+00 4.526446668391263017e+01 4.750117470036630540e-01 4.526446668391263017e+01 4.750117470036630540e-01
5.499600000000000000e+04 3.156204735575585474e+01 7.643353320290438901e+00 4.750204251648135312e+01 9.895194793897428287e-01 4.750204251648135312e+01 9.895194793897428287e-01
5.499800000000000000e+04 5.530628026025065935e+01 7.643353320290438901e+00 5.372578684207793742e+01 2.578142529034766373e+00 5.091672227927872996e+01 2.578142529034766373e+00
5.500200000000000000e+04 7.542580753549725614e+01 7.643353320290438901e+00 6.866332585825657020e+01 7.908141692815705781e+00 5.381775602163734362e+01 7.908141692815705781e+00
5.500700000000000000e+04 1.009961737874018439e+02 7.643353320290438901e+00 8.085311194810263657e+01 1.873915206413802537e+01 5.210622193247517231e+01 1.873915206413802537e+01
5.501100000000000000e+04 1.078308726254509367e+02 7.643353320290438901e+00 8.488029047938157134e+01 2.925015122101504517e+01 4.789065290588005297e+01 2.925015122101504517e+01
5.501600000000000000e+04 1.235605877973588775e+02 7.643353320290438901e+00 8.257651482419871058e+01 4.527146434240085426e+01 4.031611703369087962e+01 4.037673613900914660e+01
5.502200000000000000e+04 1.471080945865247998e+02 7.643353320290438901e+00 7.541590797994037132e+01 6.792715252884414667e+01 3.169741694238675578e+01 4.574509261839173746e+01
5.502800000000000000e+04 1.537808077723605606e+02 7.643353320290438901e+00 7.135220566147054910e+01 8.053846153221083171e+01 2.632666932167046880e+01 4.356762408364564010e+01
5.503000000000000000e+04 1.534338268630406219e+02 7.643353320290438901e+00 7.059193390184961459e+01 8.227513250395914213e+01 2.502725028100064719e+01 4.176802187811291844e+01
5.503300000000000000e+04 1.497657583846225293e+02 7.643353320290438901e+00 6.909459260127843550e+01 8.209259691580402318e+01 2.313864568316503068e+01 3.815330090771893623e+01
5.503800000000000000e+04 1.549562582150396111e+02 7.643353320290438901e+00 6.370962462679528215e+01 7.759385371772977180e+01 1.953108020902245556e+01 3.161009712206207212e+01
5.504200000000000000e+04 1.551311070890189683e+02 7.643353320290438901e+00 5.770324454123380775e+01 7.266933013520731777e+01 1.656882135661357935e+01 2.694280440102873797e+01
5.504400000000000000e+04 1.183725546746208863e+02 7.643353320290438901e+00 5.450748119432279282e+01 7.087182112622981833e+01 1.517055024046465839e+01 2.514614836259477570e+01
5.504600000000000000e+04 1.121006988838613552e+02 7.643353320290438901e+00 5.149481053822978538e+01 6.956491961332534402e+01 1.390504162668881349e+01 2.366457079047457057e+01
5.505000000000000000e+04 1.151340898633583834e+02 7.643353320290438901e+00 4.663381753447914946e+01 6.769282100307283656e+01 1.188425964160150627e+01 2.127316273885055153e+01
5.505600000000000000e+04 1.100680848016795892e+02 7.643353320290438901e+00 4.234093273631068399e+01 6.335987237594551402e+01 9.950825172612551839e+00 1.786921713993679006e+01
5.505900000000000000e+04 9.939248580602490790e+01 7.643353320290438901e+00 4.064962662066773902e+01 5.954208343211583099e+01 9.195652533626304859e+00 1.597332410025009253e+01
5.506300000000000000e+04 9.676190459784722009e+01 7.643353320290438901e+00 3.883523153642102699e+01 5.349954603576196632e+01 8.367487622413662507e+00 1.347579353739864416e+01
5.506500000000000000e+04 7.845976631950610169e+01 7.643353320290438901e+00 3.806066087084951732e+01 5.049793899013409515e+01 8.010164788539839265e+00 1.234283857320632016e+01
5.506700000000000000e+04 9.654783361009472742e+01 7.643353320290438901e+00 3.729141500312428548e+01 4.775767192504279990e+01 7.670155917078735897e+00 1.133713063202608851e+01
5.507000000000000000e+04 7.820109407880046604e+01 7.643353320290438901e+00 3.619952901808356671e+01 4.438996067720159289e+01 7.200455628366551508e+00 1.010162069536128193e+01
5.507400000000000000e+04 7.373107162103693213e+01 7.643353320290438901e+00 3.465674555647512989e+01 4.146058770751505307e+01 6.603708294373577203e+00 8.941650930150663257e+00
5.507900000000000000e+04 7.626390537093965349e+01 7.643353320290438901e+00 3.226223194574024689e+01 3.861144663411324984e+01 5.840457257125583723e+00 7.816304653582359485e+00
5.508300000000000000e+04 6.218841210137166797e+01 7.643353320290438901e+00 2.961427778425817436e+01 3.685849442019747357e+01 5.155149271873892936e+00 7.112364479051613841e+00
5.509100000000000000e+04 6.032633004141697342e+01 7.643353320290438901e+00 2.138553070351809637e+01 3.397057754446280597e+01 3.457107999615824934e+00 5.994224438293109358e+00
