5.497500000000000000e+04 -2.009092064091576813e+00 7.294188221190619714e+00 9.676860811788584593e-01 1.550059251352647235e-18 9.676860811788584593e-01 1.550059251352647235e-18
5.497600000000000000e+04 -5.500553021173493207e+00 7.294188221190619714e+00 2.014654457448330049e+00 1.550059221086075950e-18 2.014654457448330049e+00 1.550059221086075950e-18
5.497900000000000000e+04 -2.341238764118180882e-01 7.294188221190619714e+00 7.421511495175619366e+00 1.550059094973972802e-18 7.421511495175619366e+00 1.550059094973972802e-18
5.498000000000000000e+04 1.399953031033635753e+01 7.294188221190619714e+00 1.010928248076253944e+01 1.550059037574012029e-18 1.010928248076253944e+01 1.550059037574012029e-18
5.498100000000000000e+04 2.783872800721039908e+01 7.294188221190619714e+00 1.326427468792255127e+01 1.550058970214539617e-18 1.326427468792255127e+01 1.550058970214539617e-18
5.498200000000000000e+04 1.488589834750974106e+01 7.294188221190619714e+00 1.681188057541250913e+01 1.550058891167473899e-18 1.681188057541250913e+01 1.550058891167473899e-18
5.498400000000000000e+04 2.592796289143041122e+01 7.294188221190619714e+00 2.504964300095078400e+01 1.550058689547010832e-18 2.504964300095078400e+01 1.550058689547010832e-18
5.498500000000000000e+04 3.311157593894488826e+01 7.294188221190619714e+00 2.982457128805857849e+01 1.550058561801121860e-18 2.982457128805857849e+01 1.550058561801121860e-18
5.498700000000000000e+04 3.737567955812525611e+01 7.294188221190619714e+00 4.097582893337165899e+01 1.550058235967616748e-18 4.097582893337165899e+01 1.550058235967616748e-18
5.499000000000000000e+04 5.269182324954552854e+01 7.294188221190619714e+00 6.053040193995693841e+01 1.550057502950129748e-18 6.053040193995693841e+01 1.550057502950129748e-18
5.499200000000000000e+04 8.373405120219797482e+01 7.294188221190619714e+00 7.440742163840896239e+01 1.550056777795506162e-18 7.440742163840896239e+01 1.550056777795506162e-18
5.499300000000000000e+04 8.639404651391924972e+01 7.294188221190619714e+00 8.115791156796579742e+01 5.023439304780431998e-03 8.115791156796579742e+01 5.023439304780431998e-03
5.499400000000000000e+04 8.830748869234987808e+01 7.294188221190619714e+00 8.659722275531558466e+01 2.635029007712635374e-01 8.659722275531558466e+01 2.635029007712635374e-01
5.499600000000000000e+04 9.015328943077126667e+01 7.294188221190619714e+00 9.298895886639343189e+01 1.712456288831080142e+00 9.298895886639343189e+01 1.712456288831080142e+00
5.499700000000000000e+04 9.264495098263630268e+01 7.294188221190619714e+00 9.586830809202287185e+01 2.925571079348777026e+00 9.534931745081652821e+01 2.925571079348777026e+00
5.499800000000000000e+04 1.030172073857294350e+02 7.294188221190619714e+00 9.831554146248080883e+01 4.445593075166165420e+00 9.725679520493949326e+01 4.445593075166165420e+00
5.500000000000000000e+04 1.083392200003143557e+02 7.294188221190619714e+00 1.015909660646217532e+02 8.592890108648159497e+00 9.942624000542298290e+01 8.592890108648159497e+00
5.500200000000000000e+04 1.197938227579692523e+02 7.294188221190619714e+00 1.026228514609575626e+02 1.429009848910063241e+01 9.937735874946248771e+01 1.429009848910063241e+01
5.500300000000000000e+04 1.208029240903439785e+02 7.294188221190619714e+00 1.020340357229170536e+02 1.760982062251375879e+01 9.828909195663038645e+01 1.760982062251375879e+01
5.500400000000000000e+04 1.232033832719737063e+02 7.294188221190619714e+00 1.007418827632066325e+02 2.129219655080816054e+01 9.653818898204983157e+01 2.129219655080816054e+01
5.500500000000000000e+04 1.270481878451576137e+02 7.294188221190619714e+00 9.899881018104495922e+01 2.535088559484978887e+01 9.437559456880096320e+01 2.535088559484978887e+01
5.500900000000000000e+04 1.321918201029141926e+02 7.294188221190619714e+00 8.839262927569791373e+01 4.587529006572047052e+01 8.255133116561614770e+01 4.587529006572047052e+01
5.501200000000000000e+04 1.397036345071161350e+02 7.294188221190619714e+00 7.764653222669554111e+01 6.324630839264761306e+01 7.142612246008147281e+01 6.324630839264761306e+01
5.501300000000000000e+04 1.307559650495822723e+02 7.294188221190619714e+00 7.391542662974319455e+01 6.898422483277093420e+01 6.765517379857884350e+01 6.898422483277093420e+01
5.501400000000000000e+04 1.478537552521536611e+02 7.294188221190619714e+00 6.985193349208451252e+01 7.360763934201824554e+01 6.361888512242121152e+01 7.360763934201824554e+01
5.501600000000000000e+04 1.452613847461359455e+02 7.294188221190619714e+00 6.147236358504035536e+01 8.268937419645638442e+01 5.543739832797152900e+01 7.904061503643441711e+01
5.501700000000000000e+04 1.435184428963818846e+02 7.294188221190619714e+00 5.806672917442823945e+01 8.665898442169611826e+01 5.211031447560955598e+01 8.104691983319403903e+01
5.501800000000000000e+04 1.363510417948603219e+02 7.294188221190619714e+00 5.511761863327097188e+01 9.030072232868567994e+01 4.922327896239417555e+01 8.266827592419855364e+01
5.501900000000000000e+04 1.397516115092440714e+02 7.294188221190619714e+00 5.239259786989129708e+01 9.349116655392109010e+01 4.656333247267679099e+01 8.381792962524767177e+01
5.502000000000000000e+04 1.478344787025780818e+02 7.294188221190619714e+00 4.963951799586482849e+01 9.621635172346530851e+01 4.390417961541074021e+01 8.451230400460953263e+01
5.502100000000000000e+04 1.542378514103406530e+02 7.294188221190619714e+00 4.677567899200911228e+01 9.846512185733007527e+01 4.117301454915962466e+01 8.476893537712527404e+01
5.502200000000000000e+04 1.503754532190684472e+02 7.294188221190619714e+00 4.393872827940731440e+01 1.000684797618528705e+02 3.849145005216814042e+01 8.447075493704311100e+01
5.502500000000000000e+04 1.345565496744352743e+02 7.294188221190619714e+00 3.632238847150686212e+01 1.005866840169285297e+02 3.137059333747742329e+01 8.021925538348081375e+01
5.502900000000000000e+04 1.196730735104575558e+02 7.294188221190619714e+00 2.791179434425867001e+01 9.446263876603477172e+01 2.366167303078713857e+01 7.016863149077371986e+01
5.503100000000000000e+04 1.221868799931848741e+02 7.294188221190619714e+00 2.439130979871974247e+01 8.888523549229628884e+01 2.048817721261307412e+01 6.383662120465699985e+01
5.503200000000000000e+04 9.985058763018876959e+01 7.294188221190619714e+00 2.280950640991814993e+01 8.593617149444389725e+01 1.907229695642826428e+01 6.071220409106924620e+01
5.503300000000000000e+04 1.064654397467317040e+02 7.294188221190619714e+00 2.152547391768965568e+01 8.272651156502936942e+01 1.791710107470335345e+01 5.750689772879200490e+01
5.503400000000000000e+04 9.490613476199048648e+01 7.294188221190619714e+00 2.041425810138423458e+01 7.903922999048512565e+01 1.691552365168480421e+01 5.407605235405802091e+01
5.503500000000000000e+04 8.633973196328950905e+01 7.294188221190619714e+00 1.935857076848809299e+01 7.490510743836840390e+01 1.596874529619285887e+01 5.045091848566411841e+01
5.503600000000000000e+04 9.503558903047623119e+01 7.294188221190619714e+00 1.841643344123012582e+01 7.104995049876949054e+01 1.512367877641758973e+01 4.712178857877579219e+01
5.503700000000000000e+04 7.411231913531553062e+01 7.294188221190619714e+00 1.754983032460660297e+01 6.780824558548535208e+01 1.434788638676704053e+01 4.429376730426811548e+01
5.503900000000000000e+04 9.104327812326933156e+01 7.294188221190619714e+00 1.582263860932773802e+01 6.241734858690119836e+01 1.282170619571031622e+01 3.957883260177526807e+01
5.504000000000000000e+04 6.181958506793616692e+01 7.294188221190619714e+00 1.500981212480658833e+01 5.971416967260694264e+01 1.210962883225882791e+01 3.731855267309912705e+01
5.504200000000000000e+04 7.013494056600907811e+01 7.294188221190619714e+00 1.352340101436666409e+01 5.386265617200034939e+01 1.081543224929825442e+01 3.271773254434290834e+01
5.504400000000000000e+04 6.335874825938469002e+01 7.294188221190619714e+00 1.216287774251837028e+01 4.830746126485063741e+01 9.643386980885679804e+00 2.854297894679026371e+01
5.504500000000000000e+04 4.558806239883561773e+01 7.294188221190619714e+00 1.150243100904149784e+01 4.574455946316436439e+01 9.080561577061848411e+00 2.666500433685580873e+01
5.504600000000000000e+04 5.481968177131683717e+01 7.294188221190619714e+00 1.084030736742601952e+01 4.327658783207203186e+01 8.521234229400151960e+00 2.489149440869678642e+01
5.504700000000000000e+04 6.571198396923831808e+01 7.294188221190619714e+00 1.016971775450137550e+01 4.089043971366144348e+01 7.960046289989414880e+00 2.321090328009672277e+01
5.504800000000000000e+04 5.336027835845765566e+01 7.294188221190619714e+00 9.506075359189059881e+00 3.858399903806994757e+01 7.409034476823465276e+00 2.161844031349393802e+01
5.505000000000000000e+04 3.528916002112143246e+01 7.294188221190619714e+00 8.136448927977960821e+00 3.427099195461386216e+01 6.288194800073795498e+00 1.871774791379593239e+01
5.505200000000000000e+04 4.066521042526662910e+01 7.294188221190619714e+00 6.742961249732212892e+00 3.043049693550635482e+01 5.167770414954748759e+00 1.621145241296402517e+01
5.505400000000000000e+04 3.749392470815173795e+01 7.294188221190619714e+00 5.469781923150174308e+00 2.765303388545524044e+01 4.157327640826142812e+00 1.437819510393208411e+01
5.505600000000000000e+04 4.457537365668729024e+01 7.294188221190619714e+00 4.398312010468884203e+00 2.531720745821461449e+01 3.315520380235053022e+00 1.285512695995495314e+01
5.505800000000000000e+04 2.116749701794576666e+01 7.294188221190619714e+00 3.517312172081691557e+00 2.327677911871657557e+01 2.629827455937498115e+00 1.154838137434221323e+01
5.506000000000000000e+04 3.076444348003235518e+01 7.294188221190619714e+00 2.777460819352932209e+00 2.122198457455570875e+01 2.059888564189253035e+00 1.029318450742000302e+01
5.506100000000000000e+04 2.187096607809945326e+01 7.294188221190619714e+00 2.458441721777319788e+00 2.028443169781521149e+01 1.815959130283463896e+00 9.729525124930155755e+00
5.506200000000000000e+04 1.769725558193019310e+01 7.294188221190619714e+00 2.170453322046705047e+00 1.937830274237034800e+01 1.596812745279095003e+00 9.193117411903516611e+00
5.506400000000000000e+04 2.525845767284130261e+01 7.294188221190619714e+00 1.674182305189873432e+00 1.765671078075171607e+01 1.221917543613490142e+00 8.196878933752826057e+00
5.506500000000000000e+04 1.122399987626949169e+01 7.294188221190619714e+00 1.462281855513124507e+00 1.680435116065528334e+01 1.063036946060080368e+00 7.718477340502571948e+00
5.506700000000000000e+04 2.465538334457873049e+01 7.294188221190619714e+00 1.107826336437620851e+00 1.504308365879486153e+01 7.990344961129509649e-01 6.766039346491002249e+00
5.506800000000000000e+04 2.658540361223294823e+01 7.294188221190619714e+00 9.601716158269230084e-01 1.414712868168126292e+01 6.898283870746817481e-01 6.297679305299944907e+00
5.506900000000000000e+04 7.756161609662599155e+00 7.294188221190619714e+00 8.287466624425073869e-01 1.323412613478173760e+01 5.930877954916861095e-01 5.831334425125919374e+00
5.507100000000000000e+04 1.370175131298031346e+01 7.294188221190619714e+00 6.119437078903766647e-01 1.125083647833461420e+01 4.345486239456022304e-01 4.858612330976595395e+00
5.507300000000000000e+04 1.859221976942778554e+01 7.294188221190619714e+00 4.483707219890737949e-01 9.335521362455294181e+00 3.159510589642119949e-01 3.952695855619067888e+00
5.507400000000000000e+04 1.552650478372351017e+01 7.294188221190619714e+00 3.830922158650911791e-01 8.427563471112216931e+00 2.689201451984696289e-01 3.533728494702221390e+00
5.507500000000000000e+04 3.805762444370488495e+00 7.294188221190619714e+00 3.261739754590601836e-01 7.593418747150351145e+00 2.280935985444418612e-01 3.153446761038001700e+00
5.507800000000000000e+04 1.026748976933402346e+01 7.294188221190619714e+00 1.997449502746241057e-01 5.537459612909278128e+00 1.381047141620609098e-01 2.235353337546873043e+00
5.508000000000000000e+04 -8.769175572772901717e+00 7.294188221190619714e+00 1.435322586232793407e-01 4.418202911899122398e+00 9.849760017656127020e-02 1.750905279560864836e+00
5.508100000000000000e+04 7.523536554334329551e+00 7.294188221190619714e+00 1.216747568591564077e-01 3.930632707450532504e+00 8.318738014801362046e-02 1.543565260740944023e+00
5.508200000000000000e+04 6.579946451626961235e+00 7.294188221190619714e+00 1.030211328380590402e-01 3.487620034663050372e+00 7.017301316464903682e-02 1.357290833487230675e+00
5.508400000000000000e+04 1.008900940546112857e+01 7.294188221190619714e+00 7.374891087016949287e-02 2.716752787670086544e+00 4.986444254227592049e-02 1.038629912071466377e+00
5.508500000000000000e+04 4.915106537862609315e+00 7.294188221190619714e+00 6.238711476467125039e-02 2.384361352427275094e+00 4.202762805578161287e-02 9.035814041510683570e-01
5.508800000000000000e+04 1.898079054434789192e-01 7.294188221190619714e+00 3.809625925733835933e-02 1.587867147806815593e+00 2.538464199561750803e-02 5.863541290134794970e-01
5.508900000000000000e+04 2.169716316629615172e+00 7.294188221190619714e+00 3.231797120292135422e-02 1.376822801660523288e+00 2.145658115601357940e-02 5.041246261679331875e-01
5.509000000000000000e+04 -3.844962292367572587e+00 7.294188221190619714e+00 2.741878077364472838e-02 1.189516651900783373e+00 1.813835800367798873e-02 4.318922875128805017e-01
5.509100000000000000e+04 7.333835056161404964e+00 7.294188221190619714e+00 2.327027984668027238e-02 1.025833363858479563e+00 1.533876746194622574e-02 3.693663303537618181e-01
5.509300000000000000e+04 5.892523514826733866e+00 7.294188221190619714e+00 1.673534462191014760e-02 7.582590991643168854e-01 1.095262713745783802e-02 2.685584001195801540e-01
5.509500000000000000e+04 1.024390687909261288e+01 7.294188221190619714e+00 1.204929200925662115e-02 5.563577926916158933e-01 7.830004347216196550e-03 1.938795587627756278e-01
5.509600000000000000e+04 1.226127939791672672e+00 7.294188221190619714e+00 1.021839718688241812e-02 4.745423062422162164e-01 6.616827885050855125e-03 1.640489778732280302e-01
5.509700000000000000e+04 -4.442632281903811986e+00 7.294188221190619714e+00 8.667405036141755809e-03 4.045974811166267449e-01 5.592785077591702451e-03 1.387618763608040040e-01
5.509800000000000000e+04 2.411112469753637466e+00 7.294188221190619714e+00 7.357412083595230370e-03 3.449886658932966865e-01 4.730874821351913062e-03 1.173890070377517636e-01
5.509900000000000000e+04 -1.958394474798583751e+00 7.294188221190619714e+00 6.240123347004437535e-03 2.937498460299005076e-01 3.998454947828823484e-03 9.917510118528233276e-02
5.510100000000000000e+04 -4.060344769185293856e+00 7.294188221190619714e+00 4.490010356316498016e-03 2.127001748101631506e-01 2.857113554350843541e-03 7.070927312581157254e-02
5.510400000000000000e+04 5.065720940948581941e+00 7.294188221190619714e+00 2.742047455735272931e-03 1.304323300496929017e-01 1.726894476100850886e-03 4.238477616093452860e-02
5.510700000000000000e+04 -2.356706253524725270e+01 7.294188221190619714e+00 1.664383863978649005e-03 8.027460100725346270e-02 1.037530654529236849e-03 2.551166821723855130e-02
5.510800000000000000e+04 -9.047061079938749639e-01 7.294188221190619714e+00 1.409690381241427218e-03 6.839169626798492774e-02 8.757902202812570909e-04 2.157694569627488165e-02
5.510900000000000000e+04 -6.846651167896459000e+00 7.294188221190619714e+00 1.193158182236722827e-03 5.822961721863023632e-02 7.387683124515371895e-04 1.823809398261154111e-02
5.511000000000000000e+04 -4.912803675853134600e-01 7.294188221190619714e+00 1.009736131768006672e-03 4.958036980328529852e-02 6.230988444615148105e-04 1.541760430312628938e-02
5.511100000000000000e+04 1.758608824326259779e+01 7.294188221190619714e+00 8.550207505928198413e-04 4.222875353756715133e-02 5.258591276927242816e-04 1.303795234265428885e-02
5.511400000000000000e+04 -1.486379220743118701e+01 7.294188221190619714e+00 5.190455399357487686e-04 2.602960242335689012e-02 3.160519228810185948e-04 7.868315024040898470e-03
