5.497400000000000000e+04 2.630154049911166858e+00 5.058823290550883200e+00 2.872527343123094101e-01 9.260775751072001066e-19 2.872527343123094101e-01 9.260775751072001066e-19
5.497600000000000000e+04 -2.981810093091591618e+00 5.058823290550883200e+00 1.958814406946931541e+00 9.260775358043454047e-19 1.958814406946931541e+00 9.260775358043454047e-19
5.498000000000000000e+04 1.024797614852003136e+01 5.058823290550883200e+00 9.740658635389692677e+00 9.260774071422035432e-19 9.740658635389692677e+00 9.260774071422035432e-19
5.498100000000000000e+04 8.940952938815486917e+00 5.058823290550883200e+00 1.261836908227294352e+01 9.260773599158055384e-19 1.261836908227294352e+01 9.260773599158055384e-19
5.498500000000000000e+04 2.921517729432168764e+01 5.058823290550883200e+00 2.761301931683333422e+01 9.260770735731008535e-19 2.761301931683333422e+01 9.260770735731008535e-19
5.498700000000000000e+04 3.376395328993339007e+01 5.058823290550883200e+00 3.698113532148148863e+01 9.260768451280118463e-19 3.698113532148148863e+01 9.260768451280118463e-19
5.498800000000000000e+04 4.593674734511505164e+01 5.058823290550883200e+00 4.209516568424355398e+01 9.260767003861789973e-19 4.209516568424355398e+01 9.260767003861789973e-19
5.498900000000000000e+04 4.923955340267590230e+01 5.058823290550883200e+00 4.711547825657126509e+01 9.260765305301220290e-19 4.711547825657126509e+01 9.260765305301220290e-19
5.499300000000000000e+04 6.629581476199697931e+01 5.058823290550883200e+00 6.549985504210982867e+01 -1.319528255753682142e-02 6.549985504210982867e+01 -1.319528255753682142e-02
5.499500000000000000e+04 6.624835352619290063e+01 5.058823290550883200e+00 6.925870503056015082e+01 7.975107901015551226e-01 6.925870503056015082e+01 7.975107901015551226e-01
5.499700000000000000e+04 8.127031642376202569e+01 5.058823290550883200e+00 7.234844379746544973e+01 2.848116343879942391e+00 6.841287481237441170e+01 2.848116343879942391e+00
5.499900000000000000e+04 7.968882768725528365e+01 5.058823290550883200e+00 7.253178486774756095e+01 6.151757690667355227e+00 6.504780932565140006e+01 6.151757690667355227e+00
5.500000000000000000e+04 8.889191238492229274e+01 5.058823290550883200e+00 7.229835328327138200e+01 8.279559840081237354e+00 6.320798198309262261e+01 8.279559840081237354e+00
5.500200000000000000e+04 8.222668880530713409e+01 5.058823290550883200e+00 7.104895335107192977e+01 1.348602709029784208e+01 5.914124484496770862e+01 1.348602709029784208e+01
5.500300000000000000e+04 7.863205160941410554e+01 5.058823290550883200e+00 6.923626090191639548e+01 1.655460456555931259e+01 5.628475033544589223e+01 1.655460456555931259e+01
5.500500000000000000e+04 9.024239947715636845e+01 5.058823290550883200e+00 6.438978767135047576e+01 2.347106641930833248e+01 5.000629460476246635e+01 2.347106641930833248e+01
5.500700000000000000e+04 9.518080378889850124e+01 5.058823290550883200e+00 5.993152171478501344e+01 3.143396502325926178e+01 4.455343955827151348e+01 3.143396502325926178e+01
5.500900000000000000e+04 9.403771810183121715e+01 5.058823290550883200e+00 5.523469610121993867e+01 4.004815651808557675e+01 3.937777404403901471e+01 4.004815651808557675e+01
5.501000000000000000e+04 9.701041723702486763e+01 5.058823290550883200e+00 5.276948800360487013e+01 4.412970439257524191e+01 3.686434766411487374e+01 4.412970439257524191e+01
5.501300000000000000e+04 1.001984350714351422e+02 5.058823290550883200e+00 4.550158902522431958e+01 5.567487678579335153e+01 2.997981993502793685e+01 5.567487678579335153e+01
5.501600000000000000e+04 9.617678500913116579e+01 5.058823290550883200e+00 3.655799232538564070e+01 6.306844979678243845e+01 2.279133005233092391e+01 5.880964673200113424e+01
5.501700000000000000e+04 9.527120015432485900e+01 5.058823290550883200e+00 3.383772899888648311e+01 6.446759648366844431e+01 2.072381963252022885e+01 5.815094359051825279e+01
5.501800000000000000e+04 9.658102344141586570e+01 5.058823290550883200e+00 3.132222359782541332e+01 6.510857407652018480e+01 1.885112345149930135e+01 5.687165416562561404e+01
5.501900000000000000e+04 8.862766079529561125e+01 5.058823290550883200e+00 2.888669307962549837e+01 6.530055769938127241e+01 1.708947422377729097e+01 5.529063792680368294e+01
5.502000000000000000e+04 8.910274916525325750e+01 5.058823290550883200e+00 2.655388397766085973e+01 6.539894093863472335e+01 1.544652967884242400e+01 5.372678468562872922e+01
5.502200000000000000e+04 7.922777113072302768e+01 5.058823290550883200e+00 2.233025091245459137e+01 6.483163360642376460e+01 1.256901635586821442e+01 5.027005811822255055e+01
5.502300000000000000e+04 8.177431442305760356e+01 5.058823290550883200e+00 2.042365880851133753e+01 6.343257825086843837e+01 1.131270102647213349e+01 4.784203778512900840e+01
5.502400000000000000e+04 7.871348098349049849e+01 5.058823290550883200e+00 1.867324852515967848e+01 6.141126345019608124e+01 1.018094207449878574e+01 4.508626217801651848e+01
5.502500000000000000e+04 7.415303349147369261e+01 5.058823290550883200e+00 1.708808886542537309e+01 5.943489508396133658e+01 9.172838121572022274e+00 4.250535041404809533e+01
5.502800000000000000e+04 6.100299525163310932e+01 5.058823290550883200e+00 1.309149016404056809e+01 5.372478808929901106e+01 6.716370971383953226e+00 3.565211684480627952e+01
5.502900000000000000e+04 6.166943509763548548e+01 5.058823290550883200e+00 1.200923596157615592e+01 5.165012256174640726e+01 6.071543353043900915e+00 3.347110793743316037e+01
5.503100000000000000e+04 5.806849081482589980e+01 5.058823290550883200e+00 1.019050236697477807e+01 4.731226987322402522e+01 5.006434182654020404e+00 2.928568905648892340e+01
5.503300000000000000e+04 4.509282590421528170e+01 5.058823290550883200e+00 8.774411977996120271e+00 4.301400230168319183e+01 4.192249869357422831e+00 2.548284694477374757e+01
5.503400000000000000e+04 5.612787004692708592e+01 5.058823290550883200e+00 8.221370765866890196e+00 4.043052991431866872e+01 3.874767751706000407e+00 2.344930616647468113e+01
5.503500000000000000e+04 4.517514565665274517e+01 5.058823290550883200e+00 7.737055120195076796e+00 3.757527642732779327e+01 3.597735703756966164e+00 2.134503123016181902e+01
5.503700000000000000e+04 4.202047724415694319e+01 5.058823290550883200e+00 6.945114035129591912e+00 3.228509276925372973e+01 3.145344712025503142e+00 1.761524668764219470e+01
5.503800000000000000e+04 4.267586481761810546e+01 5.058823290550883200e+00 6.627920712910260193e+00 2.994785192081707947e+01 2.963093496324381348e+00 1.602345493377440633e+01
5.503900000000000000e+04 4.012004023085896165e+01 5.058823290550883200e+00 6.348533497159677630e+00 2.767517123184845573e+01 2.802157021713587159e+00 1.452605309021069679e+01
5.504000000000000000e+04 3.288354861823520991e+01 5.058823290550883200e+00 6.088025368222342415e+00 2.548994064069730570e+01 2.653484246384680389e+00 1.312955022701605934e+01
5.504100000000000000e+04 2.841763410172152859e+01 5.058823290550883200e+00 5.839156060452325825e+00 2.344007343512121722e+01 2.513503025968822246e+00 1.185263194194796199e+01
5.504300000000000000e+04 2.885944974465034107e+01 5.058823290550883200e+00 5.372522820218043726e+00 1.971279281964711672e+01 2.256754227528354306e+00 9.615795872501312402e+00
5.504400000000000000e+04 2.372731421072493418e+01 5.058823290550883200e+00 5.131963190068177028e+00 1.805400173225693194e+01 2.129971270706062736e+00 8.653800763323966194e+00
5.504500000000000000e+04 1.844362240935789998e+01 5.058823290550883200e+00 4.883648059195467184e+00 1.654863091224725125e+01 2.002998789726357476e+00 7.796912403336219377e+00
5.504600000000000000e+04 1.566192631391539081e+01 5.058823290550883200e+00 4.643920568334642951e+00 1.515241021750310146e+01 1.882468299899572761e+00 7.019333690942685777e+00
5.504700000000000000e+04 1.400888146270472490e+01 5.058823290550883200e+00 4.412500411292117342e+00 1.387860281266632789e+01 1.768044749775525615e+00 6.323182351501767329e+00
5.504900000000000000e+04 5.443661432902947794e+00 5.058823290550883200e+00 3.960179221696840557e+00 1.170107258182123644e+01 1.551051834533994978e+00 5.160811850087315023e+00
5.505000000000000000e+04 9.418481006315690962e+00 5.058823290550883200e+00 3.714638136591465134e+00 1.077835335051581822e+01 1.438675292267899364e+00 4.679117401183376046e+00
5.505100000000000000e+04 1.440309035864506271e+01 5.058823290550883200e+00 3.459518929619708860e+00 9.956562408836070688e+00 1.325106192803267691e+00 4.255469055255916899e+00
5.505300000000000000e+04 5.583628960877695668e+00 5.058823290550883200e+00 2.958504377127652685e+00 8.595401402764956345e+00 1.108770342350714921e+00 3.563412388953809184e+00
5.505400000000000000e+04 5.449660277283086884e+00 5.058823290550883200e+00 2.712973974294955681e+00 8.063719607214645535e+00 1.005908494057323077e+00 3.293552588950100279e+00
5.505500000000000000e+04 1.835787004503553987e+01 5.058823290550883200e+00 2.479935738312279092e+00 7.597920398677191933e+00 9.098004280595362037e-01 3.058075348193420417e+00
5.505700000000000000e+04 8.575934924648004554e+00 5.058823290550883200e+00 2.051003913147863678e+00 6.836142446118159022e+00 7.368888778080757707e-01 2.673543005221677760e+00
5.505800000000000000e+04 8.380576512961825486e+00 5.058823290550883200e+00 1.848696227046118912e+00 6.531230213733173251e+00 6.574095826676078502e-01 2.518629471875724057e+00
5.505900000000000000e+04 -1.056018854873578938e+00 5.058823290550883200e+00 1.656233048208413328e+00 6.262737459148070229e+00 5.830050588127172473e-01 2.381833468456548975e+00
5.506100000000000000e+04 1.127140281441629099e+01 5.058823290550883200e+00 1.305729129492130491e+00 5.772321125450127433e+00 4.505027589097987395e-01 2.136477572073498532e+00
5.506300000000000000e+04 5.536408112184020069e+00 5.058823290550883200e+00 1.009585630925687205e+00 5.321604007263497138e+00 3.415482990769190819e-01 1.918241093399101205e+00
5.506400000000000000e+04 1.008770247127058184e+01 5.058823290550883200e+00 8.850476890641978400e-01 5.088194193331763593e+00 2.965309531914898100e-01 1.810475580100153081e+00
5.506700000000000000e+04 1.119103626781090455e+01 5.058823290550883200e+00 5.834609505057929413e-01 4.386849883371004566e+00 1.899928740845295005e-01 1.502838037309196739e+00
5.506800000000000000e+04 -3.751448291025243797e+00 5.058823290550883200e+00 5.052583450792434983e-01 4.167207693834880544e+00 1.630009885761951050e-01 1.410102290207875919e+00
5.506900000000000000e+04 6.595594014655844717e+00 5.058823290550883200e+00 4.364821493982914968e-01 3.943923657741030375e+00 1.395185175518027509e-01 1.318394059353895864e+00
5.507000000000000000e+04 -5.907459023078376781e+00 5.058823290550883200e+00 3.762039027797380863e-01 3.702457451295475099e+00 1.191554736916271978e-01 1.222873998427714382e+00
5.507200000000000000e+04 7.386091440221052906e+00 5.058823290550883200e+00 2.783900021316802476e-01 3.200692253750363037e+00 8.659693020465177027e-02 1.032452882208663159e+00
5.507400000000000000e+04 8.887585732293546315e+00 5.058823290550883200e+00 2.048449432142817328e-01 2.712559947067373134e+00 6.259957145868536021e-02 8.550222199487245156e-01
5.507600000000000000e+04 -1.608440035246747613e-01 5.058823290550883200e+00 1.484658808484409231e-01 2.265162578613824973e+00 4.458659039435906163e-02 6.980644381929893560e-01
5.507800000000000000e+04 7.409219012133045013e+00 5.058823290550883200e+00 1.072356614187626733e-01 1.853721076264348566e+00 3.165759871947924908e-02 5.587981452674666283e-01
5.508000000000000000e+04 3.460553339713889009e+00 5.058823290550883200e+00 7.726628638261685833e-02 1.480095188018068608e+00 2.242927217941729015e-02 4.366381267694606771e-01
5.508200000000000000e+04 6.094596276631580878e+00 5.058823290550883200e+00 5.551845534235262669e-02 1.156717045888971285e+00 1.585148843184322476e-02 3.341018188315121318e-01
5.508300000000000000e+04 -9.884940517928937354e+00 5.058823290550883200e+00 4.705028362318159491e-02 1.015635189260174043e+00 1.332425287277213925e-02 2.903160542153811474e-01
5.508400000000000000e+04 -4.748700886254555442e+00 5.058823290550883200e+00 3.982758750350504778e-02 8.908970323402837233e-01 1.118771474028273233e-02 2.520513102127663885e-01
5.508600000000000000e+04 1.368505860864302903e+01 5.058823290550883200e+00 2.861504641889081949e-02 6.778193686217327540e-01 7.910245647124551638e-03 1.879176194082168572e-01
5.508900000000000000e+04 6.715810746280053145e+00 5.058823290550883200e+00 1.762376503514764131e-02 4.406390568325516122e-01 4.758348966942117439e-03 1.185907399190323230e-01
5.509000000000000000e+04 -6.276164332200486307e+00 5.058823290550883200e+00 1.498904843062244703e-02 3.799940495660399931e-01 4.015798901434460173e-03 1.012821526378831216e-01
5.509200000000000000e+04 -3.432138528019396340e+00 5.058823290550883200e+00 1.084082319581415252e-02 2.814932824976538184e-01 2.860340487345981557e-03 7.360739067395399848e-02
5.509300000000000000e+04 6.768078351515789848e+00 5.058823290550883200e+00 9.220208216559199962e-03 2.417230482787044998e-01 2.414419350363810127e-03 6.261506768650819399e-02
5.509500000000000000e+04 -2.151636622623297246e+00 5.058823290550883200e+00 6.665672328031946314e-03 1.768237012097617911e-01 1.719580412830072277e-03 4.496038203067134059e-02
5.509600000000000000e+04 4.576500574549139166e+00 5.058823290550883200e+00 5.669608664692600032e-03 1.504228272853422865e-01 1.451847290194205504e-03 3.789860183520520065e-02
5.509700000000000000e+04 3.708675550385319042e+00 5.058823290550883200e+00 4.821478796094329916e-03 1.280131861065194054e-01 1.225634575374692737e-03 3.196098953721650954e-02
5.509800000000000000e+04 1.975259749932957831e+00 5.058823290550883200e+00 4.097971643061111904e-03 1.087526435472400271e-01 1.034155386379047173e-03 2.690895891155736103e-02
5.510000000000000000e+04 -2.304879824559199264e+00 5.058823290550883200e+00 2.964357531313613261e-03 7.843139560246994990e-02 7.373742460977353481e-04 1.906488135250469784e-02
5.510100000000000000e+04 8.764855483454894625e+00 5.058823290550883200e+00 2.520154400702485226e-03 6.650546806242123299e-02 6.224268341795411233e-04 1.602491851517653942e-02
5.510200000000000000e+04 1.075899790692340874e+00 5.058823290550883200e+00 2.144061835037454171e-03 5.640571741228589397e-02 5.258043306838589264e-04 1.347376516706674104e-02
5.510600000000000000e+04 -1.521765660914201068e-01 5.058823290550883200e+00 1.118787136077707689e-03 2.912152699549300922e-02 2.668395524086519138e-04 6.723708800055868025e-03
5.510900000000000000e+04 4.098723494820834645e+00 5.058823290550883200e+00 6.863068712429584457e-04 1.795718101410824150e-02 1.603886617199637324e-04 4.044596621900800083e-03
5.511100000000000000e+04 -7.625997306145354315e+00 5.058823290550883200e+00 4.957527356108804972e-04 1.300341201096099839e-02 1.143196079927424701e-04 2.881826458714869133e-03
5.511200000000000000e+04 -6.417173153245822270e+00 5.058823290550883200e+00 4.210601488232686607e-04 1.105852636978962508e-02 9.645587389153405797e-05 2.431289414244084020e-03
5.511400000000000000e+04 9.462780180871479985e+00 5.058823290550883200e+00 3.041507956983588662e-04 8.005999113936131117e-03 6.876820444588222371e-05 1.732586296944574550e-03
5.511500000000000000e+04 -1.438197835104069178e+01 5.058823290550883200e+00 2.583738289986932065e-04 6.806939610657819148e-03 5.804061642466235168e-05 1.461643350905561436e-03
5.511700000000000000e+04 -2.240434112298239189e+00 5.058823290550883200e+00 1.866659680791753380e-04 4.927103595373242412e-03 4.139733072045060849e-05 1.041789389068488794e-03
5.511800000000000000e+04 4.727670968667163631e-01 5.058823290550883200e+00 1.585727097856618308e-04 4.189177357608118123e-03 3.494412016400036890e-05 8.790320784221899346e-04
5.511900000000000000e+04 1.347747144782779127e+00 5.058823290550883200e+00 1.348491275549908034e-04 3.564905074317135068e-03 2.952906681710418518e-05 7.423979393072841892e-04
5.512000000000000000e+04 1.059395065819823456e+00 5.058823290550883200e+00 1.156351396609396734e-04 3.032358873779683345e-03 2.516312410348764490e-05 6.267681091830750026e-04
