5.497400000000000000e+04 2.651126647189741892e+00 5.104107598033155391e+00 2.872527343123094101e-01 9.260775751072001066e-19 2.872527343123094101e-01 9.260775751072001066e-19
5.497600000000000000e+04 -3.026036338240753132e+00 5.104107598033155391e+00 1.958814406946931541e+00 9.260775358043454047e-19 1.958814406946931541e+00 9.260775358043454047e-19
5.498000000000000000e+04 1.025251742638965879e+01 5.104107598033155391e+00 9.740658635389692677e+00 9.260774071422035432e-19 9.740658635389692677e+00 9.260774071422035432e-19
5.498100000000000000e+04 8.908034365895247220e+00 5.104107598033155391e+00 1.261836908227294352e+01 9.260773599158055384e-19 1.261836908227294352e+01 9.260773599158055384e-19
5.498500000000000000e+04 2.922951909088597233e+01 5.104107598033155391e+00 2.761301931683333422e+01 9.260770735731008535e-19 2.761301931683333422e+01 9.260770735731008535e-19
5.498700000000000000e+04 3.373515452548254245e+01 5.104107598033155391e+00 3.698113532148148863e+01 9.260768451280118463e-19 3.698113532148148863e+01 9.260768451280118463e-19
5.498800000000000000e+04 4.597113545380311450e+01 5.104107598033155391e+00 4.209516568424355398e+01 9.260767003861789973e-19 4.209516568424355398e+01 9.260767003861789973e-19
5.498900000000000000e+04 4.925856716664969781e+01 5.104107598033155391e+00 4.711547825657126509e+01 9.260765305301220290e-19 4.711547825657126509e+01 9.260765305301220290e-19
5.499300000000000000e+04 6.630305795311613792e+01 5.104107598033155391e+00 6.549985504210982867e+01 -1.319528255753682142e-02 6.549985504210982867e+01 -1.319528255753682142e-02
5.499500000000000000e+04 6.621426725808487390e+01 5.104107598033155391e+00 6.925870503056015082e+01 7.975107901015551226e-01 6.925870503056015082e+01 7.975107901015551226e-01
5.499700000000000000e+04 8.155432410308880264e+01 5.104107598033155391e+00 7.257808194631681431e+01 2.848116343879942391e+00 6.841287481237441170e+01 2.848116343879942391e+00
5.499900000000000000e+04 8.013451214335171358e+01 5.104107598033155391e+00 7.296847046417502725e+01 6.151757690667355227e+00 6.504780932565140006e+01 6.151757690667355227e+00
5.500000000000000000e+04 8.949675341101706749e+01 5.104107598033155391e+00 7.282877113280027004e+01 8.279559840081237354e+00 6.320798198309262261e+01 8.279559840081237354e+00
5.500200000000000000e+04 8.290083384627249075e+01 5.104107598033155391e+00 7.174376117905367778e+01 1.348602709029784208e+01 5.914124484496770862e+01 1.348602709029784208e+01
5.500300000000000000e+04 7.932368220007045068e+01 5.104107598033155391e+00 6.999197396972950003e+01 1.655460456555931259e+01 5.628475033544589223e+01 1.655460456555931259e+01
5.500500000000000000e+04 9.110298640805648063e+01 5.104107598033155391e+00 6.522905608065553906e+01 2.347106641930833248e+01 5.000629460476246635e+01 2.347106641930833248e+01
5.500700000000000000e+04 9.611225888971769393e+01 5.104107598033155391e+00 6.082882381587479159e+01 3.143396502325926178e+01 4.455343955827151348e+01 3.143396502325926178e+01
5.500900000000000000e+04 9.495181434774845286e+01 5.104107598033155391e+00 5.615993823049930711e+01 4.004815651808557675e+01 3.937777404403901471e+01 4.004815651808557675e+01
5.501000000000000000e+04 9.793946850955697414e+01 5.104107598033155391e+00 5.369754364146003667e+01 4.412970439257524191e+01 3.686434766411487374e+01 4.412970439257524191e+01
5.501300000000000000e+04 1.010953663304282202e+02 5.104107598033155391e+00 4.640727517486974563e+01 5.567487678579335153e+01 2.997981993502793685e+01 5.567487678579335153e+01
5.501600000000000000e+04 9.539236176850644711e+01 5.104107598033155391e+00 3.736126901859626770e+01 6.151162963961510854e+01 2.279133005233092391e+01 5.880964673200113424e+01
5.501700000000000000e+04 9.370015471042314914e+01 5.104107598033155391e+00 3.460291794170647250e+01 6.215852222024260954e+01 2.072381963252022885e+01 5.815094359051825279e+01
5.501800000000000000e+04 9.429901509707615048e+01 5.104107598033155391e+00 3.204990499855585284e+01 6.209753957804848312e+01 1.885112345149930135e+01 5.687165416562561404e+01
5.501900000000000000e+04 8.560709395502398422e+01 5.104107598033155391e+00 2.957505390112656940e+01 6.164139698297073267e+01 1.708947422377729097e+01 5.529063792680368294e+01
5.502000000000000000e+04 8.545854720079218225e+01 5.104107598033155391e+00 2.720199160567590724e+01 6.113214394053979817e+01 1.544652967884242400e+01 5.372678468562872922e+01
5.502200000000000000e+04 7.440327667891378383e+01 5.104107598033155391e+00 2.289981324068974189e+01 5.950859943571612831e+01 1.256901635586821442e+01 5.027005811822255055e+01
5.502300000000000000e+04 7.658812117893774030e+01 5.104107598033155391e+00 2.095527786721830665e+01 5.773340238173433647e+01 1.131270102647213349e+01 4.784203778512900840e+01
5.502400000000000000e+04 7.322906869538822150e+01 5.104107598033155391e+00 1.916876964045355436e+01 5.544360289869403857e+01 1.018094207449878574e+01 4.508626217801651848e+01
5.502500000000000000e+04 6.840501553792574896e+01 5.104107598033155391e+00 1.754993911767570935e+01 5.324624160718006749e+01 9.172838121572022274e+00 4.250535041404809533e+01
5.502800000000000000e+04 5.471641449654413236e+01 5.104107598033155391e+00 1.346347464091148716e+01 4.711826074832899991e+01 6.716370971383953226e+00 3.565211684480627952e+01
5.502900000000000000e+04 5.535268156047473553e+01 5.104107598033155391e+00 1.235569685306024823e+01 4.500472103129931156e+01 6.071543353043900915e+00 3.347110793743316037e+01
5.503100000000000000e+04 5.178636339367779584e+01 5.104107598033155391e+00 1.049298971400806657e+01 4.072259104717571887e+01 5.006434182654020404e+00 2.928568905648892340e+01
5.503300000000000000e+04 3.889168215289891606e+01 5.104107598033155391e+00 9.041778457493958143e+00 3.660542796215334249e+01 4.192249869357422831e+00 2.548284694477374757e+01
5.503400000000000000e+04 5.024086835936783757e+01 5.104107598033155391e+00 8.474992509951395192e+00 3.422298497225886393e+01 3.874767751706000407e+00 2.344930616647468113e+01
5.503500000000000000e+04 3.948242235643733267e+01 5.104107598033155391e+00 7.978581987567057610e+00 3.164225428604368062e+01 3.597735703756966164e+00 2.134503123016181902e+01
5.503700000000000000e+04 3.690455594655313831e+01 5.104107598033155391e+00 7.166828353116485140e+00 2.692247990949057979e+01 3.145344712025503142e+00 1.761524668764219470e+01
5.503800000000000000e+04 3.785419924945381354e+01 5.104107598033155391e+00 6.841761237892804992e+00 2.485774055006714889e+01 2.963093496324381348e+00 1.602345493377440633e+01
5.503900000000000000e+04 3.557483536046261463e+01 5.104107598033155391e+00 6.555462490663937380e+00 2.286846571847027221e+01 2.802157021713587159e+00 1.452605309021069679e+01
5.504000000000000000e+04 2.857725570112961577e+01 5.104107598033155391e+00 6.288428834242249188e+00 2.097155727011877246e+01 2.653484246384680389e+00 1.312955022701605934e+01
5.504100000000000000e+04 2.436814217234363511e+01 5.104107598033155391e+00 6.033205970250325123e+00 1.920424420982796221e+01 2.513503025968822246e+00 1.185263194194796199e+01
5.504300000000000000e+04 2.538404529047986813e+01 5.104107598033155391e+00 5.554326095572887922e+00 1.602180074157583078e+01 2.256754227528354306e+00 9.615795872501312402e+00
5.504400000000000000e+04 2.047104869507758451e+01 5.104107598033155391e+00 5.307127663068293977e+00 1.461772582861635250e+01 2.129971270706062736e+00 8.653800763323966194e+00
5.504500000000000000e+04 1.538573259980237218e+01 5.104107598033155391e+00 5.051732259532672131e+00 1.334941000973606684e+01 2.002998789726357476e+00 7.796912403336219377e+00
5.504600000000000000e+04 1.281297192137569496e+01 5.104107598033155391e+00 4.805049693365129215e+00 1.217933602653112324e+01 1.882468299899572761e+00 7.019333690942685777e+00
5.504700000000000000e+04 1.136294136093136764e+01 5.104107598033155391e+00 4.566802852725789563e+00 1.111669278985116271e+01 1.768044749775525615e+00 6.323182351501767329e+00
5.504900000000000000e+04 3.101954459915974738e+00 5.104107598033155391e+00 4.100750395936443304e+00 9.310257701345859616e+00 1.551051834533994978e+00 5.160811850087315023e+00
5.505000000000000000e+04 7.276260625886386890e+00 5.104107598033155391e+00 3.847439237627905406e+00 8.548756601193499449e+00 1.438675292267899364e+00 4.679117401183376046e+00
5.505100000000000000e+04 1.245241300437762177e+01 5.104107598033155391e+00 3.584060664658300865e+00 7.872508059353721777e+00 1.325106192803267691e+00 4.255469055255916899e+00
5.505300000000000000e+04 3.798655682150341661e+00 5.104107598033155391e+00 3.066435276375686136e+00 6.755940453718230820e+00 1.108770342350714921e+00 3.563412388953809184e+00
5.505400000000000000e+04 3.757830332041518950e+00 5.104107598033155391e+00 2.812580246814854856e+00 6.319968592169683319e+00 1.005908494057323077e+00 3.293552588950100279e+00
5.505500000000000000e+04 1.686404945230191288e+01 5.104107598033155391e+00 2.571552215487120652e+00 5.938364373779765337e+00 9.098004280595362037e-01 3.058075348193420417e+00
5.505700000000000000e+04 7.128174353446564915e+00 5.104107598033155391e+00 2.127681756996202989e+00 5.314489855654023209e+00 7.368888778080757707e-01 2.673543005221677760e+00
5.505800000000000000e+04 6.983273162782891674e+00 5.104107598033155391e+00 1.918207106109037996e+00 5.064410165337950076e+00 6.574095826676078502e-01 2.518629471875724057e+00
5.505900000000000000e+04 -2.492414538042336147e+00 5.104107598033155391e+00 1.718855273791025651e+00 4.844059612617985344e+00 5.830050588127172473e-01 2.381833468456548975e+00
5.506100000000000000e+04 1.002974661836682735e+01 5.104107598033155391e+00 1.355631088099230608e+00 4.443225967467219206e+00 4.505027589097987395e-01 2.136477572073498532e+00
5.506300000000000000e+04 4.324162115678045204e+00 5.104107598033155391e+00 1.048565218586455572e+00 4.077492949328985539e+00 3.415482990769190819e-01 1.918241093399101205e+00
5.506400000000000000e+04 8.960691526349940261e+00 5.104107598033155391e+00 9.193872964515479307e-01 3.890012843083408445e+00 2.965309531914898100e-01 1.810475580100153081e+00
5.506700000000000000e+04 1.021541954924608575e+01 5.104107598033155391e+00 6.064195826740451656e-01 3.332589400516550171e+00 1.899928740845295005e-01 1.502838037309196739e+00
5.506800000000000000e+04 -4.814754256043960012e+00 5.104107598033155391e+00 5.252288616870991467e-01 3.159338298957874436e+00 1.630009885761951050e-01 1.410102290207875919e+00
5.506900000000000000e+04 5.672979630764240611e+00 5.104107598033155391e+00 4.538098036591476925e-01 2.984152252528514904e+00 1.395185175518027509e-01 1.318394059353895864e+00
5.507000000000000000e+04 -6.888271937254132560e+00 5.104107598033155391e+00 3.912025283011199561e-01 2.796037163227679034e+00 1.191554736916271978e-01 1.222873998427714382e+00
5.507200000000000000e+04 6.639648855507878089e+00 5.104107598033155391e+00 2.895810157225196524e-01 2.408084869038323639e+00 8.659693020465177027e-02 1.032452882208663159e+00
5.507400000000000000e+04 8.270298709956295014e+00 5.104107598033155391e+00 2.131448774744542918e-01 2.033530620684189216e+00 6.259957145868536021e-02 8.550222199487245156e-01
5.507600000000000000e+04 -7.506863587364371870e-01 5.104107598033155391e+00 1.545271767002571461e-01 1.692304445435067972e+00 4.458659039435906163e-02 6.980644381929893560e-01
5.507800000000000000e+04 6.989035791632890238e+00 5.104107598033155391e+00 1.116455971809824504e-01 1.380357530148449641e+00 3.165759871947924908e-02 5.587981452674666283e-01
5.508000000000000000e+04 3.099350234122497660e+00 5.104107598033155391e+00 8.046599409397020564e-02 1.098655858380075623e+00 2.242927217941729015e-02 4.366381267694606771e-01
5.508200000000000000e+04 5.839905680444631209e+00 5.104107598033155391e+00 5.783299966526634500e-02 8.560072108495360155e-01 1.585148843184322476e-02 3.341018188315121318e-01
5.508300000000000000e+04 -1.024611375339666708e+01 5.104107598033155391e+00 4.901817779527399555e-02 7.504922764180919081e-01 1.332425287277213925e-02 2.903160542153811474e-01
5.508400000000000000e+04 -5.031401683744924469e+00 5.104107598033155391e+00 4.149870733131131445e-02 6.573647740039132437e-01 1.118771474028273233e-02 2.520513102127663885e-01
5.508600000000000000e+04 1.362336024451718330e+01 5.104107598033155391e+00 2.982315943624014656e-02 4.987340935794838392e-01 7.910245647124551638e-03 1.879176194082168572e-01
5.508900000000000000e+04 6.654850312640323118e+00 5.104107598033155391e+00 1.837445453933302456e-02 3.229131832182188244e-01 4.758348966942117439e-03 1.185907399190323230e-01
5.509000000000000000e+04 -6.437125252196151060e+00 5.104107598033155391e+00 1.562933112375089126e-02 2.781099538283617334e-01 4.015798901434460173e-03 1.012821526378831216e-01
5.509200000000000000e+04 -3.541006078101866184e+00 5.104107598033155391e+00 1.130647969505363566e-02 2.054998773415830093e-01 2.860340487345981557e-03 7.360739067395399848e-02
5.509300000000000000e+04 6.761340382818909589e+00 5.104107598033155391e+00 9.617322017035549384e-03 1.762495078839025342e-01 2.414419350363810127e-03 6.261506768650819399e-02
5.509500000000000000e+04 -2.220454108550724559e+00 5.104107598033155391e+00 6.954273898925106626e-03 1.286206098325984315e-01 1.719580412830072277e-03 4.496038203067134059e-02
5.509600000000000000e+04 4.575182562131650421e+00 5.104107598033155391e+00 5.915712574446376805e-03 1.092892083586804453e-01 1.451847290194205504e-03 3.789860183520520065e-02
5.509700000000000000e+04 3.705782470830166986e+00 5.104107598033155391e+00 5.031294203607722219e-03 9.290097418108544947e-02 1.225634575374692737e-03 3.196098953721650954e-02
5.509800000000000000e+04 1.962191728165081361e+00 5.104107598033155391e+00 4.276743529990421726e-03 7.883440219173858121e-02 1.034155386379047173e-03 2.690895891155736103e-02
5.510000000000000000e+04 -2.347812379676666339e+00 5.104107598033155391e+00 3.094300703718220330e-03 5.672976144863683956e-02 7.373742460977353481e-04 1.906488135250469784e-02
5.510100000000000000e+04 8.824354027763055441e+00 5.104107598033155391e+00 2.630885694462403723e-03 4.805212897052076049e-02 6.224268341795411233e-04 1.602491851517653942e-02
5.510200000000000000e+04 1.069407150836677589e+00 5.104107598033155391e+00 2.238486214097346657e-03 4.071179411383107211e-02 5.258043306838589264e-04 1.347376516706674104e-02
5.510600000000000000e+04 -1.619473689296244412e-01 5.104107598033155391e+00 1.168497779385775865e-03 2.093392726082056454e-02 2.668395524086519138e-04 6.723708800055868025e-03
5.510900000000000000e+04 4.130191427061552290e+00 5.104107598033155391e+00 7.169938912239566921e-04 1.287138777816477543e-02 1.603886617199637324e-04 4.044596621900800083e-03
5.511100000000000000e+04 -7.698060361668827234e+00 5.104107598033155391e+00 5.180091355542269620e-04 9.303431483441704231e-03 1.143196079927424701e-04 2.881826458714869133e-03
5.511200000000000000e+04 -6.477854332725058839e+00 5.104107598033155391e+00 4.400006184445474336e-04 7.904810128688476503e-03 9.645587389153405797e-05 2.431289414244084020e-03
5.511400000000000000e+04 9.545132804801902182e+00 5.104107598033155391e+00 3.178852322517067546e-04 5.712731409568631152e-03 6.876820444588222371e-05 1.732586296944574550e-03
5.511500000000000000e+04 -1.451272489092465712e+01 5.104107598033155391e+00 2.700631548022107832e-04 4.852948116655562104e-03 5.804061642466235168e-05 1.461643350905561436e-03
5.511700000000000000e+04 -2.261947059164335361e+00 5.104107598033155391e+00 1.951423081193553706e-04 3.506813579306389869e-03 4.139733072045060849e-05 1.041789389068488794e-03
5.511800000000000000e+04 4.757573544980303604e-01 5.104107598033155391e+00 1.657863656949780308e-04 2.979142327717967508e-03 3.494412016400036890e-05 8.790320784221899346e-04
5.511900000000000000e+04 1.358752819772713227e+00 5.104107598033155391e+00 1.409944915103382608e-04 2.533127850836252182e-03 2.952906681710418518e-05 7.423979393072841892e-04
5.512000000000000000e+04 1.067976020831420847e+00 5.104107598033155391e+00 1.209141288627982953e-04 2.152986868253086578e-03 2.516312410348764490e-05 6.267681091830750026e-04
