5.497400000000000000e+04 2.840403463774766379e+00 5.512796586223382533e+00 2.872527343123094101e-01 9.260775751072001066e-19 2.872527343123094101e-01 9.260775751072001066e-19
5.497600000000000000e+04 -3.425176357960380891e+00 5.512796586223382533e+00 1.958814406946931541e+00 9.260775358043454047e-19 1.958814406946931541e+00 9.260775358043454047e-19
5.498000000000000000e+04 1.029350226994402817e+01 5.512796586223382533e+00 9.740658635389692677e+00 9.260774071422035432e-19 9.740658635389692677e+00 9.260774071422035432e-19
5.498100000000000000e+04 8.610945616890857579e+00 5.512796586223382533e+00 1.261836908227294352e+01 9.260773599158055384e-19 1.261836908227294352e+01 9.260773599158055384e-19
5.498500000000000000e+04 2.935895320730661595e+01 5.512796586223382533e+00 2.761301931683333422e+01 9.260770735731008535e-19 2.761301931683333422e+01 9.260770735731008535e-19
5.498700000000000000e+04 3.347524687625647033e+01 5.512796586223382533e+00 3.698113532148148863e+01 9.260768451280118463e-19 3.698113532148148863e+01 9.260768451280118463e-19
5.498800000000000000e+04 4.628148670188174663e+01 5.512796586223382533e+00 4.209516568424355398e+01 9.260767003861789973e-19 4.209516568424355398e+01 9.260767003861789973e-19
5.498900000000000000e+04 4.943016559427672263e+01 5.512796586223382533e+00 4.711547825657126509e+01 9.260765305301220290e-19 4.711547825657126509e+01 9.260765305301220290e-19
5.499300000000000000e+04 6.636842745116835829e+01 5.512796586223382533e+00 6.549985504210982867e+01 -1.319528255753682142e-02 6.549985504210982867e+01 -1.319528255753682142e-02
5.499500000000000000e+04 6.590664010866437650e+01 5.512796586223382533e+00 6.925870503056015082e+01 7.975107901015551226e-01 6.925870503056015082e+01 7.975107901015551226e-01
5.499700000000000000e+04 8.411748157541532578e+01 5.512796586223382533e+00 7.465055667148919838e+01 2.848116343879942391e+00 6.841287481237441170e+01 2.848116343879942391e+00
5.499900000000000000e+04 8.415679578952357076e+01 5.512796586223382533e+00 7.690953977678518072e+01 6.151757690667355227e+00 6.504780932565140006e+01 6.151757690667355227e+00
5.500000000000000000e+04 9.495541846993168633e+01 5.512796586223382533e+00 7.761577012415882848e+01 8.279559840081237354e+00 6.320798198309262261e+01 8.279559840081237354e+00
5.500200000000000000e+04 8.898496475174025022e+01 5.512796586223382533e+00 7.801437287639896567e+01 1.348602709029784208e+01 5.914124484496770862e+01 1.348602709029784208e+01
5.500300000000000000e+04 8.556561946293810195e+01 5.512796586223382533e+00 7.681225291884624085e+01 1.655460456555931259e+01 5.628475033544589223e+01 1.655460456555931259e+01
5.500500000000000000e+04 9.886974760180994792e+01 5.512796586223382533e+00 7.280341850528124326e+01 2.347106641930833248e+01 5.000629460476246635e+01 2.347106641930833248e+01
5.500700000000000000e+04 1.045186023641641242e+02 5.512796586223382533e+00 6.892693789079842759e+01 3.143396502325926178e+01 4.455343955827151348e+01 3.143396502325926178e+01
5.500900000000000000e+04 1.032014948799869956e+02 5.512796586223382533e+00 6.451020989567143715e+01 4.004815651808557675e+01 3.937777404403901471e+01 4.004815651808557675e+01
5.501000000000000000e+04 1.063241175338714442e+02 5.512796586223382533e+00 6.207320710429991095e+01 4.412970439257524191e+01 3.686434766411487374e+01 4.412970439257524191e+01
5.501300000000000000e+04 1.091901335708806471e+02 5.512796586223382533e+00 5.458105493867429914e+01 5.567487678579335153e+01 2.997981993502793685e+01 5.567487678579335153e+01
5.501600000000000000e+04 1.018706441789316557e+02 5.512796586223382533e+00 4.461080770511738081e+01 6.101906206129672938e+01 2.279133005233092391e+01 5.880964673200113424e+01
5.501700000000000000e+04 9.963025826436305010e+01 5.512796586223382533e+00 4.150871626793420432e+01 6.142794642903341895e+01 2.072381963252022885e+01 5.815094359051825279e+01
5.501800000000000000e+04 9.992577440554826751e+01 5.512796586223382533e+00 3.861719932023235202e+01 6.114486822142632860e+01 1.885112345149930135e+01 5.687165416562561404e+01
5.501900000000000000e+04 9.021264288336240611e+01 5.512796586223382533e+00 3.578748163360777568e+01 6.048366278710859234e+01 1.708947422377729097e+01 5.529063792680368294e+01
5.502000000000000000e+04 8.972745515034048935e+01 5.512796586223382533e+00 3.305113594415420408e+01 5.978215765288032202e+01 1.544652967884242400e+01 5.372678468562872922e+01
5.502200000000000000e+04 7.721840414179354184e+01 5.512796586223382533e+00 2.804008952135988864e+01 5.782442670792839579e+01 1.256901635586821442e+01 5.027005811822255055e+01
5.502300000000000000e+04 7.941458652760775294e+01 5.512796586223382533e+00 2.575311772135876254e+01 5.593022091382621852e+01 1.131270102647213349e+01 4.784203778512900840e+01
5.502400000000000000e+04 7.570223589556761112e+01 5.512796586223382533e+00 2.364082705936472451e+01 5.355547465694007769e+01 1.018094207449878574e+01 4.508626217801651848e+01
5.502500000000000000e+04 7.042368383692266320e+01 5.512796586223382533e+00 2.171811840056496834e+01 5.128819266872316973e+01 9.172838121572022274e+00 4.250535041404809533e+01
5.502800000000000000e+04 5.551365764387338686e+01 5.512796586223382533e+00 1.682061904539118302e+01 4.502799928912692451e+01 6.716370971383953226e+00 3.565211684480627952e+01
5.502900000000000000e+04 5.621615501120763980e+01 5.512796586223382533e+00 1.548249196290161045e+01 4.290216003622494867e+01 6.071543353043900915e+00 3.347110793743316037e+01
5.503100000000000000e+04 5.247707130755901517e+01 5.512796586223382533e+00 1.322292541740332261e+01 3.863766034641420077e+01 5.006434182654020404e+00 2.928568905648892340e+01
5.503300000000000000e+04 3.873610412694374361e+01 5.512796586223382533e+00 1.145474979474435351e+01 3.457779752047204624e+01 4.192249869357422831e+00 2.548284694477374757e+01
5.503400000000000000e+04 5.116973180248062647e+01 5.512796586223382533e+00 1.076391818279109280e+01 3.225895889941024564e+01 3.874767751706000407e+00 2.344930616647468113e+01
5.503500000000000000e+04 3.977394050631551181e+01 5.512796586223382533e+00 1.015835190202705185e+01 2.976508540768135092e+01 3.597735703756966164e+00 2.134503123016181902e+01
5.503700000000000000e+04 3.743424185361764955e+01 5.512796586223382533e+00 9.167790834895070518e+00 2.522578474683369265e+01 3.145344712025503142e+00 1.761524668764219470e+01
5.503800000000000000e+04 3.866643393478605617e+01 5.512796586223382533e+00 8.771663065880300536e+00 2.324726305225319933e+01 2.963093496324381348e+00 1.602345493377440633e+01
5.503900000000000000e+04 3.641405800446258922e+01 5.512796586223382533e+00 8.422988035039050914e+00 2.134765595536811844e+01 2.802157021713587159e+00 1.452605309021069679e+01
5.504000000000000000e+04 2.906177665839354063e+01 5.512796586223382533e+00 8.097061764966777986e+00 1.954197072185011663e+01 2.653484246384680389e+00 1.312955022701605934e+01
5.504100000000000000e+04 2.470964021434686586e+01 5.512796586223382533e+00 7.784498320802394566e+00 1.786405592021251110e+01 2.513503025968822246e+00 1.185263194194796199e+01
5.504300000000000000e+04 2.616190918571237845e+01 5.512796586223382533e+00 7.195093080549505693e+00 1.485399531387895777e+01 2.256754227528354306e+00 9.615795872501312402e+00
5.504400000000000000e+04 2.100842002782139417e+01 5.512796586223382533e+00 6.887979733408969629e+00 1.353051091011878349e+01 2.129971270706062736e+00 8.653800763323966194e+00
5.504500000000000000e+04 1.564902753749596442e+01 5.512796586223382533e+00 6.568685164100528162e+00 1.233719772227265921e+01 2.002998789726357476e+00 7.796912403336219377e+00
5.504600000000000000e+04 1.299248696364328559e+01 5.512796586223382533e+00 6.259233333083299655e+00 1.123867505958133250e+01 1.882468299899572761e+00 7.019333690942685777e+00
5.504700000000000000e+04 1.153571504242602863e+01 5.512796586223382533e+00 5.959375957426526149e+00 1.024284276600084098e+01 1.768044749775525615e+00 6.323182351501767329e+00
5.504900000000000000e+04 2.788713298221043857e+00 5.512796586223382533e+00 5.369399386344138492e+00 8.553819720721273612e+00 1.551051834533994978e+00 5.160811850087315023e+00
5.505000000000000000e+04 7.359399081916036423e+00 5.512796586223382533e+00 5.045963641128592414e+00 7.843326968628566931e+00 1.438675292267899364e+00 4.679117401183376046e+00
5.505100000000000000e+04 1.299675384685761870e+01 5.512796586223382533e+00 4.708044634167036335e+00 7.213127077367837536e+00 1.325106192803267691e+00 4.255469055255916899e+00
5.505300000000000000e+04 3.708411385094126267e+00 5.512796586223382533e+00 4.040507144989535782e+00 6.173947202338589513e+00 1.108770342350714921e+00 3.563412388953809184e+00
5.505400000000000000e+04 3.674704560972982037e+00 5.512796586223382533e+00 3.711522706065105037e+00 5.768257329493246210e+00 1.005908494057323077e+00 3.293552588950100279e+00
5.505500000000000000e+04 1.783473229608798150e+01 5.512796586223382533e+00 3.398387104654801760e+00 5.413291847898056730e+00 9.098004280595362037e-01 3.058075348193420417e+00
5.505700000000000000e+04 7.313605955150424442e+00 5.512796586223382533e+00 2.819696102832329743e+00 4.833049062331706835e+00 7.368888778080757707e-01 2.673543005221677760e+00
5.505800000000000000e+04 7.146566327199263213e+00 5.512796586223382533e+00 2.545539893378875096e+00 4.600318024867783961e+00 6.574095826676078502e-01 2.518629471875724057e+00
5.505900000000000000e+04 -3.101177542378088070e+00 5.512796586223382533e+00 2.284018250426970376e+00 4.395199345706529925e+00 5.830050588127172473e-01 2.381833468456548975e+00
5.506100000000000000e+04 1.039836270848767441e+01 5.512796586223382533e+00 1.805994185289812481e+00 4.022709069411687821e+00 4.505027589097987395e-01 2.136477572073498532e+00
5.506300000000000000e+04 4.218114475247149109e+00 5.512796586223382533e+00 1.400354373083043447e+00 3.683864457210189070e+00 3.415482990769190819e-01 1.918241093399101205e+00
5.506400000000000000e+04 9.223904831960190620e+00 5.512796586223382533e+00 1.229300822312135999e+00 3.510916206030649800e+00 2.965309531914898100e-01 1.810475580100153081e+00
5.506700000000000000e+04 1.059161521656065830e+01 5.512796586223382533e+00 8.136202813873474327e-01 2.999028371925261727e+00 1.899928740845295005e-01 1.502838037309196739e+00
5.506800000000000000e+04 -5.633950187586005853e+00 5.512796586223382533e+00 7.054619419720515872e-01 2.840455103098520784e+00 1.630009885761951050e-01 1.410102290207875919e+00
5.506900000000000000e+04 5.704654889235641235e+00 5.512796586223382533e+00 6.101911613811769053e-01 2.680486941780648724e+00 1.395185175518027509e-01 1.318394059353895864e+00
5.507000000000000000e+04 -7.846447659122356200e+00 5.512796586223382533e+00 5.265644986918009973e-01 2.509251792305598361e+00 1.191554736916271978e-01 1.222873998427714382e+00
5.507200000000000000e+04 6.805508529262217721e+00 5.512796586223382533e+00 3.905794470898054649e-01 2.157309146327204274e+00 8.659693020465177027e-02 1.032452882208663159e+00
5.507400000000000000e+04 8.612680053476932329e+00 5.512796586223382533e+00 2.880514383435439085e-01 1.818690242774194665e+00 6.259957145868536021e-02 8.550222199487245156e-01
5.507600000000000000e+04 -1.085216771049424489e+00 5.512796586223382533e+00 2.092301192100923524e-01 1.511055929297361544e+00 4.458659039435906163e-02 6.980644381929893560e-01
5.507800000000000000e+04 7.319216926185879935e+00 5.512796586223382533e+00 1.514450836885567753e-01 1.230588441855838600e+00 3.165759871947924908e-02 5.587981452674666283e-01
5.508000000000000000e+04 3.161296437450771712e+00 5.512796586223382533e+00 1.093432228684065449e-01 9.779709828598139865e-01 2.242927217941729015e-02 4.366381267694606771e-01
5.508200000000000000e+04 6.160084795082909181e+00 5.512796586223382533e+00 7.872166574066950806e-02 7.608646123034057407e-01 1.585148843184322476e-02 3.341018188315121318e-01
5.508300000000000000e+04 -1.119667287396733535e+01 5.512796586223382533e+00 6.677834070320316784e-02 6.666028162992446715e-01 1.332425287277213925e-02 2.903160542153811474e-01
5.508400000000000000e+04 -5.549033759495262785e+00 5.512796586223382533e+00 5.658049414759760282e-02 5.834767154389026711e-01 1.118771474028273233e-02 2.520513102127663885e-01
5.508600000000000000e+04 1.462611083048591354e+01 5.512796586223382533e+00 4.072632908001216218e-02 4.420726996259619623e-01 7.910245647124551638e-03 1.879176194082168572e-01
5.508900000000000000e+04 7.129908357131976793e+00 5.512796586223382533e+00 2.514939603602383417e-02 2.856654971546350730e-01 4.758348966942117439e-03 1.185907399190323230e-01
5.509000000000000000e+04 -7.002526582152609258e+00 5.512796586223382533e+00 2.140785575091501067e-02 2.458745012774525840e-01 4.015798901434460173e-03 1.012821526378831216e-01
5.509200000000000000e+04 -3.861737675980793760e+00 5.512796586223382533e+00 1.550901019842707527e-02 1.814560676738037892e-01 2.860340487345981557e-03 7.360739067395399848e-02
5.509300000000000000e+04 7.270711075900242015e+00 5.512796586223382533e+00 1.320125752000407028e-02 1.555341136954831172e-01 2.414419350363810127e-03 6.261506768650819399e-02
5.509500000000000000e+04 -2.421749299034498204e+00 5.512796586223382533e+00 9.558891051226970498e-03 1.133694712358895851e-01 1.719580412830072277e-03 4.496038203067134059e-02
5.509600000000000000e+04 4.921502347527645149e+00 5.512796586223382533e+00 8.136790105692865566e-03 9.627480398518972748e-02 1.451847290194205504e-03 3.789860183520520065e-02
5.509700000000000000e+04 3.985449526903118489e+00 5.512796586223382533e+00 6.924869514148557226e-03 8.179170306978270077e-02 1.225634575374692737e-03 3.196098953721650954e-02
5.509800000000000000e+04 2.104798324602910498e+00 5.512796586223382533e+00 5.890152360733854307e-03 6.936846894043864620e-02 1.034155386379047173e-03 2.690895891155736103e-02
5.510000000000000000e+04 -2.546286809952528873e+00 5.512796586223382533e+00 4.267032420396414324e-03 4.986350825202170295e-02 7.373742460977353481e-04 1.906488135250469784e-02
5.510100000000000000e+04 9.522028013298335480e+00 5.512796586223382533e+00 3.630231006863456674e-03 4.221361480012105621e-02 6.224268341795411233e-04 1.602491851517653942e-02
5.510200000000000000e+04 1.147482897218672360e+00 5.512796586223382533e+00 3.090662300782252500e-03 3.574634080964222277e-02 5.258043306838589264e-04 1.347376516706674104e-02
5.510600000000000000e+04 -1.788262132569175822e-01 5.512796586223382533e+00 1.617134263974029373e-03 1.834342497641677436e-02 2.668395524086519138e-04 6.723708800055868025e-03
5.510900000000000000e+04 4.458478165155093542e+00 5.512796586223382533e+00 9.939429679326472738e-04 1.126227650958076983e-02 1.603886617199637324e-04 4.044596621900800083e-03
5.511100000000000000e+04 -8.316204914372756107e+00 5.512796586223382533e+00 7.188722176972927669e-04 8.132782169919571327e-03 1.143196079927424701e-04 2.881826458714869133e-03
5.511200000000000000e+04 -6.998035106397082039e+00 5.512796586223382533e+00 6.109375675940655883e-04 6.906995214466767237e-03 9.645587389153405797e-05 2.431289414244084020e-03
5.511400000000000000e+04 1.030833287520960617e+01 5.512796586223382533e+00 4.418379498801733155e-04 4.987156708871429839e-03 6.876820444588222371e-05 1.732586296944574550e-03
5.511500000000000000e+04 -1.567569050376973472e+01 5.512796586223382533e+00 3.755588331260049906e-04 4.234718160019688635e-03 5.804061642466235168e-05 1.461643350905561436e-03
5.511700000000000000e+04 -2.443731820392416321e+00 5.512796586223382533e+00 2.716409238028066799e-04 3.057443232639794548e-03 4.139733072045060849e-05 1.041789389068488794e-03
5.511800000000000000e+04 5.132819736913072362e-01 5.512796586223382533e+00 2.308893097089744135e-04 2.596295264998865933e-03 3.494412016400036890e-05 8.790320784221899346e-04
5.511900000000000000e+04 1.467063876966276048e+00 5.512796586223382533e+00 1.964561451517217688e-04 2.206680376480087483e-03 2.952906681710418518e-05 7.423979393072841892e-04
5.512000000000000000e+04 1.153076850508909068e+00 5.512796586223382533e+00 1.685567864527235998e-04 1.874759394637031751e-03 2.516312410348764490e-05 6.267681091830750026e-04
