5.497500000000000000e+04 -2.442376009544882542e+00 8.355891343533780713e+00 9.676860811788584593e-01 1.550059251352647235e-18 9.676860811788584593e-01 1.550059251352647235e-18
5.497600000000000000e+04 -6.594426527471233257e+00 8.355891343533780713e+00 2.014654457448330049e+00 1.550059221086075950e-18 2.014654457448330049e+00 1.550059221086075950e-18
5.497900000000000000e+04 -1.348437317614519237e+00 8.355891343533780713e+00 7.421511495175619366e+00 1.550059094973972802e-18 7.421511495175619366e+00 1.550059094973972802e-18
5.498000000000000000e+04 1.456577402959605116e+01 8.355891343533780713e+00 1.010928248076253944e+01 1.550059037574012029e-18 1.010928248076253944e+01 1.550059037574012029e-18
5.498100000000000000e+04 2.996010767638033201e+01 8.355891343533780713e+00 1.326427468792255127e+01 1.550058970214539617e-18 1.326427468792255127e+01 1.550058970214539617e-18
5.498200000000000000e+04 1.460556264970017182e+01 8.355891343533780713e+00 1.681188057541250913e+01 1.550058891167473899e-18 1.681188057541250913e+01 1.550058891167473899e-18
5.498400000000000000e+04 2.605580644877504426e+01 8.355891343533780713e+00 2.504964300095078400e+01 1.550058689547010832e-18 2.504964300095078400e+01 1.550058689547010832e-18
5.498500000000000000e+04 3.359001479947005464e+01 8.355891343533780713e+00 2.982457128805857849e+01 1.550058561801121860e-18 2.982457128805857849e+01 1.550058561801121860e-18
5.498700000000000000e+04 3.685166102217678485e+01 8.355891343533780713e+00 4.097582893337165899e+01 1.550058235967616748e-18 4.097582893337165899e+01 1.550058235967616748e-18
5.499000000000000000e+04 5.155088155487344892e+01 8.355891343533780713e+00 6.053040193995693841e+01 1.550057502950129748e-18 6.053040193995693841e+01 1.550057502950129748e-18
5.499200000000000000e+04 8.509158564311709938e+01 8.355891343533780713e+00 7.440742163840896239e+01 1.550056777795506162e-18 7.440742163840896239e+01 1.550056777795506162e-18
5.499300000000000000e+04 8.715545919638874750e+01 8.355891343533780713e+00 8.115791156796579742e+01 5.023439304780431998e-03 8.115791156796579742e+01 5.023439304780431998e-03
5.499400000000000000e+04 8.851807180130073505e+01 8.355891343533780713e+00 8.659722275531558466e+01 2.635029007712635374e-01 8.659722275531558466e+01 2.635029007712635374e-01
5.499600000000000000e+04 8.949128851496914194e+01 8.355891343533780713e+00 9.298895886639343189e+01 1.712456288831080142e+00 9.298895886639343189e+01 1.712456288831080142e+00
5.499700000000000000e+04 9.141619331030926787e+01 8.355891343533780713e+00 9.553455560177745554e+01 2.925571079348777026e+00 9.534931745081652821e+01 2.925571079348777026e+00
5.499800000000000000e+04 1.023736214630809229e+02 8.355891343533780713e+00 9.763468294223649480e+01 4.445593075166165420e+00 9.725679520493949326e+01 4.445593075166165420e+00
5.500000000000000000e+04 1.066786326132642557e+02 8.355891343533780713e+00 1.001988740776114639e+02 8.592890108648159497e+00 9.942624000542298290e+01 8.592890108648159497e+00
5.500200000000000000e+04 1.181260358519457299e+02 8.355891343533780713e+00 1.005357400787233786e+02 1.429009848910063241e+01 9.937735874946248771e+01 1.429009848910063241e+01
5.500300000000000000e+04 1.185633334518920634e+02 8.355891343533780713e+00 9.962573736724358753e+01 1.760982062251375879e+01 9.828909195663038645e+01 1.760982062251375879e+01
5.500400000000000000e+04 1.206702696125087471e+02 8.355891343533780713e+00 9.803857145796025918e+01 2.129219655080816054e+01 9.653818898204983157e+01 2.129219655080816054e+01
5.500500000000000000e+04 1.244678685588214790e+02 8.355891343533780713e+00 9.602571278579857506e+01 2.535088559484978887e+01 9.437559456880096320e+01 2.535088559484978887e+01
5.500900000000000000e+04 1.281332123124980455e+02 8.355891343533780713e+00 8.463620741426706218e+01 4.587529006572047052e+01 8.255133116561614770e+01 4.587529006572047052e+01
5.501200000000000000e+04 1.355303190326810920e+02 8.355891343533780713e+00 7.364631124943744567e+01 6.324630839264761306e+01 7.142612246008147281e+01 6.324630839264761306e+01
5.501300000000000000e+04 1.249625515886056206e+02 8.355891343533780713e+00 6.988958337540174170e+01 6.898422483277093420e+01 6.765517379857884350e+01 6.898422483277093420e+01
5.501400000000000000e+04 1.444850003917451602e+02 8.355891343533780713e+00 6.584358488225274186e+01 7.360763934201824554e+01 6.361888512242121152e+01 7.360763934201824554e+01
5.501600000000000000e+04 1.475227541438293315e+02 8.355891343533780713e+00 5.759139825894236964e+01 8.867165017478778566e+01 5.543739832797152900e+01 7.904061503643441711e+01
5.501700000000000000e+04 1.487134560283494409e+02 8.355891343533780713e+00 5.423627813961924460e+01 9.586017247063222158e+01 5.211031447560955598e+01 8.104691983319403903e+01
5.501800000000000000e+04 1.437544012496068149e+02 8.355891343533780713e+00 5.132708680607909457e+01 1.028144013025509906e+02 4.922327896239417555e+01 8.266827592419855364e+01
5.501900000000000000e+04 1.509699949147366169e+02 8.355891343533780713e+00 4.864391400518910302e+01 1.093507972867872269e+02 4.656333247267679099e+01 8.381792962524767177e+01
5.502000000000000000e+04 1.636234135371291245e+02 8.355891343533780713e+00 4.595123671505556473e+01 1.154055720712763673e+02 4.390417961541074021e+01 8.451230400460953263e+01
5.502100000000000000e+04 1.743998584991495591e+02 8.355891343533780713e+00 4.317271766410549105e+01 1.209205275944364075e+02 4.117301454915962466e+01 8.476893537712527404e+01
5.502200000000000000e+04 1.733723938309573498e+02 8.355891343533780713e+00 4.043569271565467460e+01 1.256415281445587198e+02 3.849145005216814042e+01 8.447075493704311100e+01
5.502500000000000000e+04 1.644228833867850312e+02 8.355891343533780713e+00 3.313798816454587381e+01 1.339798387061297547e+02 3.137059333747742329e+01 8.021925538348081375e+01
5.502900000000000000e+04 1.563776361098617542e+02 8.355891343533780713e+00 2.517862642254234729e+01 1.342935647785172364e+02 2.366167303078713857e+01 7.016863149077371986e+01
5.503100000000000000e+04 1.620419265548082990e+02 8.355891343533780713e+00 2.188128338024116815e+01 1.299533676905670347e+02 2.048817721261307412e+01 6.383662120465699985e+01
5.503200000000000000e+04 1.375081713075076664e+02 8.355891343533780713e+00 2.040618183594962431e+01 1.272918016299539090e+02 1.907229695642826428e+01 6.071220409106924620e+01
5.503300000000000000e+04 1.458156383118484882e+02 8.355891343533780713e+00 1.920500158839821125e+01 1.240750038657403991e+02 1.791710107470335345e+01 5.750689772879200490e+01
5.503400000000000000e+04 1.329223358377905697e+02 8.355891343533780713e+00 1.816429202766022044e+01 1.199672856301778978e+02 1.691552365168480421e+01 5.407605235405802091e+01
5.503500000000000000e+04 1.230999855460376295e+02 8.355891343533780713e+00 1.717864187758156191e+01 1.149986572522890782e+02 1.596874529619285887e+01 5.045091848566411841e+01
5.503600000000000000e+04 1.329598171961212074e+02 8.355891343533780713e+00 1.629892884308574352e+01 1.102810594817862722e+02 1.512367877641758973e+01 4.712178857877579219e+01
5.503700000000000000e+04 1.089692000518335391e+02 8.355891343533780713e+00 1.549072428678650404e+01 1.063611048988620524e+02 1.434788638676704053e+01 4.429376730426811548e+01
5.503900000000000000e+04 1.284216113496677281e+02 8.355891343533780713e+00 1.389279905812716898e+01 9.986194264383919972e+01 1.282170619571031622e+01 3.957883260177526807e+01
5.504000000000000000e+04 9.479468485999359473e+01 8.355891343533780713e+00 1.314476231618957947e+01 9.643261441513674015e+01 1.210962883225882791e+01 3.731855267309912705e+01
5.504200000000000000e+04 1.034614994408810986e+02 8.355891343533780713e+00 1.178196051989539761e+01 8.853054274213663177e+01 1.081543224929825442e+01 3.271773254434290834e+01
5.504400000000000000e+04 9.456353747741492555e+01 8.355891343533780713e+00 1.054264367839223482e+01 8.071206310620006263e+01 9.643386980885679804e+00 2.854297894679026371e+01
5.504500000000000000e+04 7.361523359426010416e+01 8.355891343533780713e+00 9.944975267462831781e+00 7.702619776912435157e+01 9.080561577061848411e+00 2.666500433685580873e+01
5.504600000000000000e+04 8.357366871802709340e+01 8.355891343533780713e+00 9.348957864324649591e+00 7.341963041791765932e+01 8.521234229400151960e+00 2.489149440869678642e+01
5.504700000000000000e+04 9.540988592003895974e+01 8.355891343533780713e+00 8.748722277220991828e+00 6.987669544502422525e+01 7.960046289989414880e+00 2.321090328009672277e+01
5.504800000000000000e+04 8.059447892053930218e+01 8.355891343533780713e+00 8.157510354222710092e+00 6.639966183352584039e+01 7.409034476823465276e+00 2.161844031349393802e+01
5.505000000000000000e+04 5.856460629877549451e+01 8.355891343533780713e+00 6.947873703653066890e+00 5.977111244213627828e+01 6.288194800073795498e+00 1.871774791379593239e+01
5.505200000000000000e+04 6.347312845554685623e+01 8.355891343533780713e+00 5.729987562004992263e+00 5.374314782625950215e+01 5.167770414954748759e+00 1.621145241296402517e+01
5.505400000000000000e+04 5.905073748500926456e+01 8.355891343533780713e+00 4.625768851853337083e+00 4.941762444244066188e+01 4.157327640826142812e+00 1.437819510393208411e+01
5.505600000000000000e+04 6.647401634137942494e+01 8.355891343533780713e+00 3.701990392477060965e+00 4.574925066391698181e+01 3.315520380235053022e+00 1.285512695995495314e+01
5.505800000000000000e+04 3.900693943984198597e+01 8.355891343533780713e+00 2.946588520149616031e+00 4.250592223652778756e+01 2.629827455937498115e+00 1.154838137434221323e+01
5.506000000000000000e+04 4.920583722760974155e+01 8.355891343533780713e+00 2.316004469128179366e+00 3.914015764279928078e+01 2.059888564189253035e+00 1.029318450742000302e+01
5.506100000000000000e+04 3.863604902262937912e+01 8.355891343533780713e+00 2.045274030830198431e+00 3.758959251421791947e+01 1.815959130283463896e+00 9.729525124930155755e+00
5.506200000000000000e+04 3.346674407636925253e+01 8.355891343533780713e+00 1.801556552430629399e+00 3.607729186856369807e+01 1.596812745279095003e+00 9.193117411903516611e+00
5.506400000000000000e+04 4.134014512309886413e+01 8.355891343533780713e+00 1.383339892163883311e+00 3.316645596684265485e+01 1.221917543613490142e+00 8.196878933752826057e+00
5.506500000000000000e+04 2.483879249247979004e+01 8.355891343533780713e+00 1.205535447836047158e+00 3.170097829132140177e+01 1.063036946060080368e+00 7.718477340502571948e+00
5.506700000000000000e+04 3.926519241564417939e+01 8.355891343533780713e+00 9.092484864859058380e-01 2.861360481119174182e+01 7.990344961129509649e-01 6.766039346491002249e+00
5.506800000000000000e+04 4.095170617148266246e+01 8.355891343533780713e+00 7.863192981679456572e-01 2.701659207678561714e+01 6.898283870746817481e-01 6.297679305299944907e+00
5.506900000000000000e+04 1.882379446063898598e+01 8.355891343533780713e+00 6.771991634154980177e-01 2.537127771838976642e+01 5.930877954916861095e-01 5.831334425125919374e+00
5.507100000000000000e+04 2.433563149483799393e+01 8.355891343533780713e+00 4.978644811701394279e-01 2.173112506077413641e+01 4.345486239456022304e-01 4.858612330976595395e+00
5.507300000000000000e+04 2.861449859191850464e+01 8.355891343533780713e+00 3.632142879746259045e-01 1.816086343433434536e+01 3.159510589642119949e-01 3.952695855619067888e+00
5.507400000000000000e+04 2.445423013606905016e+01 8.355891343533780713e+00 3.096704431470195806e-01 1.645118743129689065e+01 2.689201451984696289e-01 3.533728494702221390e+00
5.507500000000000000e+04 1.042340048350505199e+01 8.355891343533780713e+00 2.631004488086128856e-01 1.487291750059079121e+01 2.280935985444418612e-01 3.153446761038001700e+00
5.507800000000000000e+04 1.630118002906741381e+01 8.355891343533780713e+00 1.601053485776392504e-01 1.095138532920100083e+01 1.381047141620609098e-01 2.235353337546873043e+00
5.508000000000000000e+04 -6.365379305683759981e+00 8.355891343533780713e+00 1.145713714500418839e-01 8.791336312378568607e+00 9.849760017656127020e-02 1.750905279560864836e+00
5.508100000000000000e+04 1.191772529716303808e+01 8.355891343533780713e+00 9.692429548185862997e-02 7.844318324623928973e+00 8.318738014801362046e-02 1.543565260740944023e+00
5.508200000000000000e+04 1.048668355348270076e+01 8.355891343533780713e+00 8.189716475378559790e-02 6.980373775651346868e+00 7.017301316464903682e-02 1.357290833487230675e+00
5.508400000000000000e+04 1.388732632323044847e+01 8.355891343533780713e+00 5.838928749797762940e-02 5.468097485170377858e+00 4.986444254227592049e-02 1.038629912071466377e+00
5.508500000000000000e+04 7.689088439997284752e+00 8.355891343533780713e+00 4.929433649526817479e-02 4.812155000971139351e+00 4.202762805578161287e-02 9.035814041510683570e-01
5.508800000000000000e+04 1.614611927343641007e+00 8.355891343533780713e+00 2.992167270548002148e-02 3.229884889059290387e+00 2.538464199561750803e-02 5.863541290134794970e-01
5.508900000000000000e+04 3.704257920380714442e+00 8.355891343533780713e+00 2.533322872807432236e-02 2.807643829473040586e+00 2.145658115601357940e-02 5.041246261679331875e-01
5.509000000000000000e+04 -3.345559927305396641e+00 8.355891343533780713e+00 2.145072670082568203e-02 2.431669898224957382e+00 1.813835800367798873e-02 4.318922875128805017e-01
5.509100000000000000e+04 9.319808484486735267e+00 8.355891343533780713e+00 1.816968303502269205e-02 2.102135414191149021e+00 1.533876746194622574e-02 3.693663303537618181e-01
5.509300000000000000e+04 7.436567453592528132e+00 8.355891343533780713e+00 1.301659478793343316e-02 1.561141558649472572e+00 1.095262713745783802e-02 2.685584001195801540e-01
5.509500000000000000e+04 1.224380417924906261e+01 8.355891343533780713e+00 9.335952591431181599e-03 1.150654301833490933e+00 7.830004347216196550e-03 1.938795587627756278e-01
5.509600000000000000e+04 1.840786630662877954e+00 8.355891343533780713e+00 7.902300078688615642e-03 9.836076345558506517e-01 6.616827885050855125e-03 1.640489778732280302e-01
5.509700000000000000e+04 -4.715560659527022302e+00 8.355891343533780713e+00 6.690178500150536188e-03 8.404448151748127316e-01 5.592785077591702451e-03 1.387618763608040040e-01
5.509800000000000000e+04 3.082244531068173643e+00 8.355891343533780713e+00 5.668338558187466063e-03 7.181467484453257777e-01 4.730874821351913062e-03 1.173890070377517636e-01
5.509900000000000000e+04 -1.969541926769267093e+00 8.355891343533780713e+00 4.798551281677318481e-03 6.127623571398183033e-01 3.998454947828823484e-03 9.917510118528233276e-02
5.510100000000000000e+04 -4.451210669486059146e+00 8.355891343533780713e+00 3.439927116466505019e-03 4.454995246808733933e-01 2.857113554350843541e-03 7.070927312581157254e-02
5.510400000000000000e+04 5.927380508955918614e+00 8.355891343533780713e+00 2.089222899698014394e-03 2.747895604064337638e-01 1.726894476100850886e-03 4.238477616093452860e-02
5.510700000000000000e+04 -2.691990228425711962e+01 8.355891343533780713e+00 1.261267115696322258e-03 1.700604605186581963e-01 1.037530654529236849e-03 2.551166821723855130e-02
5.510800000000000000e+04 -9.701390403752445657e-01 8.355891343533780713e+00 1.066349877357410103e-03 1.451462162278694679e-01 8.757902202812570909e-04 2.157694569627488165e-02
5.510900000000000000e+04 -7.786587069936810934e+00 8.355891343533780713e+00 9.009491546700927698e-04 1.237972028825403276e-01 7.387683124515371895e-04 1.823809398261154111e-02
5.511000000000000000e+04 -5.143896603202253726e-01 8.355891343533780713e+00 7.610974334663895939e-04 1.055914909658395850e-01 6.230988444615148105e-04 1.541760430312628938e-02
5.511100000000000000e+04 2.018720210432096351e+01 8.355891343533780713e+00 6.433435013060739057e-04 9.008815480742887738e-02 5.258591276927242816e-04 1.303795234265428885e-02
5.511400000000000000e+04 -1.700150521789169389e+01 8.355891343533780713e+00 3.885044091005967885e-04 5.580570673160804157e-02 3.160519228810185948e-04 7.868315024040898470e-03
