5.497400000000000000e+04 2.787963670333194255e+00 5.399567895519397531e+00 2.872527343123094101e-01 9.260775751072001066e-19 2.872527343123094101e-01 9.260775751072001066e-19
5.497600000000000000e+04 -3.314593241834481674e+00 5.399567895519397531e+00 1.958814406946931541e+00 9.260775358043454047e-19 1.958814406946931541e+00 9.260775358043454047e-19
5.498000000000000000e+04 1.028214727798567196e+01 5.399567895519397531e+00 9.740658635389692677e+00 9.260774071422035432e-19 9.740658635389692677e+00 9.260774071422035432e-19
5.498100000000000000e+04 8.693255077249975926e+00 5.399567895519397531e+00 1.261836908227294352e+01 9.260773599158055384e-19 1.261836908227294352e+01 9.260773599158055384e-19
5.498500000000000000e+04 2.932309303989756444e+01 5.399567895519397531e+00 2.761301931683333422e+01 9.260770735731008535e-19 2.761301931683333422e+01 9.260770735731008535e-19
5.498700000000000000e+04 3.354725518496118042e+01 5.399567895519397531e+00 3.698113532148148863e+01 9.260768451280118463e-19 3.698113532148148863e+01 9.260768451280118463e-19
5.498800000000000000e+04 4.619550282051048384e+01 5.399567895519397531e+00 4.209516568424355398e+01 9.260767003861789973e-19 4.209516568424355398e+01 9.260767003861789973e-19
5.498900000000000000e+04 4.938262365933712061e+01 5.399567895519397531e+00 4.711547825657126509e+01 9.260765305301220290e-19 4.711547825657126509e+01 9.260765305301220290e-19
5.499300000000000000e+04 6.635031660676023080e+01 5.399567895519397531e+00 6.549985504210982867e+01 -1.319528255753682142e-02 6.549985504210982867e+01 -1.319528255753682142e-02
5.499500000000000000e+04 6.599186926912726392e+01 5.399567895519397531e+00 6.925870503056015082e+01 7.975107901015551226e-01 6.925870503056015082e+01 7.975107901015551226e-01
5.499700000000000000e+04 8.340734997645826354e+01 5.399567895519397531e+00 7.407637041634315267e+01 2.848116343879942391e+00 6.841287481237441170e+01 2.848116343879942391e+00
5.499900000000000000e+04 8.304240826243878359e+01 5.399567895519397531e+00 7.581765296031731793e+01 6.151757690667355227e+00 6.504780932565140006e+01 6.151757690667355227e+00
5.500000000000000000e+04 9.344307652906000783e+01 5.399567895519397531e+00 7.628951557887970125e+01 8.279559840081237354e+00 6.320798198309262261e+01 8.279559840081237354e+00
5.500200000000000000e+04 8.729933534550552565e+01 5.399567895519397531e+00 7.627707832499055485e+01 1.348602709029784208e+01 5.914124484496770862e+01 1.348602709029784208e+01
5.500300000000000000e+04 8.383626926228637899e+01 5.399567895519397531e+00 7.492267116362413049e+01 1.655460456555931259e+01 5.628475033544589223e+01 1.655460456555931259e+01
5.500500000000000000e+04 9.671793968333996361e+01 5.399567895519397531e+00 7.070491532794916623e+01 2.347106641930833248e+01 5.000629460476246635e+01 2.347106641930833248e+01
5.500700000000000000e+04 1.021895959736701656e+02 5.399567895519397531e+00 6.668332751623087518e+01 3.143396502325926178e+01 4.455343955827151348e+01 3.143396502325926178e+01
5.500900000000000000e+04 1.009158924967959479e+02 5.399567895519397531e+00 6.219673839291116479e+01 4.004815651808557675e+01 3.937777404403901471e+01 4.004815651808557675e+01
5.501000000000000000e+04 1.040011216654491761e+02 5.399567895519397531e+00 5.975270071660849425e+01 4.412970439257524191e+01 3.686434766411487374e+01 4.412970439257524191e+01
5.501300000000000000e+04 1.069474504483216464e+02 5.399567895519397531e+00 5.231648112459459554e+01 5.567487678579335153e+01 2.997981993502793685e+01 5.567487678579335153e+01
5.501600000000000000e+04 9.814090654766307864e+01 5.399567895519397531e+00 4.260229806232613470e+01 5.922062240997747296e+01 2.279133005233092391e+01 5.880964673200113424e+01
5.501700000000000000e+04 9.511745004783986701e+01 5.399567895519397531e+00 3.959544107496380860e+01 5.876050234818220019e+01 2.072381963252022885e+01 5.815094359051825279e+01
5.501800000000000000e+04 9.462457149844057369e+01 5.399567895519397531e+00 3.679770782670321694e+01 5.766651922355954696e+01 1.885112345149930135e+01 5.687165416562561404e+01
5.501900000000000000e+04 8.438884063560162474e+01 5.399567895519397531e+00 3.406630714990830455e+01 5.625659796356698195e+01 1.708947422377729097e+01 5.529063792680368294e+01
5.502000000000000000e+04 8.324171451548760103e+01 5.399567895519397531e+00 3.143061037502324595e+01 5.485315100418286249e+01 1.544652967884242400e+01 5.372678468562872922e+01
5.502200000000000000e+04 6.982268502651196229e+01 5.399567895519397531e+00 2.661595828725351964e+01 5.167525419506306150e+01 1.256901635586821442e+01 5.027005811822255055e+01
5.502300000000000000e+04 7.154823529799966764e+01 5.399567895519397531e+00 2.442385967773645916e+01 4.934652926793809513e+01 1.131270102647213349e+01 4.784203778512900840e+01
5.502400000000000000e+04 6.760007865932922755e+01 5.399567895519397531e+00 2.240182816062105786e+01 4.666162933253014700e+01 1.018094207449878574e+01 4.508626217801651848e+01
5.502500000000000000e+04 6.217278414573099354e+01 5.399567895519397531e+00 2.056330998521967857e+01 4.413905617426161143e+01 9.172838121572022274e+00 4.250535041404809533e+01
5.502800000000000000e+04 4.708179990279287352e+01 5.399567895519397531e+00 1.589051063433090327e+01 3.739613463679360450e+01 6.716370971383953226e+00 3.565211684480627952e+01
5.502900000000000000e+04 4.771763281909289844e+01 5.399567895519397531e+00 1.461620261668078946e+01 3.522538789509361123e+01 6.071543353043900915e+00 3.347110793743316037e+01
5.503100000000000000e+04 4.409566983984652921e+01 5.399567895519397531e+00 1.246658733555211640e+01 3.102525910940314091e+01 5.006434182654020404e+00 2.928568905648892340e+01
5.503300000000000000e+04 3.081425634520913448e+01 5.399567895519397531e+00 1.078622778138407234e+01 2.717460830328686328e+01 4.192249869357422831e+00 2.548284694477374757e+01
5.503400000000000000e+04 4.319728687868749972e+01 5.399567895519397531e+00 1.012976344766584980e+01 2.508799897205440033e+01 3.874767751706000407e+00 2.344930616647468113e+01
5.503500000000000000e+04 3.231926729093589046e+01 5.399567895519397531e+00 9.554439145426519175e+00 2.291125439713277601e+01 3.597735703756966164e+00 2.134503123016181902e+01
5.503700000000000000e+04 3.062252147600560548e+01 5.399567895519397531e+00 8.613417292894649080e+00 1.903089090680223450e+01 3.145344712025503142e+00 1.761524668764219470e+01
5.503800000000000000e+04 3.211511324266865586e+01 5.399567895519397531e+00 8.236977122571889964e+00 1.736716310837517341e+01 2.963093496324381348e+00 1.602345493377440633e+01
5.503900000000000000e+04 3.020749358953994701e+01 5.399567895519397531e+00 7.905583655776900365e+00 1.579494664101590651e+01 2.802157021713587159e+00 1.452605309021069679e+01
5.504000000000000000e+04 2.331182719775431522e+01 5.399567895519397531e+00 7.595973786998727384e+00 1.432233133312612949e+01 2.653484246384680389e+00 1.312955022701605934e+01
5.504100000000000000e+04 1.935049057100415837e+01 5.399567895519397531e+00 7.299296747911919070e+00 1.297082326266179919e+01 2.513503025968822246e+00 1.185263194194796199e+01
5.504300000000000000e+04 2.135901837056931996e+01 5.399567895519397531e+00 6.740512940570901890e+00 1.059015888078267231e+01 2.256754227528354306e+00 9.615795872501312402e+00
5.504400000000000000e+04 1.658873467197254925e+01 5.399567895519397531e+00 6.449999226730763091e+00 9.560922766280299356e+00 2.129971270706062736e+00 8.653800763323966194e+00
5.504500000000000000e+04 1.159990181764907291e+01 5.399567895519397531e+00 6.148408141212216016e+00 8.641455668884567842e+00 2.002998789726357476e+00 7.796912403336219377e+00
5.504600000000000000e+04 9.247641119022160794e+00 5.399567895519397531e+00 5.856346751045508725e+00 7.804177833461916514e+00 1.882468299899572761e+00 7.019333690942685777e+00
5.504700000000000000e+04 8.055184100201191910e+00 5.399567895519397531e+00 5.573558786151397548e+00 7.052282523355522414e+00 1.768044749775525615e+00 6.323182351501767329e+00
5.504900000000000000e+04 -9.594680022403956343e-02 5.399567895519397531e+00 5.017915817425627978e+00 5.791948826247153015e+00 1.551051834533994978e+00 5.160811850087315023e+00
5.505000000000000000e+04 4.565291973856344221e+00 5.399567895519397531e+00 4.713908330350335518e+00 5.267695363414937937e+00 1.438675292267899364e+00 4.679117401183376046e+00
5.505100000000000000e+04 1.025575764182065974e+01 5.399567895519397531e+00 4.396641007161298909e+00 4.805626146474756055e+00 1.325106192803267691e+00 4.255469055255916899e+00
5.505300000000000000e+04 1.447224168223383955e+00 5.399567895519397531e+00 3.770637181467559440e+00 4.049000725644527066e+00 1.108770342350714921e+00 3.563412388953809184e+00
5.505400000000000000e+04 1.530499038756676811e+00 5.399567895519397531e+00 3.462467603969353824e+00 3.753875030389940637e+00 1.005908494057323077e+00 3.293552588950100279e+00
5.505500000000000000e+04 1.550320793110422812e+01 5.399567895519397531e+00 3.169309653012639671e+00 3.496171655806053824e+00 9.098004280595362037e-01 3.058075348193420417e+00
5.505700000000000000e+04 5.371032607485700439e+00 5.399567895519397531e+00 2.627971146712572814e+00 3.075235006787421899e+00 7.368888778080757707e-01 2.673543005221677760e+00
5.505800000000000000e+04 5.278275601776470261e+00 5.399567895519397531e+00 2.371735185665089674e+00 2.905846557345225012e+00 6.574095826676078502e-01 2.518629471875724057e+00
5.505900000000000000e+04 -4.695733503486950511e+00 5.399567895519397531e+00 2.127437902710165751e+00 2.756341780880100956e+00 5.830050588127172473e-01 2.381833468456548975e+00
5.506100000000000000e+04 8.644359113125123173e+00 5.399567895519397531e+00 1.681219539263515417e+00 2.487337484268467236e+00 4.505027589097987395e-01 2.136477572073498532e+00
5.506300000000000000e+04 2.701241312696871066e+00 5.399567895519397531e+00 1.302889977127823284e+00 2.246666559345539493e+00 3.415482990769190819e-01 1.918241093399101205e+00
5.506400000000000000e+04 7.661810781926588376e+00 5.399567895519397531e+00 1.143438213387824698e+00 2.126776336157224723e+00 2.965309531914898100e-01 1.810475580100153081e+00
5.506700000000000000e+04 9.177092290410655551e+00 5.399567895519397531e+00 7.562146147160987431e-01 1.781145981043121163e+00 1.899928740845295005e-01 1.502838037309196739e+00
5.506800000000000000e+04 -6.659628198391356335e+00 5.399567895519397531e+00 6.555277467969360394e-01 1.676163727018174177e+00 1.630009885761951050e-01 1.410102290207875919e+00
5.506900000000000000e+04 4.503019083093258601e+00 5.399567895519397531e+00 5.668651680291488804e-01 1.571758394433683259e+00 1.395185175518027509e-01 1.318394059353895864e+00
5.507000000000000000e+04 -8.707533954120215469e+00 5.399567895519397531e+00 4.890619989393135691e-01 1.462154489950876490e+00 1.191554736916271978e-01 1.222873998427714382e+00
5.507200000000000000e+04 5.774457695926487055e+00 5.399567895519397531e+00 3.625974840877803085e-01 1.241688583456117323e+00 8.659693020465177027e-02 1.032452882208663159e+00
5.507400000000000000e+04 7.673884741330786241e+00 5.399567895519397531e+00 2.672983178596674558e-01 1.034275126259949440e+00 6.259957145868536021e-02 8.550222199487245156e-01
5.507600000000000000e+04 -1.704515579720126128e+00 5.399567895519397531e+00 1.940744807245234904e-01 8.492898437631275499e-01 4.458659039435906163e-02 6.980644381929893560e-01
5.507800000000000000e+04 6.639415190888839469e+00 5.399567895519397531e+00 1.404184989794869942e-01 6.837585675735564639e-01 3.165759871947924908e-02 5.587981452674666283e-01
5.508000000000000000e+04 2.670058908499982397e+00 5.399567895519397531e+00 1.013426872538601142e-01 5.373320228390264797e-01 2.242927217941729015e-02 4.366381267694606771e-01
5.508200000000000000e+04 5.697638289385901444e+00 5.399567895519397531e+00 7.293438891497303067e-02 4.134844165969134844e-01 1.585148843184322476e-02 3.341018188315121318e-01
5.508300000000000000e+04 -1.126285232605397013e+01 5.399567895519397531e+00 6.185782644697299104e-02 3.603095520925944095e-01 1.332425287277213925e-02 2.903160542153811474e-01
5.508400000000000000e+04 -5.695869568064431121e+00 5.399567895519397531e+00 5.240203320533737968e-02 3.137000997388247892e-01 1.118771474028273233e-02 2.520513102127663885e-01
5.508600000000000000e+04 1.412571766999912626e+01 5.399567895519397531e+00 3.770556840634041451e-02 2.351932742018846278e-01 7.910245647124551638e-03 1.879176194082168572e-01
5.508900000000000000e+04 6.851975286098727302e+00 5.399567895519397531e+00 2.327237517802769121e-02 1.496684919003783698e-01 4.758348966942117439e-03 1.185907399190323230e-01
5.509000000000000000e+04 -6.972507714114192012e+00 5.399567895519397531e+00 1.980689561584530675e-02 1.281779280606427929e-01 4.015798901434460173e-03 1.012821526378831216e-01
5.509200000000000000e+04 -3.867326933920027798e+00 5.399567895519397531e+00 1.434468465922501129e-02 9.366843694314712365e-02 2.860340487345981557e-03 7.360739067395399848e-02
5.509300000000000000e+04 7.048213824939162819e+00 5.399567895519397531e+00 1.220831585459328412e-02 7.989903753324006930e-02 2.414419350363810127e-03 6.261506768650819399e-02
5.509500000000000000e+04 -2.425889396477995952e+00 5.399567895519397531e+00 8.837272905246952234e-03 5.768522893612901964e-02 1.719580412830072277e-03 4.496038203067134059e-02
5.509600000000000000e+04 4.774429990425591797e+00 5.399567895519397531e+00 7.521432931699175914e-03 4.875722082737180690e-02 1.451847290194205504e-03 3.789860183520520065e-02
5.509700000000000000e+04 3.864327294833856286e+00 5.399567895519397531e+00 6.400247957518474633e-03 4.123005316982009116e-02 1.225634575374692737e-03 3.196098953721650954e-02
5.509800000000000000e+04 2.028104535144376719e+00 5.399567895519397531e+00 5.443151891540163115e-03 3.480689719834639123e-02 1.034155386379047173e-03 2.690895891155736103e-02
5.510000000000000000e+04 -2.518270846857038503e+00 5.399567895519397531e+00 3.942123062269295257e-03 2.479376645750869246e-02 7.373742460977353481e-04 1.906488135250469784e-02
5.510100000000000000e+04 9.305800144837025556e+00 5.399567895519397531e+00 3.353358948760272896e-03 2.089630555966341327e-02 6.224268341795411233e-04 1.602491851517653942e-02
5.510200000000000000e+04 1.106346416721516679e+00 5.399567895519397531e+00 2.854563983154801560e-03 1.761671047645085517e-02 5.258043306838589264e-04 1.347376516706674104e-02
5.510600000000000000e+04 -1.843258994227770509e-01 5.399567895519397531e+00 1.492837981911440508e-03 8.885104473451031423e-03 2.668395524086519138e-04 6.723708800055868025e-03
5.510900000000000000e+04 4.361204273102644358e+00 5.399567895519397531e+00 9.172132730948542954e-04 5.387164877820842766e-03 1.603886617199637324e-04 4.044596621900800083e-03
5.511100000000000000e+04 -8.149544390984145181e+00 5.399567895519397531e+00 6.632224095080880167e-04 3.858562274214100488e-03 1.143196079927424701e-04 2.881826458714869133e-03
5.511200000000000000e+04 -6.857836855915335761e+00 5.399567895519397531e+00 5.635788975431742405e-04 3.263820175337132576e-03 9.645587389153405797e-05 2.431289414244084020e-03
5.511400000000000000e+04 1.009403546180611322e+01 5.399567895519397531e+00 4.074964228710352561e-04 2.337972375255971055e-03 6.876820444588222371e-05 1.732586296944574550e-03
5.511500000000000000e+04 -1.535591541329354648e+01 5.399567895519397531e+00 3.463308923771536707e-04 1.977465923802305351e-03 5.804061642466235168e-05 1.461643350905561436e-03
5.511700000000000000e+04 -2.395132946217004566e+00 5.399567895519397531e+00 2.504467190534661095e-04 1.416723288522973899e-03 4.139733072045060849e-05 1.041789389068488794e-03
5.511800000000000000e+04 5.013817464561766135e-01 5.399567895519397531e+00 2.128523150144941188e-04 1.198462016745352682e-03 3.494412016400036890e-05 8.790320784221899346e-04
5.511900000000000000e+04 1.435773572700886014e+00 5.399567895519397531e+00 1.810903031360109109e-04 1.014770661351258605e-03 2.952906681710418518e-05 7.423979393072841892e-04
5.512000000000000000e+04 1.128406437779532867e+00 5.399567895519397531e+00 1.553572242025790114e-04 8.589082857480271520e-04 2.516312410348764490e-05 6.267681091830750026e-04
