5.497600000000000000e+04 -3.846287255200212751e+00 5.806540031670639479e+00 1.164140563987932975e+00 9.520325756554123191e-19 1.164140563987932975e+00 9.520325756554123191e-19
5.497900000000000000e+04 4.157974705265075954e+00 5.806540031670639479e+00 4.289077145657377521e+00 9.520325755457423570e-19 4.289077145657377521e+00 9.520325755457423570e-19
5.498300000000000000e+04 1.244435021696337706e+01 5.806540031670639479e+00 1.143383206421574805e+01 9.520325752878383818e-19 1.143383206421574805e+01 9.520325752878383818e-19
5.499200000000000000e+04 4.111763709073890993e+01 5.806540031670639479e+00 3.733751665722944324e+01 9.520325735306638118e-19 3.733751665722944324e+01 9.520325735306638118e-19
5.499500000000000000e+04 4.221834580624013000e+01 5.806540031670639479e+00 4.526446668391263017e+01 4.750117470036630540e-01 4.526446668391263017e+01 4.750117470036630540e-01
5.499600000000000000e+04 3.563046551697014053e+01 5.806540031670639479e+00 4.750204251648135312e+01 9.895194793897428287e-01 4.750204251648135312e+01 9.895194793897428287e-01
5.499800000000000000e+04 5.377857143843855425e+01 5.806540031670639479e+00 5.195832786514131385e+01 2.578142529034766373e+00 5.091672227927872996e+01 2.578142529034766373e+00
5.500200000000000000e+04 6.636031790261951357e+01 5.806540031670639479e+00 5.932251681350992101e+01 7.908141692815705781e+00 5.381775602163734362e+01 7.908141692815705781e+00
5.500700000000000000e+04 8.257129535691809963e+01 5.806540031670639479e+00 6.276561424869066030e+01 1.873915206413802537e+01 5.210622193247517231e+01 1.873915206413802537e+01
5.501100000000000000e+04 8.607093283944493578e+01 5.806540031670639479e+00 6.160646906255768585e+01 2.925015122101504517e+01 4.789065290588005297e+01 2.925015122101504517e+01
5.501600000000000000e+04 9.701706482265858256e+01 5.806540031670639479e+00 5.598633942099828431e+01 4.428779184537002322e+01 4.031611703369087962e+01 4.037673613900914660e+01
5.502200000000000000e+04 1.142378613682492556e+02 5.806540031670639479e+00 4.790830261345934815e+01 6.346931925297757005e+01 3.169741694238675578e+01 4.574509261839173746e+01
5.502800000000000000e+04 1.175667118723254845e+02 5.806540031670639479e+00 4.302220945950929121e+01 7.310859117390349127e+01 2.632666932167046880e+01 4.356762408364564010e+01
5.503000000000000000e+04 1.164878589586474078e+02 5.806540031670639479e+00 4.192270708397426660e+01 7.413459251867051591e+01 2.502725028100064719e+01 4.176802187811291844e+01
5.503300000000000000e+04 1.123616491620274047e+02 5.806540031670639479e+00 4.017918353602649262e+01 7.326230538049468066e+01 2.313864568316503068e+01 3.815330090771893623e+01
5.503800000000000000e+04 1.146370607073150296e+02 5.806540031670639479e+00 3.591255440161830137e+01 6.835269572207744204e+01 1.953108020902245556e+01 3.161009712206207212e+01
5.504200000000000000e+04 1.141100802881820471e+02 5.806540031670639479e+00 3.182153057794973350e+01 6.347986672060628877e+01 1.656882135661357935e+01 2.694280440102873797e+01
5.504400000000000000e+04 8.611635530762315227e+01 5.806540031670639479e+00 2.975674649769837643e+01 6.168252912945419553e+01 1.517055024046465839e+01 2.514614836259477570e+01
5.504600000000000000e+04 8.137787046343818531e+01 5.806540031670639479e+00 2.784338743335431943e+01 6.034052371941785964e+01 1.390504162668881349e+01 2.366457079047457057e+01
5.505000000000000000e+04 8.374692100138601347e+01 5.806540031670639479e+00 2.476945070727374443e+01 5.836406172192523201e+01 1.188425964160150627e+01 2.127316273885055153e+01
5.505600000000000000e+04 7.949669555731307469e+01 5.806540031670639479e+00 2.196112832186405583e+01 5.421781084195347944e+01 9.950825172612551839e+00 1.786921713993679006e+01
5.505900000000000000e+04 7.103793438418198036e+01 5.806540031670639479e+00 2.085883590809167032e+01 5.078625706063021994e+01 9.195652533626304859e+00 1.597332410025009253e+01
5.506300000000000000e+04 6.848434125499757386e+01 5.806540031670639479e+00 1.966497528778686998e+01 4.545614445662463510e+01 8.367487622413662507e+00 1.347579353739864416e+01
5.506500000000000000e+04 5.431107743363689622e+01 5.806540031670639479e+00 1.915293629753097804e+01 4.283007239121360499e+01 8.010164788539839265e+00 1.234283857320632016e+01
5.506700000000000000e+04 6.782758200547505112e+01 5.806540031670639479e+00 1.865376566849101536e+01 4.043839222079052576e+01 7.670155917078735897e+00 1.133713063202608851e+01
5.507000000000000000e+04 5.363811018552340926e+01 5.806540031670639479e+00 1.795335793883137399e+01 3.749918030953840997e+01 7.200455628366551508e+00 1.010162069536128193e+01
5.507400000000000000e+04 5.011840869569116563e+01 5.806540031670639479e+00 1.700581891140357271e+01 3.492539669968499538e+01 6.603708294373577203e+00 8.941650930150663257e+00
5.507900000000000000e+04 5.215524624106308238e+01 5.806540031670639479e+00 1.563769313006662820e+01 3.242267926038712034e+01 5.840457257125583723e+00 7.816304653582359485e+00
5.508300000000000000e+04 4.185041168871690331e+01 5.806540031670639479e+00 1.422463283633958930e+01 3.088054248898810172e+01 5.155149271873892936e+00 7.112364479051613841e+00
5.509100000000000000e+04 4.222908797386613600e+01 5.806540031670639479e+00 1.010499551398519280e+01 2.834829006000289553e+01 3.457107999615824934e+00 5.994224438293109358e+00
