5.497400000000000000e+04 2.400485208697531458e+00 4.562919312303981734e+00 2.872527343123094101e-01 9.260775751072001066e-19 2.872527343123094101e-01 9.260775751072001066e-19
5.497600000000000000e+04 -2.497492850943682896e+00 4.562919312303981734e+00 1.958814406946931541e+00 9.260775358043454047e-19 1.958814406946931541e+00 9.260775358043454047e-19
5.498000000000000000e+04 1.019824506313786827e+01 4.562919312303981734e+00 9.740658635389692677e+00 9.260774071422035432e-19 9.740658635389692677e+00 9.260774071422035432e-19
5.498100000000000000e+04 9.301440979308267742e+00 4.562919312303981734e+00 1.261836908227294352e+01 9.260773599158055384e-19 1.261836908227294352e+01 9.260773599158055384e-19
5.498500000000000000e+04 2.905812169676789836e+01 4.562919312303981734e+00 2.761301931683333422e+01 9.260770735731008535e-19 2.761301931683333422e+01 9.260770735731008535e-19
5.498700000000000000e+04 3.407932571481511275e+01 4.562919312303981734e+00 3.698113532148148863e+01 9.260768451280118463e-19 3.698113532148148863e+01 9.260768451280118463e-19
5.498800000000000000e+04 4.556016656358333705e+01 4.562919312303981734e+00 4.209516568424355398e+01 9.260767003861789973e-19 4.209516568424355398e+01 9.260767003861789973e-19
5.498900000000000000e+04 4.903133555149771894e+01 4.562919312303981734e+00 4.711547825657126509e+01 9.260765305301220290e-19 4.711547825657126509e+01 9.260765305301220290e-19
5.499300000000000000e+04 6.621649529150269586e+01 4.562919312303981734e+00 6.549985504210982867e+01 -1.319528255753682142e-02 6.549985504210982867e+01 -1.319528255753682142e-02
5.499500000000000000e+04 6.662162888134724881e+01 4.562919312303981734e+00 6.925870503056015082e+01 7.975107901015551226e-01 6.925870503056015082e+01 7.975107901015551226e-01
5.499700000000000000e+04 7.788673606038196340e+01 4.562919312303981734e+00 6.956025879193046535e+01 2.848116343879942391e+00 6.841287481237441170e+01 2.848116343879942391e+00
5.499900000000000000e+04 7.428820034017650187e+01 4.562919312303981734e+00 6.722970314403450232e+01 6.151757690667355227e+00 6.504780932565140006e+01 6.151757690667355227e+00
5.500000000000000000e+04 8.163676601313220260e+01 4.562919312303981734e+00 6.585820776684923317e+01 8.279559840081237354e+00 6.320798198309262261e+01 8.279559840081237354e+00
5.500200000000000000e+04 7.401685458001702500e+01 4.562919312303981734e+00 6.261284298614759081e+01 1.348602709029784208e+01 5.914124484496770862e+01 1.348602709029784208e+01
5.500300000000000000e+04 7.015821228855212155e+01 4.562919312303981734e+00 6.006066070350551200e+01 1.655460456555931259e+01 5.628475033544589223e+01 1.655460456555931259e+01
5.500500000000000000e+04 7.981884291524369246e+01 4.562919312303981734e+00 5.419968813367218985e+01 2.347106641930833248e+01 5.000629460476246635e+01 2.347106641930833248e+01
5.500700000000000000e+04 8.391207360971496598e+01 4.562919312303981734e+00 4.903679766214987268e+01 3.143396502325926178e+01 4.455343955827151348e+01 3.143396502325926178e+01
5.500900000000000000e+04 8.292581359833046406e+01 4.562919312303981734e+00 4.400073412996351863e+01 4.004815651808557675e+01 3.937777404403901471e+01 4.004815651808557675e+01
5.501000000000000000e+04 8.573139154491826730e+01 4.562919312303981734e+00 4.150136540850063938e+01 4.412970439257524191e+01 3.686434766411487374e+01 4.412970439257524191e+01
5.501300000000000000e+04 8.929778881582059569e+01 4.562919312303981734e+00 3.450506882684670984e+01 5.567487678579335153e+01 2.997981993502793685e+01 5.567487678579335153e+01
5.501600000000000000e+04 8.814689051716106860e+01 4.562919312303981734e+00 2.680489144685852665e+01 6.445349479922110447e+01 2.279133005233092391e+01 5.880964673200113424e+01
5.501700000000000000e+04 8.833227257556934831e+01 4.562919312303981734e+00 2.454707608497205840e+01 6.652189399137598969e+01 2.072381963252022885e+01 5.815094359051825279e+01
5.501800000000000000e+04 9.040985297288196421e+01 4.562919312303981734e+00 2.248697396499312617e+01 6.778737950248981292e+01 1.885112345149930135e+01 5.687165416562561404e+01
5.501900000000000000e+04 8.407023982180491828e+01 4.562919312303981734e+00 2.052885998217573160e+01 6.855597692044655389e+01 1.708947422377729097e+01 5.529063792680368294e+01
5.502000000000000000e+04 8.530905260147820002e+01 4.562919312303981734e+00 1.868479088732240356e+01 6.919495156415530346e+01 1.544652967884242400e+01 5.372678468562872922e+01
5.502200000000000000e+04 7.782581436969678634e+01 4.562919312303981734e+00 1.541482701078091999e+01 6.956733916753600511e+01 1.256901635586821442e+01 5.027005811822255055e+01
5.502300000000000000e+04 8.059401483824173340e+01 4.562919312303981734e+00 1.396892863603121882e+01 6.850292309399148394e+01 1.131270102647213349e+01 4.784203778512900840e+01
5.502400000000000000e+04 7.814064371468751347e+01 4.562919312303981734e+00 1.265680678628031508e+01 6.672046913144035329e+01 1.018094207449878574e+01 4.508626217801651848e+01
5.502500000000000000e+04 7.428354670771437895e+01 4.562919312303981734e+00 1.148046681060548657e+01 6.494070995305762040e+01 9.172838121572022274e+00 4.250535041404809533e+01
5.502800000000000000e+04 6.293393509883363635e+01 4.562919312303981734e+00 8.574986499945259411e+00 5.960236979644643185e+01 6.716370971383953226e+00 3.565211684480627952e+01
5.502900000000000000e+04 6.357006367682951975e+01 4.562919312303981734e+00 7.802630624126421388e+00 5.756228918970899855e+01 6.071543353043900915e+00 3.347110793743316037e+01
5.503100000000000000e+04 6.020293287963198736e+01 4.562919312303981734e+00 6.517808219330508024e+00 5.317486208316885410e+01 5.006434182654020404e+00 2.928568905648892340e+01
5.503300000000000000e+04 4.820437918922343101e+01 4.562919312303981734e+00 5.528142954981778878e+00 4.871547258446332052e+01 4.192249869357422831e+00 2.548284694477374757e+01
5.503400000000000000e+04 5.783825578224485753e+01 4.562919312303981734e+00 5.141985448265536718e+00 4.595315181758157053e+01 3.874767751706000407e+00 2.344930616647468113e+01
5.503500000000000000e+04 4.753444921540371837e+01 4.562919312303981734e+00 4.804521508472443969e+00 4.285366560305351413e+01 3.597735703756966164e+00 2.134503123016181902e+01
5.503700000000000000e+04 4.382589449950613414e+01 4.562919312303981734e+00 4.253137375260268804e+00 3.705601001825878171e+01 3.145344712025503142e+00 1.761524668764219470e+01
5.503800000000000000e+04 4.400999476747830386e+01 4.562919312303981734e+00 4.031544856745481908e+00 3.447633472819622114e+01 2.963093496324381348e+00 1.602345493377440633e+01
5.503900000000000000e+04 4.128632015167122660e+01 4.562919312303981734e+00 3.836075006334341619e+00 3.195151838655927534e+01 2.802157021713587159e+00 1.452605309021069679e+01
5.504000000000000000e+04 3.434217538958392169e+01 4.562919312303981734e+00 3.654797519065586364e+00 2.950977830640992039e+01 2.653484246384680389e+00 1.312955022701605934e+01
5.504100000000000000e+04 2.991446870254756618e+01 4.562919312303981734e+00 3.483070838852694084e+00 2.720853318473736593e+01 2.513503025968822246e+00 1.185263194194796199e+01
5.504300000000000000e+04 2.956582815351453775e+01 4.562919312303981734e+00 3.165131893070236124e+00 2.299653121951160628e+01 2.256754227528354306e+00 9.615795872501312402e+00
5.504400000000000000e+04 2.460458902340337062e+01 4.562919312303981734e+00 3.005178247913479872e+00 2.111112862352079134e+01 2.129971270706062736e+00 8.653800763323966194e+00
5.504500000000000000e+04 1.954200213637816574e+01 4.562919312303981734e+00 2.842829278031778983e+00 1.939485878405418973e+01 2.002998789726357476e+00 7.796912403336219377e+00
5.504600000000000000e+04 1.675587262374074982e+01 4.562919312303981734e+00 2.687547846240647242e+00 1.779744376946950268e+01 1.882468299899572761e+00 7.019333690942685777e+00
5.504700000000000000e+04 1.501234020137384206e+01 4.562919312303981734e+00 2.539014861636042397e+00 1.633577145650366091e+01 1.768044749775525615e+00 6.323182351501767329e+00
5.504900000000000000e+04 6.865520357272453467e+00 4.562919312303981734e+00 2.253413851109451027e+00 1.382809167693856445e+01 1.551051834533994978e+00 5.160811850087315023e+00
5.505000000000000000e+04 1.028708818404596670e+01 4.562919312303981734e+00 2.102214240647243049e+00 1.276194266934971466e+01 1.438675292267899364e+00 4.679117401183376046e+00
5.505100000000000000e+04 1.464830035332760794e+01 4.562919312303981734e+00 1.947377327996418606e+00 1.181066806662329505e+01 1.325106192803267691e+00 4.255469055255916899e+00
5.505300000000000000e+04 6.494921765416902026e+00 4.562919312303981734e+00 1.648045655776208651e+00 1.023190140755289157e+01 1.108770342350714921e+00 3.563412388953809184e+00
5.505400000000000000e+04 6.313822603258198995e+00 4.562919312303981734e+00 1.503589919919178897e+00 9.615070042758773639e+00 1.005908494057323077e+00 3.293552588950100279e+00
5.505500000000000000e+04 1.791027118239472671e+01 4.562919312303981734e+00 1.367560946943588540e+00 9.074365682333771943e+00 9.098004280595362037e-01 3.058075348193420417e+00
5.505700000000000000e+04 9.029204739901198096e+00 4.562919312303981734e+00 1.120008712463373746e+00 8.189900172190377248e+00 7.368888778080757707e-01 2.673543005221677760e+00
5.505800000000000000e+04 8.841511585695121411e+00 4.562919312303981734e+00 1.004719772375123332e+00 7.836205466111227480e+00 6.574095826676078502e-01 2.518629471875724057e+00
5.505900000000000000e+04 3.255852905665950203e-01 4.562919312303981734e+00 8.958961823347920683e-01 7.524882384726511830e+00 5.830050588127172473e-01 2.381833468456548975e+00
5.506100000000000000e+04 1.143689344440675271e+01 4.562919312303981734e+00 6.998372363938286655e-01 6.954767664220006473e+00 4.505027589097987395e-01 2.136477572073498532e+00
5.506300000000000000e+04 6.247881594732756838e+00 4.562919312303981734e+00 5.363092943008181956e-01 6.428443352410605272e+00 3.415482990769190819e-01 1.918241093399101205e+00
5.506400000000000000e+04 1.033341009232274033e+01 4.562919312303981734e+00 4.681083482261093054e-01 6.154171585477229200e+00 2.965309531914898100e-01 1.810475580100153081e+00
5.506700000000000000e+04 1.124041466066647921e+01 4.562919312303981734e+00 3.047053766636318439e-01 5.324786231589301089e+00 1.899928740845295005e-01 1.502838037309196739e+00
5.506800000000000000e+04 -2.271483743973029767e+00 4.562919312303981734e+00 2.627834112003319400e-01 5.063871616163106104e+00 1.630009885761951050e-01 1.410102290207875919e+00
5.506900000000000000e+04 7.021931268067424625e+00 4.562919312303981734e+00 2.260959133444363500e-01 4.797796587220497067e+00 1.395185175518027509e-01 1.318394059353895864e+00
5.507000000000000000e+04 -4.304243826370370840e+00 4.562919312303981734e+00 1.940959081302129352e-01 4.508865875748063523e+00 1.191554736916271978e-01 1.222873998427714382e+00
5.507200000000000000e+04 7.572372956134614697e+00 4.562919312303981734e+00 1.425126818920337823e-01 3.905845570295850777e+00 8.659693020465177027e-02 1.032452882208663159e+00
5.507400000000000000e+04 8.805675901323629873e+00 4.562919312303981734e+00 1.040700834320867629e-01 3.316667088593324930e+00 6.259957145868536021e-02 8.550222199487245156e-01
5.507600000000000000e+04 5.275816597336620006e-01 4.562919312303981734e+00 7.487177511000839281e-02 2.774813157592237456e+00 4.458659039435906163e-02 6.980644381929893560e-01
5.507800000000000000e+04 7.242729357946290136e+00 4.562919312303981734e+00 5.369178454509859061e-02 2.274855020905337533e+00 3.165759871947924908e-02 5.587981452674666283e-01
5.508000000000000000e+04 3.574490802766055353e+00 4.562919312303981734e+00 3.841656952366217376e-02 1.819447575521799587e+00 2.242927217941729015e-02 4.366381267694606771e-01
5.508200000000000000e+04 5.855418465188978239e+00 4.562919312303981734e+00 2.741607858973760942e-02 1.424247404028319286e+00 1.585148843184322476e-02 3.341018188315121318e-01
5.508300000000000000e+04 -8.599777409079667478e+00 4.562919312303981734e+00 2.315681012780376399e-02 1.251522979300197180e+00 1.332425287277213925e-02 2.903160542153811474e-01
5.508400000000000000e+04 -4.004485980882837026e+00 4.562919312303981734e+00 1.953744290145347298e-02 1.098661998529789408e+00 1.118771474028273233e-02 2.520513102127663885e-01
5.508600000000000000e+04 1.255745309827100442e+01 4.562919312303981734e+00 1.394656639144882006e-02 8.371448784217482286e-01 7.910245647124551638e-03 1.879176194082168572e-01
5.508900000000000000e+04 6.198020472947787241e+00 4.562919312303981734e+00 8.509159165645943657e-03 5.453753888723062992e-01 4.758348966942117439e-03 1.185907399190323230e-01
5.509000000000000000e+04 -5.539339786735528293e+00 4.562919312303981734e+00 7.214962926041172675e-03 4.706365409159827262e-01 4.015798901434460173e-03 1.012821526378831216e-01
5.509200000000000000e+04 -3.005082985225697723e+00 4.562919312303981734e+00 5.186987039218987974e-03 3.491017891996910927e-01 2.860340487345981557e-03 7.360739067395399848e-02
5.509300000000000000e+04 6.182647420713999864e+00 4.562919312303981734e+00 4.398593212617389094e-03 2.999724224908095205e-01 2.414419350363810127e-03 6.261506768650819399e-02
5.509500000000000000e+04 -1.883349576851107043e+00 4.562919312303981734e+00 3.161574352311996312e-03 2.197081991440082427e-01 1.719580412830072277e-03 4.496038203067134059e-02
5.509600000000000000e+04 4.176785804830340787e+00 4.562919312303981734e+00 2.681502226754234851e-03 1.870178784634129732e-01 1.451847290194205504e-03 3.789860183520520065e-02
5.509700000000000000e+04 3.386835207042849127e+00 4.562919312303981734e+00 2.273974489491955436e-03 1.592512153856222024e-01 1.225634575374692737e-03 3.196098953721650954e-02
5.509800000000000000e+04 1.817138934818292029e+00 4.562919312303981734e+00 1.927386759666499094e-03 1.353697903515243550e-01 1.034155386379047173e-03 2.690895891155736103e-02
5.510000000000000000e+04 -2.053229698363384426e+00 4.562919312303981734e+00 1.386633591792238874e-03 9.773853251943410980e-02 7.373742460977353481e-04 1.906488135250469784e-02
5.510100000000000000e+04 7.927497505028495262e+00 4.562919312303981734e+00 1.175694281818992319e-03 8.292271765279644880e-02 6.224268341795411233e-04 1.602491851517653942e-02
5.510200000000000000e+04 9.889873092511505259e-01 4.562919312303981734e+00 9.975944942727992069e-04 7.036801738194425893e-02 5.258043306838589264e-04 1.347376516706674104e-02
5.510600000000000000e+04 -1.276140549300120997e-01 4.562919312303981734e+00 5.152181255263952805e-04 3.640573001808884712e-02 2.668395524086519138e-04 6.723708800055868025e-03
5.510900000000000000e+04 3.702915358476434271e+00 4.562919312303981734e+00 3.137159519922049031e-04 2.248182213752276948e-02 1.603886617199637324e-04 4.044596621900800083e-03
5.511100000000000000e+04 -6.874094791071311050e+00 4.562919312303981734e+00 2.255234165294346573e-04 1.629514710005791275e-02 1.143196079927424701e-04 2.881826458714869133e-03
5.511200000000000000e+04 -5.784412394833204019e+00 4.562919312303981734e+00 1.910916803436632733e-04 1.386427043646115687e-02 9.645587389153405797e-05 2.431289414244084020e-03
5.511400000000000000e+04 8.537855263338023803e+00 4.562919312303981734e+00 1.373921353927394886e-04 1.004623411382691081e-02 6.876820444588222371e-05 1.732586296944574550e-03
5.511500000000000000e+04 -1.296985940062935327e+01 4.562919312303981734e+00 1.164461785050641807e-04 8.545333182398199418e-03 5.804061642466235168e-05 1.461643350905561436e-03
5.511700000000000000e+04 -2.019147925741672900e+00 4.562919312303981734e+00 8.374925184513693573e-05 6.190682808238949161e-03 4.139733072045060849e-05 1.041789389068488794e-03
5.511800000000000000e+04 4.278380403713044067e-01 4.562919312303981734e+00 7.098705669601538518e-05 5.265700527743928314e-03 3.494412016400036890e-05 8.790320784221899346e-04
5.511900000000000000e+04 1.216836810873265673e+00 4.562919312303981734e+00 6.023429670236443885e-05 4.482838902725720838e-03 2.952906681710418518e-05 7.423979393072841892e-04
5.512000000000000000e+04 9.565720177531056301e-01 4.562919312303981734e+00 5.153952396892272277e-05 3.814703447063745416e-03 2.516312410348764490e-05 6.267681091830750026e-04
