5.497400000000000000e+04 2.410240640291239078e+00 4.583983368321642438e+00 2.872527343123094101e-01 9.260775751072001066e-19 2.872527343123094101e-01 9.260775751072001066e-19
5.497600000000000000e+04 -2.518064747856039176e+00 4.583983368321642438e+00 1.958814406946931541e+00 9.260775358043454047e-19 1.958814406946931541e+00 9.260775358043454047e-19
5.498000000000000000e+04 1.020035744459528715e+01 4.583983368321642438e+00 9.740658635389692677e+00 9.260774071422035432e-19 9.740658635389692677e+00 9.260774071422035432e-19
5.498100000000000000e+04 9.286128861213388319e+00 4.583983368321642438e+00 1.261836908227294352e+01 9.260773599158055384e-19 1.261836908227294352e+01 9.260773599158055384e-19
5.498500000000000000e+04 2.906479280256635533e+01 4.583983368321642438e+00 2.761301931683333422e+01 9.260770735731008535e-19 2.761301931683333422e+01 9.260770735731008535e-19
5.498700000000000000e+04 3.406592993112404599e+01 4.583983368321642438e+00 3.698113532148148863e+01 9.260768451280118463e-19 3.698113532148148863e+01 9.260768451280118463e-19
5.498800000000000000e+04 4.557616223820042478e+01 4.583983368321642438e+00 4.209516568424355398e+01 9.260767003861789973e-19 4.209516568424355398e+01 9.260767003861789973e-19
5.498900000000000000e+04 4.904017982916735718e+01 4.583983368321642438e+00 4.711547825657126509e+01 9.260765305301220290e-19 4.711547825657126509e+01 9.260765305301220290e-19
5.499300000000000000e+04 6.621986447151147104e+01 4.583983368321642438e+00 6.549985504210982867e+01 -1.319528255753682142e-02 6.549985504210982867e+01 -1.319528255753682142e-02
5.499500000000000000e+04 6.660577360827849702e+01 4.583983368321642438e+00 6.925870503056015082e+01 7.975107901015551226e-01 6.925870503056015082e+01 7.975107901015551226e-01
5.499700000000000000e+04 7.829228293132467797e+01 4.583983368321642438e+00 6.994051560326396100e+01 2.848116343879942391e+00 6.841287481237441170e+01 2.848116343879942391e+00
5.499900000000000000e+04 7.501549195048914953e+01 4.583983368321642438e+00 6.795280892277101259e+01 6.151757690667355227e+00 6.504780932565140006e+01 6.151757690667355227e+00
5.500000000000000000e+04 8.254970066170348275e+01 4.583983368321642438e+00 6.673652437558827444e+01 8.279559840081237354e+00 6.320798198309262261e+01 8.279559840081237354e+00
5.500200000000000000e+04 7.515777251573945250e+01 4.583983368321642438e+00 6.376337224480710830e+01 1.348602709029784208e+01 5.914124484496770862e+01 1.348602709029784208e+01
5.500300000000000000e+04 7.137978621908678178e+01 4.583983368321642438e+00 6.131204268375162769e+01 1.655460456555931259e+01 5.628475033544589223e+01 1.655460456555931259e+01
5.500500000000000000e+04 8.121850016059740085e+01 4.583983368321642438e+00 5.558942904027504994e+01 2.347106641930833248e+01 5.000629460476246635e+01 2.347106641930833248e+01
5.500700000000000000e+04 8.541379856736195109e+01 4.583983368321642438e+00 5.052263630642545422e+01 3.143396502325926178e+01 4.455343955827151348e+01 3.143396502325926178e+01
5.500900000000000000e+04 8.445273349118416206e+01 4.583983368321642438e+00 4.553283854532755726e+01 4.004815651808557675e+01 3.937777404403901471e+01 4.004815651808557675e+01
5.501000000000000000e+04 8.726861795768679997e+01 4.583983368321642438e+00 4.303812870047141814e+01 4.412970439257524191e+01 3.686434766411487374e+01 4.412970439257524191e+01
5.501300000000000000e+04 9.079343822055069779e+01 4.583983368321642438e+00 3.600479058063949367e+01 5.567487678579335153e+01 2.997981993502793685e+01 5.567487678579335153e+01
5.501600000000000000e+04 8.479603104675453551e+01 4.583983368321642438e+00 2.813503382741094327e+01 5.978685671756133502e+01 2.279133005233092391e+01 5.880964673200113424e+01
5.501700000000000000e+04 8.266515862334398435e+01 4.583983368321642438e+00 2.581414912540457252e+01 5.960034056629059762e+01 2.072381963252022885e+01 5.815094359051825279e+01
5.501800000000000000e+04 8.258973231230199019e+01 4.583983368321642438e+00 2.369193842970654273e+01 5.876166886335832373e+01 1.885112345149930135e+01 5.687165416562561404e+01
5.501900000000000000e+04 7.421844637140961254e+01 4.583983368321642438e+00 2.166871367086027433e+01 5.758747894237236409e+01 1.708947422377729097e+01 5.529063792680368294e+01
5.502000000000000000e+04 7.358046906358860895e+01 4.583983368321642438e+00 1.975798948808905919e+01 5.640503664279971474e+01 1.544652967884242400e+01 5.372678468562872922e+01
5.502200000000000000e+04 6.277988078090056945e+01 4.583983368321642438e+00 1.635796279145895227e+01 5.361130605951225903e+01 1.256901635586821442e+01 5.027005811822255055e+01
5.502300000000000000e+04 6.438211708237474795e+01 4.583983368321642438e+00 1.484923432182074166e+01 5.141938841432116902e+01 1.131270102647213349e+01 4.784203778512900840e+01
5.502400000000000000e+04 6.106713671112159147e+01 4.583983368321642438e+00 1.347733804466472307e+01 4.883213960291594447e+01 1.018094207449878574e+01 4.508626217801651848e+01
5.502500000000000000e+04 5.648768876055341082e+01 4.583983368321642438e+00 1.224524263340644659e+01 4.638994424259043825e+01 9.172838121572022274e+00 4.250535041404809533e+01
5.502800000000000000e+04 4.372233576456386572e+01 4.583983368321642438e+00 9.190953976377295831e+00 3.979900848013759429e+01 6.716370971383953226e+00 3.565211684480627952e+01
5.502900000000000000e+04 4.421559262723395989e+01 4.583983368321642438e+00 8.376333706591088557e+00 3.764240075100119753e+01 6.071543353043900915e+00 3.347110793743316037e+01
5.503100000000000000e+04 4.095331877553953603e+01 4.583983368321642438e+00 7.018695700905107415e+00 3.342200494423144619e+01 5.006434182654020404e+00 2.928568905648892340e+01
5.503300000000000000e+04 2.940924258231927624e+01 4.583983368321642438e+00 5.970873944844969472e+00 2.950548424745888454e+01 4.192249869357422831e+00 2.548284694477374757e+01
5.503400000000000000e+04 3.968196183142438827e+01 4.583983368321642438e+00 5.561956590572738612e+00 2.734575809463568419e+01 3.874767751706000407e+00 2.344930616647468113e+01
5.503500000000000000e+04 3.014932194193852055e+01 4.583983368321642438e+00 5.204464797066396642e+00 2.506916625906705676e+01 3.597735703756966164e+00 2.134503123016181902e+01
5.503700000000000000e+04 2.812997647279936331e+01 4.583983368321642438e+00 4.620273149548586034e+00 2.098133801882660165e+01 3.145344712025503142e+00 1.761524668764219470e+01
5.503800000000000000e+04 2.913165548697106999e+01 4.583983368321642438e+00 4.385642451463415803e+00 1.921849813527101958e+01 2.963093496324381348e+00 1.602345493377440633e+01
5.503900000000000000e+04 2.724604219268168137e+01 4.583983368321642438e+00 4.178727826155294700e+00 1.754320353221616813e+01 2.802157021713587159e+00 1.452605309021069679e+01
5.504000000000000000e+04 2.113540250443179502e+01 4.583983368321642438e+00 3.986644746323279698e+00 1.596572197620026579e+01 2.653484246384680389e+00 1.312955022701605934e+01
5.504100000000000000e+04 1.753511993435686378e+01 4.583983368321642438e+00 3.804397240012216130e+00 1.451144554802038833e+01 2.513503025968822246e+00 1.185263194194796199e+01
5.504300000000000000e+04 1.881867633181737887e+01 4.583983368321642438e+00 3.466179145550782881e+00 1.193261731055210007e+01 2.256754227528354306e+00 9.615795872501312402e+00
5.504400000000000000e+04 1.459650641705274232e+01 4.583983368321642438e+00 3.295232336465868439e+00 1.081073784479609579e+01 2.129971270706062736e+00 8.653800763323966194e+00
5.504500000000000000e+04 1.021807998294618436e+01 4.583983368321642438e+00 3.121159173893893080e+00 9.805050978337231271e+00 2.002998789726357476e+00 7.796912403336219377e+00
5.504600000000000000e+04 8.093547784194498718e+00 4.583983368321642438e+00 2.954360863169771978e+00 8.885520850617846023e+00 1.882468299899572761e+00 7.019333690942685777e+00
5.504700000000000000e+04 6.971069643487112444e+00 4.583983368321642438e+00 2.794523602905865989e+00 8.056822580328592665e+00 1.768044749775525615e+00 6.323182351501767329e+00
5.504900000000000000e+04 -1.108272897636286558e-01 4.583983368321642438e+00 2.486185046788950359e+00 6.661517094729998867e+00 1.551051834533994978e+00 5.160811850087315023e+00
5.505000000000000000e+04 3.802547554279963826e+00 4.583983368321642438e+00 2.322119005923775070e+00 6.078626649043247454e+00 1.438675292267899364e+00 4.679117401183376046e+00
5.505100000000000000e+04 8.611592039013391542e+00 4.583983368321642438e+00 2.153605445060587709e+00 5.563621902190972968e+00 1.325106192803267691e+00 4.255469055255916899e+00
5.505300000000000000e+04 1.134918380378456604e+00 4.583983368321642438e+00 1.826767962142562762e+00 4.718034905357481712e+00 1.108770342350714921e+00 3.563412388953809184e+00
5.505400000000000000e+04 1.229607668369928852e+00 4.583983368321642438e+00 1.668527513113893690e+00 4.388098350313546447e+00 1.005908494057323077e+00 3.293552588950100279e+00
5.505500000000000000e+04 1.312186159686897291e+01 4.583983368321642438e+00 1.519268272796767905e+00 4.099772240194835327e+00 9.098004280595362037e-01 3.058075348193420417e+00
5.505700000000000000e+04 4.593657690938451665e+00 4.583983368321642438e+00 1.246979220401804200e+00 3.628678445310458578e+00 7.368888778080757707e-01 2.673543005221677760e+00
5.505800000000000000e+04 4.559758326097871795e+00 4.583983368321642438e+00 1.119822534514890666e+00 3.439346737587261060e+00 6.574095826676078502e-01 2.518629471875724057e+00
5.505900000000000000e+04 -3.860639449989898608e+00 4.583983368321642438e+00 9.995920531548663224e-01 3.272332060435684475e+00 5.830050588127172473e-01 2.381833468456548975e+00
5.506100000000000000e+04 7.552964060699375537e+00 4.583983368321642438e+00 7.824696724857735930e-01 2.970745457263151756e+00 4.505027589097987395e-01 2.136477572073498532e+00
5.506300000000000000e+04 2.579839828528412760e+00 4.583983368321642438e+00 6.008554238751898646e-01 2.699164787996922499e+00 3.415482990769190819e-01 1.918241093399101205e+00
5.506400000000000000e+04 6.815802583054271224e+00 4.583983368321642438e+00 5.249711546581987687e-01 2.562569374996239713e+00 2.965309531914898100e-01 1.810475580100153081e+00
5.506700000000000000e+04 8.144140802560780656e+00 4.583983368321642438e+00 3.427224757586492254e-01 2.164593260919242645e+00 1.899928740845295005e-01 1.502838037309196739e+00
5.506800000000000000e+04 -5.294623968066561659e+00 4.583983368321642438e+00 2.958525027427021947e-01 2.042738007493536401e+00 1.630009885761951050e-01 1.410102290207875919e+00
5.506900000000000000e+04 4.182889979397485192e+00 4.583983368321642438e+00 2.547887006277355648e-01 1.920838854734336021e+00 1.395185175518027509e-01 1.318394059353895864e+00
5.507000000000000000e+04 -7.038023499178430953e+00 4.583983368321642438e+00 2.189320668593869035e-01 1.791830504120620615e+00 1.191554736916271978e-01 1.222873998427714382e+00
5.507200000000000000e+04 5.231296109013803708e+00 4.583983368321642438e+00 1.610438325955565186e-01 1.529969469081910116e+00 8.659693020465177027e-02 1.032452882208663159e+00
5.507400000000000000e+04 6.808857726646142972e+00 4.583983368321642438e+00 1.178139084534852443e-01 1.281246299316515458e+00 6.259957145868536021e-02 8.550222199487245156e-01
5.507600000000000000e+04 -1.190269007194676432e+00 4.583983368321642438e+00 8.490864853321529460e-02 1.057645270618894573e+00 4.458659039435906163e-02 6.980644381929893560e-01
5.507800000000000000e+04 5.853788952938684176e+00 4.583983368321642438e+00 6.099417798240470284e-02 8.559266105786497159e-01 3.165759871947924908e-02 5.587981452674666283e-01
5.508000000000000000e+04 2.444332284886584716e+00 4.583983368321642438e+00 4.371495159826253862e-02 6.760661172740652924e-01 2.242927217941729015e-02 4.366381267694606771e-01
5.508200000000000000e+04 4.978189220092350098e+00 4.583983368321642438e+00 3.124872246151402105e-02 5.228562181138135534e-01 1.585148843184322476e-02 3.341018188315121318e-01
5.508300000000000000e+04 -9.436880528091954545e+00 4.583983368321642438e+00 2.641543752340263021e-02 4.567452341286473705e-01 1.332425287277213925e-02 2.903160542153811474e-01
5.508400000000000000e+04 -4.725390309867943728e+00 4.583983368321642438e+00 2.230464295186465259e-02 3.986386046706948960e-01 1.118771474028273233e-02 2.520513102127663885e-01
5.508600000000000000e+04 1.207667820495803568e+01 4.583983368321642438e+00 1.594707547935786743e-02 3.003287532391820114e-01 7.910245647124551638e-03 1.879176194082168572e-01
5.508900000000000000e+04 5.872430298463837239e+00 4.583983368321642438e+00 9.752222648742705016e-03 1.924868150212763473e-01 4.758348966942117439e-03 1.185907399190323230e-01
5.509000000000000000e+04 -5.871459173167889567e+00 4.583983368321642438e+00 8.275204251182000093e-03 1.652344050970152578e-01 4.015798901434460173e-03 1.012821526378831216e-01
5.509200000000000000e+04 -3.247613592062122745e+00 4.583983368321642438e+00 5.958065609845083523e-03 1.213081568885660960e-01 2.860340487345981557e-03 7.360739067395399848e-02
5.509300000000000000e+04 6.014181344247052863e+00 4.583983368321642438e+00 5.056172226648764263e-03 1.037125555172126179e-01 2.414419350363810127e-03 6.261506768650819399e-02
5.509500000000000000e+04 -2.037085662558291155e+00 4.583983368321642438e+00 3.639468437604889261e-03 7.521727587404417048e-02 1.719580412830072277e-03 4.496038203067134059e-02
5.509600000000000000e+04 4.072299270855324060e+00 4.583983368321642438e+00 3.089024619909627213e-03 6.371801519024550275e-02 1.451847290194205504e-03 3.789860183520520065e-02
5.509700000000000000e+04 3.296821389580038453e+00 4.583983368321642438e+00 2.621406909709405198e-03 5.400078902893914318e-02 1.225634575374692737e-03 3.196098953721650954e-02
5.509800000000000000e+04 1.735508441372321853e+00 4.583983368321642438e+00 2.223414349245332686e-03 4.568852318453833078e-02 1.034155386379047173e-03 2.690895891155736103e-02
5.510000000000000000e+04 -2.128002179894508128e+00 4.583983368321642438e+00 1.601805925484578712e-03 3.268691309487804092e-02 7.373742460977353481e-04 1.906488135250469784e-02
5.510100000000000000e+04 7.908574070578964665e+00 4.583983368321642438e+00 1.359053749270695442e-03 2.760800802266636864e-02 6.224268341795411233e-04 1.602491851517653942e-02
5.510200000000000000e+04 9.463364964900493614e-01 4.583983368321642438e+00 1.153951412637883129e-03 2.332478006384880106e-02 5.258043306838589264e-04 1.347376516706674104e-02
5.510600000000000000e+04 -1.528339878612871294e-01 4.583983368321642438e+00 5.975337634472478298e-04 1.186303345593004571e-02 2.668395524086519138e-04 6.723708800055868025e-03
5.510900000000000000e+04 3.704710020234808887e+00 4.583983368321642438e+00 3.645304548336081763e-04 7.236929346896669828e-03 1.603886617199637324e-04 4.044596621900800083e-03
5.511100000000000000e+04 -6.916958322083057276e+00 4.583983368321642438e+00 2.623776923392357450e-04 5.204289911686171832e-03 1.143196079927424701e-04 2.881826458714869133e-03
5.511200000000000000e+04 -5.820602223368982031e+00 4.583983368321642438e+00 2.224551215635647264e-04 4.410864889445352890e-03 9.645587389153405797e-05 2.431289414244084020e-03
5.511400000000000000e+04 8.570370594363021510e+00 4.583983368321642438e+00 1.601349291112993804e-04 3.172061556789746578e-03 6.876820444588222371e-05 1.732586296944574550e-03
5.511500000000000000e+04 -1.303561068421107194e+01 4.583983368321642438e+00 1.358024822329833886e-04 2.688156246982787659e-03 5.804061642466235168e-05 1.461643350905561436e-03
5.511700000000000000e+04 -2.032741341592435802e+00 4.583983368321642438e+00 9.778518642995938761e-05 1.933299933624479027e-03 4.139733072045060849e-05 1.041789389068488794e-03
5.511800000000000000e+04 4.261732675784346003e-01 4.583983368321642438e+00 8.293211812354506890e-05 1.638566382138942606e-03 3.494412016400036890e-05 8.790320784221899346e-04
5.511900000000000000e+04 1.219350566986297624e+00 4.583983368321642438e+00 7.041037813235742843e-05 1.390040508050520863e-03 2.952906681710418518e-05 7.423979393072841892e-04
5.512000000000000000e+04 9.583428304736036907e-01 4.583983368321642438e+00 6.028097921494157999e-05 1.178746512639942262e-03 2.516312410348764490e-05 6.267681091830750026e-04
