5.497400000000000000e+04 2.276182522699214061e+00 4.294523320198104344e+00 2.872527343123094101e-01 9.260775751072001066e-19 2.872527343123094101e-01 9.260775751072001066e-19
5.497600000000000000e+04 -2.235367898528900277e+00 4.294523320198104344e+00 1.958814406946931541e+00 9.260775358043454047e-19 1.958814406946931541e+00 9.260775358043454047e-19
5.498000000000000000e+04 1.017132932020143699e+01 4.294523320198104344e+00 9.740658635389692677e+00 9.260774071422035432e-19 9.740658635389692677e+00 9.260774071422035432e-19
5.498100000000000000e+04 9.496546381794455982e+00 4.294523320198104344e+00 1.261836908227294352e+01 9.260773599158055384e-19 1.261836908227294352e+01 9.260773599158055384e-19
5.498500000000000000e+04 2.897311916649934460e+01 4.294523320198104344e+00 2.761301931683333422e+01 9.260770735731008535e-19 2.761301931683333422e+01 9.260770735731008535e-19
5.498700000000000000e+04 3.425001338535608397e+01 4.294523320198104344e+00 3.698113532148148863e+01 9.260768451280118463e-19 3.698113532148148863e+01 9.260768451280118463e-19
5.498800000000000000e+04 4.535635135559786590e+01 4.294523320198104344e+00 4.209516568424355398e+01 9.260767003861789973e-19 4.209516568424355398e+01 9.260767003861789973e-19
5.498900000000000000e+04 4.891864269321760617e+01 4.294523320198104344e+00 4.711547825657126509e+01 9.260765305301220290e-19 4.711547825657126509e+01 9.260765305301220290e-19
5.499300000000000000e+04 6.617356555326608714e+01 4.294523320198104344e+00 6.549985504210982867e+01 -1.319528255753682142e-02 6.549985504210982867e+01 -1.319528255753682142e-02
5.499500000000000000e+04 6.682365510753218985e+01 4.294523320198104344e+00 6.925870503056015082e+01 7.975107901015551226e-01 6.925870503056015082e+01 7.975107901015551226e-01
5.499700000000000000e+04 7.647688856855192796e+01 4.294523320198104344e+00 6.847265458665154370e+01 2.848116343879942391e+00 6.841287481237441170e+01 2.848116343879942391e+00
5.499900000000000000e+04 7.216664979561932114e+01 4.294523320198104344e+00 6.516148802631627746e+01 6.151757690667355227e+00 6.504780932565140006e+01 6.151757690667355227e+00
5.500000000000000000e+04 7.868352002972561365e+01 4.294523320198104344e+00 6.334606121546756441e+01 8.279559840081237354e+00 6.320798198309262261e+01 8.279559840081237354e+00
5.500200000000000000e+04 7.084859640486544663e+01 4.294523320198104344e+00 5.932211834238305670e+01 1.348602709029784208e+01 5.914124484496770862e+01 1.348602709029784208e+01
5.500300000000000000e+04 6.695884141092182062e+01 4.294523320198104344e+00 5.648147878338937744e+01 1.655460456555931259e+01 5.628475033544589223e+01 1.655460456555931259e+01
5.500500000000000000e+04 7.571757614778432810e+01 4.294523320198104344e+00 5.022477431432788109e+01 2.347106641930833248e+01 5.000629460476246635e+01 2.347106641930833248e+01
5.500700000000000000e+04 7.945988090143342220e+01 4.294523320198104344e+00 4.478702669233372546e+01 3.143396502325926178e+01 4.455343955827151348e+01 3.143396502325926178e+01
5.500900000000000000e+04 7.860977468174816352e+01 4.294523320198104344e+00 3.961863457142382572e+01 4.004815651808557675e+01 3.937777404403901471e+01 4.004815651808557675e+01
5.501000000000000000e+04 8.133006570839702931e+01 4.294523320198104344e+00 3.710594060860211840e+01 4.412970439257524191e+01 3.686434766411487374e+01 4.412970439257524191e+01
5.501300000000000000e+04 8.506019905169995354e+01 4.294523320198104344e+00 3.021558961816874245e+01 5.567487678579335153e+01 2.997981993502793685e+01 5.567487678579335153e+01
5.501600000000000000e+04 8.070615053448301524e+01 4.294523320198104344e+00 2.300044034015724037e+01 6.063418428162897555e+01 2.279133005233092391e+01 5.880964673200113424e+01
5.501700000000000000e+04 7.920438899828505441e+01 4.294523320198104344e+00 2.092301485556978946e+01 6.085709605077757800e+01 2.072381963252022885e+01 5.815094359051825279e+01
5.501800000000000000e+04 7.956856284227767162e+01 4.294523320198104344e+00 1.904055465053534846e+01 6.040047891805075864e+01 1.885112345149930135e+01 5.687165416562561404e+01
5.501900000000000000e+04 7.212807995489491475e+01 4.294523320198104344e+00 1.726866942603956545e+01 5.957904342854243396e+01 1.708947422377729097e+01 5.529063792680368294e+01
5.502000000000000000e+04 7.192308527200530932e+01 4.294523320198104344e+00 1.561524610467941976e+01 5.872731817938080212e+01 1.544652967884242400e+01 5.372678468562872922e+01
5.502200000000000000e+04 6.249034231685617868e+01 4.294523320198104344e+00 1.271728574224396269e+01 5.650846380541481295e+01 1.256901635586821442e+01 5.027005811822255055e+01
5.502300000000000000e+04 6.420498061503705856e+01 4.294523320198104344e+00 1.145109295956289230e+01 5.452126809140163743e+01 1.131270102647213349e+01 4.784203778512900840e+01
5.502400000000000000e+04 6.122619174255220287e+01 4.294523320198104344e+00 1.030993693258307253e+01 5.208014693054931854e+01 1.018094207449878574e+01 4.508626217801651848e+01
5.502500000000000000e+04 5.703940642100661051e+01 4.294523320198104344e+00 9.293067726136687412e+00 4.975823097192025557e+01 9.172838121572022274e+00 4.250535041404809533e+01
5.502800000000000000e+04 4.527293987237136008e+01 4.294523320198104344e+00 6.813206571971960557e+00 4.339473062761796740e+01 6.716370971383953226e+00 3.565211684480627952e+01
5.502900000000000000e+04 4.573173479121243901e+01 4.294523320198104344e+00 6.161734612607565609e+00 4.125928088010395811e+01 6.071543353043900915e+00 3.347110793743316037e+01
5.503100000000000000e+04 4.257398352482221782e+01 4.294523320198104344e+00 5.085178178012745853e+00 3.700855698234430946e+01 5.006434182654020404e+00 2.928568905648892340e+01
5.503300000000000000e+04 3.157131628579506355e+01 4.294523320198104344e+00 4.261851143682260812e+00 3.299346688903810332e+01 4.192249869357422831e+00 2.548284694477374757e+01
5.503400000000000000e+04 4.101159860106572097e+01 4.294523320198104344e+00 3.940790974280214076e+00 3.072432684606190278e+01 3.874767751706000407e+00 2.344930616647468113e+01
5.503500000000000000e+04 3.184247187775199706e+01 4.294523320198104344e+00 3.660610368465680775e+00 2.829832100464848210e+01 3.597735703756966164e+00 2.134503123016181902e+01
5.503700000000000000e+04 2.947180816512219437e+01 4.294523320198104344e+00 3.203061741837668119e+00 2.390003718300537727e+01 3.145344712025503142e+00 1.761524668764219470e+01
5.503800000000000000e+04 3.018611888084072348e+01 4.294523320198104344e+00 3.018760807608247276e+00 2.198888342913706140e+01 2.963093496324381348e+00 1.602345493377440633e+01
5.503900000000000000e+04 2.819065069895437148e+01 4.294523320198104344e+00 2.856025111945777795e+00 2.015934005581561550e+01 2.802157021713587159e+00 1.452605309021069679e+01
5.504000000000000000e+04 2.223891940008122958e+01 4.294523320198104344e+00 2.705653600749138299e+00 1.842493395215657870e+01 2.653484246384680389e+00 1.312955022701605934e+01
5.504100000000000000e+04 1.864946736916940750e+01 4.294523320198104344e+00 2.564018412302695005e+00 1.681687231343741473e+01 2.513503025968822246e+00 1.185263194194796199e+01
5.504300000000000000e+04 1.944951640660863035e+01 4.294523320198104344e+00 2.304081550178869620e+00 1.394150659176211349e+01 2.256754227528354306e+00 9.615795872501312402e+00
5.504400000000000000e+04 1.531612445720497639e+01 4.294523320198104344e+00 2.175570369591401487e+00 1.268099323524141653e+01 2.129971270706062736e+00 8.653800763323966194e+00
5.504500000000000000e+04 1.105591695252780049e+01 4.294523320198104344e+00 2.046754740581952614e+00 1.154628489142546677e+01 2.002998789726357476e+00 7.796912403336219377e+00
5.504600000000000000e+04 8.918315952150649650e+00 4.294523320198104344e+00 1.924413694303656275e+00 1.050367032050418814e+01 1.882468299899572761e+00 7.019333690942685777e+00
5.504700000000000000e+04 7.733002400852827307e+00 4.294523320198104344e+00 1.808213010865653336e+00 9.560042127578112670e+00 1.768044749775525615e+00 6.323182351501767329e+00
5.504900000000000000e+04 8.765162738929870301e-01 4.294523320198104344e+00 1.587645549942116485e+00 7.962761390343363388e+00 1.551051834533994978e+00 5.160811850087315023e+00
5.505000000000000000e+04 4.457530897233142220e+00 4.294523320198104344e+00 1.473246289654101648e+00 7.292125057166296109e+00 1.438675292267899364e+00 4.679117401183376046e+00
5.505100000000000000e+04 8.893322493405149132e+00 4.294523320198104344e+00 1.357527098675959554e+00 6.697906223473480303e+00 1.325106192803267691e+00 4.255469055255916899e+00
5.505300000000000000e+04 1.787789810733879214e+00 4.294523320198104344e+00 1.136867088587558028e+00 5.719194838942414982e+00 1.108770342350714921e+00 3.563412388953809184e+00
5.505400000000000000e+04 1.846793100495142781e+00 4.294523320198104344e+00 1.031838160001808724e+00 5.337166419040851650e+00 1.005908494057323077e+00 3.293552588950100279e+00
5.505500000000000000e+04 1.296571405319411241e+01 4.294523320198104344e+00 9.336501775587923158e-01 5.003015660789235319e+00 9.098004280595362037e-01 3.058075348193420417e+00
5.505700000000000000e+04 4.949522387889937036e+00 4.294523320198104344e+00 7.568497781211928066e-01 4.456865424326188929e+00 7.368888778080757707e-01 2.673543005221677760e+00
5.505800000000000000e+04 4.913746737312530755e+00 4.294523320198104344e+00 6.755047671174522206e-01 4.237690112581685042e+00 6.574095826676078502e-01 2.518629471875724057e+00
5.505900000000000000e+04 -2.975244850609980674e+00 4.294523320198104344e+00 5.993069778483177679e-01 4.044473170224690328e+00 5.830050588127172473e-01 2.381833468456548975e+00
5.506100000000000000e+04 7.717433006240055349e+00 4.294523320198104344e+00 4.634933174752660645e-01 3.694129566495702122e+00 4.505027589097987395e-01 2.136477572073498532e+00
5.506300000000000000e+04 3.053286391234181441e+00 4.294523320198104344e+00 3.516955283741061700e-01 3.376294761742484329e+00 3.415482990769190819e-01 1.918241093399101205e+00
5.506400000000000000e+04 7.013008921385996075e+00 4.294523320198104344e+00 3.054702953201784976e-01 3.214701273560875983e+00 2.965309531914898100e-01 1.810475580100153081e+00
5.506700000000000000e+04 8.215245437353498659e+00 4.294523320198104344e+00 1.959695023390018720e-01 2.738393621042556347e+00 1.899928740845295005e-01 1.502838037309196739e+00
5.506800000000000000e+04 -4.391718869086608912e+00 4.294523320198104344e+00 1.681997457556393127e-01 2.591289177856935577e+00 1.630009885761951050e-01 1.410102290207875919e+00
5.506900000000000000e+04 4.467753007258452591e+00 4.294523320198104344e+00 1.440292805310698365e-01 2.443211823183187636e+00 1.395185175518027509e-01 1.318394059353895864e+00
5.507000000000000000e+04 -6.069165650936094281e+00 4.294523320198104344e+00 1.230599401429561257e-01 2.285166160891303644e+00 1.191554736916271978e-01 1.222873998427714382e+00
5.507200000000000000e+04 5.367598822165822625e+00 4.294523320198104344e+00 8.951019296059611885e-02 1.961360392084905868e+00 8.659693020465177027e-02 1.032452882208663159e+00
5.507400000000000000e+04 6.783771171222868546e+00 4.294523320198104344e+00 6.476022376785064982e-02 1.650820307210684845e+00 6.259957145868536021e-02 8.550222199487245156e-01
5.507600000000000000e+04 -7.699164135244764839e-01 4.294523320198104344e+00 4.616447673276101449e-02 1.369433683884233144e+00 4.458659039435906163e-02 6.980644381929893560e-01
5.507800000000000000e+04 5.771493759022389369e+00 4.294523320198104344e+00 3.280560032879713261e-02 1.113563293018970501e+00 3.165759871947924908e-02 5.587981452674666283e-01
5.508000000000000000e+04 2.522586372690992729e+00 4.294523320198104344e+00 2.326222526536689261e-02 8.836713801772866361e-01 2.242927217941729015e-02 4.366381267694606771e-01
5.508200000000000000e+04 4.847698219425573996e+00 4.294523320198104344e+00 1.645401435303828902e-02 6.865229915957058449e-01 1.585148843184322476e-02 3.341018188315121318e-01
5.508300000000000000e+04 -8.678740032263036142e+00 4.294523320198104344e+00 1.383653826610680392e-02 6.010540660987202521e-01 1.332425287277213925e-02 2.903160542153811474e-01
5.508400000000000000e+04 -4.283997855820214973e+00 4.294523320198104344e+00 1.162274335637281282e-02 5.257427654669029060e-01 1.118771474028273233e-02 2.520513102127663885e-01
5.508600000000000000e+04 1.142380433371910264e+01 4.294523320198104344e+00 8.224743581547249230e-03 3.977991573596137975e-01 7.910245647124551638e-03 1.879176194082168572e-01
5.508900000000000000e+04 5.573656591732333965e+00 4.294523320198104344e+00 4.953769672677991662e-03 2.565612537148698191e-01 4.758348966942117439e-03 1.185907399190323230e-01
5.509000000000000000e+04 -5.438384254604672563e+00 4.294523320198104344e+00 4.182478327567381096e-03 2.206866692915643302e-01 4.015798901434460173e-03 1.012821526378831216e-01
5.509200000000000000e+04 -2.996119270947135593e+00 4.294523320198104344e+00 2.981560940282278107e-03 1.626689438617132666e-01 2.860340487345981557e-03 7.360739067395399848e-02
5.509300000000000000e+04 5.674375157066454456e+00 4.294523320198104344e+00 2.517796657111633866e-03 1.393477155825569858e-01 2.414419350363810127e-03 6.261506768650819399e-02
5.509500000000000000e+04 -1.879081793170485293e+00 4.294523320198104344e+00 1.794709640488083811e-03 1.014526812990731025e-01 1.719580412830072277e-03 4.496038203067134059e-02
5.509600000000000000e+04 3.840183209037135725e+00 4.294523320198104344e+00 1.515913457977689652e-03 8.610573220813945439e-02 1.451847290194205504e-03 3.789860183520520065e-02
5.509700000000000000e+04 3.109985192753736527e+00 4.294523320198104344e+00 1.280254061569616143e-03 7.311124624060490185e-02 1.225634575374692737e-03 3.196098953721650954e-02
5.509800000000000000e+04 1.644084357417644693e+00 4.294523320198104344e+00 1.080693573092301671e-03 6.197206785232513282e-02 1.034155386379047173e-03 2.690895891155736103e-02
5.510000000000000000e+04 -1.980481334195379972e+00 4.294523320198104344e+00 7.712012628806899856e-04 4.449842049295336943e-02 7.373742460977353481e-04 1.906488135250469784e-02
5.510100000000000000e+04 7.420344453967452125e+00 4.294523320198104344e+00 6.512525836444834964e-04 3.765157200767055984e-02 6.224268341795411233e-04 1.602491851517653942e-02
5.510200000000000000e+04 8.960630349662603855e-01 4.294523320198104344e+00 5.503850377427377781e-04 3.186648203110755556e-02 5.258043306838589264e-04 1.347376516706674104e-02
5.510600000000000000e+04 -1.382578078849507064e-01 4.294523320198104344e+00 2.797803074660824688e-04 1.631928288641276356e-02 2.668395524086519138e-04 6.723708800055868025e-03
5.510900000000000000e+04 3.473824418453347995e+00 4.294523320198104344e+00 1.683771563881090235e-04 1.000496441769420722e-02 1.603886617199637324e-04 4.044596621900800083e-03
5.511100000000000000e+04 -6.477963606696319765e+00 4.294523320198104344e+00 1.201134300187855879e-04 7.218071319286291365e-03 1.143196079927424701e-04 2.881826458714869133e-03
5.511200000000000000e+04 -5.451166711711584512e+00 4.294523320198104344e+00 1.013864875736525487e-04 6.127332066485895873e-03 9.645587389153405797e-05 2.431289414244084020e-03
5.511400000000000000e+04 8.030557058404319548e+00 4.294523320198104344e+00 7.234357518062081911e-05 4.420214035257349558e-03 6.876820444588222371e-05 1.732586296944574550e-03
5.511500000000000000e+04 -1.221129738504581042e+01 4.294523320198104344e+00 6.108360062167576495e-05 3.751651503772353204e-03 5.804061642466235168e-05 1.461643350905561436e-03
5.511700000000000000e+04 -1.903534838185212408e+00 4.294523320198104344e+00 4.360390526754883241e-05 2.706318495879760522e-03 4.139733072045060849e-05 1.041789389068488794e-03
5.511800000000000000e+04 3.999833248577279177e-01 4.294523320198104344e+00 3.682199073615401711e-05 2.297149860515081132e-03 3.494412016400036890e-05 8.790320784221899346e-04
5.511900000000000000e+04 1.142968003625037587e+00 4.294523320198104344e+00 3.112883790017136309e-05 1.951603947094927545e-03 2.952906681710418518e-05 7.423979393072841892e-04
5.512000000000000000e+04 8.983504588366628685e-01 4.294523320198104344e+00 2.653735910963542720e-05 1.657360651801585011e-03 2.516312410348764490e-05 6.267681091830750026e-04
