5.497400000000000000e+04 2.877508329513450036e+00 5.592913899633844110e+00 2.872527343123094101e-01 9.260775751072001066e-19 2.872527343123094101e-01 9.260775751072001066e-19
5.497600000000000000e+04 -3.503421740093482839e+00 5.592913899633844110e+00 1.958814406946931541e+00 9.260775358043454047e-19 1.958814406946931541e+00 9.260775358043454047e-19
5.498000000000000000e+04 1.030153673050207885e+01 5.592913899633844110e+00 9.740658635389692677e+00 9.260774071422035432e-19 9.740658635389692677e+00 9.260774071422035432e-19
5.498100000000000000e+04 8.552705847524652683e+00 5.592913899633844110e+00 1.261836908227294352e+01 9.260773599158055384e-19 1.261836908227294352e+01 9.260773599158055384e-19
5.498500000000000000e+04 2.938432681406122526e+01 5.592913899633844110e+00 2.761301931683333422e+01 9.260770735731008535e-19 2.761301931683333422e+01 9.260770735731008535e-19
5.498700000000000000e+04 3.342429590083862934e+01 5.592913899633844110e+00 3.698113532148148863e+01 9.260768451280118463e-19 3.698113532148148863e+01 9.260768451280118463e-19
5.498800000000000000e+04 4.634232638420289163e+01 5.592913899633844110e+00 4.209516568424355398e+01 9.260767003861789973e-19 4.209516568424355398e+01 9.260767003861789973e-19
5.498900000000000000e+04 4.946380487843707385e+01 5.592913899633844110e+00 4.711547825657126509e+01 9.260765305301220290e-19 4.711547825657126509e+01 9.260765305301220290e-19
5.499300000000000000e+04 6.638124215553837359e+01 5.592913899633844110e+00 6.549985504210982867e+01 -1.319528255753682142e-02 6.549985504210982867e+01 -1.319528255753682142e-02
5.499500000000000000e+04 6.584633444480778053e+01 5.592913899633844110e+00 6.925870503056015082e+01 7.975107901015551226e-01 6.925870503056015082e+01 7.975107901015551226e-01
5.499700000000000000e+04 8.461994994736755871e+01 5.592913899633844110e+00 7.505683408999064454e+01 2.848116343879942391e+00 6.841287481237441170e+01 2.848116343879942391e+00
5.499900000000000000e+04 8.494530384532696132e+01 5.592913899633844110e+00 7.768212698714519604e+01 6.151757690667355227e+00 6.504780932565140006e+01 6.151757690667355227e+00
5.500000000000000000e+04 9.602550744214600797e+01 5.592913899633844110e+00 7.855418909205069156e+01 8.279559840081237354e+00 6.320798198309262261e+01 8.279559840081237354e+00
5.500200000000000000e+04 9.017766687161424954e+01 5.592913899633844110e+00 7.924363174352970418e+01 1.348602709029784208e+01 5.914124484496770862e+01 1.348602709029784208e+01
5.500300000000000000e+04 8.678925713957850974e+01 5.592913899633844110e+00 7.814926576211576048e+01 1.655460456555931259e+01 5.628475033544589223e+01 1.655460456555931259e+01
5.500500000000000000e+04 1.003923040168962615e+02 5.592913899633844110e+00 7.428825804290957535e+01 2.347106641930833248e+01 5.000629460476246635e+01 2.347106641930833248e+01
5.500700000000000000e+04 1.061665392409579312e+02 5.592913899633844110e+00 7.051445104168456623e+01 3.143396502325926178e+01 4.455343955827151348e+01 3.143396502325926178e+01
5.500900000000000000e+04 1.048187203493209125e+02 5.592913899633844110e+00 6.614715473977794602e+01 4.004815651808557675e+01 3.937777404403901471e+01 4.004815651808557675e+01
5.501000000000000000e+04 1.079678015408529461e+02 5.592913899633844110e+00 6.371512962744986197e+01 4.412970439257524191e+01 3.686434766411487374e+01 4.412970439257524191e+01
5.501300000000000000e+04 1.107769906253364525e+02 5.592913899633844110e+00 5.618340120688353068e+01 5.567487678579335153e+01 2.997981993502793685e+01 5.567487678579335153e+01
5.501600000000000000e+04 1.039481966071764703e+02 5.592913899633844110e+00 4.603197044698929830e+01 6.173008446445180653e+01 2.279133005233092391e+01 5.880964673200113424e+01
5.501700000000000000e+04 1.019905718037608722e+02 5.592913899633844110e+00 4.286249389551811362e+01 6.248253422087692144e+01 2.072381963252022885e+01 5.815094359051825279e+01
5.501800000000000000e+04 1.025907558127842805e+02 5.592913899633844110e+00 3.990461834211115644e+01 6.252005145966345623e+01 1.885112345149930135e+01 5.687165416562561404e+01
5.501900000000000000e+04 9.301363954009293877e+01 5.592913899633844110e+00 3.700533441179756267e+01 6.215485469333803081e+01 1.708947422377729097e+01 5.529063792680368294e+01
5.502000000000000000e+04 9.277766286840221710e+01 5.592913899633844110e+00 3.419777249099156791e+01 6.173086588445947598e+01 1.544652967884242400e+01 5.372678468562872922e+01
5.502200000000000000e+04 8.053153120491454331e+01 5.592913899633844110e+00 2.904776317466401281e+01 6.025553381475032211e+01 1.256901635586821442e+01 5.027005811822255055e+01
5.502300000000000000e+04 8.292505546427332774e+01 5.592913899633844110e+00 2.669366187692689962e+01 5.853311740371256633e+01 1.131270102647213349e+01 4.784203778512900840e+01
5.502400000000000000e+04 7.928271945018576616e+01 5.592913899633844110e+00 2.451750648106159503e+01 5.628099200524010826e+01 1.018094207449878574e+01 4.508626217801651848e+01
5.502500000000000000e+04 7.402970731608841959e+01 5.592913899633844110e+00 2.253522709594972895e+01 5.411464069940736721e+01 9.172838121572022274e+00 4.250535041404809533e+01
5.502800000000000000e+04 5.909700648124472622e+01 5.592913899633844110e+00 1.747873658266303565e+01 4.804529638979735040e+01 6.716370971383953226e+00 3.565211684480627952e+01
5.502900000000000000e+04 5.983265284699293574e+01 5.592913899633844110e+00 1.609545299445467492e+01 4.593721154449050914e+01 6.071543353043900915e+00 3.347110793743316037e+01
5.503100000000000000e+04 5.603079554232083836e+01 5.592913899633844110e+00 1.375808814666561730e+01 4.164726248532935671e+01 5.006434182654020404e+00 2.928568905648892340e+01
5.503300000000000000e+04 4.202998086041874615e+01 5.592913899633844110e+00 1.192777643960949163e+01 3.750468660699402079e+01 4.192249869357422831e+00 2.548284694477374757e+01
5.503400000000000000e+04 5.457191520704842702e+01 5.592913899633844110e+00 1.121262754566434339e+01 3.509403493698376053e+01 3.874767751706000407e+00 2.344930616647468113e+01
5.503500000000000000e+04 4.290877637870798367e+01 5.592913899633844110e+00 1.058566292445714652e+01 3.247478289036542520e+01 3.597735703756966164e+00 2.134503123016181902e+01
5.503700000000000000e+04 4.031987355979392618e+01 5.592913899633844110e+00 9.560049356430310397e+00 2.767496801645223314e+01 3.145344712025503142e+00 1.761524668764219470e+01
5.503800000000000000e+04 4.146609800280686642e+01 5.592913899633844110e+00 9.149991217781300534e+00 2.557199092945567642e+01 2.963093496324381348e+00 1.602345493377440633e+01
5.503900000000000000e+04 3.907199907155067109e+01 5.592913899633844110e+00 8.789088257125538206e+00 2.354294825656716483e+01 2.802157021713587159e+00 1.452605309021069679e+01
5.504000000000000000e+04 3.150061995769790713e+01 5.592913899633844110e+00 8.451616978203627895e+00 2.160558210800420653e+01 2.653484246384680389e+00 1.312955022701605934e+01
5.504100000000000000e+04 2.697387426053389703e+01 5.592913899633844110e+00 8.127812777949493750e+00 1.979862071965763448e+01 2.513503025968822246e+00 1.185263194194796199e+01
5.504300000000000000e+04 2.822905806918738492e+01 5.592913899633844110e+00 7.516740706415373729e+00 1.653972506583163238e+01 2.256754227528354306e+00 9.615795872501312402e+00
5.504400000000000000e+04 2.289629283615057886e+01 5.592913899633844110e+00 7.197881943732554966e+00 1.509990808143753505e+01 2.129971270706062736e+00 8.653800763323966194e+00
5.504500000000000000e+04 1.736020220063189257e+01 5.592913899633844110e+00 6.866060906525976115e+00 1.379832842761139844e+01 2.002998789726357476e+00 7.796912403336219377e+00
5.504600000000000000e+04 1.456992679266364377e+01 5.592913899633844110e+00 6.544304107648525992e+00 1.259652127341091798e+01 1.882468299899572761e+00 7.019333690942685777e+00
5.504700000000000000e+04 1.300229430529735453e+01 5.592913899633844110e+00 6.232368915642366503e+00 1.150424723374185731e+01 1.768044749775525615e+00 6.323182351501767329e+00
5.504900000000000000e+04 3.967515271717934056e+00 5.592913899633844110e+00 5.618098890635772946e+00 9.645739640943514104e+00 1.551051834533994978e+00 5.160811850087315023e+00
5.505000000000000000e+04 8.532275220155636219e+00 5.592913899633844110e+00 5.280916277583424190e+00 8.861616224116103169e+00 1.438675292267899364e+00 4.679117401183376046e+00
5.505100000000000000e+04 1.418454328450031277e+01 5.592913899633844110e+00 4.928384742551732423e+00 8.164945002548691377e+00 1.325106192803267691e+00 4.255469055255916899e+00
5.505300000000000000e+04 4.644919915006338051e+00 5.592913899633844110e+00 4.231459246556132925e+00 7.014055764962084716e+00 1.108770342350714921e+00 3.563412388953809184e+00
5.505400000000000000e+04 4.562960124751970881e+00 5.592913899633844110e+00 3.887746819821262800e+00 6.564653773561205163e+00 1.005908494057323077e+00 3.293552588950100279e+00
5.505500000000000000e+04 1.888589594924612669e+01 5.592913899633844110e+00 3.560475616624489970e+00 6.171235215704950150e+00 9.098004280595362037e-01 3.058075348193420417e+00
5.505700000000000000e+04 8.139297096336367332e+00 5.592913899633844110e+00 2.955355080274811641e+00 5.528009926409647612e+00 7.368888778080757707e-01 2.673543005221677760e+00
5.505800000000000000e+04 7.939473800528403125e+00 5.592913899633844110e+00 2.668519026613956235e+00 5.270236069675014789e+00 6.574095826676078502e-01 2.518629471875724057e+00
5.505900000000000000e+04 -2.484593261646113938e+00 5.592913899633844110e+00 2.394809929761515743e+00 5.043130146896869448e+00 5.830050588127172473e-01 2.381833468456548975e+00
5.506100000000000000e+04 1.116007741601331382e+01 5.592913899633844110e+00 1.894281079355403241e+00 4.629726154140516137e+00 4.505027589097987395e-01 2.136477572073498532e+00
5.506300000000000000e+04 4.842693975218203661e+00 5.592913899633844110e+00 1.469317332104796758e+00 4.252068067711957333e+00 3.415482990769190819e-01 1.918241093399101205e+00
5.506400000000000000e+04 9.897046855813602662e+00 5.592913899633844110e+00 1.290054695792957284e+00 4.058143051178451977e+00 2.965309531914898100e-01 1.810475580100153081e+00
5.506700000000000000e+04 1.121224840648052634e+01 5.592913899633844110e+00 8.542388539385451507e-01 3.480524464212843672e+00 1.899928740845295005e-01 1.502838037309196739e+00
5.506800000000000000e+04 -5.271720347229033266e+00 5.592913899633844110e+00 7.407939195818848965e-01 3.300763710944277562e+00 1.630009885761951050e-01 1.410102290207875919e+00
5.506900000000000000e+04 6.208734907729916763e+00 5.592913899633844110e+00 6.408473684486833966e-01 3.118828498364427659e+00 1.395185175518027509e-01 1.318394059353895864e+00
5.507000000000000000e+04 -7.564088287744050731e+00 5.592913899633844110e+00 5.531001718296347791e-01 2.923227117922618135e+00 1.191554736916271978e-01 1.222873998427714382e+00
5.507200000000000000e+04 7.249178933915396250e+00 5.592913899633844110e+00 4.103786665785661980e-01 2.519304464053454318e+00 8.659693020465177027e-02 1.032452882208663159e+00
5.507400000000000000e+04 9.032037536450760129e+00 5.592913899633844110e+00 3.027357400670230847e-01 2.128812809748290125e+00 6.259957145868536021e-02 8.550222199487245156e-01
5.507600000000000000e+04 -8.536327361924016532e-01 5.592913899633844110e+00 2.199538062096917101e-01 1.772688568523212549e+00 4.458659039435906163e-02 6.980644381929893560e-01
5.507800000000000000e+04 7.629495944669924867e+00 5.592913899633844110e+00 1.592471728718811985e-01 1.446780456441350005e+00 3.165759871947924908e-02 5.587981452674666283e-01
5.508000000000000000e+04 3.371307394789370360e+00 5.592913899633844110e+00 1.150041681226257884e-01 1.152179871130213362e+00 2.242927217941729015e-02 4.366381267694606771e-01
5.508200000000000000e+04 6.378840908429502576e+00 5.592913899633844110e+00 8.281657373929314503e-02 8.982031665209603277e-01 1.585148843184322476e-02 3.341018188315121318e-01
5.508300000000000000e+04 -1.124547576848943109e+01 5.592913899633844110e+00 7.025995283133106006e-02 7.876974399785374725e-01 1.332425287277213925e-02 2.903160542153811474e-01
5.508400000000000000e+04 -5.529365504613584115e+00 5.592913899633844110e+00 5.953705103086690681e-02 6.901342935619177998e-01 1.118771474028273233e-02 2.520513102127663885e-01
5.508600000000000000e+04 1.491558342316055707e+01 5.592913899633844110e+00 4.286373107703130014e-02 5.238635487770385568e-01 7.910245647124551638e-03 1.879176194082168572e-01
5.508900000000000000e+04 7.284105288725625904e+00 5.592913899633844110e+00 2.647752115540012718e-02 3.394326154601294832e-01 4.758348966942117439e-03 1.185907399190323230e-01
5.509000000000000000e+04 -7.060513764677910586e+00 5.592913899633844110e+00 2.254064836824164544e-02 2.924064492748988386e-01 4.015798901434460173e-03 1.012821526378831216e-01
5.509200000000000000e+04 -3.885191549891638729e+00 5.592913899633844110e+00 1.633285293259704660e-02 2.161633608118380678e-01 2.860340487345981557e-03 7.360739067395399848e-02
5.509300000000000000e+04 7.404529177942339224e+00 5.592913899633844110e+00 1.390383403229453890e-02 1.854368316300246677e-01 2.414419350363810127e-03 6.261506768650819399e-02
5.509500000000000000e+04 -2.436205377259404781e+00 5.592913899633844110e+00 1.006948696825741424e-02 1.353845239783052490e-01 1.719580412830072277e-03 4.496038203067134059e-02
5.509600000000000000e+04 5.010730718819801588e+00 5.592913899633844110e+00 8.572198863505993763e-03 1.150611258638297579e-01 1.451847290194205504e-03 3.789860183520520065e-02
5.509700000000000000e+04 4.058488098903319852e+00 5.592913899633844110e+00 7.296076400080847221e-03 9.782796081501768382e-02 1.225634575374692737e-03 3.196098953721650954e-02
5.509800000000000000e+04 2.148273946770042908e+00 5.592913899633844110e+00 6.206436833002807428e-03 8.303256480201087752e-02 1.034155386379047173e-03 2.690895891155736103e-02
5.510000000000000000e+04 -2.573937251884226285e+00 5.592913899633844110e+00 4.496928789534121104e-03 5.977496012872829390e-02 7.373742460977353481e-04 1.906488135250469784e-02
5.510100000000000000e+04 9.668368938712566418e+00 5.592913899633844110e+00 3.826137585979908114e-03 5.064152308930466168e-02 6.224268341795411233e-04 1.602491851517653942e-02
5.510200000000000000e+04 1.170929515190238135e+00 5.592913899633844110e+00 3.257718572398889730e-03 4.291398378190589696e-02 5.258043306838589264e-04 1.347376516706674104e-02
5.510600000000000000e+04 -1.778878314040185926e-01 5.592913899633844110e+00 1.705082681674959877e-03 2.208282082931424528e-02 2.668395524086519138e-04 6.723708800055868025e-03
5.510900000000000000e+04 4.525472027562147836e+00 5.592913899633844110e+00 1.048234658236474109e-03 1.358503223182807966e-02 1.603886617199637324e-04 4.044596621900800083e-03
5.511100000000000000e+04 -8.435463509719976827e+00 5.592913899633844110e+00 7.582483960864127952e-04 9.822617077434207117e-03 1.143196079927424701e-04 2.881826458714869133e-03
5.511200000000000000e+04 -7.098372748506093011e+00 5.592913899633844110e+00 6.444471788735006788e-04 8.347343279266351487e-03 9.645587389153405797e-05 2.431289414244084020e-03
5.511400000000000000e+04 1.045913634721229535e+01 5.592913899633844110e+00 4.661370110569721097e-04 6.034525415353342651e-03 6.876820444588222371e-05 1.732586296944574550e-03
5.511500000000000000e+04 -1.590265876452807703e+01 5.592913899633844110e+00 3.962396700654692008e-04 5.127134487887638481e-03 5.804061642466235168e-05 1.461643350905561436e-03
5.511700000000000000e+04 -2.478631222270206269e+00 5.592913899633844110e+00 2.866373238656457411e-04 3.706110335099774191e-03 4.139733072045060849e-05 1.041789389068488794e-03
5.511800000000000000e+04 5.212658014275617369e-01 5.592913899633844110e+00 2.436517601792213307e-04 3.148935858000804795e-03 3.494412016400036890e-05 8.790320784221899346e-04
5.511900000000000000e+04 1.488831849244922623e+00 5.592913899633844110e+00 2.073285660278648287e-04 2.677908037287670025e-03 2.952906681710418518e-05 7.423979393072841892e-04
5.512000000000000000e+04 1.170215749192744070e+00 5.592913899633844110e+00 1.778964110575899089e-04 2.276381376314405482e-03 2.516312410348764490e-05 6.267681091830750026e-04
