5.497400000000000000e+04 2.883088173207455807e+00 5.604961971419426092e+00 2.872527343123094101e-01 9.260775751072001066e-19 2.872527343123094101e-01 9.260775751072001066e-19
5.497600000000000000e+04 -3.515188310148075423e+00 5.604961971419426092e+00 1.958814406946931541e+00 9.260775358043454047e-19 1.958814406946931541e+00 9.260775358043454047e-19
5.498000000000000000e+04 1.030274495570885662e+01 5.604961971419426092e+00 9.740658635389692677e+00 9.260774071422035432e-19 9.740658635389692677e+00 9.260774071422035432e-19
5.498100000000000000e+04 8.543947729057737916e+00 5.604961971419426092e+00 1.261836908227294352e+01 9.260773599158055384e-19 1.261836908227294352e+01 9.260773599158055384e-19
5.498500000000000000e+04 2.938814250660788474e+01 5.604961971419426092e+00 2.761301931683333422e+01 9.260770735731008535e-19 2.761301931683333422e+01 9.260770735731008535e-19
5.498700000000000000e+04 3.341663387395269780e+01 5.604961971419426092e+00 3.698113532148148863e+01 9.260768451280118463e-19 3.698113532148148863e+01 9.260768451280118463e-19
5.498800000000000000e+04 4.635147547855983419e+01 5.604961971419426092e+00 4.209516568424355398e+01 9.260767003861789973e-19 4.209516568424355398e+01 9.260767003861789973e-19
5.498900000000000000e+04 4.946886356666720985e+01 5.604961971419426092e+00 4.711547825657126509e+01 9.260765305301220290e-19 4.711547825657126509e+01 9.260765305301220290e-19
5.499300000000000000e+04 6.638316923561117733e+01 5.604961971419426092e+00 6.549985504210982867e+01 -1.319528255753682142e-02 6.549985504210982867e+01 -1.319528255753682142e-02
5.499500000000000000e+04 6.583726565634880501e+01 5.604961971419426092e+00 6.925870503056015082e+01 7.975107901015551226e-01 6.925870503056015082e+01 7.975107901015551226e-01
5.499700000000000000e+04 8.469551133051392355e+01 5.604961971419426092e+00 7.511793024130426488e+01 2.848116343879942391e+00 6.841287481237441170e+01 2.848116343879942391e+00
5.499900000000000000e+04 8.506387998393455518e+01 5.604961971419426092e+00 7.779830894301471744e+01 6.151757690667355227e+00 6.504780932565140006e+01 6.151757690667355227e+00
5.500000000000000000e+04 9.618642782508680966e+01 5.604961971419426092e+00 7.869530889011717534e+01 8.279559840081237354e+00 6.320798198309262261e+01 8.279559840081237354e+00
5.500200000000000000e+04 9.035702586591098395e+01 5.604961971419426092e+00 7.942848815525654516e+01 1.348602709029784208e+01 5.914124484496770862e+01 1.348602709029784208e+01
5.500300000000000000e+04 8.697326823456090494e+01 5.604961971419426092e+00 7.835032625738510603e+01 1.655460456555931259e+01 5.628475033544589223e+01 1.655460456555931259e+01
5.500500000000000000e+04 1.006212666244237397e+02 5.604961971419426092e+00 7.451154877219005357e+01 2.347106641930833248e+01 5.000629460476246635e+01 2.347106641930833248e+01
5.500700000000000000e+04 1.064143566095709019e+02 5.604961971419426092e+00 7.075318186762278572e+01 3.143396502325926178e+01 4.455343955827151348e+01 3.143396502325926178e+01
5.500900000000000000e+04 1.050619193249054035e+02 5.604961971419426092e+00 6.639331912237265954e+01 4.004815651808557675e+01 3.937777404403901471e+01 4.004815651808557675e+01
5.501000000000000000e+04 1.082149793613006779e+02 5.604961971419426092e+00 6.396204255529510618e+01 4.412970439257524191e+01 3.686434766411487374e+01 4.412970439257524191e+01
5.501300000000000000e+04 1.110156227872462011e+02 5.604961971419426092e+00 5.642436264259516321e+01 5.567487678579335153e+01 2.997981993502793685e+01 5.567487678579335153e+01
5.501600000000000000e+04 1.043737258647879429e+02 5.604961971419426092e+00 4.624568543572519275e+01 6.195011442186727635e+01 2.279133005233092391e+01 5.880964673200113424e+01
5.501700000000000000e+04 1.025132755696500340e+02 5.604961971419426092e+00 4.306607548537100882e+01 6.280888245674200476e+01 2.072381963252022885e+01 5.815094359051825279e+01
5.501800000000000000e+04 1.032102744815767181e+02 5.604961971419426092e+00 4.009822089982863957e+01 6.294560979369781961e+01 1.885112345149930135e+01 5.687165416562561404e+01
5.501900000000000000e+04 9.370069991700272283e+01 5.604961971419426092e+00 3.718847557157070582e+01 6.267201460606239038e+01 1.708947422377729097e+01 5.529063792680368294e+01
5.502000000000000000e+04 9.354634570632362056e+01 5.604961971419426092e+00 3.437020412705368955e+01 6.233390481446635079e+01 1.544652967884242400e+01 5.372678468562872922e+01
5.502200000000000000e+04 8.141648972486572688e+01 5.604961971419426092e+00 2.919929751842374799e+01 6.100785384125423150e+01 1.256901635586821442e+01 5.027005811822255055e+01
5.502300000000000000e+04 8.386701778646083483e+01 5.604961971419426092e+00 2.683510126151708519e+01 5.933859863930406675e+01 1.131270102647213349e+01 4.784203778512900840e+01
5.502400000000000000e+04 8.025471655346350985e+01 5.604961971419426092e+00 2.464934186290263440e+01 5.712441896818884146e+01 1.018094207449878574e+01 4.508626217801651848e+01
5.502500000000000000e+04 7.502160070687101268e+01 5.604961971419426092e+00 2.265810420951670423e+01 5.498930124043796752e+01 9.172838121572022274e+00 4.250535041404809533e+01
5.502800000000000000e+04 6.011584943420979954e+01 5.604961971419426092e+00 1.757770454595180709e+01 4.897901626926160645e+01 6.716370971383953226e+00 3.565211684480627952e+01
5.502900000000000000e+04 6.085930504750538006e+01 5.604961971419426092e+00 1.618763030539469838e+01 4.687642562713283922e+01 6.071543353043900915e+00 3.347110793743316037e+01
5.503100000000000000e+04 5.704395945761551445e+01 5.604961971419426092e+00 1.383856611958623617e+01 4.257860111477981491e+01 5.006434182654020404e+00 2.928568905648892340e+01
5.503300000000000000e+04 4.299091120245094544e+01 5.604961971419426092e+00 1.199891036474038231e+01 3.841042920836574837e+01 4.192249869357422831e+00 2.548284694477374757e+01
5.503400000000000000e+04 5.553452755383887052e+01 5.604961971419426092e+00 1.128010462876450504e+01 3.597136546419203285e+01 3.874767751706000407e+00 2.344930616647468113e+01
5.503500000000000000e+04 4.381124026485277057e+01 5.604961971419426092e+00 1.064992211705677860e+01 3.331331430523809445e+01 3.597735703756966164e+00 2.134503123016181902e+01
5.503700000000000000e+04 4.114342063884681266e+01 5.604961971419426092e+00 9.619037340734656993e+00 2.843288181512521717e+01 3.145344712025503142e+00 1.761524668764219470e+01
5.503800000000000000e+04 4.225691945043315201e+01 5.604961971419426092e+00 9.206884347849918271e+00 2.629139129371095152e+01 2.963093496324381348e+00 1.602345493377440633e+01
5.503900000000000000e+04 3.982091815081569308e+01 5.604961971419426092e+00 8.844142546500142643e+00 2.422229404005297226e+01 2.802157021713587159e+00 1.452605309021069679e+01
5.504000000000000000e+04 3.219564384389850886e+01 5.604961971419426092e+00 8.504935124796299206e+00 2.224417847768643952e+01 2.653484246384680389e+00 1.312955022701605934e+01
5.504100000000000000e+04 2.762211220998510441e+01 5.604961971419426092e+00 8.179440535404925328e+00 2.039728288353680341e+01 2.513503025968822246e+00 1.185263194194796199e+01
5.504300000000000000e+04 2.880807475433396192e+01 5.604961971419426092e+00 7.565110197616858656e+00 1.706138379822920115e+01 2.256754227528354306e+00 9.615795872501312402e+00
5.504400000000000000e+04 2.342984427110892653e+01 5.604961971419426092e+00 7.244485154918133496e+00 1.558556703007394972e+01 2.129971270706062736e+00 8.653800763323966194e+00
5.504500000000000000e+04 1.784995917552351941e+01 5.604961971419426092e+00 6.910780382748010098e+00 1.425048369789197089e+01 2.002998789726357476e+00 7.796912403336219377e+00
5.504600000000000000e+04 1.502314265575296659e+01 5.604961971419426092e+00 6.587173158166198306e+00 1.301671456588657882e+01 1.882468299899572761e+00 7.019333690942685777e+00
5.504700000000000000e+04 1.342349740977196504e+01 5.604961971419426092e+00 6.273421699585483680e+00 1.189459607519771822e+01 1.768044749775525615e+00 6.323182351501767329e+00
5.504900000000000000e+04 4.318481504570328866e+00 5.604961971419426092e+00 5.655498415821959668e+00 9.983640517880028042e+00 1.551051834533994978e+00 5.160811850087315023e+00
5.505000000000000000e+04 8.870637499613616583e+00 5.604961971419426092e+00 5.316248543603340870e+00 9.176731669884542697e+00 1.438675292267899364e+00 4.679117401183376046e+00
5.505100000000000000e+04 1.451457428114630943e+01 5.604961971419426092e+00 4.961519571093237602e+00 8.459490514216840396e+00 1.325106192803267691e+00 4.255469055255916899e+00
5.505300000000000000e+04 4.919392987654539695e+00 5.604961971419426092e+00 4.260174695556468549e+00 7.274032174197824219e+00 1.108770342350714921e+00 3.563412388953809184e+00
5.505400000000000000e+04 4.823223377435680526e+00 5.604961971419426092e+00 3.914247468463925017e+00 6.811103217202559179e+00 1.005908494057323077e+00 3.293552588950100279e+00
5.505500000000000000e+04 1.916454044509097443e+01 5.604961971419426092e+00 3.584850548143024618e+00 6.405785134528701796e+00 9.098004280595362037e-01 3.058075348193420417e+00
5.505700000000000000e+04 8.374015986779854259e+00 5.604961971419426092e+00 2.975755528430281238e+00 5.743069548511513744e+00 7.368888778080757707e-01 2.673543005221677760e+00
5.505800000000000000e+04 8.165278975304278930e+00 5.604961971419426092e+00 2.687012675018688235e+00 5.477546047837045684e+00 6.574095826676078502e-01 2.518629471875724057e+00
5.505900000000000000e+04 -2.288801263587339818e+00 5.604961971419426092e+00 2.411470824255432799e+00 5.243636046516167326e+00 5.830050588127172473e-01 2.381833468456548975e+00
5.506100000000000000e+04 1.137118581842264575e+01 5.604961971419426092e+00 1.907557695758885785e+00 4.817571069730637312e+00 4.505027589097987395e-01 2.136477572073498532e+00
5.506300000000000000e+04 5.027005666280306428e+00 5.604961971419426092e+00 1.479688007873509070e+00 4.427901931268511504e+00 3.415482990769190819e-01 1.918241093399101205e+00
5.506400000000000000e+04 1.008532451114592376e+01 5.604961971419426092e+00 1.299190886184153237e+00 4.227485534481632889e+00 2.965309531914898100e-01 1.810475580100153081e+00
5.506700000000000000e+04 1.138217362079882022e+01 5.604961971419426092e+00 8.603470901872756205e-01 3.629526189350677168e+00 1.899928740845295005e-01 1.502838037309196739e+00
5.506800000000000000e+04 -5.144024332593170712e+00 5.604961971419426092e+00 7.461071556909010249e-01 3.443208847599399824e+00 1.630009885761951050e-01 1.410102290207875919e+00
5.506900000000000000e+04 6.354267989160117480e+00 5.604961971419426092e+00 6.454574604213224598e-01 3.254475805116766818e+00 1.395185175518027509e-01 1.318394059353895864e+00
5.507000000000000000e+04 -7.455773707605803935e+00 5.604961971419426092e+00 5.570906163569672165e-01 3.051334154863202031e+00 1.191554736916271978e-01 1.222873998427714382e+00
5.507200000000000000e+04 7.373482789878904597e+00 5.604961971419426092e+00 4.133560806672909038e-01 2.631325989662874676e+00 8.659693020465177027e-02 1.032452882208663159e+00
5.507400000000000000e+04 9.144433529902144642e+00 5.604961971419426092e+00 3.049439708944751137e-01 2.224782015362765097e+00 6.259957145868536021e-02 8.550222199487245156e-01
5.507600000000000000e+04 -7.771877370576936173e-01 5.604961971419426092e+00 2.215664383022752093e-01 1.853652288107736856e+00 4.458659039435906163e-02 6.980644381929893560e-01
5.507800000000000000e+04 7.710546641652451072e+00 5.604961971419426092e+00 1.604204539837504606e-01 1.513682314317747579e+00 3.165759871947924908e-02 5.587981452674666283e-01
5.508000000000000000e+04 3.430601262268464957e+00 5.604961971419426092e+00 1.158554632034737436e-01 1.206089809969612903e+00 2.242927217941729015e-02 4.366381267694606771e-01
5.508200000000000000e+04 6.433584714324864784e+00 5.604961971419426092e+00 8.343236754743059425e-02 9.407033691895400063e-01 1.585148843184322476e-02 3.341018188315121318e-01
5.508300000000000000e+04 -1.123355159603610964e+01 5.604961971419426092e+00 7.078351897532209058e-02 8.251708652506052344e-01 1.332425287277213925e-02 2.903160542153811474e-01
5.508400000000000000e+04 -5.509441193039274154e+00 5.604961971419426092e+00 5.998165916925129321e-02 7.231400923501259959e-01 1.118771474028273233e-02 2.520513102127663885e-01
5.508600000000000000e+04 1.497212532902398863e+01 5.604961971419426092e+00 4.318515439489518937e-02 5.491741957775126970e-01 7.910245647124551638e-03 1.879176194082168572e-01
5.508900000000000000e+04 7.315846504788920512e+00 5.604961971419426092e+00 2.667724511140076235e-02 3.560711583507821798e-01 4.758348966942117439e-03 1.185907399190323230e-01
5.509000000000000000e+04 -7.061831812942299003e+00 5.604961971419426092e+00 2.271099814896639091e-02 3.068060272500869878e-01 4.015798901434460173e-03 1.012821526378831216e-01
5.509200000000000000e+04 -3.883197477348770743e+00 5.604961971419426092e+00 1.645674271345450024e-02 2.269037315755177975e-01 2.860340487345981557e-03 7.360739067395399848e-02
5.509300000000000000e+04 7.429409580001141045e+00 5.604961971419426092e+00 1.400948775300247390e-02 1.946903990627080749e-01 2.414419350363810127e-03 6.261506768650819399e-02
5.509500000000000000e+04 -2.434877235443654975e+00 5.604961971419426092e+00 1.014627057469577598e-02 1.421972082142992366e-01 1.719580412830072277e-03 4.496038203067134059e-02
5.509600000000000000e+04 5.027137355725916024e+00 5.604961971419426092e+00 8.637675796604430897e-03 1.208746608306724701e-01 1.451847290194205504e-03 3.789860183520520065e-02
5.509700000000000000e+04 4.072022640264799875e+00 5.604961971419426092e+00 7.351898631489201148e-03 1.027904726755870801e-01 1.225634575374692737e-03 3.196098953721650954e-02
5.509800000000000000e+04 2.156985448102532121e+00 5.604961971419426092e+00 6.253999811145100410e-03 8.726099757318893368e-02 1.034155386379047173e-03 2.690895891155736103e-02
5.510000000000000000e+04 -2.576518668047362404e+00 5.604961971419426092e+00 4.531500692169262816e-03 6.284211571296891008e-02 7.373742460977353481e-04 1.906488135250469784e-02
5.510100000000000000e+04 9.691716414724135475e+00 5.604961971419426092e+00 3.855598091181453024e-03 5.324958760842804506e-02 6.224268341795411233e-04 1.602491851517653942e-02
5.510200000000000000e+04 1.175595621780332056e+00 5.604961971419426092e+00 3.282840557485400702e-03 4.513205197632330634e-02 5.258043306838589264e-04 1.347376516706674104e-02
5.510600000000000000e+04 -1.771518714684182372e-01 5.604961971419426092e+00 1.718308397875158589e-03 2.323999830589114357e-02 2.668395524086519138e-04 6.723708800055868025e-03
5.510900000000000000e+04 4.535916083028502577e+00 5.604961971419426092e+00 1.056399063086021399e-03 1.430382230143036927e-02 1.603886617199637324e-04 4.044596621900800083e-03
5.511100000000000000e+04 -8.453128851148875356e+00 5.604961971419426092e+00 7.641698006328117654e-04 1.034554617374642757e-02 1.143196079927424701e-04 2.881826458714869133e-03
5.511200000000000000e+04 -7.113232437063841118e+00 5.604961971419426092e+00 6.494863668469313131e-04 8.793067242329992775e-03 9.645587389153405797e-05 2.431289414244084020e-03
5.511400000000000000e+04 1.048198084071515801e+01 5.604961971419426092e+00 4.697911130346613855e-04 6.358639663881815972e-03 6.876820444588222371e-05 1.732586296944574550e-03
5.511500000000000000e+04 -1.593664837567833814e+01 5.604961971419426092e+00 3.993496621186979918e-04 5.403297834845965410e-03 5.804061642466235168e-05 1.461643350905561436e-03
5.511700000000000000e+04 -2.483776220528680856e+00 5.604961971419426092e+00 2.888924881589954971e-04 3.906844087366592722e-03 4.139733072045060849e-05 1.041789389068488794e-03
5.511800000000000000e+04 5.225543239494599979e-01 5.604961971419426092e+00 2.455709822908977327e-04 3.319953656602796493e-03 3.494412016400036890e-05 8.790320784221899346e-04
5.511900000000000000e+04 1.492180285827120478e+00 5.604961971419426092e+00 2.089635647768583624e-04 2.823732137457228130e-03 2.952906681710418518e-05 7.423979393072841892e-04
5.512000000000000000e+04 1.172856991395086368e+00 5.604961971419426092e+00 1.793009073256227775e-04 2.400665600177767905e-03 2.516312410348764490e-05 6.267681091830750026e-04
