5.497500000000000000e+04 -3.556545624332664080e+00 1.108601179053645858e+01 9.676860811788584593e-01 1.550059251352647235e-18 9.676860811788584593e-01 1.550059251352647235e-18
5.497600000000000000e+04 -9.407271628074333591e+00 1.108601179053645858e+01 2.014654457448330049e+00 1.550059221086075950e-18 2.014654457448330049e+00 1.550059221086075950e-18
5.497900000000000000e+04 -4.213842764933260376e+00 1.108601179053645858e+01 7.421511495175619366e+00 1.550059094973972802e-18 7.421511495175619366e+00 1.550059094973972802e-18
5.498000000000000000e+04 1.602184354978916048e+01 1.108601179053645858e+01 1.010928248076253944e+01 1.550059037574012029e-18 1.010928248076253944e+01 1.550059037574012029e-18
5.498100000000000000e+04 3.541513732522848557e+01 1.108601179053645858e+01 1.326427468792255127e+01 1.550058970214539617e-18 1.326427468792255127e+01 1.550058970214539617e-18
5.498200000000000000e+04 1.388469237579012550e+01 1.108601179053645858e+01 1.681188057541250913e+01 1.550058891167473899e-18 1.681188057541250913e+01 1.550058891167473899e-18
5.498400000000000000e+04 2.638455024031051721e+01 1.108601179053645858e+01 2.504964300095078400e+01 1.550058689547010832e-18 2.504964300095078400e+01 1.550058689547010832e-18
5.498500000000000000e+04 3.482029818874524807e+01 1.108601179053645858e+01 2.982457128805857849e+01 1.550058561801121860e-18 2.982457128805857849e+01 1.550058561801121860e-18
5.498700000000000000e+04 3.550417160682690820e+01 1.108601179053645858e+01 4.097582893337165899e+01 1.550058235967616748e-18 4.097582893337165899e+01 1.550058235967616748e-18
5.499000000000000000e+04 4.861700278602553738e+01 1.108601179053645858e+01 6.053040193995693841e+01 1.550057502950129748e-18 6.053040193995693841e+01 1.550057502950129748e-18
5.499200000000000000e+04 8.858242263574460651e+01 1.108601179053645858e+01 7.440742163840896239e+01 1.550056777795506162e-18 7.440742163840896239e+01 1.550056777795506162e-18
5.499300000000000000e+04 8.911339667370289419e+01 1.108601179053645858e+01 8.115791156796579742e+01 5.023439304780431998e-03 8.115791156796579742e+01 5.023439304780431998e-03
5.499400000000000000e+04 8.905957652087934662e+01 1.108601179053645858e+01 8.659722275531558466e+01 2.635029007712635374e-01 8.659722275531558466e+01 2.635029007712635374e-01
5.499600000000000000e+04 8.778898379519294792e+01 1.108601179053645858e+01 9.298895886639343189e+01 1.712456288831080142e+00 9.298895886639343189e+01 1.712456288831080142e+00
5.499700000000000000e+04 9.552895357416356603e+01 1.108601179053645858e+01 1.019487802734801676e+02 2.925571079348777026e+00 9.534931745081652821e+01 2.925571079348777026e+00
5.499800000000000000e+04 1.155545506676469927e+02 1.108601179053645858e+01 1.107197673869372920e+02 4.445593075166165420e+00 9.725679520493949326e+01 4.445593075166165420e+00
5.500000000000000000e+04 1.327421391381437843e+02 1.108601179053645858e+01 1.269528040986158004e+02 8.592890108648159497e+00 9.942624000542298290e+01 8.592890108648159497e+00
5.500200000000000000e+04 1.593154746825123880e+02 1.108601179053645858e+01 1.406469054236617353e+02 1.429009848910063241e+01 9.937735874946248771e+01 1.429009848910063241e+01
5.500300000000000000e+04 1.652810570796101786e+02 1.108601179053645858e+01 1.459096369073606070e+02 1.760982062251375879e+01 9.828909195663038645e+01 1.760982062251375879e+01
5.500400000000000000e+04 1.730615330488821542e+02 1.108601179053645858e+01 1.499921795243898828e+02 2.129219655080816054e+01 9.653818898204983157e+01 2.129219655080816054e+01
5.500500000000000000e+04 1.826163732971835714e+02 1.108601179053645858e+01 1.531642067935674731e+02 2.535088559484978887e+01 9.437559456880096320e+01 2.535088559484978887e+01
5.500900000000000000e+04 1.995489761632665306e+02 1.108601179053645858e+01 1.568290283972576731e+02 4.587529006572047052e+01 8.255133116561614770e+01 4.587529006572047052e+01
5.501200000000000000e+04 2.119634906147966547e+02 1.108601179053645858e+01 1.505245873208037324e+02 6.324630839264761306e+01 7.142612246008147281e+01 6.324630839264761306e+01
5.501300000000000000e+04 1.977880245901889964e+02 1.108601179053645858e+01 1.472602813660548691e+02 6.898422483277093420e+01 6.765517379857884350e+01 6.898422483277093420e+01
5.501400000000000000e+04 2.231641631574601092e+02 1.108601179053645858e+01 1.428780619196054147e+02 7.360763934201824554e+01 6.361888512242121152e+01 7.360763934201824554e+01
5.501600000000000000e+04 2.192411200804429541e+02 1.108601179053645858e+01 1.321777587273759593e+02 8.539207198600590232e+01 5.543739832797152900e+01 7.904061503643441711e+01
5.501700000000000000e+04 2.168329047570144610e+02 1.108601179053645858e+01 1.278518293319299346e+02 9.081593583804074399e+01 5.211031447560955598e+01 8.104691983319403903e+01
5.501800000000000000e+04 2.063487954018105484e+02 1.108601179053645858e+01 1.241754504152070666e+02 9.595420482001527773e+01 4.922327896239417555e+01 8.266827592419855364e+01
5.501900000000000000e+04 2.120244174214217026e+02 1.108601179053645858e+01 1.206880222415273494e+02 1.006562971965138757e+02 4.656333247267679099e+01 8.381792962524767177e+01
5.502000000000000000e+04 2.247274083502893802e+02 1.108601179053645858e+01 1.168344974516320320e+02 1.048857383590971750e+02 4.390417961541074021e+01 8.451230400460953263e+01
5.502100000000000000e+04 2.347004687899324438e+02 1.108601179053645858e+01 1.124162562625384538e+02 1.086101194584007601e+02 4.117301454915962466e+01 8.476893537712527404e+01
5.502200000000000000e+04 2.290595112441449714e+02 1.108601179053645858e+01 1.077588072858365109e+02 1.116219790631773918e+02 3.849145005216814042e+01 8.447075493704311100e+01
5.502500000000000000e+04 2.064351301534210563e+02 1.108601179053645858e+01 9.433740872458086812e+01 1.156731838192601032e+02 3.137059333747742329e+01 8.021925538348081375e+01
5.502900000000000000e+04 1.860580169488901277e+02 1.108601179053645858e+01 7.770603409068966982e+01 1.124576219596509361e+02 2.366167303078713857e+01 7.016863149077371986e+01
5.503100000000000000e+04 1.911017120222631149e+02 1.108601179053645858e+01 7.012024443845909616e+01 1.074391688974470895e+02 2.048817721261307412e+01 6.383662120465699985e+01
5.503200000000000000e+04 1.576953550740571472e+02 1.108601179053645858e+01 6.659449271603908471e+01 1.046199919262532916e+02 1.907229695642826428e+01 6.071220409106924620e+01
5.503300000000000000e+04 1.685722234368322461e+02 1.108601179053645858e+01 6.380101599896028119e+01 1.014071072358275103e+02 1.791710107470335345e+01 5.750689772879200490e+01
5.503400000000000000e+04 1.520239030272242360e+02 1.108601179053645858e+01 6.140528145058105025e+01 9.752987901915317082e+01 1.691552365168480421e+01 5.407605235405802091e+01
5.503500000000000000e+04 1.400492167826305092e+02 1.108601179053645858e+01 5.907362119093254194e+01 9.301873991700603028e+01 1.596874529619285887e+01 5.045091848566411841e+01
5.503600000000000000e+04 1.542324626738533766e+02 1.108601179053645858e+01 5.699420643000403430e+01 8.877394583332613820e+01 1.512367877641758973e+01 4.712178857877579219e+01
5.503700000000000000e+04 1.231977164925746848e+02 1.108601179053645858e+01 5.506366871553571229e+01 8.522581843309245642e+01 1.434788638676704053e+01 4.429376730426811548e+01
5.503900000000000000e+04 1.497746353552460903e+02 1.108601179053645858e+01 5.098143456954164776e+01 7.933422469807204891e+01 1.282170619571031622e+01 3.957883260177526807e+01
5.504000000000000000e+04 1.056785777731183202e+02 1.108601179053645858e+01 4.898823568650010429e+01 7.630298299395622053e+01 1.210962883225882791e+01 3.731855267309912705e+01
5.504200000000000000e+04 1.189527748116661030e+02 1.108601179053645858e+01 4.524984738338188350e+01 6.952505970216904529e+01 1.081543224929825442e+01 3.271773254434290834e+01
5.504400000000000000e+04 1.090183973530149046e+02 1.108601179053645858e+01 4.168112387492882220e+01 6.294734850593973619e+01 9.643386980885679804e+00 2.854297894679026371e+01
5.504500000000000000e+04 8.203433368558029315e+01 1.108601179053645858e+01 3.987694981355163293e+01 5.987710951756481847e+01 9.080561577061848411e+00 2.666500433685580873e+01
5.504600000000000000e+04 9.597333188216633459e+01 1.108601179053645858e+01 3.801046918335926250e+01 5.689473832565483491e+01 8.521234229400151960e+00 2.489149440869678642e+01
5.504700000000000000e+04 1.123125640456918433e+02 1.108601179053645858e+01 3.605813423710840482e+01 5.398597217927041214e+01 7.960046289989414880e+00 2.321090328009672277e+01
5.504800000000000000e+04 9.323546887003587358e+01 1.108601179053645858e+01 3.407491675286874511e+01 5.115067610620187821e+01 7.409034476823465276e+00 2.161844031349393802e+01
5.505000000000000000e+04 6.476339847815341955e+01 1.108601179053645858e+01 2.979051533438318700e+01 4.579154358488096221e+01 6.288194800073795498e+00 1.871774791379593239e+01
5.505200000000000000e+04 7.146752496954808009e+01 1.108601179053645858e+01 2.519782977893736131e+01 4.096278435574544829e+01 5.167770414954748759e+00 1.621145241296402517e+01
5.505400000000000000e+04 6.497576612725609380e+01 1.108601179053645858e+01 2.084644022773214900e+01 3.748593210042896828e+01 4.157327640826142812e+00 1.437819510393208411e+01
5.505600000000000000e+04 7.421696111635600346e+01 1.108601179053645858e+01 1.708425249418947800e+01 3.454808182911498449e+01 3.315520380235053022e+00 1.285512695995495314e+01
5.505800000000000000e+04 3.732771453901398218e+01 1.108601179053645858e+01 1.391504519370247195e+01 3.196420223120489368e+01 2.629827455937498115e+00 1.154838137434221323e+01
5.506000000000000000e+04 5.078336536331438111e+01 1.108601179053645858e+01 1.118450670666716995e+01 2.931713212704547900e+01 2.059888564189253035e+00 1.029318450742000302e+01
5.506100000000000000e+04 3.676320913583853667e+01 1.108601179053645858e+01 9.985740317313668513e+00 2.810262999821127039e+01 1.815959130283463896e+00 9.729525124930155755e+00
5.506200000000000000e+04 2.996017282907142132e+01 1.108601179053645858e+01 8.891201813932939402e+00 2.692264224836265996e+01 1.596812745279095003e+00 9.193117411903516611e+00
5.506400000000000000e+04 4.064562572624950576e+01 1.108601179053645858e+01 6.972896931385382580e+00 2.466376866018716285e+01 1.221917543613490142e+00 8.196878933752826057e+00
5.506500000000000000e+04 1.897054227123352632e+01 1.108601179053645858e+01 6.139818159202487635e+00 2.353441198760907938e+01 1.063036946060080368e+00 7.718477340502571948e+00
5.506700000000000000e+04 3.882510275621132223e+01 1.108601179053645858e+01 4.725618346310624496e+00 2.117403075225347209e+01 7.990344961129509649e-01 6.766039346491002249e+00
5.506800000000000000e+04 4.153375091740866765e+01 1.108601179053645858e+01 4.127501335015068662e+00 1.996134895447093172e+01 6.898283870746817481e-01 6.297679305299944907e+00
5.506900000000000000e+04 1.272201241165311281e+01 1.108601179053645858e+01 3.589715880456825658e+00 1.871749949890970655e+01 5.930877954916861095e-01 5.831334425125919374e+00
5.507100000000000000e+04 2.147090733932190076e+01 1.108601179053645858e+01 2.690296933193795148e+00 1.598566531073846519e+01 4.345486239456022304e-01 4.858612330976595395e+00
5.507300000000000000e+04 2.870972950328258833e+01 1.108601179053645858e+01 1.999793837113230444e+00 1.332267150331839112e+01 3.159510589642119949e-01 3.952695855619067888e+00
5.507400000000000000e+04 2.398026519526516864e+01 1.108601179053645858e+01 1.720727318444451148e+00 1.205251003324262626e+01 2.689201451984696289e-01 3.533728494702221390e+00
5.507500000000000000e+04 6.105089767655873523e+00 1.108601179053645858e+01 1.475279481465819442e+00 1.088218129525326461e+01 2.280935985444418612e-01 3.153446761038001700e+00
5.507800000000000000e+04 1.579062165068134860e+01 1.108601179053645858e+01 9.219193233417627420e-01 7.983385731865806356e+00 1.381047141620609098e-01 2.235353337546873043e+00
5.508000000000000000e+04 -1.319580281616418560e+01 1.108601179053645858e+01 6.711563931360067237e-01 6.393915503175743531e+00 9.849760017656127020e-02 1.750905279560864836e+00
5.508100000000000000e+04 1.154708416067925469e+01 1.108601179053645858e+01 5.725912182531676109e-01 5.698774047776432816e+00 8.318738014801362046e-02 1.543565260740944023e+00
5.508200000000000000e+04 1.009673027630346986e+01 1.108601179053645858e+01 4.878682996830982499e-01 5.065591002469004955e+00 7.017301316464903682e-02 1.357290833487230675e+00
5.508400000000000000e+04 1.540592190786217586e+01 1.108601179053645858e+01 3.535783214720364387e-01 3.959766861102543167e+00 4.986444254227592049e-02 1.038629912071466377e+00
5.508500000000000000e+04 7.533631813757587281e+00 1.108601179053645858e+01 3.009179913030303188e-01 3.481200172830888562e+00 4.202762805578161287e-02 9.035814041510683570e-01
5.508800000000000000e+04 3.340007588853866061e-01 1.108601179053645858e+01 1.870250240642863937e-01 2.329704825600142915e+00 2.538464199561750803e-02 5.863541290134794970e-01
5.508900000000000000e+04 3.338769158841345508e+00 1.108601179053645858e+01 1.595695530015282804e-01 2.023245140435421252e+00 2.145658115601357940e-02 5.041246261679331875e-01
5.509000000000000000e+04 -5.806433811746071427e+00 1.108601179053645858e+01 1.361478174934236673e-01 1.750701867240599174e+00 1.813835800367798873e-02 4.318922875128805017e-01
5.509100000000000000e+04 1.118008235664581562e+01 1.108601179053645858e+01 1.161955401175784885e-01 1.512089628674449404e+00 1.533876746194622574e-02 3.693663303537618181e-01
5.509300000000000000e+04 8.983308466207045484e+00 1.108601179053645858e+01 8.448541563611852712e-02 1.120988711836560903e+00 1.095262713745783802e-02 2.685584001195801540e-01
5.509500000000000000e+04 1.559156239300425106e+01 1.108601179053645858e+01 6.148228601271277238e-02 8.248515678722715405e-01 7.830004347216196550e-03 1.938795587627756278e-01
5.509600000000000000e+04 1.883705087393990230e+00 1.108601179053645858e+01 5.241422927062659026e-02 7.045299802567679404e-01 6.616827885050855125e-03 1.640489778732280302e-01
5.509700000000000000e+04 -6.733999306440934696e+00 1.108601179053645858e+01 4.468952112490610223e-02 6.015064218954968567e-01 5.592785077591702451e-03 1.387618763608040040e-01
5.509800000000000000e+04 3.680704519150133525e+00 1.108601179053645858e+01 3.812981044420835769e-02 5.135755930960790305e-01 4.730874821351913062e-03 1.173890070377517636e-01
5.509900000000000000e+04 -2.962008891787780929e+00 1.108601179053645858e+01 3.250341454924424167e-02 4.378746593515195351e-01 3.998454947828823484e-03 9.917510118528233276e-02
5.510100000000000000e+04 -6.159680007221516540e+00 1.108601179053645858e+01 2.362095953194004797e-02 3.178752437276006204e-01 2.857113554350843541e-03 7.070927312581157254e-02
5.510400000000000000e+04 7.706976383500116157e+00 1.108601179053645858e+01 1.463553639850890750e-02 1.956506464235688580e-01 1.726894476100850886e-03 4.238477616093452860e-02
5.510700000000000000e+04 -3.581289285149113510e+01 1.108601179053645858e+01 9.008569287158534056e-03 1.208384340556182962e-01 1.037530654529236849e-03 2.551166821723855130e-02
5.510800000000000000e+04 -1.370364158182409531e+00 1.108601179053645858e+01 7.664841859210380290e-03 1.030681759531258124e-01 8.757902202812570909e-04 2.157694569627488165e-02
5.510900000000000000e+04 -1.040177072005797498e+01 1.108601179053645858e+01 6.516770485423429606e-03 8.785201670033672416e-02 7.387683124515371895e-04 1.823809398261154111e-02
5.511000000000000000e+04 -7.431324970672998909e-01 1.108601179053645858e+01 5.539562072977143037e-03 7.488530957947563127e-02 6.230988444615148105e-04 1.541760430312628938e-02
5.511100000000000000e+04 2.673115295074818576e+01 1.108601179053645858e+01 4.711464262936683987e-03 6.385087503275398146e-02 5.258591276927242816e-04 1.303795234265428885e-02
5.511400000000000000e+04 -2.258858241688367485e+01 1.108601179053645858e+01 2.897310085604028369e-03 3.948197599936719565e-02 3.160519228810185948e-04 7.868315024040898470e-03
