5.497400000000000000e+04 2.650414920282594178e+00 5.102570827947953802e+00 2.872527343123094101e-01 9.260775751072001066e-19 2.872527343123094101e-01 9.260775751072001066e-19
5.497600000000000000e+04 -3.024535474601563578e+00 5.102570827947953802e+00 1.958814406946931541e+00 9.260775358043454047e-19 1.958814406946931541e+00 9.260775358043454047e-19
5.498000000000000000e+04 1.025236331340070883e+01 5.102570827947953802e+00 9.740658635389692677e+00 9.260774071422035432e-19 9.740658635389692677e+00 9.260774071422035432e-19
5.498100000000000000e+04 8.909151491913597454e+00 5.102570827947953802e+00 1.261836908227294352e+01 9.260773599158055384e-19 1.261836908227294352e+01 9.260773599158055384e-19
5.498500000000000000e+04 2.922903238709930918e+01 5.102570827947953802e+00 2.761301931683333422e+01 9.260770735731008535e-19 2.761301931683333422e+01 9.260770735731008535e-19
5.498700000000000000e+04 3.373613184151450639e+01 5.102570827947953802e+00 3.698113532148148863e+01 9.260768451280118463e-19 3.698113532148148863e+01 9.260768451280118463e-19
5.498800000000000000e+04 4.596996845755968053e+01 5.102570827947953802e+00 4.209516568424355398e+01 9.260767003861789973e-19 4.209516568424355398e+01 9.260767003861789973e-19
5.498900000000000000e+04 4.925792191478858939e+01 5.102570827947953802e+00 4.711547825657126509e+01 9.260765305301220290e-19 4.711547825657126509e+01 9.260765305301220290e-19
5.499300000000000000e+04 6.630281214789017952e+01 5.102570827947953802e+00 6.549985504210982867e+01 -1.319528255753682142e-02 6.549985504210982867e+01 -1.319528255753682142e-02
5.499500000000000000e+04 6.621542401105421050e+01 5.102570827947953802e+00 6.925870503056015082e+01 7.975107901015551226e-01 6.925870503056015082e+01 7.975107901015551226e-01
5.499700000000000000e+04 8.154468600702810477e+01 5.102570827947953802e+00 7.257028893683525439e+01 2.848116343879942391e+00 6.841287481237441170e+01 2.848116343879942391e+00
5.499900000000000000e+04 8.011938737767354723e+01 5.102570827947953802e+00 7.295365108416153532e+01 6.151757690667355227e+00 6.504780932565140006e+01 6.151757690667355227e+00
5.500000000000000000e+04 8.947622750156006077e+01 5.102570827947953802e+00 7.281077085126496229e+01 8.279559840081237354e+00 6.320798198309262261e+01 8.279559840081237354e+00
5.500200000000000000e+04 8.287795603297156788e+01 5.102570827947953802e+00 7.172018215257915585e+01 1.348602709029784208e+01 5.914124484496770862e+01 1.348602709029784208e+01
5.500300000000000000e+04 7.930021099644994820e+01 5.102570827947953802e+00 6.996632806057951370e+01 1.655460456555931259e+01 5.628475033544589223e+01 1.655460456555931259e+01
5.500500000000000000e+04 9.107378149525885647e+01 5.102570827947953802e+00 6.520057463406661213e+01 2.347106641930833248e+01 5.000629460476246635e+01 2.347106641930833248e+01
5.500700000000000000e+04 9.608064899184728347e+01 5.102570827947953802e+00 6.079837293558072986e+01 3.143396502325926178e+01 4.455343955827151348e+01 3.143396502325926178e+01
5.500900000000000000e+04 9.492079354067814734e+01 5.102570827947953802e+00 5.612853917628167721e+01 4.004815651808557675e+01 3.937777404403901471e+01 4.004815651808557675e+01
5.501000000000000000e+04 9.790794018810028376e+01 5.102570827947953802e+00 5.366604910790191241e+01 4.412970439257524191e+01 3.686434766411487374e+01 4.412970439257524191e+01
5.501300000000000000e+04 1.010649280350464920e+02 5.102570827947953802e+00 4.637653977316573162e+01 5.567487678579335153e+01 2.997981993502793685e+01 5.567487678579335153e+01
5.501600000000000000e+04 9.502528693008048322e+01 5.102570827947953802e+00 3.733400898833638593e+01 6.117076689410250623e+01 2.279133005233092391e+01 5.880964673200113424e+01
5.501700000000000000e+04 9.316954161563666048e+01 5.102570827947953802e+00 3.457695045888006291e+01 6.165295490124289302e+01 2.072381963252022885e+01 5.815094359051825279e+01
5.501800000000000000e+04 9.361501468890256206e+01 5.102570827947953802e+00 3.202521037319061037e+01 6.143827943084581023e+01 1.885112345149930135e+01 5.687165416562561404e+01
5.501900000000000000e+04 8.478425648542334159e+01 5.102570827947953802e+00 2.955169366052399837e+01 6.084023086090756749e+01 1.708947422377729097e+01 5.529063792680368294e+01
5.502000000000000000e+04 8.450321188648855752e+01 5.102570827947953802e+00 2.717999739907103418e+01 6.019793703640910820e+01 1.544652967884242400e+01 5.372678468562872922e+01
5.502200000000000000e+04 7.322089023613368397e+01 5.102570827947953802e+00 2.288048455054621755e+01 5.834313145694448366e+01 1.256901635586821442e+01 5.027005811822255055e+01
5.502300000000000000e+04 7.532288910781022651e+01 5.102570827947953802e+00 2.093723682139988185e+01 5.648557890965977180e+01 1.131270102647213349e+01 4.784203778512900840e+01
5.502400000000000000e+04 7.190606149173399331e+01 5.102570827947953802e+00 1.915195361589875489e+01 5.413699522759773686e+01 1.018094207449878574e+01 4.508626217801651848e+01
5.502500000000000000e+04 6.703506847076543806e+01 5.102570827947953802e+00 1.753426574888722911e+01 5.189124796490863645e+01 9.172838121572022274e+00 4.250535041404809533e+01
5.502800000000000000e+04 5.325907046419902713e+01 5.102570827947953802e+00 1.345085096070089747e+01 4.567177443622696842e+01 6.716370971383953226e+00 3.565211684480627952e+01
5.502900000000000000e+04 5.388653080863836209e+01 5.102570827947953802e+00 1.234393934227280809e+01 4.354972329101867956e+01 6.071543353043900915e+00 3.347110793743316037e+01
5.503100000000000000e+04 5.033312895426740141e+01 5.102570827947953802e+00 1.048272449119872007e+01 3.927979368464669108e+01 5.006434182654020404e+00 2.928568905648892340e+01
5.503300000000000000e+04 3.748149789265032439e+01 5.102570827947953802e+00 9.032705097861850163e+00 3.520228307471279550e+01 4.192249869357422831e+00 2.548284694477374757e+01
5.503400000000000000e+04 4.887086049870273996e+01 5.102570827947953802e+00 8.466385592214647815e+00 3.286385508040718406e+01 3.874767751706000407e+00 2.344930616647468113e+01
5.503500000000000000e+04 3.817524390672645751e+01 5.102570827947953802e+00 7.970385522054261429e+00 3.034323062749544775e+01 3.597735703756966164e+00 2.134503123016181902e+01
5.503700000000000000e+04 3.572205055598697498e+01 5.102570827947953802e+00 7.159304247078730477e+00 2.574834625372782071e+01 3.145344712025503142e+00 1.761524668764219470e+01
5.503800000000000000e+04 3.673061927713145991e+01 5.102570827947953802e+00 6.834504337212026215e+00 2.374327056532874280e+01 2.963093496324381348e+00 1.602345493377440633e+01
5.503900000000000000e+04 3.451354224062497167e+01 5.102570827947953802e+00 6.548440139994173848e+00 2.181604689500014160e+01 2.802157021713587159e+00 1.452605309021069679e+01
5.504000000000000000e+04 2.758076693987694128e+01 5.102570827947953802e+00 6.281627934136392533e+00 1.998226601904954336e+01 2.653484246384680389e+00 1.312955022701605934e+01
5.504100000000000000e+04 2.343439205184800400e+01 5.102570827947953802e+00 6.026620684684677265e+00 1.827681763932217862e+01 2.513503025968822246e+00 1.185263194194796199e+01
5.504300000000000000e+04 2.456859356339055012e+01 5.102570827947953802e+00 5.548156412287654327e+00 1.521366520478665230e+01 2.256754227528354306e+00 9.615795872501312402e+00
5.504400000000000000e+04 1.971257392948862019e+01 5.102570827947953802e+00 5.301183274447536675e+00 1.386535990281480224e+01 2.129971270706062736e+00 8.653800763323966194e+00
5.504500000000000000e+04 1.468047318777285071e+01 5.102570827947953802e+00 5.046028147330576807e+00 1.264894681537748689e+01 2.002998789726357476e+00 7.796912403336219377e+00
5.504600000000000000e+04 1.215781097518432396e+01 5.102570827947953802e+00 4.799581608879168293e+00 1.152838721482555329e+01 1.882468299899572761e+00 7.019333690942685777e+00
5.504700000000000000e+04 1.075429097322719585e+01 5.102570827947953802e+00 4.561566438849713023e+00 1.051197796206495738e+01 1.768044749775525615e+00 6.323182351501767329e+00
5.504900000000000000e+04 2.576823663863438085e+00 5.102570827947953802e+00 4.095979966897697722e+00 8.786793433222550576e+00 1.551051834533994978e+00 5.160811850087315023e+00
5.505000000000000000e+04 6.785129546042831805e+00 5.102570827947953802e+00 3.842932494106778840e+00 8.060590729328902526e+00 1.438675292267899364e+00 4.679117401183376046e+00
5.505100000000000000e+04 1.199158707079966746e+01 5.102570827947953802e+00 3.579834211314806502e+00 7.416208412864964572e+00 1.325106192803267691e+00 4.255469055255916899e+00
5.505300000000000000e+04 3.394060189193385035e+00 5.102570827947953802e+00 3.062772529025556523e+00 6.353194056538917778e+00 1.108770342350714921e+00 3.563412388953809184e+00
5.505400000000000000e+04 3.374277443244187324e+00 5.102570827947953802e+00 2.809200004333133549e+00 5.938177698891366596e+00 1.005908494057323077e+00 3.293552588950100279e+00
5.505500000000000000e+04 1.649506848405278703e+01 5.102570827947953802e+00 2.568443115022487344e+00 5.575007809841269868e+00 9.098004280595362037e-01 3.058075348193420417e+00
5.505700000000000000e+04 6.792503875719299700e+00 5.102570827947953802e+00 2.125079614594667543e+00 4.981326980472792876e+00 7.368888778080757707e-01 2.673543005221677760e+00
5.505800000000000000e+04 6.659756644567910833e+00 5.102570827947953802e+00 1.915848182113530251e+00 4.743252768597501223e+00 6.574095826676078502e-01 2.518629471875724057e+00
5.505900000000000000e+04 -2.802430020098613639e+00 5.102570827947953802e+00 1.716730123417870457e+00 4.533442857342912191e+00 5.830050588127172473e-01 2.381833468456548975e+00
5.506100000000000000e+04 9.735776486378595607e+00 5.102570827947953802e+00 1.353937613219211356e+00 4.152223167617896671e+00 4.505027589097987395e-01 2.136477572073498532e+00
5.506300000000000000e+04 4.050685045236703807e+00 5.102570827947953802e+00 1.047242405727410341e+00 3.805097252897517546e+00 3.415482990769190819e-01 1.918241093399101205e+00
5.506400000000000000e+04 8.695936808340734459e+00 5.102570827947953802e+00 9.182219461502088009e-01 3.627673366819966994e+00 2.965309531914898100e-01 1.810475580100153081e+00
5.506700000000000000e+04 9.981922409026250165e+00 5.102570827947953802e+00 6.056404576067777601e-01 3.101761118253640870e+00 1.899928740845295005e-01 1.502838037309196739e+00
5.506800000000000000e+04 -5.033544002141124629e+00 5.102570827947953802e+00 5.245511414300110253e-01 2.938667255180419158e+00 1.630009885761951050e-01 1.410102290207875919e+00
5.506900000000000000e+04 5.461578586102594279e+00 5.102570827947953802e+00 4.532217716852635081e-01 2.774012170041094461e+00 1.395185175518027509e-01 1.318394059353895864e+00
5.507000000000000000e+04 -7.084206305246535607e+00 5.102570827947953802e+00 3.906935343404768779e-01 2.597578204075147390e+00 1.191554736916271978e-01 1.222873998427714382e+00
5.507200000000000000e+04 6.464542359672716287e+00 5.102570827947953802e+00 2.892012370339264171e-01 2.234545023717919854e+00 8.659693020465177027e-02 1.032452882208663159e+00
5.507400000000000000e+04 8.119531270285737179e+00 5.102570827947953802e+00 2.128632105706343425e-01 1.884858470334028757e+00 6.259957145868536021e-02 8.550222199487245156e-01
5.507600000000000000e+04 -8.755361555855989408e-01 5.102570827947953802e+00 1.543214803197556495e-01 1.566878271341957785e+00 4.458659039435906163e-02 6.980644381929893560e-01
5.507800000000000000e+04 6.883589034192580947e+00 5.102570827947953802e+00 1.114959414230869278e-01 1.276715502383194867e+00 3.165759871947924908e-02 5.587981452674666283e-01
5.508000000000000000e+04 3.015148097453882237e+00 5.102570827947953802e+00 8.035740868402180270e-02 1.015140459026907527e+00 2.242927217941729015e-02 4.366381267694606771e-01
5.508200000000000000e+04 5.772504136175142797e+00 5.102570827947953802e+00 5.775445319576991143e-02 7.901673773258716116e-01 1.585148843184322476e-02 3.341018188315121318e-01
5.508300000000000000e+04 -1.030090738957835228e+01 5.102570827947953802e+00 4.895139525927749702e-02 6.924397513345247335e-01 1.332425287277213925e-02 2.903160542153811474e-01
5.508400000000000000e+04 -5.080864531976954979e+00 5.102570827947953802e+00 4.144199614143251331e-02 6.062333402440042152e-01 1.118771474028273233e-02 2.520513102127663885e-01
5.508600000000000000e+04 1.358016622491069292e+01 5.102570827947953802e+00 2.978216086415575933e-02 4.595237209164976799e-01 7.910245647124551638e-03 1.879176194082168572e-01
5.508900000000000000e+04 6.627148067319978075e+00 5.102570827947953802e+00 1.834897911004093607e-02 2.971373321584117044e-01 4.758348966942117439e-03 1.185907399190323230e-01
5.509000000000000000e+04 -6.457427743310136137e+00 5.102570827947953802e+00 1.560760246445193691e-02 2.558026292235706656e-01 4.015798901434460173e-03 1.012821526378831216e-01
5.509200000000000000e+04 -3.556529068051120124e+00 5.102570827947953802e+00 1.129067715731381372e-02 1.888612690841711961e-01 2.860340487345981557e-03 7.360739067395399848e-02
5.509300000000000000e+04 6.745011825760461655e+00 5.102570827947953802e+00 9.603845547085529399e-03 1.619142035556175307e-01 2.414419350363810127e-03 6.261506768650819399e-02
5.509500000000000000e+04 -2.230308510731422000e+00 5.102570827947953802e+00 6.944479904374917766e-03 1.180666367269890965e-01 1.719580412830072277e-03 4.496038203067134059e-02
5.509600000000000000e+04 4.564825252241075937e+00 5.102570827947953802e+00 5.907360782238701286e-03 1.002830824965112860e-01 1.451847290194205504e-03 3.789860183520520065e-02
5.509700000000000000e+04 3.697001330544094522e+00 5.102570827947953802e+00 5.024173899475724639e-03 8.521322367064725067e-02 1.225634575374692737e-03 3.196098953721650954e-02
5.509800000000000000e+04 1.955069357677486908e+00 5.102570827947953802e+00 4.270676720025064037e-03 7.228386143570141031e-02 1.034155386379047173e-03 2.690895891155736103e-02
5.510000000000000000e+04 -2.351843416876443715e+00 5.102570827947953802e+00 3.089890946978413738e-03 5.197823085871626503e-02 7.373742460977353481e-04 1.906488135250469784e-02
5.510100000000000000e+04 8.817668326800101042e+00 5.102570827947953802e+00 2.627127912811168600e-03 4.401180626671851587e-02 6.224268341795411233e-04 1.602491851517653942e-02
5.510200000000000000e+04 1.065658741727955938e+00 5.102570827947953802e+00 2.235281824561089099e-03 3.727564013114566255e-02 5.258043306838589264e-04 1.347376516706674104e-02
5.510600000000000000e+04 -1.636863003228817837e-01 5.102570827947953802e+00 1.166810796989460868e-03 1.914126822318536550e-02 2.668395524086519138e-04 6.723708800055868025e-03
5.510900000000000000e+04 4.127837413821907830e+00 5.102570827947953802e+00 7.159524952761617224e-04 1.175786324064379863e-02 1.603886617199637324e-04 4.044596621900800083e-03
5.511100000000000000e+04 -7.696550493138743398e+00 5.102570827947953802e+00 5.172538414680674960e-04 8.493327943127749677e-03 1.143196079927424701e-04 2.881826458714869133e-03
5.511200000000000000e+04 -6.476592578449560378e+00 5.102570827947953802e+00 4.393578539035412206e-04 7.214310091442448052e-03 9.645587389153405797e-05 2.431289414244084020e-03
5.511400000000000000e+04 9.541758151905666452e+00 5.102570827947953802e+00 3.174191398588722501e-04 5.210624905932153585e-03 6.876820444588222371e-05 1.732586296944574550e-03
5.511500000000000000e+04 -1.450878200444506128e+01 5.102570827947953802e+00 2.696664653702692872e-04 4.425125479411607873e-03 5.804061642466235168e-05 1.461643350905561436e-03
5.511700000000000000e+04 -2.261576163687720964e+00 5.102570827947953802e+00 1.948546547018700575e-04 3.195843842646791614e-03 4.139733072045060849e-05 1.041789389068488794e-03
5.511800000000000000e+04 4.753498783805000238e-01 5.102570827947953802e+00 1.655415627770863592e-04 2.714207511351478686e-03 3.494412016400036890e-05 8.790320784221899346e-04
5.511900000000000000e+04 1.358118410692532585e+00 5.102570827947953802e+00 1.407859421912845610e-04 2.307222234484923064e-03 2.952906681710418518e-05 7.423979393072841892e-04
5.512000000000000000e+04 1.067462438001901104e+00 5.102570827947953802e+00 1.207349808723230612e-04 1.960450077956056407e-03 2.516312410348764490e-05 6.267681091830750026e-04
