5.497500000000000000e+04 -2.561116815564316251e+00 8.646849468853847753e+00 9.676860811788584593e-01 1.550059251352647235e-18 9.676860811788584593e-01 1.550059251352647235e-18
5.497600000000000000e+04 -6.894200897567518638e+00 8.646849468853847753e+00 2.014654457448330049e+00 1.550059221086075950e-18 2.014654457448330049e+00 1.550059221086075950e-18
5.497900000000000000e+04 -1.653813220772593517e+00 8.646849468853847753e+00 7.421511495175619366e+00 1.550059094973972802e-18 7.421511495175619366e+00 1.550059094973972802e-18
5.498000000000000000e+04 1.472095225933173879e+01 8.646849468853847753e+00 1.010928248076253944e+01 1.550059037574012029e-18 1.010928248076253944e+01 1.550059037574012029e-18
5.498100000000000000e+04 3.054146854708358916e+01 8.646849468853847753e+00 1.326427468792255127e+01 1.550058970214539617e-18 1.326427468792255127e+01 1.550058970214539617e-18
5.498200000000000000e+04 1.452873707824009131e+01 8.646849468853847753e+00 1.681188057541250913e+01 1.550058891167473899e-18 1.681188057541250913e+01 1.550058891167473899e-18
5.498400000000000000e+04 2.609084178115416464e+01 8.646849468853847753e+00 2.504964300095078400e+01 1.550058689547010832e-18 2.504964300095078400e+01 1.550058689547010832e-18
5.498500000000000000e+04 3.372113024126271341e+01 8.646849468853847753e+00 2.982457128805857849e+01 1.550058561801121860e-18 2.982457128805857849e+01 1.550058561801121860e-18
5.498700000000000000e+04 3.670805453968284837e+01 8.646849468853847753e+00 4.097582893337165899e+01 1.550058235967616748e-18 4.097582893337165899e+01 1.550058235967616748e-18
5.499000000000000000e+04 5.123820821936639192e+01 8.646849468853847753e+00 6.053040193995693841e+01 1.550057502950129748e-18 6.053040193995693841e+01 1.550057502950129748e-18
5.499200000000000000e+04 8.546361589119203472e+01 8.646849468853847753e+00 7.440742163840896239e+01 1.550056777795506162e-18 7.440742163840896239e+01 1.550056777795506162e-18
5.499300000000000000e+04 8.736412318354676643e+01 8.646849468853847753e+00 8.115791156796579742e+01 5.023439304780431998e-03 8.115791156796579742e+01 5.023439304780431998e-03
5.499400000000000000e+04 8.857578178191113238e+01 8.646849468853847753e+00 8.659722275531558466e+01 2.635029007712635374e-01 8.659722275531558466e+01 2.635029007712635374e-01
5.499600000000000000e+04 8.930986817121348054e+01 8.646849468853847753e+00 9.298895886639343189e+01 1.712456288831080142e+00 9.298895886639343189e+01 1.712456288831080142e+00
5.499700000000000000e+04 9.395908854281690026e+01 8.646849468853847753e+00 9.832272564270373039e+01 2.925571079348777026e+00 9.534931745081652821e+01 2.925571079348777026e+00
5.499800000000000000e+04 1.080717315842107951e+02 8.646849468853847753e+00 1.033225785647046848e+02 4.445593075166165420e+00 9.725679520493949326e+01 4.445593075166165420e+00
5.500000000000000000e+04 1.182345955636945121e+02 8.646849468853847753e+00 1.118284177839127267e+02 8.592890108648159497e+00 9.942624000542298290e+01 8.592890108648159497e+00
5.500200000000000000e+04 1.356766904387239947e+02 8.646849468853847753e+00 1.179714794307891310e+02 1.429009848910063241e+01 9.937735874946248771e+01 1.429009848910063241e+01
5.500300000000000000e+04 1.387285045452929921e+02 8.646849468853847753e+00 1.197446743674250200e+02 1.760982062251375879e+01 9.828909195663038645e+01 1.760982062251375879e+01
5.500400000000000000e+04 1.433003887350464254e+02 8.646849468853847753e+00 1.206220481746235436e+02 2.129219655080816054e+01 9.653818898204983157e+01 2.129219655080816054e+01
5.500500000000000000e+04 1.494127799189146515e+02 8.646849468853847753e+00 1.208629839027481978e+02 2.535088559484978887e+01 9.437559456880096320e+01 2.535088559484978887e+01
5.500900000000000000e+04 1.594315665036377823e+02 8.646849468853847753e+00 1.160173751994759499e+02 4.587529006572047052e+01 8.255133116561614770e+01 4.587529006572047052e+01
5.501200000000000000e+04 1.689007496170644913e+02 8.646849468853847753e+00 1.070641781174127516e+02 6.324630839264761306e+01 7.142612246008147281e+01 6.324630839264761306e+01
5.501300000000000000e+04 1.581100671669084363e+02 8.646849468853847753e+00 1.035214988795135440e+02 6.898422483277093420e+01 6.765517379857884350e+01 6.898422483277093420e+01
5.501400000000000000e+04 1.781460452384526434e+02 8.646849468853847753e+00 9.932935003505868110e+01 7.360763934201824554e+01 6.361888512242121152e+01 7.360763934201824554e+01
5.501600000000000000e+04 1.732761404296895194e+02 8.646849468853847753e+00 9.001300279631676915e+01 8.195956806760614199e+01 5.543739832797152900e+01 7.904061503643441711e+01
5.501700000000000000e+04 1.703412225715395891e+02 8.646849468853847753e+00 8.623588602460310426e+01 8.553648799138427705e+01 5.211031447560955598e+01 8.104691983319403903e+01
5.501800000000000000e+04 1.610185562249171198e+02 8.646849468853847753e+00 8.299320942282197677e+01 8.877411947006288528e+01 4.922327896239417555e+01 8.266827592419855364e+01
5.501900000000000000e+04 1.642474917109230432e+02 8.646849468853847753e+00 7.996043852544511310e+01 9.155637522164695952e+01 4.656333247267679099e+01 8.381792962524767177e+01
5.502000000000000000e+04 1.729840553005951165e+02 8.646849468853847753e+00 7.676315773503215212e+01 9.387536801284814203e+01 4.390417961541074021e+01 8.451230400460953263e+01
5.502100000000000000e+04 1.796630530034521769e+02 8.646849468853847753e+00 7.327187535335801272e+01 9.572568074961138507e+01 4.117301454915962466e+01 8.476893537712527404e+01
5.502200000000000000e+04 1.741979688617016393e+02 8.646849468853847753e+00 6.970007005100615061e+01 9.694870268859786222e+01 3.849145005216814042e+01 8.447075493704311100e+01
5.502500000000000000e+04 1.534645967628779886e+02 8.646849468853847753e+00 5.974048490593948912e+01 9.651289520442698233e+01 3.137059333747742329e+01 8.021925538348081375e+01
5.502900000000000000e+04 1.344126915453718425e+02 8.646849468853847753e+00 4.801152546862024195e+01 8.960347579411882180e+01 2.366167303078713857e+01 7.016863149077371986e+01
5.503100000000000000e+04 1.372878971673244450e+02 8.646849468853847753e+00 4.285005714666262122e+01 8.387513988866788850e+01 2.048817721261307412e+01 6.383662120465699985e+01
5.503200000000000000e+04 1.108299417752550369e+02 8.646849468853847753e+00 4.048356783787604485e+01 8.089100265825501879e+01 1.907229695642826428e+01 6.071220409106924620e+01
5.503300000000000000e+04 1.188963784251660201e+02 8.646849468853847753e+00 3.859023950698809813e+01 7.768221350705297823e+01 1.791710107470335345e+01 5.750689772879200490e+01
5.503400000000000000e+04 1.056161119549498011e+02 8.646849468853847753e+00 3.696052032020516975e+01 7.404622298847404238e+01 1.691552365168480421e+01 5.407605235405802091e+01
5.503500000000000000e+04 9.601029277898199155e+01 8.646849468853847753e+00 3.538977918027655534e+01 7.001390574731516381e+01 1.596874529619285887e+01 5.045091848566411841e+01
5.503600000000000000e+04 1.068545144061246788e+02 8.646849468853847753e+00 3.398857327908338277e+01 6.626396204201772377e+01 1.512367877641758973e+01 4.712178857877579219e+01
5.503700000000000000e+04 8.246629534496213410e+01 8.646849468853847753e+00 3.269250684582956268e+01 6.310500001247665125e+01 1.434788638676704053e+01 4.429376730426811548e+01
5.503900000000000000e+04 1.030415748077748503e+02 8.646849468853847753e+00 3.001468871502778057e+01 5.784930553204284109e+01 1.282170619571031622e+01 3.957883260177526807e+01
5.504000000000000000e+04 6.866267533470860940e+01 8.646849468853847753e+00 2.872539812627099209e+01 5.523471300561083552e+01 1.210962883225882791e+01 3.731855267309912705e+01
5.504200000000000000e+04 7.922196674966490093e+01 8.646849468853847753e+00 2.632996347612992238e+01 4.963335679082612728e+01 1.081543224929825442e+01 3.271773254434290834e+01
5.504400000000000000e+04 7.185640472138724988e+01 8.646849468853847753e+00 2.407808748455889614e+01 4.435427068781461202e+01 9.643386980885679804e+00 2.854297894679026371e+01
5.504500000000000000e+04 5.106333033105518382e+01 8.646849468853847753e+00 2.295596864026264328e+01 4.192836451681657906e+01 9.080561577061848411e+00 2.666500433685580873e+01
5.504600000000000000e+04 6.224010885085342437e+01 8.646849468853847753e+00 2.180769937675569636e+01 3.959929556053094757e+01 8.521234229400151960e+00 2.489149440869678642e+01
5.504700000000000000e+04 7.534291064112348124e+01 8.646849468853847753e+00 2.061972589170137127e+01 3.735426933941042904e+01 7.960046289989414880e+00 2.321090328009672277e+01
5.504800000000000000e+04 6.086159433640824545e+01 8.646849468853847753e+00 1.942342942594015298e+01 3.519063483025259842e+01 7.409034476823465276e+00 2.161844031349393802e+01
5.505000000000000000e+04 3.959902781750407996e+01 8.646849468853847753e+00 1.687723731503253788e+01 3.116011170007163500e+01 6.288194800073795498e+00 1.871774791379593239e+01
5.505200000000000000e+04 4.591812715395045075e+01 8.646849468853847753e+00 1.419237502251809779e+01 2.758647643871824329e+01 5.167770414954748759e+00 1.621145241296402517e+01
5.505400000000000000e+04 4.185623053489913303e+01 8.646849468853847753e+00 1.167665844314828405e+01 2.499786858750881535e+01 4.157327640826142812e+00 1.437819510393208411e+01
5.505600000000000000e+04 4.995919124630148644e+01 8.646849468853847753e+00 9.519064814024101651e+00 2.282460591150134022e+01 3.315520380235053022e+00 1.285512695995495314e+01
5.505800000000000000e+04 2.197533119036980054e+01 8.646849468853847753e+00 7.714416879407858474e+00 2.093092504064521719e+01 2.629827455937498115e+00 1.154838137434221323e+01
5.506000000000000000e+04 3.322659950924937533e+01 8.646849468853847753e+00 6.171013221110356994e+00 1.903606193067077612e+01 2.059888564189253035e+00 1.029318450742000302e+01
5.506100000000000000e+04 2.263657532407502160e+01 8.646849468853847753e+00 5.496879071830631069e+00 1.817329331665474257e+01 1.815959130283463896e+00 9.729525124930155755e+00
5.506200000000000000e+04 1.765869921755368566e+01 8.646849468853847753e+00 4.883322086170251097e+00 1.734111411148096238e+01 1.596812745279095003e+00 9.193117411903516611e+00
5.506400000000000000e+04 2.660443665726477747e+01 8.646849468853847753e+00 3.813038924622150549e+00 1.576460364047366980e+01 1.221917543613490142e+00 8.196878933752826057e+00
5.506500000000000000e+04 9.988792382005691195e+00 8.646849468853847753e+00 3.350396274115829964e+00 1.498704119058110251e+01 1.063036946060080368e+00 7.718477340502571948e+00
5.506700000000000000e+04 2.603729485359818341e+01 8.646849468853847753e+00 2.568168878719792048e+00 1.338755162640716279e+01 7.990344961129509649e-01 6.766039346491002249e+00
5.506800000000000000e+04 2.842244971959011934e+01 8.646849468853847753e+00 2.238682464914530268e+00 1.257712199947856035e+01 6.898283870746817481e-01 6.297679305299944907e+00
5.506900000000000000e+04 6.220434350731242290e+00 8.646849468853847753e+00 1.943227759198366655e+00 1.175345763259535303e+01 5.930877954916861095e-01 5.831334425125919374e+00
5.507100000000000000e+04 1.360317619736491856e+01 8.646849468853847753e+00 1.450882935053545930e+00 9.972296526769735436e+00 4.345486239456022304e-01 4.858612330976595395e+00
5.507300000000000000e+04 1.977526429697209664e+01 8.646849468853847753e+00 1.074611581030406215e+00 8.258876159762104763e+00 3.159510589642119949e-01 3.952695855619067888e+00
5.507400000000000000e+04 1.633302096345271082e+01 8.646849468853847753e+00 9.230363146457137846e-01 7.448723651126893941e+00 2.689201451984696289e-01 3.533728494702221390e+00
5.507500000000000000e+04 2.618661114276287449e+00 8.646849468853847753e+00 7.900170187884799633e-01 6.705358279117523246e+00 2.280935985444418612e-01 3.153446761038001700e+00
5.507800000000000000e+04 1.073864206100157048e+01 8.646849468853847753e+00 4.912547875062342473e-01 4.876989219500297956e+00 1.381047141620609098e-01 2.235353337546873043e+00
5.508000000000000000e+04 -1.156182968026773494e+01 8.646849468853847753e+00 3.565107736570373165e-01 3.884703693623371645e+00 9.849760017656127020e-02 1.750905279560864836e+00
5.508100000000000000e+04 7.871820128902461633e+00 8.646849468853847753e+00 3.036897786713491088e-01 3.453183696379856560e+00 8.318738014801362046e-02 1.543565260740944023e+00
5.508200000000000000e+04 6.863542511862500639e+00 8.646849468853847753e+00 2.583669040949048146e-01 3.061522493197092132e+00 7.017301316464903682e-02 1.357290833487230675e+00
5.508400000000000000e+04 1.121977687766407072e+01 8.646849468853847753e+00 1.867036611069021468e-01 2.381103240559859557e+00 4.986444254227592049e-02 1.038629912071466377e+00
5.508500000000000000e+04 5.172954324412197380e+00 8.646849468853847753e+00 1.586714743149733042e-01 2.088183327423286162e+00 4.202762805578161287e-02 9.035814041510683570e-01
5.508800000000000000e+04 -2.167196387764316334e-01 8.646849468853847753e+00 9.821221131417220973e-02 1.387549640626022596e+00 2.538464199561750803e-02 5.863541290134794970e-01
5.508900000000000000e+04 2.187573470000105935e+00 8.646849468853847753e+00 8.368380372343948992e-02 1.202270180021587143e+00 2.145658115601357940e-02 5.041246261679331875e-01
5.509000000000000000e+04 -4.891306378644878272e+00 8.646849468853847753e+00 7.130788149307148993e-02 1.037980504885469779e+00 1.813835800367798873e-02 4.318922875128805017e-01
5.509100000000000000e+04 8.405505538834578516e+00 8.646849468853847753e+00 6.078009535180092099e-02 8.945301883326394199e-01 1.533876746194622574e-02 3.693663303537618181e-01
5.509300000000000000e+04 6.770937316049482568e+00 8.646849468853847753e+00 4.408305025968112245e-02 6.603116721647928067e-01 1.095262713745783802e-02 2.685584001195801540e-01
5.509500000000000000e+04 1.198562022566372676e+01 8.646849468853847753e+00 3.200320421278338157e-02 4.838567519009470685e-01 7.830004347216196550e-03 1.938795587627756278e-01
5.509600000000000000e+04 1.318539126791376415e+00 8.646849468853847753e+00 2.725098737745274002e-02 4.124390201460645389e-01 6.616827885050855125e-03 1.640489778732280302e-01
5.509700000000000000e+04 -5.381758359112433610e+00 8.646849468853847753e+00 2.320793927467478326e-02 3.514264042905415608e-01 5.592785077591702451e-03 1.387618763608040040e-01
5.509800000000000000e+04 2.759795862428465973e+00 8.646849468853847753e+00 1.977886758225862185e-02 2.994653472328233645e-01 4.730874821351913062e-03 1.173890070377517636e-01
5.509900000000000000e+04 -2.405514156678553839e+00 8.646849468853847753e+00 1.684145181981573647e-02 2.548320016122876952e-01 3.998454947828823484e-03 9.917510118528233276e-02
5.510100000000000000e+04 -4.874264650997173653e+00 8.646849468853847753e+00 1.221232796859455377e-02 1.842998815198851892e-01 2.857113554350843541e-03 7.070927312581157254e-02
5.510400000000000000e+04 5.967620677183161249e+00 8.646849468853847753e+00 7.542922639243860618e-03 1.128215090444772695e-01 1.726894476100850886e-03 4.238477616093452860e-02
5.510700000000000000e+04 -2.796060974243914288e+01 8.646849468853847753e+00 4.628906529352844017e-03 6.932119952713874933e-02 1.037530654529236849e-03 2.551166821723855130e-02
5.510800000000000000e+04 -1.092261101774964605e+00 8.646849468853847753e+00 3.934618234133093091e-03 5.902804950769185988e-02 8.757902202812570909e-04 2.157694569627488165e-02
5.510900000000000000e+04 -8.133189061134995512e+00 8.646849468853847753e+00 3.342064892115057233e-03 5.023071746128707910e-02 7.387683124515371895e-04 1.823809398261154111e-02
5.511000000000000000e+04 -5.967714039674484328e-01 8.646849468853847753e+00 2.838226413417253239e-03 4.274730833031607086e-02 6.230988444615148105e-04 1.541760430312628938e-02
5.511100000000000000e+04 2.083504597108132472e+01 8.646849468853847753e+00 2.411696343776386763e-03 3.639015891298575528e-02 5.258591276927242816e-04 1.303795234265428885e-02
5.511400000000000000e+04 -1.762778462816649494e+01 8.646849468853847753e+00 1.479045695655780389e-03 2.239707468706429033e-02 3.160519228810185948e-04 7.868315024040898470e-03
