5.497400000000000000e+04 2.818691355482605410e+00 5.465915516848391498e+00 2.872527343123094101e-01 9.260775751072001066e-19 2.872527343123094101e-01 9.260775751072001066e-19
5.497600000000000000e+04 -3.379390659065793834e+00 5.465915516848391498e+00 1.958814406946931541e+00 9.260775358043454047e-19 1.958814406946931541e+00 9.260775358043454047e-19
5.498000000000000000e+04 1.028880086288507023e+01 5.465915516848391498e+00 9.740658635389692677e+00 9.260774071422035432e-19 9.740658635389692677e+00 9.260774071422035432e-19
5.498100000000000000e+04 8.645024925742021082e+00 5.465915516848391498e+00 1.261836908227294352e+01 9.260773599158055384e-19 1.261836908227294352e+01 9.260773599158055384e-19
5.498500000000000000e+04 2.934410570721056999e+01 5.465915516848391498e+00 2.761301931683333422e+01 9.260770735731008535e-19 2.761301931683333422e+01 9.260770735731008535e-19
5.498700000000000000e+04 3.350506110880630217e+01 5.465915516848391498e+00 3.698113532148148863e+01 9.260768451280118463e-19 3.698113532148148863e+01 9.260768451280118463e-19
5.498800000000000000e+04 4.624588604022404326e+01 5.465915516848391498e+00 4.209516568424355398e+01 9.260767003861789973e-19 4.209516568424355398e+01 9.260767003861789973e-19
5.498900000000000000e+04 4.941048138936127998e+01 5.465915516848391498e+00 4.711547825657126509e+01 9.260765305301220290e-19 4.711547825657126509e+01 9.260765305301220290e-19
5.499300000000000000e+04 6.636092885917848605e+01 5.465915516848391498e+00 6.549985504210982867e+01 -1.319528255753682142e-02 6.549985504210982867e+01 -1.319528255753682142e-02
5.499500000000000000e+04 6.594192828659517147e+01 5.465915516848391498e+00 6.925870503056015082e+01 7.975107901015551226e-01 6.925870503056015082e+01 7.975107901015551226e-01
5.499700000000000000e+04 8.382345955194149667e+01 5.465915516848391498e+00 7.441282129281171365e+01 2.848116343879942391e+00 6.841287481237441170e+01 2.848116343879942391e+00
5.499900000000000000e+04 8.369539613327860650e+01 5.465915516848391498e+00 7.645745628739562960e+01 6.151757690667355227e+00 6.504780932565140006e+01 6.151757690667355227e+00
5.500000000000000000e+04 9.432925025224849946e+01 5.465915516848391498e+00 7.706664930540206626e+01 8.279559840081237354e+00 6.320798198309262261e+01 8.279559840081237354e+00
5.500200000000000000e+04 8.828704880267387978e+01 5.465915516848391498e+00 7.729506555346702612e+01 1.348602709029784208e+01 5.914124484496770862e+01 1.348602709029784208e+01
5.500300000000000000e+04 8.484960140933044670e+01 5.465915516848391498e+00 7.602989278727960709e+01 1.655460456555931259e+01 5.628475033544589223e+01 1.655460456555931259e+01
5.500500000000000000e+04 9.797881566856719360e+01 5.465915516848391498e+00 7.193455680222277238e+01 2.347106641930833248e+01 5.000629460476246635e+01 2.347106641930833248e+01
5.500700000000000000e+04 1.035543033910973918e+02 5.465915516848391498e+00 6.799799618029562964e+01 3.143396502325926178e+01 4.455343955827151348e+01 3.143396502325926178e+01
5.500900000000000000e+04 1.022551668493101289e+02 5.465915516848391498e+00 6.355234296862630572e+01 4.004815651808557675e+01 3.937777404403901471e+01 4.004815651808557675e+01
5.501000000000000000e+04 1.053623071500524304e+02 5.465915516848391498e+00 6.111242746205465437e+01 4.412970439257524191e+01 3.686434766411487374e+01 4.412970439257524191e+01
5.501300000000000000e+04 1.082615757786716273e+02 5.465915516848391498e+00 5.364343355117446777e+01 5.567487678579335153e+01 2.997981993502793685e+01 5.567487678579335153e+01
5.501600000000000000e+04 1.028570435824434099e+02 5.465915516848391498e+00 4.377920681563785621e+01 6.280509373132024109e+01 2.279133005233092391e+01 5.880964673200113424e+01
5.501700000000000000e+04 1.015152465163126294e+02 5.465915516848391498e+00 4.071654613422145275e+01 6.407698700313454765e+01 2.072381963252022885e+01 5.815094359051825279e+01
5.501800000000000000e+04 1.026253930020108669e+02 5.465915516848391498e+00 3.786385927536380791e+01 6.459921903326892334e+01 1.885112345149930135e+01 5.687165416562561404e+01
5.501900000000000000e+04 9.374943268207705671e+01 5.465915516848391498e+00 3.507484864390263368e+01 6.468156380677835671e+01 1.708947422377729097e+01 5.529063792680368294e+01
5.502000000000000000e+04 9.397790683923525989e+01 5.465915516848391498e+00 3.238017550861415117e+01 6.467715758789194069e+01 1.544652967884242400e+01 5.372678468562872922e+01
5.502200000000000000e+04 8.280903300709672976e+01 5.465915516848391498e+00 2.745044395741199139e+01 6.393117421227702124e+01 1.256901635586821442e+01 5.027005811822255055e+01
5.502300000000000000e+04 8.542178447162891075e+01 5.465915516848391498e+00 2.520275333780124782e+01 6.246848967174629053e+01 1.131270102647213349e+01 4.784203778512900840e+01
5.502400000000000000e+04 8.204823049333474216e+01 5.465915516848391498e+00 2.312783346236735227e+01 6.040175724896788267e+01 1.018094207449878574e+01 4.508626217801651848e+01
5.502500000000000000e+04 7.706732357383400256e+01 5.465915516848391498e+00 2.123998292890997774e+01 5.838800509949486894e+01 9.172838121572022274e+00 4.250535041404809533e+01
5.502800000000000000e+04 6.276163957895835210e+01 5.465915516848391498e+00 1.643551809019974641e+01 5.260720938961672744e+01 6.716370971383953226e+00 3.565211684480627952e+01
5.502900000000000000e+04 6.349972637850758161e+01 5.465915516848391498e+00 1.512381457569090237e+01 5.052596779511022618e+01 6.071543353043900915e+00 3.347110793743316037e+01
5.503100000000000000e+04 5.971855635658214823e+01 5.465915516848391498e+00 1.290977211795457613e+01 4.619754131559459864e+01 5.006434182654020404e+00 2.928568905648892340e+01
5.503300000000000000e+04 4.587347173235233555e+01 5.465915516848391498e+00 1.117795575347978065e+01 4.192990988708381650e+01 4.192249869357422831e+00 2.548284694477374757e+01
5.503400000000000000e+04 5.795937122660568974e+01 5.465915516848391498e+00 1.050135352760480956e+01 3.938044419658547213e+01 3.874767751706000407e+00 2.344930616647468113e+01
5.503500000000000000e+04 4.633171287972216845e+01 5.465915516848391498e+00 9.908308598844746129e+00 3.657162975675049665e+01 3.597735703756966164e+00 2.134503123016181902e+01
5.503700000000000000e+04 4.333100513046007052e+01 5.465915516848391498e+00 8.938258687869485186e+00 3.137793813302790724e+01 3.145344712025503142e+00 1.761524668764219470e+01
5.503800000000000000e+04 4.422805386134012906e+01 5.465915516848391498e+00 8.550282348270430433e+00 2.908679440097861857e+01 2.963093496324381348e+00 1.602345493377440633e+01
5.503900000000000000e+04 4.165773612050270458e+01 5.465915516848391498e+00 8.208762555186710941e+00 2.686205544194118744e+01 2.802157021713587159e+00 1.452605309021069679e+01
5.504000000000000000e+04 3.402583523275955457e+01 5.465915516848391498e+00 7.889591908060027414e+00 2.472559823335690865e+01 2.653484246384680389e+00 1.312955022701605934e+01
5.504100000000000000e+04 2.937620527175442930e+01 5.465915516848391498e+00 7.583606051730763298e+00 2.272352867970598211e+01 2.513503025968822246e+00 1.185263194194796199e+01
5.504300000000000000e+04 3.017313869576425844e+01 5.465915516848391498e+00 7.006879272314768592e+00 1.908841424460245406e+01 2.256754227528354306e+00 9.615795872501312402e+00
5.504400000000000000e+04 2.476426307539903249e+01 5.465915516848391498e+00 6.706638817155202936e+00 1.747271165988793484e+01 2.129971270706062736e+00 8.653800763323966194e+00
5.504500000000000000e+04 1.917295700072551057e+01 5.465915516848391498e+00 6.394674176741751204e+00 1.600744172892967399e+01 2.002998789726357476e+00 7.796912403336219377e+00
5.504600000000000000e+04 1.627479218591211563e+01 5.465915516848391498e+00 6.092422662701660663e+00 1.464947664636654068e+01 1.882468299899572761e+00 7.019333690942685777e+00
5.504700000000000000e+04 1.458420352531148900e+01 5.465915516848391498e+00 5.799632685114928243e+00 1.341139036463852285e+01 1.768044749775525615e+00 6.323182351501767329e+00
5.504900000000000000e+04 5.480689714023567305e+00 5.465915516848391498e+00 5.223871556991093179e+00 1.129663562918305608e+01 1.551051834533994978e+00 5.160811850087315023e+00
5.505000000000000000e+04 9.826803291071314561e+00 5.465915516848391498e+00 4.908479864144654314e+00 1.040118850924270077e+01 1.438675292267899364e+00 4.679117401183376046e+00
5.505100000000000000e+04 1.524956472006607910e+01 5.465915516848391498e+00 4.579111455212894199e+00 9.604017928240658364e+00 1.325106192803267691e+00 4.255469055255916899e+00
5.505300000000000000e+04 5.762288260403903628e+00 5.465915516848391498e+00 3.928770513545337462e+00 8.284233027996659615e+00 1.108770342350714921e+00 3.563412388953809184e+00
5.505400000000000000e+04 5.621437175487972837e+00 5.465915516848391498e+00 3.608404234527964327e+00 7.768741793397339279e+00 1.005908494057323077e+00 3.293552588950100279e+00
5.505500000000000000e+04 1.956704629410356588e+01 5.465915516848391498e+00 3.303540155211937890e+00 7.317185245603197608e+00 9.098004280595362037e-01 3.058075348193420417e+00
5.505700000000000000e+04 8.982794805140946082e+00 5.465915516848391498e+00 2.740314535202393209e+00 6.578735424902472317e+00 7.368888778080757707e-01 2.673543005221677760e+00
5.505800000000000000e+04 8.757379207380168396e+00 5.465915516848391498e+00 2.473578003601911046e+00 6.283098819167153515e+00 6.574095826676078502e-01 2.518629471875724057e+00
5.505900000000000000e+04 -1.455284371453991810e+00 5.465915516848391498e+00 2.219187913712554305e+00 6.022749934513024428e+00 5.830050588127172473e-01 2.381833468456548975e+00
5.506100000000000000e+04 1.183261916722959306e+01 5.465915516848391498e+00 1.754332642616926785e+00 5.547487659734922083e+00 4.505027589097987395e-01 2.136477572073498532e+00
5.506300000000000000e+04 5.612408058694670743e+00 5.465915516848391498e+00 1.360000333131157424e+00 5.111146690336289211e+00 3.415482990769190819e-01 1.918241093399101205e+00
5.506400000000000000e+04 1.052481516824105867e+01 5.465915516848391498e+00 1.193750372150861327e+00 4.885506474613035444e+00 2.965309531914898100e-01 1.810475580100153081e+00
5.506700000000000000e+04 1.171967825894614990e+01 5.465915516848391498e+00 7.898521089833392406e-01 4.208508222352176809e+00 1.899928740845295005e-01 1.502838037309196739e+00
5.506800000000000000e+04 -4.420300302117421865e+00 5.465915516848391498e+00 6.847872485384854935e-01 3.996713679409016784e+00 1.630009885761951050e-01 1.410102290207875919e+00
5.506900000000000000e+04 6.767266773215984799e+00 5.465915516848391498e+00 5.922525197926507001e-01 3.781566034186240266e+00 1.395185175518027509e-01 1.318394059353895864e+00
5.507000000000000000e+04 -6.729558827799707821e+00 5.465915516848391498e+00 5.110370093099062538e-01 3.549124852394021978e+00 1.191554736916271978e-01 1.222873998427714382e+00
5.507200000000000000e+04 7.667019339037677739e+00 5.465915516848391498e+00 3.789938291639043388e-01 3.066612564883898884e+00 8.659693020465177027e-02 1.032452882208663159e+00
5.507400000000000000e+04 9.327763863473720107e+00 5.465915516848391498e+00 2.794588415811588011e-01 2.597693441192287178e+00 6.259957145868536021e-02 8.550222199487245156e-01
5.507600000000000000e+04 -4.104333110430413711e-01 5.465915516848391498e+00 2.029550970858698400e-01 2.168256289645627888e+00 4.458659039435906163e-02 6.980644381929893560e-01
5.507800000000000000e+04 7.807218547510741402e+00 5.465915516848391498e+00 1.468796499676409406e-01 1.773645570776843483e+00 3.165759871947924908e-02 5.587981452674666283e-01
5.508000000000000000e+04 3.577945525540368266e+00 5.465915516848391498e+00 1.060306908338959631e-01 1.415569840884348229e+00 2.242927217941729015e-02 4.366381267694606771e-01
5.508200000000000000e+04 6.457426394299289996e+00 5.465915516848391498e+00 7.632550868302891145e-02 1.105848126549011212e+00 1.585148843184322476e-02 3.341018188315121318e-01
5.508300000000000000e+04 -1.079307638929288338e+01 5.465915516848391498e+00 6.474105696555022826e-02 9.707828702625026507e-01 1.332425287277213925e-02 2.903160542153811474e-01
5.508400000000000000e+04 -5.230216152344132396e+00 5.465915516848391498e+00 5.485044926147494143e-02 8.513920603428312139e-01 1.118771474028273233e-02 2.520513102127663885e-01
5.508600000000000000e+04 1.471003686207570560e+01 5.465915516848391498e+00 3.947561700494382764e-02 6.475248010699132806e-01 7.910245647124551638e-03 1.879176194082168572e-01
5.508900000000000000e+04 7.206200041714838633e+00 5.465915516848391498e+00 2.437223660306638701e-02 4.207242177707415931e-01 4.758348966942117439e-03 1.185907399190323230e-01
5.509000000000000000e+04 -6.824482111710173271e+00 5.465915516848391498e+00 2.074499616389554116e-02 3.627590500941236806e-01 4.015798901434460173e-03 1.012821526378831216e-01
5.509200000000000000e+04 -3.740522404483709984e+00 5.465915516848391498e+00 1.502693426838644375e-02 2.686380248811341409e-01 2.860340487345981557e-03 7.360739067395399848e-02
5.509300000000000000e+04 7.285017686483534760e+00 5.465915516848391498e+00 1.279014116060767266e-02 2.306473604987952231e-01 2.414419350363810127e-03 6.261506768650819399e-02
5.509500000000000000e+04 -2.345107964190971117e+00 5.465915516848391498e+00 9.260113151795236475e-03 1.686695310381075286e-01 1.719580412830072277e-03 4.496038203067134059e-02
5.509600000000000000e+04 4.927472554937495808e+00 5.465915516848391498e+00 7.882008369853350446e-03 1.434645489068961666e-01 1.451847290194205504e-03 3.789860183520520065e-02
5.509700000000000000e+04 3.992376124210186283e+00 5.465915516848391498e+00 6.707655842957307123e-03 1.220735058295233100e-01 1.225634575374692737e-03 3.196098953721650954e-02
5.509800000000000000e+04 2.121677073389666823e+00 5.465915516848391498e+00 5.705076830171477466e-03 1.036915899035942557e-01 1.034155386379047173e-03 2.690895891155736103e-02
5.510000000000000000e+04 -2.499410491237087584e+00 5.465915516848391498e+00 4.132507344956278493e-03 7.476028628483859240e-02 7.373742460977353481e-04 1.906488135250469784e-02
5.510100000000000000e+04 9.462497717085655680e+00 5.465915516848391498e+00 3.515595236695752239e-03 6.338384945059326314e-02 6.224268341795411233e-04 1.602491851517653942e-02
5.510200000000000000e+04 1.155961717468841243e+00 5.465915516848391498e+00 2.992908440526568202e-03 5.375088931764800820e-02 5.258043306838589264e-04 1.347376516706674104e-02
5.510600000000000000e+04 -1.677941204334503777e-01 5.465915516848391498e+00 1.565670782534826343e-03 2.773648965397635183e-02 2.668395524086519138e-04 6.723708800055868025e-03
5.510900000000000000e+04 4.426470102733788714e+00 5.465915516848391498e+00 9.621738984110661140e-04 1.709685396206820501e-02 1.603886617199637324e-04 4.044596621900800083e-03
5.511100000000000000e+04 -8.241186570422661006e+00 5.465915516848391498e+00 6.958310388034766531e-04 1.237751292459051550e-02 1.143196079927424701e-04 2.881826458714869133e-03
5.511200000000000000e+04 -6.934861137865671488e+00 5.465915516848391498e+00 5.913292414502303905e-04 1.052503488265998932e-02 9.645587389153405797e-05 2.431289414244084020e-03
5.511400000000000000e+04 1.022333320668719558e+01 5.465915516848391498e+00 4.276192258081312671e-04 7.618063515278017742e-03 6.876820444588222371e-05 1.732586296944574550e-03
5.511500000000000000e+04 -1.554011494552492323e+01 5.465915516848391498e+00 3.634573320893351705e-04 6.476396927588162246e-03 5.804061642466235168e-05 1.461643350905561436e-03
5.511700000000000000e+04 -2.421301279832396958e+00 5.465915516848391498e+00 2.628657010476552415e-04 4.686843351616397889e-03 4.139733072045060849e-05 1.041789389068488794e-03
5.511800000000000000e+04 5.103217644316029311e-01 5.465915516848391498e+00 2.234212943647103560e-04 3.984484437185559398e-03 3.494412016400036890e-05 8.790320784221899346e-04
5.511900000000000000e+04 1.455785660664485670e+00 5.465915516848391498e+00 1.900940906135573474e-04 3.390366744530967820e-03 2.952906681710418518e-05 7.423979393072841892e-04
5.512000000000000000e+04 1.144291787031048058e+00 5.465915516848391498e+00 1.630916557537710548e-04 2.883601838237148055e-03 2.516312410348764490e-05 6.267681091830750026e-04
