5.497400000000000000e+04 2.774346903610750203e+00 5.370166393979888042e+00 2.872527343123094101e-01 9.260775751072001066e-19 2.872527343123094101e-01 9.260775751072001066e-19
5.497600000000000000e+04 -3.285878702800206774e+00 5.370166393979888042e+00 1.958814406946931541e+00 9.260775358043454047e-19 1.958814406946931541e+00 9.260775358043454047e-19
5.498000000000000000e+04 1.027919878664951803e+01 5.370166393979888042e+00 9.740658635389692677e+00 9.260774071422035432e-19 9.740658635389692677e+00 9.260774071422035432e-19
5.498100000000000000e+04 8.714627944059781584e+00 5.370166393979888042e+00 1.261836908227294352e+01 9.260773599158055384e-19 1.261836908227294352e+01 9.260773599158055384e-19
5.498500000000000000e+04 2.931378141789850389e+01 5.370166393979888042e+00 2.761301931683333422e+01 9.260770735731008535e-19 2.761301931683333422e+01 9.260770735731008535e-19
5.498700000000000000e+04 3.356595320563134521e+01 5.370166393979888042e+00 3.698113532148148863e+01 9.260768451280118463e-19 3.698113532148148863e+01 9.260768451280118463e-19
5.498800000000000000e+04 4.617317583602631714e+01 5.370166393979888042e+00 4.209516568424355398e+01 9.260767003861789973e-19 4.209516568424355398e+01 9.260767003861789973e-19
5.498900000000000000e+04 4.937027869389923751e+01 5.370166393979888042e+00 4.711547825657126509e+01 9.260765305301220290e-19 4.711547825657126509e+01 9.260765305301220290e-19
5.499300000000000000e+04 6.634561385857479365e+01 5.370166393979888042e+00 6.549985504210982867e+01 -1.319528255753682142e-02 6.549985504210982867e+01 -1.319528255753682142e-02
5.499500000000000000e+04 6.601400027918293745e+01 5.370166393979888042e+00 6.925870503056015082e+01 7.975107901015551226e-01 6.925870503056015082e+01 7.975107901015551226e-01
5.499700000000000000e+04 8.291706181037959311e+01 5.370166393979888042e+00 7.362138246623003113e+01 2.848116343879942391e+00 6.841287481237441170e+01 2.848116343879942391e+00
5.499900000000000000e+04 8.217134925589569150e+01 5.370166393979888042e+00 7.495243659554398619e+01 6.151757690667355227e+00 6.504780932565140006e+01 6.151757690667355227e+00
5.500000000000000000e+04 9.234382570865426487e+01 5.370166393979888042e+00 7.523858509861018717e+01 8.279559840081237354e+00 6.320798198309262261e+01 8.279559840081237354e+00
5.500200000000000000e+04 8.593611040535267875e+01 5.370166393979888042e+00 7.490043776697689282e+01 1.348602709029784208e+01 5.914124484496770862e+01 1.348602709029784208e+01
5.500300000000000000e+04 8.238056208076200448e+01 5.370166393979888042e+00 7.342535749288673230e+01 1.655460456555931259e+01 5.628475033544589223e+01 1.655460456555931259e+01
5.500500000000000000e+04 9.504123430975580789e+01 5.370166393979888042e+00 6.904205131752911484e+01 2.347106641930833248e+01 5.000629460476246635e+01 2.347106641930833248e+01
5.500700000000000000e+04 1.003895739857303795e+02 5.370166393979888042e+00 6.490547986483174725e+01 3.143396502325926178e+01 4.455343955827151348e+01 3.143396502325926178e+01
5.500900000000000000e+04 9.908992317984863973e+01 5.370166393979888042e+00 6.036353244753667724e+01 4.004815651808557675e+01 3.937777404403901471e+01 4.004815651808557675e+01
5.501000000000000000e+04 1.021616948129883156e+02 5.370166393979888042e+00 5.791392029458045698e+01 4.412970439257524191e+01 3.686434766411487374e+01 4.412970439257524191e+01
5.501300000000000000e+04 1.051586755079334949e+02 5.370166393979888042e+00 5.052202194290288872e+01 5.567487678579335153e+01 2.997981993502793685e+01 5.567487678579335153e+01
5.501600000000000000e+04 1.036914898999045107e+02 5.370166393979888042e+00 4.101074536149805283e+01 6.634270931463943555e+01 2.279133005233092391e+01 5.880964673200113424e+01
5.501700000000000000e+04 1.041824686131318600e+02 5.370166393979888042e+00 3.807935261020163153e+01 6.932397526939612931e+01 2.072381963252022885e+01 5.815094359051825279e+01
5.501800000000000000e+04 1.069567008659113299e+02 5.370166393979888042e+00 3.535593401642884004e+01 7.144129550219557245e+01 1.885112345149930135e+01 5.687165416562561404e+01
5.501900000000000000e+04 9.979708725694209193e+01 5.370166393979888042e+00 3.270244021107630772e+01 7.299639960373811221e+01 1.708947422377729097e+01 5.529063792680368294e+01
5.502000000000000000e+04 1.014937617316056873e+02 5.370166393979888042e+00 3.014649812016394037e+01 7.437274604865845617e+01 1.544652967884242400e+01 5.372678468562872922e+01
5.502200000000000000e+04 9.309194131790923166e+01 5.370166393979888042e+00 2.548746984802167859e+01 7.602688645375978638e+01 1.256901635586821442e+01 5.027005811822255055e+01
5.502300000000000000e+04 9.657941707518129704e+01 5.370166393979888042e+00 2.337054921093458049e+01 7.541892153370902463e+01 1.131270102647213349e+01 4.784203778512900840e+01
5.502400000000000000e+04 9.392690498886975092e+01 5.370166393979888042e+00 2.142003947432026578e+01 7.396227601907771998e+01 1.018094207449878574e+01 4.508626217801651848e+01
5.502500000000000000e+04 8.958311984047945487e+01 5.370166393979888042e+00 1.964823424287592957e+01 7.245069363704502052e+01 9.172838121572022274e+00 4.250535041404809533e+01
5.502800000000000000e+04 7.660187622492051673e+01 5.370166393979888042e+00 1.515348825607202699e+01 6.761944697238587310e+01 6.716370971383953226e+00 3.565211684480627952e+01
5.502900000000000000e+04 7.744389889090798818e+01 5.370166393979888042e+00 1.392975077233700176e+01 6.562654052555194539e+01 6.071543353043900915e+00 3.347110793743316037e+01
5.503100000000000000e+04 7.363929032567210697e+01 5.370166393979888042e+00 1.186726140190285328e+01 6.117149344280331746e+01 5.006434182654020404e+00 2.928568905648892340e+01
5.503300000000000000e+04 5.964115434853817987e+01 5.370166393979888042e+00 1.025648772275635601e+01 5.649233210779232195e+01 4.192249869357422831e+00 2.548284694477374757e+01
5.503400000000000000e+04 7.104939132685102265e+01 5.370166393979888042e+00 9.627256185600199245e+00 5.348606045552553212e+01 3.874767751706000407e+00 2.344930616647468113e+01
5.503500000000000000e+04 5.898370532005854017e+01 5.370166393979888042e+00 9.075895772591938027e+00 5.005343848498158366e+01 3.597735703756966164e+00 2.134503123016181902e+01
5.503700000000000000e+04 5.469971184637991257e+01 5.370166393979888042e+00 8.174129031966890224e+00 4.356358638062256716e+01 3.145344712025503142e+00 1.761524668764219470e+01
5.503800000000000000e+04 5.494203735658388155e+01 5.370166393979888042e+00 7.813289409534730723e+00 4.065322821357722916e+01 2.963093496324381348e+00 1.602345493377440633e+01
5.503900000000000000e+04 5.175161823637211711e+01 5.370166393979888042e+00 7.495589937205277664e+00 3.778449645111511046e+01 2.802157021713587159e+00 1.452605309021069679e+01
5.504000000000000000e+04 4.357771838862899472e+01 5.370166393979888042e+00 7.198909263285900195e+00 3.499287499591681438e+01 2.653484246384680389e+00 1.312955022701605934e+01
5.504100000000000000e+04 3.834894678951292235e+01 5.370166393979888042e+00 6.914820687987858427e+00 3.234874801328749072e+01 2.513503025968822246e+00 1.185263194194796199e+01
5.504300000000000000e+04 3.786229454741734202e+01 5.370166393979888042e+00 6.380301451359274623e+00 2.747558153118925617e+01 2.256754227528354306e+00 9.615795872501312402e+00
5.504400000000000000e+04 3.195868645316674872e+01 5.370166393979888042e+00 6.102941366781922561e+00 2.528107868888488596e+01 2.129971270706062736e+00 8.653800763323966194e+00
5.504500000000000000e+04 2.591992704956923177e+01 5.370166393979888042e+00 5.815378606962976704e+00 2.327714058727230295e+01 2.002998789726357476e+00 7.796912403336219377e+00
5.504600000000000000e+04 2.255353748181138229e+01 5.370166393979888042e+00 5.537097485765142046e+00 2.140529461283200163e+01 1.882468299899572761e+00 7.019333690942685777e+00
5.504700000000000000e+04 2.040943893041276169e+01 5.370166393979888042e+00 5.267835404054299175e+00 1.968737278396577395e+01 1.768044749775525615e+00 6.323182351501767329e+00
5.504900000000000000e+04 1.062233686163761170e+01 5.370166393979888042e+00 4.739398546962573455e+00 1.672936588968423877e+01 1.551051834533994978e+00 5.160811850087315023e+00
5.505000000000000000e+04 1.453154436681838924e+01 5.370166393979888042e+00 4.450786105077371602e+00 1.546757730733733815e+01 1.438675292267899364e+00 4.679117401183376046e+00
5.505100000000000000e+04 1.953732310448479836e+01 5.370166393979888042e+00 4.149883275433469798e+00 1.433968576326376621e+01 1.325106192803267691e+00 4.255469055255916899e+00
5.505300000000000000e+04 9.683178916943939285e+00 5.370166393979888042e+00 3.556790924439448442e+00 1.246410293030768557e+01 1.108770342350714921e+00 3.563412388953809184e+00
5.505400000000000000e+04 9.341358611396302081e+00 5.370166393979888042e+00 3.265115143243975115e+00 1.173112674573241421e+01 1.005908494057323077e+00 3.293552588950100279e+00
5.505500000000000000e+04 2.286564242899478927e+01 5.370166393979888042e+00 2.987787578588728454e+00 1.108825104793107208e+01 9.098004280595362037e-01 3.058075348193420417e+00
5.505700000000000000e+04 1.218212110688792649e+01 5.370166393979888042e+00 2.476047369386571440e+00 1.003643854599933327e+01 7.368888778080757707e-01 2.673543005221677760e+00
5.505800000000000000e+04 1.185090566323617800e+01 5.370166393979888042e+00 2.234011499362997366e+00 9.616204083277793302e+00 6.574095826676078502e-01 2.518629471875724057e+00
5.505900000000000000e+04 1.722471690107102660e+00 5.370166393979888042e+00 2.003362882109839038e+00 9.246460030049222567e+00 5.830050588127172473e-01 2.381833468456548975e+00
5.506100000000000000e+04 1.460141410296937181e+01 5.370166393979888042e+00 1.582347509651527373e+00 8.567635954287796451e+00 4.505027589097987395e-01 2.136477572073498532e+00
5.506300000000000000e+04 8.320145421381008433e+00 5.370166393979888042e+00 1.225658721020167485e+00 7.938182713518914468e+00 3.415482990769190819e-01 1.918241093399101205e+00
5.506400000000000000e+04 1.305125842042140150e+01 5.370166393979888042e+00 1.075400269121985053e+00 7.608174855264954850e+00 2.965309531914898100e-01 1.810475580100153081e+00
5.506700000000000000e+04 1.391844369681374083e+01 5.370166393979888042e+00 7.107260883545861718e-01 6.604140303458827077e+00 1.899928740845295005e-01 1.502838037309196739e+00
5.506800000000000000e+04 -2.039471155753570741e+00 5.370166393979888042e+00 6.159596503828270730e-01 6.286929707800393174e+00 1.630009885761951050e-01 1.410102290207875919e+00
5.506900000000000000e+04 8.846541814330816322e+00 5.370166393979888042e+00 5.325334425216470269e-01 5.962487358895835143e+00 1.395185175518027509e-01 1.318394059353895864e+00
5.507000000000000000e+04 -4.532552410056565506e+00 5.370166393979888042e+00 4.593448377680443007e-01 5.608814612539308797e+00 1.191554736916271978e-01 1.222873998427714382e+00
5.507200000000000000e+04 9.355570205932664862e+00 5.370166393979888042e+00 3.404244420263769499e-01 4.867681379867019764e+00 8.659693020465177027e-02 1.032452882208663159e+00
5.507400000000000000e+04 1.072914145669741970e+01 5.370166393979888042e+00 2.508534453765946526e-01 4.140674957384020693e+00 6.259957145868536021e-02 8.550222199487245156e-01
5.507600000000000000e+04 9.191291960453713550e-01 5.370166393979888042e+00 1.820650798978689089e-01 3.469981379492666385e+00 4.458659039435906163e-02 6.980644381929893560e-01
5.507800000000000000e+04 8.764539927167353639e+00 5.370166393979888042e+00 1.316809802239180816e-01 2.849285714312614015e+00 3.165759871947924908e-02 5.587981452674666283e-01
5.508000000000000000e+04 4.397653463979391830e+00 5.370166393979888042e+00 9.500302435450404259e-02 2.282327449594552249e+00 2.242927217941729015e-02 4.366381267694606771e-01
5.508200000000000000e+04 7.040353441240410959e+00 5.370166393979888042e+00 6.834852292451820688e-02 1.789161349078489227e+00 1.585148843184322476e-02 3.341018188315121318e-01
5.508300000000000000e+04 -9.990157974701975974e+00 5.370166393979888042e+00 5.795878728523762985e-02 1.573276161448725841e+00 1.332425287277213925e-02 2.903160542153811474e-01
5.508400000000000000e+04 -4.597816922976688758e+00 5.370166393979888042e+00 4.909100065847990524e-02 1.382055382303966962e+00 1.118771474028273233e-02 2.520513102127663885e-01
5.508600000000000000e+04 1.486716632453856590e+01 5.370166393979888042e+00 3.531190312024489603e-02 1.054466384409377788e+00 7.910245647124551638e-03 1.879176194082168572e-01
5.508900000000000000e+04 7.352687773455016895e+00 5.370166393979888042e+00 2.178501482266350514e-02 6.882367388160154364e-01 4.758348966942117439e-03 1.185907399190323230e-01
5.509000000000000000e+04 -6.468908283644902113e+00 5.370166393979888042e+00 1.853828710503564042e-02 5.942737585301977044e-01 4.015798901434460173e-03 1.012821526378831216e-01
5.509200000000000000e+04 -3.498951199057461103e+00 5.370166393979888042e+00 1.342206750216476570e-02 4.413204333609671570e-01 2.860340487345981557e-03 7.360739067395399848e-02
5.509300000000000000e+04 7.309075996483527682e+00 5.370166393979888042e+00 1.142150410339199187e-02 3.794251211986371386e-01 2.414419350363810127e-03 6.261506768650819399e-02
5.509500000000000000e+04 -2.192371801025446931e+00 5.370166393979888042e+00 8.265459215766740586e-03 2.782030609291165635e-01 1.719580412830072277e-03 4.496038203067134059e-02
5.509600000000000000e+04 4.936427952295477262e+00 5.370166393979888042e+00 7.033820947480597975e-03 2.369338752406718318e-01 1.451847290194205504e-03 3.789860183520520065e-02
5.509700000000000000e+04 4.003759193491444712e+00 5.370166393979888042e+00 5.984535312889653451e-03 2.018601835009065371e-01 1.225634575374692737e-03 3.196098953721650954e-02
5.509800000000000000e+04 2.153795081377873455e+00 5.370166393979888042e+00 5.088946569912751114e-03 1.716758309589671572e-01 1.034155386379047173e-03 2.690895891155736103e-02
5.510000000000000000e+04 -2.405379568040187266e+00 5.370166393979888042e+00 3.684663324245385663e-03 1.240736503318335682e-01 7.373742460977353481e-04 1.906488135250469784e-02
5.510100000000000000e+04 9.339460935336846958e+00 5.370166393979888042e+00 3.133964198309602614e-03 1.053160017517046909e-01 6.224268341795411233e-04 1.602491851517653942e-02
5.510200000000000000e+04 1.172042585762066880e+00 5.370166393979888042e+00 2.667478540757457946e-03 8.941272692196607086e-02 5.258043306838589264e-04 1.347376516706674104e-02
5.510600000000000000e+04 -1.459078516368642331e-01 5.370166393979888042e+00 1.394345010204975279e-03 4.634145200496441602e-02 2.668395524086519138e-04 6.723708800055868025e-03
5.510900000000000000e+04 4.360696663791674865e+00 5.370166393979888042e+00 8.564122938757090043e-04 2.865347552955171614e-02 1.603886617199637324e-04 4.044596621900800083e-03
5.511100000000000000e+04 -8.088261764956033772e+00 5.370166393979888042e+00 6.191252338525074462e-04 2.078510497166796700e-02 1.143196079927424701e-04 2.881826458714869133e-03
5.511200000000000000e+04 -6.806084023825462737e+00 5.370166393979888042e+00 5.260516596244287904e-04 1.769133194563358297e-02 9.645587389153405797e-05 2.431289414244084020e-03
5.511400000000000000e+04 1.004955074032793760e+01 5.370166393979888042e+00 3.802840317042208390e-04 1.282913399785347124e-02 6.876820444588222371e-05 1.732586296944574550e-03
5.511500000000000000e+04 -1.526337147852010645e+01 5.370166393979888042e+00 3.231705315566643644e-04 1.091651849656436433e-02 5.804061642466235168e-05 1.461643350905561436e-03
5.511700000000000000e+04 -2.375601291192953823e+00 5.370166393979888042e+00 2.336523292770551310e-04 7.914216835020467661e-03 4.139733072045060849e-05 1.041789389068488794e-03
5.511800000000000000e+04 5.041806620658819682e-01 5.370166393979888042e+00 1.985597136700825922e-04 6.734088338698659450e-03 3.494412016400036890e-05 8.790320784221899346e-04
5.511900000000000000e+04 1.432670032793408765e+00 5.370166393979888042e+00 1.689143360211027502e-04 5.734909347923974193e-03 2.952906681710418518e-05 7.423979393072841892e-04
5.512000000000000000e+04 1.126280070199873196e+00 5.370166393979888042e+00 1.448978275925776168e-04 4.881828862703402154e-03 2.516312410348764490e-05 6.267681091830750026e-04
