5.497500000000000000e+04 -2.569344317565122271e+00 8.667009838641382302e+00 9.676860811788584593e-01 1.550059251352647235e-18 9.676860811788584593e-01 1.550059251352647235e-18
5.497600000000000000e+04 -6.914972141358417090e+00 8.667009838641382302e+00 2.014654457448330049e+00 1.550059221086075950e-18 2.014654457448330049e+00 1.550059221086075950e-18
5.497900000000000000e+04 -1.674972592503823243e+00 8.667009838641382302e+00 7.421511495175619366e+00 1.550059094973972802e-18 7.421511495175619366e+00 1.550059094973972802e-18
5.498000000000000000e+04 1.473170449555475159e+01 8.667009838641382302e+00 1.010928248076253944e+01 1.550059037574012029e-18 1.010928248076253944e+01 1.550059037574012029e-18
5.498100000000000000e+04 3.058175080460943462e+01 8.667009838641382302e+00 1.326427468792255127e+01 1.550058970214539617e-18 1.326427468792255127e+01 1.550058970214539617e-18
5.498200000000000000e+04 1.452341386573977111e+01 8.667009838641382302e+00 1.681188057541250913e+01 1.550058891167473899e-18 1.681188057541250913e+01 1.550058891167473899e-18
5.498400000000000000e+04 2.609326936503969918e+01 8.667009838641382302e+00 2.504964300095078400e+01 1.550058689547010832e-18 2.504964300095078400e+01 1.550058689547010832e-18
5.498500000000000000e+04 3.373021517672718517e+01 8.667009838641382302e+00 2.982457128805857849e+01 1.550058561801121860e-18 2.982457128805857849e+01 1.550058561801121860e-18
5.498700000000000000e+04 3.669810410510474696e+01 8.667009838641382302e+00 4.097582893337165899e+01 1.550058235967616748e-18 4.097582893337165899e+01 1.550058235967616748e-18
5.499000000000000000e+04 5.121654321152517753e+01 8.667009838641382302e+00 6.053040193995693841e+01 1.550057502950129748e-18 6.053040193995693841e+01 1.550057502950129748e-18
5.499200000000000000e+04 8.548939371528643960e+01 8.667009838641382302e+00 7.440742163840896239e+01 1.550056777795506162e-18 7.440742163840896239e+01 1.550056777795506162e-18
5.499300000000000000e+04 8.737858142607846901e+01 8.667009838641382302e+00 8.115791156796579742e+01 5.023439304780431998e-03 8.115791156796579742e+01 5.023439304780431998e-03
5.499400000000000000e+04 8.857978048292096673e+01 8.667009838641382302e+00 8.659722275531558466e+01 2.635029007712635374e-01 8.659722275531558466e+01 2.635029007712635374e-01
5.499600000000000000e+04 8.929729762961726180e+01 8.667009838641382302e+00 9.298895886639343189e+01 1.712456288831080142e+00 9.298895886639343189e+01 1.712456288831080142e+00
5.499700000000000000e+04 9.168409949164941963e+01 8.667009838641382302e+00 9.606473158293525216e+01 2.925571079348777026e+00 9.534931745081652821e+01 2.925571079348777026e+00
5.499800000000000000e+04 1.034661081865219785e+02 8.667009838641382302e+00 9.871624740857129154e+01 4.445593075166165420e+00 9.725679520493949326e+01 4.445593075166165420e+00
5.500000000000000000e+04 1.088113339358526162e+02 8.667009838641382302e+00 1.024102545366229435e+02 8.592890108648159497e+00 9.942624000542298290e+01 8.592890108648159497e+00
5.500200000000000000e+04 1.215643534223095799e+02 8.667009838641382302e+00 1.038511799846488799e+02 1.429009848910063241e+01 9.937735874946248771e+01 1.429009848910063241e+01
5.500300000000000000e+04 1.224384262680485591e+02 8.667009838641382302e+00 1.034513925487257353e+02 1.760982062251375879e+01 9.828909195663038645e+01 1.760982062251375879e+01
5.500400000000000000e+04 1.250144360757526414e+02 8.667009838641382302e+00 1.023328636820576065e+02 2.129219655080816054e+01 9.653818898204983157e+01 2.129219655080816054e+01
5.500500000000000000e+04 1.293058227835508092e+02 8.667009838641382302e+00 1.007485684188559958e+02 2.535088559484978887e+01 9.437559456880096320e+01 2.535088559484978887e+01
5.500900000000000000e+04 1.340118509690966562e+02 8.667009838641382302e+00 9.060339778507848507e+01 4.587529006572047052e+01 8.255133116561614770e+01 4.587529006572047052e+01
5.501200000000000000e+04 1.418340685893110447e+02 8.667009838641382302e+00 8.000078393039453317e+01 6.324630839264761306e+01 7.142612246008147281e+01 6.324630839264761306e+01
5.501300000000000000e+04 1.308397622369342628e+02 8.667009838641382302e+00 7.628475782275519634e+01 6.898422483277093420e+01 6.765517379857884350e+01 6.898422483277093420e+01
5.501400000000000000e+04 1.510398088166058130e+02 8.667009838641382302e+00 7.221096855473854248e+01 7.360763934201824554e+01 6.361888512242121152e+01 7.360763934201824554e+01
5.501600000000000000e+04 1.539431893021616702e+02 8.667009838641382302e+00 6.375642971111363266e+01 8.888015071661942557e+01 5.543739832797152900e+01 7.904061503643441711e+01
5.501700000000000000e+04 1.550674397939766607e+02 8.667009838641382302e+00 6.032106610378855294e+01 9.618086190399289137e+01 5.211031447560955598e+01 8.104691983319403903e+01
5.501800000000000000e+04 1.498251693003775245e+02 8.667009838641382302e+00 5.734846189488711588e+01 1.032505411355859053e+02 4.922327896239417555e+01 8.266827592419855364e+01
5.501900000000000000e+04 1.572160954018852692e+02 8.667009838641382302e+00 5.459881233286164104e+01 1.099035537314965865e+02 4.656333247267679099e+01 8.381792962524767177e+01
5.502000000000000000e+04 1.702355567783248205e+02 8.667009838641382302e+00 5.181018370119247152e+01 1.160743748570953358e+02 4.390417961541074021e+01 8.451230400460953263e+01
5.502100000000000000e+04 1.812896620040147013e+02 8.667009838641382302e+00 4.889613131021899761e+01 1.217031668909508255e+02 4.117301454915962466e+01 8.476893537712527404e+01
5.502200000000000000e+04 1.800999953136253566e+02 8.667009838641382302e+00 4.600037124637555053e+01 1.265328267846406476e+02 3.849145005216814042e+01 8.447075493704311100e+01
5.502500000000000000e+04 1.705449112994786844e+02 8.667009838641382302e+00 3.819650489921012593e+01 1.351436918736175130e+02 3.137059333747742329e+01 8.021925538348081375e+01
5.502900000000000000e+04 1.619923646866789966e+02 8.667009838641382302e+00 2.952034678993046413e+01 1.356817938881972907e+02 2.366167303078713857e+01 7.016863149077371986e+01
5.503100000000000000e+04 1.678405812489354787e+02 8.667009838641382302e+00 2.586853668334128997e+01 1.313847172047601077e+02 2.048817721261307412e+01 6.383662120465699985e+01
5.503200000000000000e+04 1.423878935212803754e+02 8.667009838641382302e+00 2.422393601392601425e+01 1.287331713230734067e+02 1.907229695642826428e+01 6.071220409106924620e+01
5.503300000000000000e+04 1.510373104056217244e+02 8.667009838641382302e+00 2.289114245592259422e+01 1.255161247835729199e+02 1.791710107470335345e+01 5.750689772879200490e+01
5.503400000000000000e+04 1.377289848529883898e+02 8.667009838641382302e+00 2.173843156391141918e+01 1.213937530495851433e+02 1.691552365168480421e+01 5.407605235405802091e+01
5.503500000000000000e+04 1.276222717169791423e+02 8.667009838641382302e+00 2.064152521888876990e+01 1.163960396014880274e+02 1.596874529619285887e+01 5.045091848566411841e+01
5.503600000000000000e+04 1.379284042202761782e+02 8.667009838641382302e+00 1.966264929683240581e+01 1.116483831407488339e+02 1.512367877641758973e+01 4.712178857877579219e+01
5.503700000000000000e+04 1.131041727386576952e+02 8.667009838641382302e+00 1.876167685138464591e+01 1.077047894906653767e+02 1.434788638676704053e+01 4.429376730426811548e+01
5.503900000000000000e+04 1.333383762041542866e+02 8.667009838641382302e+00 1.695840787735298960e+01 1.011670008153138838e+02 1.282170619571031622e+01 3.957883260177526807e+01
5.504000000000000000e+04 9.848671253601668241e+01 8.667009838641382302e+00 1.610745065887320848e+01 9.771236407091386411e+01 1.210962883225882791e+01 3.731855267309912705e+01
5.504200000000000000e+04 1.075533600141857562e+02 8.667009838641382302e+00 1.454829170773270874e+01 8.973882419892895257e+01 1.081543224929825442e+01 3.271773254434290834e+01
5.504400000000000000e+04 9.838992676954048022e+01 8.667009838641382302e+00 1.311643476537931363e+01 8.184146219548198076e+01 9.643386980885679804e+00 2.854297894679026371e+01
5.504500000000000000e+04 7.668227235996218383e+01 8.667009838641382302e+00 1.241904107980830041e+01 7.811645815828045158e+01 9.080561577061848411e+00 2.666500433685580873e+01
5.504600000000000000e+04 8.702327552585583703e+01 8.667009838641382302e+00 1.171801190636218237e+01 7.447020727768948234e+01 8.521234229400151960e+00 2.489149440869678642e+01
5.504700000000000000e+04 9.930238308741191133e+01 8.667009838641382302e+00 1.100601680956732409e+01 7.088695475896278708e+01 7.960046289989414880e+00 2.321090328009672277e+01
5.504800000000000000e+04 8.393096566629223787e+01 8.667009838641382302e+00 1.029974687847274595e+01 6.736912241763566556e+01 7.409034476823465276e+00 2.161844031349393802e+01
5.505000000000000000e+04 6.103783554056979455e+01 8.667009838641382302e+00 8.835961595590466899e+00 6.065986932290861944e+01 6.288194800073795498e+00 1.871774791379593239e+01
5.505200000000000000e+04 6.604371832932422137e+01 8.667009838641382302e+00 7.339127072493511150e+00 5.455566472783013410e+01 5.167770414954748759e+00 1.621145241296402517e+01
5.505400000000000000e+04 6.133648079996039115e+01 8.667009838641382302e+00 5.966509284548793701e+00 5.017618672547687453e+01 4.157327640826142812e+00 1.437819510393208411e+01
5.505600000000000000e+04 6.892607966855820223e+01 8.667009838641382302e+00 4.808118459862424032e+00 4.646136961238198637e+01 3.315520380235053022e+00 1.285512695995495314e+01
5.505800000000000000e+04 4.034375480611723219e+01 8.667009838641382302e+00 3.853200398642461000e+00 4.317611645249915853e+01 2.629827455937498115e+00 1.154838137434221323e+01
5.506000000000000000e+04 5.085192457594057203e+01 8.667009838641382302e+00 3.049041915716264928e+00 3.976466055889582663e+01 2.059888564189253035e+00 1.029318450742000302e+01
5.506100000000000000e+04 3.985832663477031446e+01 8.667009838641382302e+00 2.701603473554436530e+00 3.819273008590018748e+01 1.815959130283463896e+00 9.729525124930155755e+00
5.506200000000000000e+04 3.447048067772899316e+01 8.667009838641382302e+00 2.387560290210497538e+00 3.665930251024317243e+01 1.596812745279095003e+00 9.193117411903516611e+00
5.506400000000000000e+04 4.259554700284884632e+01 8.667009838641382302e+00 1.845351910635945059e+00 3.370701783438006061e+01 1.221917543613490142e+00 8.196878933752826057e+00
5.506500000000000000e+04 2.546544587105115909e+01 8.667009838641382302e+00 1.613384924850726376e+00 3.222017112686732077e+01 1.063036946060080368e+00 7.718477340502571948e+00
5.506700000000000000e+04 4.041635407329317786e+01 8.667009838641382302e+00 1.224695440475507491e+00 2.908657881363854969e+01 7.990344961129509649e-01 6.766039346491002249e+00
5.506800000000000000e+04 4.216599059953857420e+01 8.667009838641382302e+00 1.062488992133772570e+00 2.746513208073748658e+01 6.898283870746817481e-01 6.297679305299944907e+00
5.506900000000000000e+04 1.921854927138553393e+01 8.667009838641382302e+00 9.179369746287638909e-01 2.579429442484755697e+01 5.930877954916861095e-01 5.831334425125919374e+00
5.507100000000000000e+04 2.496055730509385739e+01 8.667009838641382302e+00 6.790828023028244731e-01 2.209639504428972856e+01 4.345486239456022304e-01 4.858612330976595395e+00
5.507300000000000000e+04 2.943306321205285059e+01 8.667009838641382302e+00 4.984878732662672562e-01 1.846845349044368945e+01 3.159510589642119949e-01 3.952695855619067888e+00
5.507400000000000000e+04 2.513696122989743031e+01 8.667009838641382302e+00 4.263031620835179281e-01 1.673083516891574618e+01 2.689201451984696289e-01 3.533728494702221390e+00
5.507500000000000000e+04 1.060184049380217530e+01 8.667009838641382302e+00 3.632946641458391079e-01 1.512663020790366630e+01 2.280935985444418612e-01 3.153446761038001700e+00
5.507800000000000000e+04 1.674607048072257598e+01 8.667009838641382302e+00 2.230740614311390313e-01 1.114007713301812608e+01 1.381047141620609098e-01 2.235353337546873043e+00
5.508000000000000000e+04 -6.735559429158460176e+00 8.667009838641382302e+00 1.605766215111923967e-01 8.943753333392772120e+00 9.849760017656127020e-02 1.750905279560864836e+00
5.508100000000000000e+04 1.224150411318261256e+01 8.667009838641382302e+00 1.362411561146244232e-01 7.980722190760347168e+00 8.318738014801362046e-02 1.543565260740944023e+00
5.508200000000000000e+04 1.076947535437026104e+01 8.667009838641382302e+00 1.154532304981668450e-01 7.102106883605310728e+00 7.017301316464903682e-02 1.357290833487230675e+00
5.508400000000000000e+04 1.431892103012808981e+01 8.667009838641382302e+00 8.278851635640031847e-02 5.563990229382167918e+00 4.986444254227592049e-02 1.038629912071466377e+00
5.508500000000000000e+04 7.899785423462074796e+00 8.667009838641382302e+00 7.009261296642893546e-02 4.896771005483532058e+00 4.202762805578161287e-02 9.035814041510683570e-01
5.508800000000000000e+04 1.623570587911054908e+00 8.667009838641382302e+00 4.290725205652587415e-02 3.287114209469853332e+00 2.538464199561750803e-02 5.863541290134794970e-01
5.508900000000000000e+04 3.797662642760028184e+00 8.667009838641382302e+00 3.642870457610083296e-02 2.857512301045336045e+00 2.145658115601357940e-02 5.041246261679331875e-01
5.509000000000000000e+04 -3.508691433473559051e+00 8.667009838641382302e+00 3.093116210172143152e-02 2.474962722868059739e+00 1.813835800367798873e-02 4.318922875128805017e-01
5.509100000000000000e+04 9.633485548000722432e+00 8.667009838641382302e+00 2.627213619461567923e-02 2.139647819416472529e+00 1.533876746194622574e-02 3.693663303537618181e-01
5.509300000000000000e+04 7.688735306444534068e+00 8.667009838641382302e+00 1.892394199741589608e-02 1.589124458207457069e+00 1.095262713745783802e-02 2.685584001195801540e-01
5.509500000000000000e+04 1.268151585468105580e+01 8.667009838641382302e+00 1.364617477734503259e-02 1.171367345600373255e+00 7.830004347216196550e-03 1.938795587627756278e-01
5.509600000000000000e+04 1.893829783211071982e+00 8.667009838641382302e+00 1.158149077443594750e-02 1.001350112028565276e+00 6.616827885050855125e-03 1.640489778732280302e-01
5.509700000000000000e+04 -4.904347406716661695e+00 8.667009838641382302e+00 9.831062985895037271e-03 8.556354225015521120e-01 5.592785077591702451e-03 1.387618763608040040e-01
5.509800000000000000e+04 3.185745789197971245e+00 8.667009838641382302e+00 8.351483223032576605e-03 7.311524443849275467e-01 4.730874821351913062e-03 1.173890070377517636e-01
5.509900000000000000e+04 -2.052460100089412709e+00 8.667009838641382302e+00 7.088532349930954692e-03 6.238809149693833600e-01 3.998454947828823484e-03 9.917510118528233276e-02
5.510100000000000000e+04 -4.623878210139722889e+00 8.667009838641382302e+00 5.108016279113577682e-03 4.536132912075123147e-01 2.857113554350843541e-03 7.070927312581157254e-02
5.510400000000000000e+04 6.143836390106034884e+00 8.667009838641382302e+00 3.126254561293909107e-03 2.798208496441284554e-01 1.726894476100850886e-03 4.238477616093452860e-02
5.510700000000000000e+04 -2.792483180214647476e+01 8.667009838641382302e+00 1.901630330318561423e-03 1.731897712399885492e-01 1.037530654529236849e-03 2.551166821723855130e-02
5.510800000000000000e+04 -1.008484104055219710e+00 8.667009838641382302e+00 1.611756709780074771e-03 1.478213450680686547e-01 8.757902202812570909e-04 2.157694569627488165e-02
5.510900000000000000e+04 -8.078401941128621644e+00 8.667009838641382302e+00 1.365132081902762588e-03 1.260824329834311919e-01 7.387683124515371895e-04 1.823809398261154111e-02
5.511000000000000000e+04 -5.351548950272676519e-01 8.667009838641382302e+00 1.156067567558664768e-03 1.075436491667136063e-01 6.230988444615148105e-04 1.541760430312628938e-02
5.511100000000000000e+04 2.093746693678664172e+01 8.667009838641382302e+00 9.795992495309519422e-04 9.175620073721368897e-02 5.258591276927242816e-04 1.303795234265428885e-02
5.511400000000000000e+04 -1.763537671839199206e+01 8.667009838641382302e+00 5.958729655751458841e-04 5.684349467459059307e-02 3.160519228810185948e-04 7.868315024040898470e-03
