5.497500000000000000e+04 -2.645404415972150591e+00 8.853384720083123938e+00 9.676860811788584593e-01 1.550059251352647235e-18 9.676860811788584593e-01 1.550059251352647235e-18
5.497600000000000000e+04 -7.106994318517099174e+00 8.853384720083123938e+00 2.014654457448330049e+00 1.550059221086075950e-18 2.014654457448330049e+00 1.550059221086075950e-18
5.497900000000000000e+04 -1.870582863513242877e+00 8.853384720083123938e+00 7.421511495175619366e+00 1.550059094973972802e-18 7.421511495175619366e+00 1.550059094973972802e-18
5.498000000000000000e+04 1.483110479289139860e+01 8.853384720083123938e+00 1.010928248076253944e+01 1.550059037574012029e-18 1.010928248076253944e+01 1.550059037574012029e-18
5.498100000000000000e+04 3.095414481571669185e+01 8.853384720083123938e+00 1.326427468792255127e+01 1.550058970214539617e-18 1.326427468792255127e+01 1.550058970214539617e-18
5.498200000000000000e+04 1.447420280914248281e+01 8.853384720083123938e+00 1.681188057541250913e+01 1.550058891167473899e-18 1.681188057541250913e+01 1.550058891167473899e-18
5.498400000000000000e+04 2.611571144639160380e+01 8.853384720083123938e+00 2.504964300095078400e+01 1.550058689547010832e-18 2.504964300095078400e+01 1.550058689547010832e-18
5.498500000000000000e+04 3.381420191843582757e+01 8.853384720083123938e+00 2.982457128805857849e+01 1.550058561801121860e-18 2.982457128805857849e+01 1.550058561801121860e-18
5.498700000000000000e+04 3.660611615625598603e+01 8.853384720083123938e+00 4.097582893337165899e+01 1.550058235967616748e-18 4.097582893337165899e+01 1.550058235967616748e-18
5.499000000000000000e+04 5.101625852873443279e+01 8.853384720083123938e+00 6.053040193995693841e+01 1.550057502950129748e-18 6.053040193995693841e+01 1.550057502950129748e-18
5.499200000000000000e+04 8.572769980590148009e+01 8.853384720083123938e+00 7.440742163840896239e+01 1.550056777795506162e-18 7.440742163840896239e+01 1.550056777795506162e-18
5.499300000000000000e+04 8.751224232942996650e+01 8.853384720083123938e+00 8.115791156796579742e+01 5.023439304780431998e-03 8.115791156796579742e+01 5.023439304780431998e-03
5.499400000000000000e+04 8.861674693911611200e+01 8.853384720083123938e+00 8.659722275531558466e+01 2.635029007712635374e-01 8.659722275531558466e+01 2.635029007712635374e-01
5.499600000000000000e+04 8.918108779694327382e+01 8.853384720083123938e+00 9.298895886639343189e+01 1.712456288831080142e+00 9.298895886639343189e+01 1.712456288831080142e+00
5.499700000000000000e+04 9.412892179437534423e+01 8.853384720083123938e+00 9.866666605872521245e+01 2.925571079348777026e+00 9.534931745081652821e+01 2.925571079348777026e+00
5.499800000000000000e+04 1.087806242916878006e+02 8.853384720083123938e+00 1.040242205585439308e+02 4.445593075166165420e+00 9.725679520493949326e+01 4.445593075166165420e+00
5.500000000000000000e+04 1.196169507529855025e+02 8.853384720083123938e+00 1.132630039252788663e+02 8.592890108648159497e+00 9.942624000542298290e+01 8.592890108648159497e+00
5.500200000000000000e+04 1.379090837518579633e+02 8.853384720083123938e+00 1.201223007072414930e+02 1.429009848910063241e+01 9.937735874946248771e+01 1.429009848910063241e+01
5.500300000000000000e+04 1.412431362063623510e+02 8.853384720083123938e+00 1.222264869757597836e+02 1.760982062251375879e+01 9.828909195663038645e+01 1.760982062251375879e+01
5.500400000000000000e+04 1.461193285705887774e+02 8.853384720083123938e+00 1.234078791186213948e+02 2.129219655080816054e+01 9.653818898204983157e+01 2.129219655080816054e+01
5.500500000000000000e+04 1.525530401974837673e+02 8.853384720083123938e+00 1.239268362630452742e+02 2.535088559484978887e+01 9.437559456880096320e+01 2.535088559484978887e+01
5.500900000000000000e+04 1.632438697782674524e+02 8.853384720083123938e+00 1.198884633127742347e+02 4.587529006572047052e+01 8.255133116561614770e+01 4.587529006572047052e+01
5.501200000000000000e+04 1.729894064880085125e+02 8.853384720083123938e+00 1.111865074102499023e+02 6.324630839264761306e+01 7.142612246008147281e+01 6.324630839264761306e+01
5.501300000000000000e+04 1.619149518671036390e+02 8.853384720083123938e+00 1.076702325794998245e+02 6.898422483277093420e+01 6.765517379857884350e+01 6.898422483277093420e+01
5.501400000000000000e+04 1.824011717260082435e+02 8.853384720083123938e+00 1.034600550596442616e+02 7.360763934201824554e+01 6.361888512242121152e+01 7.360763934201824554e+01
5.501600000000000000e+04 1.778508982655572765e+02 8.853384720083123938e+00 9.401243611242946940e+01 8.250375603655959367e+01 5.543739832797152900e+01 7.904061503643441711e+01
5.501700000000000000e+04 1.750914175187603803e+02 8.853384720083123938e+00 9.018326308085636356e+01 8.637348980381254648e+01 5.211031447560955598e+01 8.104691983319403903e+01
5.501800000000000000e+04 1.658063827771103149e+02 8.853384720083123938e+00 8.689944872197568770e+01 8.991244768654591724e+01 4.922327896239417555e+01 8.266827592419855364e+01
5.501900000000000000e+04 1.693796718928015537e+02 8.853384720083123938e+00 8.382355243662713917e+01 9.299907366420150368e+01 4.656333247267679099e+01 8.381792962524767177e+01
5.502000000000000000e+04 1.785865274714242048e+02 8.853384720083123938e+00 8.056402524973745471e+01 9.562094827104751005e+01 4.390417961541074021e+01 8.451230400460953263e+01
5.502100000000000000e+04 1.856734424113423927e+02 8.853384720083123938e+00 7.698481849010370581e+01 9.776837514959625253e+01 4.117301454915962466e+01 8.476893537712527404e+01
5.502200000000000000e+04 1.803145491924633461e+02 8.853384720083123938e+00 7.331003715042525926e+01 9.927499878555840951e+01 3.849145005216814042e+01 8.447075493704311100e+01
5.502500000000000000e+04 1.597172558011001229e+02 8.853384720083123938e+00 6.302209028227617438e+01 9.955056065033532775e+01 3.137059333747742329e+01 8.021925538348081375e+01
5.502900000000000000e+04 1.407760897064393362e+02 8.853384720083123938e+00 5.082812441402572290e+01 9.322676412230356391e+01 2.366167303078713857e+01 7.016863149077371986e+01
5.503100000000000000e+04 1.438626725409338292e+02 8.853384720083123938e+00 4.543670310685198643e+01 8.761097279417728600e+01 2.048817721261307412e+01 6.383662120465699985e+01
5.503200000000000000e+04 1.168167495611924380e+02 8.853384720083123938e+00 4.296025483786691268e+01 8.465298830548198339e+01 1.907229695642826428e+01 6.071220409106924620e+01
5.503300000000000000e+04 1.251116944771474522e+02 8.853384720083123938e+00 4.098154516501025313e+01 8.144354984892591176e+01 1.791710107470335345e+01 5.750689772879200490e+01
5.503400000000000000e+04 1.115290912241048318e+02 8.853384720083123938e+00 3.927916749153214937e+01 7.776931359018691126e+01 1.691552365168480421e+01 5.407605235405802091e+01
5.503500000000000000e+04 1.016795763300294908e+02 8.853384720083123938e+00 3.763625125628811929e+01 7.366108409889920949e+01 1.596874529619285887e+01 5.045091848566411841e+01
5.503600000000000000e+04 1.127630738894142581e+02 8.853384720083123938e+00 3.617071553629217817e+01 6.983268698793943940e+01 1.512367877641758973e+01 4.712178857877579219e+01
5.503700000000000000e+04 8.777685912352012565e+01 8.853384720083123938e+00 3.481446790373638578e+01 6.661202681683792548e+01 1.434788638676704053e+01 4.429376730426811548e+01
5.503900000000000000e+04 1.087990607578840354e+02 8.853384720083123938e+00 3.200343737606871031e+01 6.125551709131218558e+01 1.282170619571031622e+01 3.957883260177526807e+01
5.504000000000000000e+04 7.355942412049991219e+01 8.853384720083123938e+00 3.064737931240340529e+01 5.857486915018581186e+01 1.210962883225882791e+01 3.731855267309912705e+01
5.504200000000000000e+04 8.424802376148637961e+01 8.853384720083123938e+00 2.812456212528064370e+01 5.278698040311779494e+01 1.081543224929825442e+01 3.271773254434290834e+01
5.504400000000000000e+04 7.655562254261630528e+01 8.853384720083123938e+00 2.574777982949978039e+01 4.730201073268426626e+01 9.643386980885679804e+00 2.854297894679026371e+01
5.504500000000000000e+04 5.518379271950840348e+01 8.853384720083123938e+00 2.456096632971727090e+01 4.477395226250348514e+01 9.080561577061848411e+00 2.666500433685580873e+01
5.504600000000000000e+04 6.653889525284611750e+01 8.853384720083123938e+00 2.334457290885413983e+01 4.234130899860775088e+01 8.521234229400151960e+00 2.489149440869678642e+01
5.504700000000000000e+04 7.985893399953540950e+01 8.853384720083123938e+00 2.208409781372384373e+01 3.999105368221761125e+01 7.960046289989414880e+00 2.321090328009672277e+01
5.504800000000000000e+04 6.493085022164308384e+01 8.853384720083123938e+00 2.081315990704932517e+01 3.772093418397370357e+01 7.409034476823465276e+00 2.161844031349393802e+01
5.505000000000000000e+04 4.294199242650338988e+01 8.853384720083123938e+00 1.810209426464372129e+01 3.347977378628046097e+01 6.288194800073795498e+00 1.871774791379593239e+01
5.505200000000000000e+04 4.918156654701566310e+01 8.853384720083123938e+00 1.523627012969627081e+01 2.970715161069491472e+01 5.167770414954748759e+00 1.621145241296402517e+01
5.505400000000000000e+04 4.482962878708021037e+01 8.853384720083123938e+00 1.254643534475566646e+01 2.697772180277505427e+01 4.157327640826142812e+00 1.437819510393208411e+01
5.505600000000000000e+04 5.295616152715638236e+01 8.853384720083123938e+00 1.023664192273948004e+01 2.468324167721232243e+01 3.315520380235053022e+00 1.285512695995495314e+01
5.505800000000000000e+04 2.415337104977140470e+01 8.853384720083123938e+00 8.302562094847242946e+00 2.268013694191823149e+01 2.629827455937498115e+00 1.154838137434221323e+01
5.506000000000000000e+04 3.552365047352593308e+01 8.853384720083123938e+00 6.646555707565972249e+00 2.066601919855391500e+01 2.059888564189253035e+00 1.029318450742000302e+01
5.506100000000000000e+04 2.461186058697661494e+01 8.853384720083123938e+00 5.922658868728916559e+00 1.974748687629687183e+01 1.815959130283463896e+00 9.729525124930155755e+00
5.506200000000000000e+04 1.944885341989117933e+01 8.853384720083123938e+00 5.263479574485735668e+00 1.886016622627384365e+01 1.596812745279095003e+00 9.193117411903516611e+00
5.506400000000000000e+04 2.848286689893369328e+01 8.853384720083123938e+00 4.112759416473150686e+00 1.717547414567537345e+01 1.221917543613490142e+00 8.196878933752826057e+00
5.506500000000000000e+04 1.140906078856582440e+01 8.853384720083123938e+00 3.614979966670582634e+00 1.634213836293777433e+01 1.063036946060080368e+00 7.718477340502571948e+00
5.506700000000000000e+04 2.771720457004649774e+01 8.853384720083123938e+00 2.772808395491108246e+00 1.462201729972479214e+01 7.990344961129509649e-01 6.766039346491002249e+00
5.506800000000000000e+04 3.009730468845209828e+01 8.853384720083123938e+00 2.417841692814102661e+00 1.374781475452194890e+01 6.898283870746817481e-01 6.297679305299944907e+00
5.506900000000000000e+04 7.302109858094770978e+00 8.853384720083123938e+00 2.099401305121688210e+00 1.285753439085385708e+01 5.930877954916861095e-01 5.831334425125919374e+00
5.507100000000000000e+04 1.472616566407775451e+01 8.853384720083123938e+00 1.568444474950121625e+00 1.092565390753614452e+01 4.345486239456022304e-01 4.858612330976595395e+00
5.507300000000000000e+04 2.091524067954278010e+01 8.853384720083123938e+00 1.162367448620484023e+00 9.061688499883345571e+00 3.159510589642119949e-01 3.952695855619067888e+00
5.507400000000000000e+04 1.732872619930432023e+01 8.853384720083123938e+00 9.986993157970150969e-01 8.178606331624200365e+00 2.689201451984696289e-01 3.533728494702221390e+00
5.507500000000000000e+04 3.229368762940472593e+00 8.853384720083123938e+00 8.550158895988382302e-01 7.367550337120651882e+00 2.280935985444418612e-01 3.153446761038001700e+00
5.507800000000000000e+04 1.140025391135571198e+01 8.853384720083123938e+00 5.321044036051639781e-01 5.369476234523538949e+00 1.381047141620609098e-01 2.235353337546873043e+00
5.508000000000000000e+04 -1.151164049668202694e+01 8.853384720083123938e+00 3.863557032795555957e-01 4.282513255032675659e+00 9.849760017656127020e-02 1.750905279560864836e+00
5.508100000000000000e+04 8.351629215639141179e+00 8.853384720083123938e+00 3.291957575977443873e-01 3.809198804149255491e+00 8.318738014801362046e-02 1.543565260740944023e+00
5.508200000000000000e+04 7.287677923758931975e+00 8.853384720083123938e+00 2.801356895969611682e-01 3.379246812711544479e+00 7.017301316464903682e-02 1.357290833487230675e+00
5.508400000000000000e+04 1.169254369467904908e+01 8.853384720083123938e+00 2.025321430118025567e-01 2.631384018017599136e+00 4.986444254227592049e-02 1.038629912071466377e+00
5.508500000000000000e+04 5.477186831896404762e+00 8.853384720083123938e+00 1.721639147804940595e-01 2.309031730175793662e+00 4.202762805578161287e-02 9.035814041510683570e-01
5.508800000000000000e+04 -9.959137114315574912e-02 8.853384720083123938e+00 1.066363303293813569e-01 1.536918593652319087e+00 2.538464199561750803e-02 5.863541290134794970e-01
5.508900000000000000e+04 2.346464236177886242e+00 8.853384720083123938e+00 9.088175820412469630e-02 1.332427262690709879e+00 2.145658115601357940e-02 5.041246261679331875e-01
5.509000000000000000e+04 -4.915489402653936857e+00 8.853384720083123938e+00 7.745811275916554550e-02 1.150975100035296572e+00 1.813835800367798873e-02 4.318922875128805017e-01
5.509100000000000000e+04 8.686621929278167897e+00 8.853384720083123938e+00 6.603638988332455328e-02 9.924378456979123797e-01 1.533876746194622574e-02 3.693663303537618181e-01
5.509300000000000000e+04 6.992708213059166233e+00 8.853384720083123938e+00 4.791531639209946347e-02 7.333472486775044485e-01 1.095262713745783802e-02 2.685584001195801540e-01
5.509500000000000000e+04 1.231643977971886983e+01 8.853384720083123938e+00 3.479936938143322889e-02 5.379179505881147572e-01 7.830004347216196550e-03 1.938795587627756278e-01
5.509600000000000000e+04 1.388225767163956625e+00 8.853384720083123938e+00 2.963778425903580704e-02 4.587470186541656725e-01 6.616827885050855125e-03 1.640489778732280302e-01
5.509700000000000000e+04 -5.477568114411967670e+00 8.853384720083123938e+00 2.524552142681839306e-02 3.910740026885442533e-01 5.592785077591702451e-03 1.387618763608040040e-01
5.509800000000000000e+04 2.853775517343883017e+00 8.853384720083123938e+00 2.151950074005902491e-02 3.334103106176778408e-01 4.730874821351913062e-03 1.173890070377517636e-01
5.509900000000000000e+04 -2.438955313272551439e+00 8.853384720083123938e+00 1.832702843831221159e-02 2.838515204577003459e-01 3.998454947828823484e-03 9.917510118528233276e-02
5.510100000000000000e+04 -4.973124107465964450e+00 8.853384720083123938e+00 1.329446541154104267e-02 2.054768726581580052e-01 2.857113554350843541e-03 7.070927312581157254e-02
5.510400000000000000e+04 6.121090398649328357e+00 8.853384720083123938e+00 8.215674921114156370e-03 1.259532114728049434e-01 1.726894476100850886e-03 4.238477616093452860e-02
5.510700000000000000e+04 -2.862164928485285742e+01 8.853384720083123938e+00 5.044328574616090653e-03 7.748872384484495335e-02 1.037530654529236849e-03 2.551166821723855130e-02
5.510800000000000000e+04 -1.112518395806559646e+00 8.853384720083123938e+00 4.288439341673181728e-03 6.601015572884572080e-02 8.757902202812570909e-04 2.157694569627488165e-02
5.510900000000000000e+04 -8.322469243571159581e+00 8.853384720083123938e+00 3.643193714952002414e-03 5.619518506540071429e-02 7.387683124515371895e-04 1.823809398261154111e-02
5.511000000000000000e+04 -6.067631136306306239e-01 8.853384720083123938e+00 3.094454905585256911e-03 4.784245579169379980e-02 6.230988444615148105e-04 1.541760430312628938e-02
5.511100000000000000e+04 2.133634864348633897e+01 8.853384720083123938e+00 2.629835124189478218e-03 4.074377122821679770e-02 5.258591276927242816e-04 1.303795234265428885e-02
5.511400000000000000e+04 -1.804656210566518482e+01 8.853384720083123938e+00 1.613571645752340982e-03 2.510570895695516877e-02 3.160519228810185948e-04 7.868315024040898470e-03
