5.497500000000000000e+04 -2.200318828357509915e+00 7.762763285711676176e+00 9.676860811788584593e-01 1.550059251352647235e-18 9.676860811788584593e-01 1.550059251352647235e-18
5.497600000000000000e+04 -5.983326254109007536e+00 7.762763285711676176e+00 2.014654457448330049e+00 1.550059221086075950e-18 2.014654457448330049e+00 1.550059221086075950e-18
5.497900000000000000e+04 -7.259181281381232864e-01 7.762763285711676176e+00 7.421511495175619366e+00 1.550059094973972802e-18 7.421511495175619366e+00 1.550059094973972802e-18
5.498000000000000000e+04 1.424943791793685222e+01 7.762763285711676176e+00 1.010928248076253944e+01 1.550059037574012029e-18 1.010928248076253944e+01 1.550059037574012029e-18
5.498100000000000000e+04 2.877498372167148233e+01 7.762763285711676176e+00 1.326427468792255127e+01 1.550058970214539617e-18 1.326427468792255127e+01 1.550058970214539617e-18
5.498200000000000000e+04 1.476217419626229166e+01 7.762763285711676176e+00 1.681188057541250913e+01 1.550058891167473899e-18 1.681188057541250913e+01 1.550058891167473899e-18
5.498400000000000000e+04 2.598438572929412160e+01 7.762763285711676176e+00 2.504964300095078400e+01 1.550058689547010832e-18 2.504964300095078400e+01 1.550058689547010832e-18
5.498500000000000000e+04 3.332273150138233575e+01 7.762763285711676176e+00 2.982457128805857849e+01 1.550058561801121860e-18 2.982457128805857849e+01 1.550058561801121860e-18
5.498700000000000000e+04 3.714440773257916817e+01 7.762763285711676176e+00 4.097582893337165899e+01 1.550058235967616748e-18 4.097582893337165899e+01 1.550058235967616748e-18
5.499000000000000000e+04 5.218827680897761923e+01 7.762763285711676176e+00 6.053040193995693841e+01 1.550057502950129748e-18 6.053040193995693841e+01 1.550057502950129748e-18
5.499200000000000000e+04 8.433318929914484841e+01 7.762763285711676176e+00 7.440742163840896239e+01 1.550056777795506162e-18 7.440742163840896239e+01 1.550056777795506162e-18
5.499300000000000000e+04 8.673009054478532676e+01 7.762763285711676176e+00 8.115791156796579742e+01 5.023439304780431998e-03 8.115791156796579742e+01 5.023439304780431998e-03
5.499400000000000000e+04 8.840042803837526719e+01 7.762763285711676176e+00 8.659722275531558466e+01 2.635029007712635374e-01 8.659722275531558466e+01 2.635029007712635374e-01
5.499600000000000000e+04 8.986112007070535412e+01 7.762763285711676176e+00 9.298895886639343189e+01 1.712456288831080142e+00 9.298895886639343189e+01 1.712456288831080142e+00
5.499700000000000000e+04 9.220114367282376122e+01 7.762763285711676176e+00 9.581950490541100862e+01 2.925571079348777026e+00 9.534931745081652821e+01 2.925571079348777026e+00
5.499800000000000000e+04 1.029340983758447123e+02 7.762763285711676176e+00 9.821598245875527766e+01 4.445593075166165420e+00 9.725679520493949326e+01 4.445593075166165420e+00
5.500000000000000000e+04 1.080171618748134108e+02 7.762763285711676176e+00 1.013874064597991804e+02 8.592890108648159497e+00 9.942624000542298290e+01 8.592890108648159497e+00
5.500200000000000000e+04 1.196736993183265980e+02 7.762763285711676176e+00 1.023176621687609185e+02 1.429009848910063241e+01 9.937735874946248771e+01 1.429009848910063241e+01
5.500300000000000000e+04 1.205252269548207238e+02 7.762763285711676176e+00 1.016818806454148501e+02 1.760982062251375879e+01 9.828909195663038645e+01 1.760982062251375879e+01
5.500400000000000000e+04 1.228832052350147848e+02 7.762763285711676176e+00 1.003465892149762340e+02 2.129219655080816054e+01 9.653818898204983157e+01 2.129219655080816054e+01
5.500500000000000000e+04 1.267867944446146851e+02 7.762763285711676176e+00 9.856406697691578245e+01 2.535088559484978887e+01 9.437559456880096320e+01 2.535088559484978887e+01
5.500900000000000000e+04 1.315091671477022146e+02 7.762763285711676176e+00 8.784334391467660907e+01 4.587529006572047052e+01 8.255133116561614770e+01 4.587529006572047052e+01
5.501200000000000000e+04 1.390423054374286096e+02 7.762763285711676176e+00 7.706159717288313971e+01 6.324630839264761306e+01 7.142612246008147281e+01 6.324630839264761306e+01
5.501300000000000000e+04 1.293871789170538875e+02 7.762763285711676176e+00 7.332674494090493056e+01 6.898422483277093420e+01 6.765517379857884350e+01 6.898422483277093420e+01
5.501400000000000000e+04 1.475499118474601516e+02 7.762763285711676176e+00 6.926580996962901793e+01 7.360763934201824554e+01 6.361888512242121152e+01 7.360763934201824554e+01
5.501600000000000000e+04 1.475156011683737063e+02 7.762763285711676176e+00 6.090486677054656184e+01 8.544044665291445995e+01 5.543739832797152900e+01 7.904061503643441711e+01
5.501700000000000000e+04 1.471121333661015456e+02 7.762763285711676176e+00 5.750661884679639257e+01 9.089033969514171929e+01 5.211031447560955598e+01 8.104691983319403903e+01
5.501800000000000000e+04 1.409689620891982429e+02 7.762763285711676176e+00 5.456334551913016639e+01 9.605539457694959538e+01 4.922327896239417555e+01 8.266827592419855364e+01
5.501900000000000000e+04 1.461029080290184652e+02 7.762763285711676176e+00 5.184444400274460918e+01 1.007845434286793704e+02 4.656333247267679099e+01 8.381792962524767177e+01
5.502000000000000000e+04 1.562468191460953904e+02 7.762763285711676176e+00 4.910019653794270056e+01 1.050409087567723674e+02 4.390417961541074021e+01 8.451230400460953263e+01
5.502100000000000000e+04 1.646155514815426670e+02 7.762763285711676176e+00 4.624883350267169391e+01 1.087917013139961711e+02 4.117301454915962466e+01 8.476893537712527404e+01
5.502200000000000000e+04 1.620326038307746614e+02 7.762763285711676176e+00 4.342649450341353656e+01 1.118287712108200083e+02 3.849145005216814042e+01 8.447075493704311100e+01
5.502500000000000000e+04 1.492963115707037218e+02 7.762763285711676176e+00 3.585674735430307436e+01 1.159432119391541249e+02 3.137059333747742329e+01 8.021925538348081375e+01
5.502900000000000000e+04 1.374169494124742243e+02 7.762763285711676176e+00 2.751213499182376410e+01 1.127797080328265196e+02 2.366167303078713857e+01 7.016863149077371986e+01
5.503100000000000000e+04 1.412782691174510319e+02 7.762763285711676176e+00 2.402427946551807025e+01 1.077712594300209474e+02 2.048817721261307412e+01 6.383662120465699985e+01
5.503200000000000000e+04 1.179459793901601188e+02 7.762763285711676176e+00 2.245807862705436975e+01 1.049544072624639881e+02 1.907229695642826428e+01 6.071220409106924620e+01
5.503300000000000000e+04 1.252832715917230502e+02 7.762763285711676176e+00 2.118616126108370068e+01 1.017414648531396040e+02 1.791710107470335345e+01 5.750689772879200490e+01
5.503400000000000000e+04 1.131066190448543409e+02 7.762763285711676176e+00 2.008525527031764568e+01 9.786083684623382339e+01 1.691552365168480421e+01 5.407605235405802091e+01
5.503500000000000000e+04 1.039497821720147925e+02 7.762763285711676176e+00 1.903980917247654503e+01 9.334294965330963123e+01 1.596874529619285887e+01 5.045091848566411841e+01
5.503600000000000000e+04 1.131249495542631252e+02 7.762763285711676176e+00 1.810679988020805098e+01 8.909118158713974367e+01 1.512367877641758973e+01 4.712178857877579219e+01
5.503700000000000000e+04 9.081812710824668500e+01 7.762763285711676176e+00 1.724873613308937337e+01 8.553756963521225032e+01 1.434788638676704053e+01 4.429376730426811548e+01
5.503900000000000000e+04 1.088032286386679175e+02 7.762763285711676176e+00 1.554044649840476211e+01 7.963701409989698732e+01 1.282170619571031622e+01 3.957883260177526807e+01
5.504000000000000000e+04 7.760362562023912858e+01 7.762763285711676176e+00 1.473709393839429893e+01 7.659990051167925174e+01 1.210962883225882791e+01 3.731855267309912705e+01
5.504200000000000000e+04 8.599962370752813001e+01 7.762763285711676176e+00 1.326875768462669747e+01 6.980539572667353809e+01 1.081543224929825442e+01 3.271773254434290834e+01
5.504400000000000000e+04 7.820930000791716452e+01 7.762763285711676176e+00 1.192595790612024587e+01 6.320938285976388471e+01 9.643386980885679804e+00 2.854297894679026371e+01
5.504500000000000000e+04 5.899686231211869369e+01 7.762763285711676176e+00 1.127469097588082469e+01 6.013006321593748282e+01 9.080561577061848411e+00 2.666500433685580873e+01
5.504600000000000000e+04 6.850865196144562219e+01 7.762763285711676176e+00 1.062223376429031241e+01 5.713848496154768952e+01 8.521234229400151960e+00 2.489149440869678642e+01
5.504700000000000000e+04 7.977534900083342961e+01 7.762763285711676176e+00 9.961931717006033082e+00 5.422036465313989595e+01 7.960046289989414880e+00 2.321090328009672277e+01
5.504800000000000000e+04 6.629324256676378013e+01 7.762763285711676176e+00 9.308880517145551536e+00 5.137560277749635418e+01 7.409034476823465276e+00 2.161844031349393802e+01
5.505000000000000000e+04 4.638483899093414919e+01 7.762763285711676176e+00 7.962648701252203587e+00 4.599774601338478419e+01 6.288194800073795498e+00 1.871774791379593239e+01
5.505200000000000000e+04 5.146219734481025654e+01 7.762763285711676176e+00 6.594838478037877927e+00 4.115129817986198191e+01 5.167770414954748759e+00 1.621145241296402517e+01
5.505400000000000000e+04 4.766020011465715100e+01 7.762763285711676176e+00 5.346365533384678237e+00 3.766192779544687852e+01 4.157327640826142812e+00 1.437819510393208411e+01
5.505600000000000000e+04 5.482423792306894228e+01 7.762763285711676176e+00 4.296491904678134688e+00 3.471330210446123488e+01 3.315520380235053022e+00 1.285512695995495314e+01
5.505800000000000000e+04 2.956550925043965350e+01 7.762763285711676176e+00 3.433857714952242457e+00 3.211969545763417955e+01 2.629827455937498115e+00 1.154838137434221323e+01
5.506000000000000000e+04 3.937158669990608217e+01 7.762763285711676176e+00 2.709984048298196502e+00 2.946202441501846181e+01 2.059888564189253035e+00 1.029318450742000302e+01
5.506100000000000000e+04 2.971267301853466236e+01 7.762763285711676176e+00 2.398025993018415125e+00 2.824256526587942062e+01 1.815959130283463896e+00 9.729525124930155755e+00
5.506200000000000000e+04 2.507526797031029986e+01 7.762763285711676176e+00 2.116511139098974592e+00 2.705767581077523687e+01 1.596812745279095003e+00 9.193117411903516611e+00
5.506400000000000000e+04 3.272918769701839636e+01 7.762763285711676176e+00 1.631653674026376732e+00 2.478918560182131969e+01 1.221917543613490142e+00 8.196878933752826057e+00
5.506500000000000000e+04 1.758456155977758684e+01 7.762763285711676176e+00 1.424738936098288500e+00 2.365487105337555107e+01 1.063036946060080368e+00 7.718477340502571948e+00
5.506700000000000000e+04 3.141335217502638955e+01 7.762763285711676176e+00 1.078789154239982118e+00 2.128376648542603533e+01 7.990344961129509649e-01 6.766039346491002249e+00
5.506800000000000000e+04 3.321561667120141692e+01 7.762763285711676176e+00 9.347499415335766004e-01 2.006541570219120985e+01 6.898283870746817481e-01 6.297679305299944907e+00
5.506900000000000000e+04 1.291037984305350506e+01 7.762763285711676176e+00 8.065865255394549793e-01 1.881564453053352537e+01 5.930877954916861095e-01 5.831334425125919374e+00
5.507100000000000000e+04 1.862278052125734362e+01 7.762763285711676176e+00 5.952623947829643880e-01 1.607041239882290995e+01 4.345486239456022304e-01 4.858612330976595395e+00
5.507300000000000000e+04 2.320412513341123528e+01 7.762763285711676176e+00 4.359186640662995327e-01 1.339403614524190544e+01 3.159510589642119949e-01 3.952695855619067888e+00
5.507400000000000000e+04 1.963701972385040762e+01 7.762763285711676176e+00 3.723560668323230849e-01 1.211739171671550075e+01 2.689201451984696289e-01 3.533728494702221390e+00
5.507500000000000000e+04 6.879896029000138746e+00 7.762763285711676176e+00 3.169510057993422669e-01 1.094104573559912552e+01 2.280935985444418612e-01 3.153446761038001700e+00
5.507800000000000000e+04 1.304242165257009134e+01 7.762763285711676176e+00 1.939486223508548324e-01 8.027164530126189135e+00 1.381047141620609098e-01 2.235353337546873043e+00
5.508000000000000000e+04 -7.618706351410130750e+00 7.762763285711676176e+00 1.392974330490320267e-01 6.429278109708968181e+00 9.849760017656127020e-02 1.750905279560864836e+00
5.508100000000000000e+04 9.542696150734853333e+00 7.762763285711676176e+00 1.180556036823898758e-01 5.730421407209755458e+00 8.318738014801362046e-02 1.543565260740944023e+00
5.508200000000000000e+04 8.375103618957046692e+00 7.762763285711676176e+00 9.993226612835651168e-02 5.093834567196866558e+00 7.017301316464903682e-02 1.357290833487230675e+00
5.508400000000000000e+04 1.182087833899757356e+01 7.762763285711676176e+00 7.150293941638502515e-02 3.982015146499991332e+00 4.986444254227592049e-02 1.038629912071466377e+00
5.508500000000000000e+04 6.188228910819064232e+00 7.762763285711676176e+00 6.047261428954581880e-02 3.500832117177225644e+00 4.202762805578161287e-02 9.035814041510683570e-01
5.508800000000000000e+04 8.514702253459565107e-01 7.762763285711676176e+00 3.690092473662319461e-02 2.342982725446079328e+00 2.538464199561750803e-02 5.863541290134794970e-01
5.508900000000000000e+04 2.875546398780707058e+00 7.762763285711676176e+00 3.129662244778558949e-02 2.034815233636888543e+00 2.145658115601357940e-02 5.041246261679331875e-01
5.509000000000000000e+04 -3.599779117598627121e+00 7.762763285711676176e+00 2.654609797684767680e-02 1.760746330210540611e+00 1.813835800367798873e-02 4.318922875128805017e-01
5.509100000000000000e+04 8.231776873439649478e+00 7.762763285711676176e+00 2.252444158237833574e-02 1.520792963887741989e+00 1.533876746194622574e-02 3.693663303537618181e-01
5.509300000000000000e+04 6.589949275563962594e+00 7.762763285711676176e+00 1.619156787892055138e-02 1.127481085589460363e+00 1.095262713745783802e-02 2.685584001195801540e-01
5.509500000000000000e+04 1.113835892197085720e+01 7.762763285711676176e+00 1.165253209339193498e-02 8.296572464766672761e-01 7.830004347216196550e-03 1.938795587627756278e-01
5.509600000000000000e+04 1.507518478645877069e+00 7.762763285711676176e+00 9.879724299979871990e-03 7.086464512756688316e-01 6.616827885050855125e-03 1.640489778732280302e-01
5.509700000000000000e+04 -4.554428502648309340e+00 7.762763285711676176e+00 8.378283730892735481e-03 6.050308279383503907e-01 5.592785077591702451e-03 1.387618763608040040e-01
5.509800000000000000e+04 2.714724031634049073e+00 7.762763285711676176e+00 7.110426149794460242e-03 5.165930730674271887e-01 4.730874821351913062e-03 1.173890070377517636e-01
5.509900000000000000e+04 -1.956978321577737656e+00 7.762763285711676176e+00 6.029328483820510162e-03 4.404543002809087615e-01 3.998454947828823484e-03 9.917510118528233276e-02
5.510100000000000000e+04 -4.228227498738078793e+00 7.762763285711676176e+00 4.336461214931267016e-03 3.197577364523288002e-01 2.857113554350843541e-03 7.070927312581157254e-02
5.510400000000000000e+04 5.448875483758243377e+00 7.762763285711676176e+00 2.646587737638034146e-03 1.968179668480434241e-01 1.726894476100850886e-03 4.238477616093452860e-02
5.510700000000000000e+04 -2.504503183860305171e+01 7.762763285711676176e+00 1.605437841198968912e-03 1.215644722829911095e-01 1.037530654529236849e-03 2.551166821723855130e-02
5.510800000000000000e+04 -9.320610532701789630e-01 7.762763285711676176e+00 1.359485180764467751e-03 1.036888384485096654e-01 8.757902202812570909e-04 2.157694569627488165e-02
5.510900000000000000e+04 -7.260184089802879548e+00 7.762763285711676176e+00 1.150429716925459441e-03 8.838221793611701627e-02 7.387683124515371895e-04 1.823809398261154111e-02
5.511000000000000000e+04 -5.003683534399081534e-01 7.762763285711676176e+00 9.733787677129355446e-04 7.533823407497332314e-02 6.230988444615148105e-04 1.541760430312628938e-02
5.511100000000000000e+04 1.873502039966899346e+01 7.762763285711676176e+00 8.240680997501964502e-04 6.423788201859993718e-02 5.258591276927242816e-04 1.303795234265428885e-02
5.511400000000000000e+04 -1.580666631731775595e+01 7.762763285711676176e+00 4.999570736175375056e-04 3.972275545069368224e-02 3.160519228810185948e-04 7.868315024040898470e-03
