5.497500000000000000e+04 -3.390195046565128489e+00 1.067839242297691449e+01 9.676860811788584593e-01 1.550059251352647235e-18 9.676860811788584593e-01 1.550059251352647235e-18
5.497600000000000000e+04 -8.987301094463047590e+00 1.067839242297691449e+01 2.014654457448330049e+00 1.550059221086075950e-18 2.014654457448330049e+00 1.550059221086075950e-18
5.497900000000000000e+04 -3.786024733124427222e+00 1.067839242297691449e+01 7.421511495175619366e+00 1.550059094973972802e-18 7.421511495175619366e+00 1.550059094973972802e-18
5.498000000000000000e+04 1.580444576516194743e+01 1.067839242297691449e+01 1.010928248076253944e+01 1.550059037574012029e-18 1.010928248076253944e+01 1.550059037574012029e-18
5.498100000000000000e+04 3.460067665265147241e+01 1.067839242297691449e+01 1.326427468792255127e+01 1.550058970214539617e-18 1.326427468792255127e+01 1.550058970214539617e-18
5.498200000000000000e+04 1.399232157781536401e+01 1.067839242297691449e+01 1.681188057541250913e+01 1.550058891167473899e-18 1.681188057541250913e+01 1.550058891167473899e-18
5.498400000000000000e+04 2.633546730093253885e+01 1.067839242297691449e+01 2.504964300095078400e+01 1.550058689547010832e-18 2.504964300095078400e+01 1.550058689547010832e-18
5.498500000000000000e+04 3.463661129771231373e+01 1.067839242297691449e+01 2.982457128805857849e+01 1.550058561801121860e-18 2.982457128805857849e+01 1.550058561801121860e-18
5.498700000000000000e+04 3.570535788924207310e+01 1.067839242297691449e+01 4.097582893337165899e+01 1.550058235967616748e-18 4.097582893337165899e+01 1.550058235967616748e-18
5.499000000000000000e+04 4.905504419535863292e+01 1.067839242297691449e+01 6.053040193995693841e+01 1.550057502950129748e-18 6.053040193995693841e+01 1.550057502950129748e-18
5.499200000000000000e+04 8.806122483703559567e+01 1.067839242297691449e+01 7.440742163840896239e+01 1.550056777795506162e-18 7.440742163840896239e+01 1.550056777795506162e-18
5.499300000000000000e+04 8.882106772642141834e+01 1.067839242297691449e+01 8.115791156796579742e+01 5.023439304780431998e-03 8.115791156796579742e+01 5.023439304780431998e-03
5.499400000000000000e+04 8.897872740978336026e+01 1.067839242297691449e+01 8.659722275531558466e+01 2.635029007712635374e-01 8.659722275531558466e+01 2.635029007712635374e-01
5.499600000000000000e+04 8.804314561213058710e+01 1.067839242297691449e+01 9.298895886639343189e+01 1.712456288831080142e+00 9.298895886639343189e+01 1.712456288831080142e+00
5.499700000000000000e+04 9.560831056361732294e+01 1.067839242297691449e+01 1.016845181865602399e+02 2.925571079348777026e+00 9.534931745081652821e+01 2.925571079348777026e+00
5.499800000000000000e+04 1.150011432290221620e+02 1.067839242297691449e+01 1.101806700057471318e+02 4.445593075166165420e+00 9.725679520493949326e+01 4.445593075166165420e+00
5.500000000000000000e+04 1.317429771383963555e+02 1.067839242297691449e+01 1.258505587388841320e+02 8.592890108648159497e+00 9.942624000542298290e+01 8.592890108648159497e+00
5.500200000000000000e+04 1.575019283709453930e+02 1.067839242297691449e+01 1.389943502349408391e+02 1.429009848910063241e+01 9.937735874946248771e+01 1.429009848910063241e+01
5.500300000000000000e+04 1.633094171578884755e+02 1.067839242297691449e+01 1.440027688899020291e+02 1.760982062251375879e+01 9.828909195663038645e+01 1.760982062251375879e+01
5.500400000000000000e+04 1.708557326168399015e+02 1.067839242297691449e+01 1.478517230244446239e+02 2.129219655080816054e+01 9.653818898204983157e+01 2.129219655080816054e+01
5.500500000000000000e+04 1.801115035213572071e+02 1.067839242297691449e+01 1.508101362015956965e+02 2.535088559484978887e+01 9.437559456880096320e+01 2.535088559484978887e+01
5.500900000000000000e+04 1.966906947714023488e+02 1.067839242297691449e+01 1.538547288505381800e+02 4.587529006572047052e+01 8.255133116561614770e+01 4.587529006572047052e+01
5.501200000000000000e+04 2.088626093375126516e+02 1.067839242297691449e+01 1.473572499241182925e+02 6.324630839264761306e+01 7.142612246008147281e+01 6.324630839264761306e+01
5.501300000000000000e+04 1.952790224248391837e+02 1.067839242297691449e+01 1.440726564910387140e+02 6.898422483277093420e+01 6.765517379857884350e+01 6.898422483277093420e+01
5.501400000000000000e+04 2.197448313375049622e+02 1.067839242297691449e+01 1.397042891397890685e+02 7.360763934201824554e+01 6.361888512242121152e+01 7.360763934201824554e+01
5.501600000000000000e+04 2.142930597067980045e+02 1.067839242297691449e+01 1.291048468351396536e+02 8.357837481167524629e+01 5.543739832797152900e+01 7.904061503643441711e+01
5.501700000000000000e+04 2.110778532695004230e+02 1.067839242297691449e+01 1.248189141810677398e+02 8.802633388298430361e+01 5.211031447560955598e+01 8.104691983319403903e+01
5.501800000000000000e+04 2.000603157770208043e+02 1.067839242297691449e+01 1.211741429179846250e+02 9.216032699197984357e+01 4.922327896239417555e+01 8.266827592419855364e+01
5.501900000000000000e+04 2.045906280706772975e+02 1.067839242297691449e+01 1.177198495679364640e+02 9.584799889160181863e+01 4.656333247267679099e+01 8.381792962524767177e+01
5.502000000000000000e+04 2.158787336126581806e+02 1.067839242297691449e+01 1.139141509766207321e+02 9.906798022682512794e+01 4.390417961541074021e+01 8.451230400460953263e+01
5.502100000000000000e+04 2.245369026731383428e+02 1.067839242297691449e+01 1.095634653248481669e+02 1.018021242937915503e+02 4.117301454915962466e+01 8.476893537712527404e+01
5.502200000000000000e+04 2.181767682351960786e+02 1.067839242297691449e+01 1.049851366296224313e+02 1.038687818254144304e+02 3.849145005216814042e+01 8.447075493704311100e+01
5.502500000000000000e+04 1.939211324005831614e+02 1.067839242297691449e+01 9.181603047183058663e+01 1.055490988520727598e+02 3.137059333747742329e+01 8.021925538348081375e+01
5.502900000000000000e+04 1.719690011744553715e+02 1.067839242297691449e+01 7.554193740225952070e+01 1.003817434442697731e+02 2.366167303078713857e+01 7.016863149077371986e+01
5.503100000000000000e+04 1.761653898148132953e+02 1.067839242297691449e+01 6.813282909637845819e+01 9.498819612507136867e+01 2.048817721261307412e+01 6.383662120465699985e+01
5.503200000000000000e+04 1.437513714903990660e+02 1.067839242297691449e+01 6.469156289221689349e+01 9.208185597413036305e+01 1.907229695642826428e+01 6.071220409106924620e+01
5.503300000000000000e+04 1.540752293949817044e+02 1.067839242297691449e+01 6.196368780426232092e+01 8.887113532141408712e+01 1.791710107470335345e+01 5.750689772879200490e+01
5.503400000000000000e+04 1.380880150987376851e+02 1.067839242297691449e+01 5.962377944679318631e+01 8.512137444105722750e+01 1.691552365168480421e+01 5.407605235405802091e+01
5.503500000000000000e+04 1.266104811530216949e+02 1.067839242297691449e+01 5.734757397065724405e+01 8.086323952388039515e+01 1.596874529619285887e+01 5.045091848566411841e+01
5.503600000000000000e+04 1.403505929559435970e+02 1.067839242297691449e+01 5.531758617840154812e+01 7.687991891680096046e+01 1.512367877641758973e+01 4.712178857877579219e+01
5.503700000000000000e+04 1.105073833647994519e+02 1.067839242297691449e+01 5.343328789547445012e+01 7.353742220190720502e+01 1.434788638676704053e+01 4.429376730426811548e+01
5.503900000000000000e+04 1.361787292092652706e+02 1.067839242297691449e+01 4.945340573941690820e+01 6.798183061244019143e+01 1.282170619571031622e+01 3.957883260177526807e+01
5.504000000000000000e+04 9.379074089399330205e+01 1.067839242297691449e+01 4.751150676599863942e+01 6.517074173384673941e+01 1.210962883225882791e+01 3.731855267309912705e+01
5.504200000000000000e+04 1.069097471893590097e+02 1.067839242297691449e+01 4.387099115678865502e+01 5.901450349579859989e+01 1.081543224929825442e+01 3.271773254434290834e+01
5.504400000000000000e+04 9.774972191493507978e+01 1.067839242297691449e+01 4.039823776142020506e+01 5.312297146150948635e+01 9.643386980885679804e+00 2.854297894679026371e+01
5.504500000000000000e+04 7.196876923665980996e+01 1.067839242297691449e+01 3.864377098617450912e+01 5.039319082015659035e+01 9.080561577061848411e+00 2.666500433685580873e+01
5.504600000000000000e+04 8.561450069157338305e+01 1.067839242297691449e+01 3.682963265468855241e+01 4.775601731684478324e+01 8.521234229400151960e+00 2.489149440869678642e+01
5.504700000000000000e+04 1.015806405141035071e+02 1.067839242297691449e+01 3.493300336526441896e+01 4.519796401902799943e+01 7.960046289989414880e+00 2.321090328009672277e+01
5.504800000000000000e+04 8.344006461905142658e+01 1.067839242297691449e+01 3.300713564868111405e+01 4.271756650093016816e+01 7.409034476823465276e+00 2.161844031349393802e+01
5.505000000000000000e+04 5.648899788703201352e+01 1.067839242297691449e+01 2.884941263576217096e+01 3.806045651353343828e+01 6.288194800073795498e+00 1.871774791379593239e+01
5.505200000000000000e+04 6.340243974304807750e+01 1.067839242297691449e+01 2.439576672761164389e+01 3.389489093192692337e+01 5.167770414954748759e+00 1.621145241296402517e+01
5.505400000000000000e+04 5.746465998951980225e+01 1.067839242297691449e+01 2.017815860548983053e+01 3.088737721318378249e+01 4.157327640826142812e+00 1.437819510393208411e+01
5.505600000000000000e+04 6.664065529564558688e+01 1.067839242297691449e+01 1.653291157744399342e+01 2.835352658589122754e+01 3.315520380235053022e+00 1.285512695995495314e+01
5.505800000000000000e+04 3.136038867184789325e+01 1.067839242297691449e+01 1.346315156677179559e+01 2.613434037529939147e+01 2.629827455937498115e+00 1.154838137434221323e+01
5.506000000000000000e+04 4.460753781231727544e+01 1.067839242297691449e+01 1.081912990290703114e+01 2.388472814221535501e+01 2.059888564189253035e+00 1.029318450742000302e+01
5.506100000000000000e+04 3.123823954850235651e+01 1.067839242297691449e+01 9.658598020405868567e+00 2.285607811933897437e+01 1.815959130283463896e+00 9.729525124930155755e+00
5.506200000000000000e+04 2.482054262398345656e+01 1.067839242297691449e+01 8.599112816709009621e+00 2.185986856455761895e+01 1.596812745279095003e+00 9.193117411903516611e+00
5.506400000000000000e+04 3.538187022177928753e+01 1.067839242297691449e+01 6.742610640563802882e+00 1.996154811394486472e+01 1.221917543613490142e+00 8.196878933752826057e+00
5.506500000000000000e+04 1.464447828967490750e+01 1.067839242297691449e+01 5.936528765160649534e+00 1.901807562469148394e+01 1.063036946060080368e+00 7.718477340502571948e+00
5.506700000000000000e+04 3.407832763487113681e+01 1.067839242297691449e+01 4.568386269912542375e+00 1.705974114785415452e+01 7.990344961129509649e-01 6.766039346491002249e+00
5.506800000000000000e+04 3.685292419757169569e+01 1.067839242297691449e+01 3.989846702845435633e+00 1.605960495613352634e+01 6.898283870746817481e-01 6.297679305299944907e+00
5.506900000000000000e+04 9.274732114670591443e+00 1.067839242297691449e+01 3.469721994176221624e+00 1.503777666242620192e+01 5.930877954916861095e-01 5.831334425125919374e+00
5.507100000000000000e+04 1.810041602198933930e+01 1.067839242297691449e+01 2.599970072995279935e+00 1.280826763517314681e+01 4.345486239456022304e-01 4.858612330976595395e+00
5.507300000000000000e+04 2.547441622601506594e+01 1.067839242297691449e+01 1.932367772514366866e+00 1.064701795001423790e+01 3.159510589642119949e-01 3.952695855619067888e+00
5.507400000000000000e+04 2.111424044726263460e+01 1.067839242297691449e+01 1.662592648439224163e+00 9.619920136489364282e+00 2.689201451984696289e-01 3.533728494702221390e+00
5.507500000000000000e+04 4.078053762559404660e+00 1.067839242297691449e+01 1.425338455498366796e+00 8.675194127245504205e+00 2.280935985444418612e-01 3.153446761038001700e+00
5.507800000000000000e+04 1.386468492551021825e+01 1.067839242297691449e+01 8.905330590432757321e-01 6.342000110533573931e+00 1.381047141620609098e-01 2.235353337546873043e+00
5.508000000000000000e+04 -1.379960551048978523e+01 1.067839242297691449e+01 6.482254346948417290e-01 5.068075685663195884e+00 9.849760017656127020e-02 1.750905279560864836e+00
5.508100000000000000e+04 1.014695996723551374e+01 1.067839242297691449e+01 5.529940354097170330e-01 4.512228898272013566e+00 8.318738014801362046e-02 1.543565260740944023e+00
5.508200000000000000e+04 8.854026213309804660e+00 1.067839242297691449e+01 4.711425401662906465e-01 4.006663327850048972e+00 7.017301316464903682e-02 1.357290833487230675e+00
5.508400000000000000e+04 1.415175112195609763e+01 1.067839242297691449e+01 3.414167159551599329e-01 3.125618433055969980e+00 4.986444254227592049e-02 1.038629912071466377e+00
5.508500000000000000e+04 6.649271692311962134e+00 1.067839242297691449e+01 2.905512524466146718e-01 2.745145451154523464e+00 4.202762805578161287e-02 9.035814041510683570e-01
5.508800000000000000e+04 -9.003986716580714145e-02 1.067839242297691449e+01 1.805524632144381025e-01 1.831880427612223583e+00 2.538464199561750803e-02 5.863541290134794970e-01
5.508900000000000000e+04 2.856941539804869201e+00 1.067839242297691449e+01 1.540390995159400811e-01 1.589451035229282327e+00 2.145658115601357940e-02 5.041246261679331875e-01
5.509000000000000000e+04 -5.904880545871057151e+00 1.067839242297691449e+01 1.314223683350531358e-01 1.374107768087689418e+00 1.813835800367798873e-02 4.318922875128805017e-01
5.509100000000000000e+04 1.049852402652290095e+01 1.067839242297691449e+01 1.121569354707794702e-01 1.185778038489481601e+00 1.533876746194622574e-02 3.693663303537618181e-01
5.509300000000000000e+04 8.450965685978966135e+00 1.067839242297691449e+01 8.154094444689297116e-02 8.775720501241336402e-01 1.095262713745783802e-02 2.685584001195801540e-01
5.509500000000000000e+04 1.486854247032075804e+01 1.067839242297691449e+01 5.933388934741908732e-02 6.446736718257841670e-01 7.830004347216196550e-03 1.938795587627756278e-01
5.509600000000000000e+04 1.686103937813414166e+00 1.067839242297691449e+01 5.058036533489836117e-02 5.501923417298212327e-01 6.616827885050855125e-03 1.640489778732280302e-01
5.509700000000000000e+04 -6.596343441601705493e+00 1.067839242297691449e+01 4.312397172531858697e-02 4.693669015717670256e-01 5.592785077591702451e-03 1.387618763608040040e-01
5.509800000000000000e+04 3.451184088995606913e+00 1.067839242297691449e+01 3.679241789184933831e-02 4.004421030406710713e-01 4.730874821351913062e-03 1.173890070377517636e-01
5.509900000000000000e+04 -2.933663279297043402e+00 1.067839242297691449e+01 3.136199132825576164e-02 3.411569398628294114e-01 3.998454947828823484e-03 9.917510118528233276e-02
5.510100000000000000e+04 -5.992050741979832118e+00 1.067839242297691449e+01 2.278951348580456407e-02 2.472954970599634816e-01 2.857113554350843541e-03 7.070927312581157254e-02
5.510400000000000000e+04 7.387049167116648718e+00 1.067839242297691449e+01 1.411863604686167291e-02 1.518846446977092091e-01 1.726894476100850886e-03 4.238477616093452860e-02
5.510700000000000000e+04 -3.451886170444559809e+01 1.067839242297691449e+01 8.689385232246644650e-03 9.361729610067799634e-02 1.037530654529236849e-03 2.551166821723855130e-02
5.510800000000000000e+04 -1.339448160415043221e+00 1.067839242297691449e+01 7.392988073149277077e-03 7.979785935914321393e-02 8.757902202812570909e-04 2.157694569627488165e-02
5.510900000000000000e+04 -1.003595029695325813e+01 1.067839242297691449e+01 6.285402122044851485e-03 6.797333753590828476e-02 7.387683124515371895e-04 1.823809398261154111e-02
5.511000000000000000e+04 -7.300295144380969381e-01 1.067839242297691449e+01 5.342692287065043191e-03 5.790394453520499723e-02 6.230988444615148105e-04 1.541760430312628938e-02
5.511100000000000000e+04 2.573612390434222874e+01 1.067839242297691449e+01 4.543860205184612616e-03 4.934093581184285232e-02 5.258591276927242816e-04 1.303795234265428885e-02
5.511400000000000000e+04 -2.176559991150555717e+01 1.067839242297691449e+01 2.793948844350004068e-03 3.045450276976985338e-02 3.160519228810185948e-04 7.868315024040898470e-03
