5.497600000000000000e+04 -3.118332013292913540e+00 4.962919206077324397e+00 1.164140563987932975e+00 9.520325756554123191e-19 1.164140563987932975e+00 9.520325756554123191e-19
5.497900000000000000e+04 4.177022321986531672e+00 4.962919206077324397e+00 4.289077145657377521e+00 9.520325755457423570e-19 4.289077145657377521e+00 9.520325755457423570e-19
5.498300000000000000e+04 1.229753401425949200e+01 4.962919206077324397e+00 1.143383206421574805e+01 9.520325752878383818e-19 1.143383206421574805e+01 9.520325752878383818e-19
5.499200000000000000e+04 4.056843079859837786e+01 4.962919206077324397e+00 3.733751665722944324e+01 9.520325735306638118e-19 3.733751665722944324e+01 9.520325735306638118e-19
5.499500000000000000e+04 4.272992426701898694e+01 4.962919206077324397e+00 4.526446668391263017e+01 4.750117470036630540e-01 4.526446668391263017e+01 4.750117470036630540e-01
5.499600000000000000e+04 3.749902902818113404e+01 4.962919206077324397e+00 4.750204251648135312e+01 9.895194793897428287e-01 4.750204251648135312e+01 9.895194793897428287e-01
5.499800000000000000e+04 5.379870671527319104e+01 4.962919206077324397e+00 5.186834948749871899e+01 2.578142529034766373e+00 5.091672227927872996e+01 2.578142529034766373e+00
5.500200000000000000e+04 6.601124303266806237e+01 4.962919206077324397e+00 5.884699186233260804e+01 7.908141692815705781e+00 5.381775602163734362e+01 7.908141692815705781e+00
5.500700000000000000e+04 8.149553721363973580e+01 4.962919206077324397e+00 6.184481002078813106e+01 1.873915206413802537e+01 5.210622193247517231e+01 1.873915206413802537e+01
5.501100000000000000e+04 8.558140470653020770e+01 4.962919206077324397e+00 6.042163777653870937e+01 2.925015122101504517e+01 4.789065290588005297e+01 2.925015122101504517e+01
5.501600000000000000e+04 9.377137325435627702e+01 4.962919206077324397e+00 5.463267810538510361e+01 4.192254879000189050e+01 4.031611703369087962e+01 4.037673613900914660e+01
5.502200000000000000e+04 1.017030650296433691e+02 4.962919206077324397e+00 4.650793647426955602e+01 5.275044764727694968e+01 3.169741694238675578e+01 4.574509261839173746e+01
5.502800000000000000e+04 9.805071602824997967e+01 4.962919206077324397e+00 4.157997677963582106e+01 5.524344874050552789e+01 2.632666932167046880e+01 4.356762408364564010e+01
5.503000000000000000e+04 9.539185210686088112e+01 4.962919206077324397e+00 4.046320474134486034e+01 5.456064313483703643e+01 2.502725028100064719e+01 4.176802187811291844e+01
5.503300000000000000e+04 8.981404313144392404e+01 4.962919206077324397e+00 3.870714846731267755e+01 5.202984661621156448e+01 2.313864568316503068e+01 3.815330090771893623e+01
5.503800000000000000e+04 8.949467012896742801e+01 4.962919206077324397e+00 3.449745209106053778e+01 4.613230749453978063e+01 1.953108020902245556e+01 3.161009712206207212e+01
5.504200000000000000e+04 8.796372038091733714e+01 4.962919206077324397e+00 3.050393584821935988e+01 4.138377824649354153e+01 1.656882135661357935e+01 2.694280440102873797e+01
5.504400000000000000e+04 6.353401720457246427e+01 4.962919206077324397e+00 2.849672802908034797e+01 3.958685282994454013e+01 1.517055024046465839e+01 2.514614836259477570e+01
5.504600000000000000e+04 5.898256871496440112e+01 4.962919206077324397e+00 2.663933307753325508e+01 3.816044000874433806e+01 1.390504162668881349e+01 2.366457079047457057e+01
5.505000000000000000e+04 6.011369601487945857e+01 4.962919206077324397e+00 2.365637239486810728e+01 3.593303597754697876e+01 1.188425964160150627e+01 2.127316273885055153e+01
5.505600000000000000e+04 5.599505297550507521e+01 4.962919206077324397e+00 2.092362659661110058e+01 3.223570031198396180e+01 9.950825172612551839e+00 1.786921713993679006e+01
5.505900000000000000e+04 4.906522415582384866e+01 4.962919206077324397e+00 1.985131988434305228e+01 2.973284997475891345e+01 9.195652533626304859e+00 1.597332410025009253e+01
5.506300000000000000e+04 4.767939990181982068e+01 4.962919206077324397e+00 1.868904963477125492e+01 2.611576462083928263e+01 8.367487622413662507e+00 1.347579353739864416e+01
5.506500000000000000e+04 3.602575168307410536e+01 4.962919206077324397e+00 1.819037569260584064e+01 2.439266738362240261e+01 8.010164788539839265e+00 1.234283857320632016e+01
5.506700000000000000e+04 4.801039090199344628e+01 4.962919206077324397e+00 1.770495414183895377e+01 2.283916530020999147e+01 7.670155917078735897e+00 1.133713063202608851e+01
5.507000000000000000e+04 3.640394369915735950e+01 4.962919206077324397e+00 1.702447591479361932e+01 2.093028114861003885e+01 7.200455628366551508e+00 1.010162069536128193e+01
5.507400000000000000e+04 3.376932510619828776e+01 4.962919206077324397e+00 1.610723978502129938e+01 1.921151307131118458e+01 6.603708294373577203e+00 8.941650930150663257e+00
5.507900000000000000e+04 3.583307549437262196e+01 4.962919206077324397e+00 1.479136568982046462e+01 1.754177215341953300e+01 5.840457257125583723e+00 7.816304653582359485e+00
5.508300000000000000e+04 2.716582802843132782e+01 4.962919206077324397e+00 1.344117177558585396e+01 1.650654165710923493e+01 5.155149271873892936e+00 7.112364479051613841e+00
5.509100000000000000e+04 2.758743112578649459e+01 4.962919206077324397e+00 9.530722352039596501e+00 1.482948530736254789e+01 3.457107999615824934e+00 5.994224438293109358e+00
