5.497500000000000000e+04 -2.940342336588445793e+00 9.576089806439631147e+00 9.676860811788584593e-01 1.550059251352647235e-18 9.676860811788584593e-01 1.550059251352647235e-18
5.497600000000000000e+04 -7.851597899494874966e+00 9.576089806439631147e+00 2.014654457448330049e+00 1.550059221086075950e-18 2.014654457448330049e+00 1.550059221086075950e-18
5.497900000000000000e+04 -2.629099980779778356e+00 9.576089806439631147e+00 7.421511495175619366e+00 1.550059094973972802e-18 7.421511495175619366e+00 1.550059094973972802e-18
5.498000000000000000e+04 1.521654890378677649e+01 9.576089806439631147e+00 1.010928248076253944e+01 1.550059037574012029e-18 1.010928248076253944e+01 1.550059037574012029e-18
5.498100000000000000e+04 3.239817549127766938e+01 9.576089806439631147e+00 1.326427468792255127e+01 1.550058970214539617e-18 1.326427468792255127e+01 1.550058970214539617e-18
5.498200000000000000e+04 1.428337730394180127e+01 9.576089806439631147e+00 1.681188057541250913e+01 1.550058891167473899e-18 1.681188057541250913e+01 1.550058891167473899e-18
5.498400000000000000e+04 2.620273500995329385e+01 9.576089806439631147e+00 2.504964300095078400e+01 1.550058689547010832e-18 2.504964300095078400e+01 1.550058689547010832e-18
5.498500000000000000e+04 3.413987695012362877e+01 9.576089806439631147e+00 2.982457128805857849e+01 1.550058561801121860e-18 2.982457128805857849e+01 1.550058561801121860e-18
5.498700000000000000e+04 3.624941487761677195e+01 9.576089806439631147e+00 4.097582893337165899e+01 1.550058235967616748e-18 4.097582893337165899e+01 1.550058235967616748e-18
5.499000000000000000e+04 5.023961546475254636e+01 9.576089806439631147e+00 6.053040193995693841e+01 1.550057502950129748e-18 6.053040193995693841e+01 1.550057502950129748e-18
5.499200000000000000e+04 8.665177832155198701e+01 9.576089806439631147e+00 7.440742163840896239e+01 1.550056777795506162e-18 7.440742163840896239e+01 1.550056777795506162e-18
5.499300000000000000e+04 8.803053864678712159e+01 9.576089806439631147e+00 8.115791156796579742e+01 5.023439304780431998e-03 8.115791156796579742e+01 5.023439304780431998e-03
5.499400000000000000e+04 8.876009160933209330e+01 9.576089806439631147e+00 8.659722275531558466e+01 2.635029007712635374e-01 8.659722275531558466e+01 2.635029007712635374e-01
5.499600000000000000e+04 8.873046142224920629e+01 9.576089806439631147e+00 9.298895886639343189e+01 1.712456288831080142e+00 9.298895886639343189e+01 1.712456288831080142e+00
5.499700000000000000e+04 9.253325127399858729e+01 9.576089806439631147e+00 9.768022874468798022e+01 2.925571079348777026e+00 9.534931745081652821e+01 2.925571079348777026e+00
5.499800000000000000e+04 1.067936535929479902e+02 9.576089806439631147e+00 1.020118782702351439e+02 4.445593075166165420e+00 9.725679520493949326e+01 4.445593075166165420e+00
5.500000000000000000e+04 1.153197243526884535e+02 9.576089806439631147e+00 1.091485432974360066e+02 8.592890108648159497e+00 9.942624000542298290e+01 8.592890108648159497e+00
5.500200000000000000e+04 1.320258626795394150e+02 9.576089806439631147e+00 1.139536439746016327e+02 1.429009848910063241e+01 9.937735874946248771e+01 1.429009848910063241e+01
5.500300000000000000e+04 1.342400206852787505e+02 9.576089806439631147e+00 1.151085315123441717e+02 1.760982062251375879e+01 9.828909195663038645e+01 1.760982062251375879e+01
5.500400000000000000e+04 1.382452883420785952e+02 9.576089806439631147e+00 1.154179847481165240e+02 2.129219655080816054e+01 9.653818898204983157e+01 2.129219655080816054e+01
5.500500000000000000e+04 1.440331327629899931e+02 9.576089806439631147e+00 1.151395633747395237e+02 2.535088559484978887e+01 9.437559456880096320e+01 2.535088559484978887e+01
5.500900000000000000e+04 1.519357076913429694e+02 9.576089806439631147e+00 1.087860002610198507e+02 4.587529006572047052e+01 8.255133116561614770e+01 4.587529006572047052e+01
5.501200000000000000e+04 1.610485458599030721e+02 9.576089806439631147e+00 9.936347282117320390e+01 6.324630839264761306e+01 7.142612246008147281e+01 6.324630839264761306e+01
5.501300000000000000e+04 1.488129968768299705e+02 9.576089806439631147e+00 9.577146890697252957e+01 6.898422483277093420e+01 6.765517379857884350e+01 6.898422483277093420e+01
5.501400000000000000e+04 1.709894888807023676e+02 9.576089806439631147e+00 9.161299847738462176e+01 7.360763934201824554e+01 6.361888512242121152e+01 7.360763934201824554e+01
5.501600000000000000e+04 1.733411400882933435e+02 9.576089806439631147e+00 8.254187297346132368e+01 8.935560844172952955e+01 5.543739832797152900e+01 7.904061503643441711e+01
5.501700000000000000e+04 1.741891999695657773e+02 9.576089806439631147e+00 7.886199974721087358e+01 9.691215145898890171e+01 5.211031447560955598e+01 8.104691983319403903e+01
5.501800000000000000e+04 1.680373725680254893e+02 9.576089806439631147e+00 7.569617041343481390e+01 1.042450999555438500e+02 4.922327896239417555e+01 8.266827592419855364e+01
5.501900000000000000e+04 1.758574756524745055e+02 9.576089806439631147e+00 7.274395977215711184e+01 1.111640412076089461e+02 4.656333247267679099e+01 8.381792962524767177e+01
5.502000000000000000e+04 1.898600424381879748e+02 9.576089806439631147e+00 6.966295818240213578e+01 1.175994905632669401e+02 4.390417961541074021e+01 8.451230400460953263e+01
5.502100000000000000e+04 2.016354670224532128e+02 9.576089806439631147e+00 6.633592268032556660e+01 1.234878716031474113e+02 4.117301454915962466e+01 8.476893537712527404e+01
5.502200000000000000e+04 1.998822724262035422e+02 9.576089806439631147e+00 6.295648146625855190e+01 1.285653146625340639e+02 3.849145005216814042e+01 8.447075493704311100e+01
5.502500000000000000e+04 1.883195134515975440e+02 9.576089806439631147e+00 5.361029148698244029e+01 1.377977040623372886e+02 3.137059333747742329e+01 8.021925538348081375e+01
5.502900000000000000e+04 1.780510031076155713e+02 9.576089806439631147e+00 4.274998596619514757e+01 1.388474655388397423e+02 2.366167303078713857e+01 7.016863149077371986e+01
5.503100000000000000e+04 1.843646286855519634e+02 9.576089806439631147e+00 3.801808065227204736e+01 1.346487191966836576e+02 2.048817721261307412e+01 6.383662120465699985e+01
5.503200000000000000e+04 1.561992074921669200e+02 9.576089806439631147e+00 3.585699986061701594e+01 1.320200229989146692e+02 1.907229695642826428e+01 6.071220409106924620e+01
5.503300000000000000e+04 1.658314846350653795e+02 9.576089806439631147e+00 3.412316789830905606e+01 1.288024091604952446e+02 1.791710107470335345e+01 5.750689772879200490e+01
5.503400000000000000e+04 1.513058605577503215e+02 9.576089806439631147e+00 3.262917818716081797e+01 1.246466220743697733e+02 1.691552365168480421e+01 5.407605235405802091e+01
5.503500000000000000e+04 1.403729872509277641e+02 9.576089806439631147e+00 3.119326352499992083e+01 1.195825839961570125e+02 1.596874529619285887e+01 5.045091848566411841e+01
5.503600000000000000e+04 1.519900773019099347e+02 9.576089806439631147e+00 2.991222875550683824e+01 1.147663826944594803e+02 1.512367877641758973e+01 4.712178857877579219e+01
5.503700000000000000e+04 1.247336065106961343e+02 9.576089806439631147e+00 2.872858363731000964e+01 1.107688832991125167e+02 1.434788638676704053e+01 4.429376730426811548e+01
5.503900000000000000e+04 1.472512756984774285e+02 9.576089806439631147e+00 2.629961253865884530e+01 1.041430122150668609e+02 1.282170619571031622e+01 3.957883260177526807e+01
5.504000000000000000e+04 1.088243229918038111e+02 9.576089806439631147e+00 2.513504673803043232e+01 1.006306627702883389e+02 1.210962883225882791e+01 3.731855267309912705e+01
5.504200000000000000e+04 1.190805572898645579e+02 9.576089806439631147e+00 2.297756866716792246e+01 9.249414918606019853e+01 1.081543224929825442e+01 3.271773254434290834e+01
5.504400000000000000e+04 1.091679443300655521e+02 9.576089806439631147e+00 2.095902353541774588e+01 8.441690644619733064e+01 9.643386980885679804e+00 2.854297894679026371e+01
5.504500000000000000e+04 8.525412163032353874e+01 9.576089806439631147e+00 1.995775735493150904e+01 8.060265181443082838e+01 9.080561577061848411e+00 2.666500433685580873e+01
5.504600000000000000e+04 9.672530029687678166e+01 9.576089806439631147e+00 1.893674722627003959e+01 7.686590792869156985e+01 8.521234229400151960e+00 2.489149440869678642e+01
5.504700000000000000e+04 1.103104060599640661e+02 9.576089806439631147e+00 1.788421016393624186e+01 7.319071661472007406e+01 7.960046289989414880e+00 2.321090328009672277e+01
5.504800000000000000e+04 9.332612133965994872e+01 9.576089806439631147e+00 1.682734742569378028e+01 6.957984820211302690e+01 7.409034476823465276e+00 2.161844031349393802e+01
5.505000000000000000e+04 6.793055601098740226e+01 9.576089806439631147e+00 1.458914683778806243e+01 6.268656105711581006e+01 6.288194800073795498e+00 1.871774791379593239e+01
5.505200000000000000e+04 7.323493727418021138e+01 9.576089806439631147e+00 1.224232979092212759e+01 5.640850134034209162e+01 5.167770414954748759e+00 1.621145241296402517e+01
5.505400000000000000e+04 6.769642049736148692e+01 9.576089806439631147e+00 1.005187422118112650e+01 5.190598701413944838e+01 4.157327640826142812e+00 1.437819510393208411e+01
5.505600000000000000e+04 7.577244503477982107e+01 9.576089806439631147e+00 8.178596974362113414e+00 4.808526206019311644e+01 3.315520380235053022e+00 1.285512695995495314e+01
5.505800000000000000e+04 4.393333047329620200e+01 9.576089806439631147e+00 6.615733913114580034e+00 4.470440512987323700e+01 2.629827455937498115e+00 1.154838137434221323e+01
5.506000000000000000e+04 5.535278248580709715e+01 9.576089806439631147e+00 5.282677456570951335e+00 4.118875631041482421e+01 2.059888564189253035e+00 1.029318450742000302e+01
5.506100000000000000e+04 4.312493400057073956e+01 9.576089806439631147e+00 4.701502355394228339e+00 3.956810501414379644e+01 1.815959130283463896e+00 9.729525124930155755e+00
5.506200000000000000e+04 3.710327285769284344e+01 9.576089806439631147e+00 4.173169991148903080e+00 3.798650028753336727e+01 1.596812745279095003e+00 9.193117411903516611e+00
5.506400000000000000e+04 4.597477805977008813e+01 9.576089806439631147e+00 3.253146927881633843e+00 3.493969720088310282e+01 1.221917543613490142e+00 8.196878933752826057e+00
5.506500000000000000e+04 2.701442407834785087e+01 9.576089806439631147e+00 2.856141473536149444e+00 3.340412126106613044e+01 1.063036946060080368e+00 7.718477340502571948e+00
5.506700000000000000e+04 4.351602417500762243e+01 9.576089806439631147e+00 2.185892622099788518e+00 3.016513305270203205e+01 7.990344961129509649e-01 6.766039346491002249e+00
5.506800000000000000e+04 4.546086629436538828e+01 9.576089806439631147e+00 1.904004588124417197e+00 2.848796783946665911e+01 6.898283870746817481e-01 6.297679305299944907e+00
5.506900000000000000e+04 2.013072380389684213e+01 9.576089806439631147e+00 1.651488219051993278e+00 2.675892770190813152e+01 5.930877954916861095e-01 5.831334425125919374e+00
5.507100000000000000e+04 2.657488881289209104e+01 9.576089806439631147e+00 1.231272440935893941e+00 2.292934460829392762e+01 4.345486239456022304e-01 4.858612330976595395e+00
5.507300000000000000e+04 3.164446126203556275e+01 9.576089806439631147e+00 9.106794867405999527e-01 1.916987165971784890e+01 3.159510589642119949e-01 3.952695855619067888e+00
5.507400000000000000e+04 2.696705290790124820e+01 9.576089806439631147e+00 7.816942644830503495e-01 1.736853460121647075e+01 2.689201451984696289e-01 3.533728494702221390e+00
5.507500000000000000e+04 1.097299029390139324e+01 9.576089806439631147e+00 6.685960664233606687e-01 1.570518825667792129e+01 2.280935985444418612e-01 3.153446761038001700e+00
5.507800000000000000e+04 1.793284146586505301e+01 9.576089806439631147e+00 4.149457804628206570e-01 1.157036366849505171e+01 1.381047141620609098e-01 2.235353337546873043e+00
5.508000000000000000e+04 -7.909251361899055865e+00 9.576089806439631147e+00 3.007590393136981288e-01 9.291320056447039732e+00 9.849760017656127020e-02 1.750905279560864836e+00
5.508100000000000000e+04 1.310497901993067238e+01 9.576089806439631147e+00 2.560434086092702177e-01 8.291773046166779793e+00 8.318738014801362046e-02 1.543565260740944023e+00
5.508200000000000000e+04 1.152187934137170089e+01 9.576089806439631147e+00 2.177017873853623608e-01 7.379703028295921285e+00 7.017301316464903682e-02 1.357290833487230675e+00
5.508400000000000000e+04 1.552155676919516125e+01 9.576089806439631147e+00 1.571353113274965296e-01 5.782660865040817555e+00 4.986444254227592049e-02 1.038629912071466377e+00
5.508500000000000000e+04 8.463748559094026902e+00 9.576089806439631147e+00 1.334669599806699303e-01 5.089726537684731156e+00 4.202762805578161287e-02 9.035814041510683570e-01
5.508800000000000000e+04 1.614653639836466370e+00 9.576089806439631147e+00 8.247556018606062855e-02 3.417618054941734318e+00 2.538464199561750803e-02 5.863541290134794970e-01
5.508900000000000000e+04 4.039981115227446296e+00 9.576089806439631147e+00 7.023768570278153545e-02 2.971230710792318153e+00 2.145658115601357940e-02 5.041246261679331875e-01
5.509000000000000000e+04 -4.011948097747389141e+00 9.576089806439631147e+00 5.981895978897520255e-02 2.573686245299088071e+00 1.813835800367798873e-02 4.318922875128805017e-01
5.509100000000000000e+04 1.052698718061832750e+01 9.576089806439631147e+00 5.096108957566579389e-02 2.225189864991781175e+00 1.533876746194622574e-02 3.693663303537618181e-01
5.509300000000000000e+04 8.408348197140137259e+00 9.576089806439631147e+00 3.692419661017014992e-02 1.652935734902197584e+00 1.095262713745783802e-02 2.685584001195801540e-01
5.509500000000000000e+04 1.394774741047877065e+01 9.576089806439631147e+00 2.677983596784557982e-02 1.218600684099122144e+00 7.830004347216196550e-03 1.938795587627756278e-01
5.509600000000000000e+04 2.037897124701373297e+00 9.576089806439631147e+00 2.279233837554225234e-02 1.041809469605701199e+00 6.616827885050855125e-03 1.640489778732280302e-01
5.509700000000000000e+04 -5.465330657973274775e+00 9.576089806439631147e+00 1.940163983668486206e-02 8.902755799762667177e-01 5.592785077591702451e-03 1.387618763608040040e-01
5.509800000000000000e+04 3.480164895229121758e+00 9.576089806439631147e+00 1.652728285311669612e-02 7.608102023484973886e-01 4.730874821351913062e-03 1.173890070377517636e-01
5.509900000000000000e+04 -2.301592008027135705e+00 9.576089806439631147e+00 1.406632472021617647e-02 6.492353057335964461e-01 3.998454947828823484e-03 9.917510118528233276e-02
5.510100000000000000e+04 -5.133405301355606021e+00 9.576089806439631147e+00 1.019084425242546173e-02 4.721156554744829204e-01 2.857113554350843541e-03 7.070927312581157254e-02
5.510400000000000000e+04 6.773216365770073466e+00 9.576089806439631147e+00 6.286189687546474801e-03 2.912940348661438028e-01 1.726894476100850886e-03 4.238477616093452860e-02
5.510700000000000000e+04 -3.086313678730128984e+01 9.576089806439631147e+00 3.852878580859763185e-03 1.803257476919230551e-01 1.037530654529236849e-03 2.551166821723855130e-02
5.510800000000000000e+04 -1.122175497658924215e+00 9.576089806439631147e+00 3.273663738942807124e-03 1.539216202115471499e-01 8.757902202812570909e-04 2.157694569627488165e-02
5.510900000000000000e+04 -8.932485372044203231e+00 9.576089806439631147e+00 2.779542066755107815e-03 1.312935959644842276e-01 7.387683124515371895e-04 1.823809398261154111e-02
5.511000000000000000e+04 -5.970334562973348413e-01 9.576089806439631147e+00 2.359579520721395793e-03 1.119952860262089372e-01 6.230988444615148105e-04 1.541760430312628938e-02
5.511100000000000000e+04 2.312869266628263176e+01 9.576089806439631147e+00 2.004202826807437686e-03 9.555995739025367752e-02 5.258591276927242816e-04 1.303795234265428885e-02
5.511400000000000000e+04 -1.948817228862117545e+01 9.576089806439631147e+00 1.227744884197009027e-03 5.921003190361869700e-02 3.160519228810185948e-04 7.868315024040898470e-03
