5.497400000000000000e+04 2.824126546885597833e+00 5.477651253507463736e+00 2.872527343123094101e-01 9.260775751072001066e-19 2.872527343123094101e-01 9.260775751072001066e-19
5.497600000000000000e+04 -3.390852191666095194e+00 5.477651253507463736e+00 1.958814406946931541e+00 9.260775358043454047e-19 1.958814406946931541e+00 9.260775358043454047e-19
5.498000000000000000e+04 1.028997776596997404e+01 5.477651253507463736e+00 9.740658635389692677e+00 9.260774071422035432e-19 9.740658635389692677e+00 9.260774071422035432e-19
5.498100000000000000e+04 8.636493853402322785e+00 5.477651253507463736e+00 1.261836908227294352e+01 9.260773599158055384e-19 1.261836908227294352e+01 9.260773599158055384e-19
5.498500000000000000e+04 2.934782248145432604e+01 5.477651253507463736e+00 2.761301931683333422e+01 9.260770735731008535e-19 2.761301931683333422e+01 9.260770735731008535e-19
5.498700000000000000e+04 3.349759771288633203e+01 5.477651253507463736e+00 3.698113532148148863e+01 9.260768451280118463e-19 3.698113532148148863e+01 9.260768451280118463e-19
5.498800000000000000e+04 4.625479795276515205e+01 5.477651253507463736e+00 4.209516568424355398e+01 9.260767003861789973e-19 4.209516568424355398e+01 9.260767003861789973e-19
5.498900000000000000e+04 4.941540893577415972e+01 5.477651253507463736e+00 4.711547825657126509e+01 9.260765305301220290e-19 4.711547825657126509e+01 9.260765305301220290e-19
5.499300000000000000e+04 6.636280598148137244e+01 5.477651253507463736e+00 6.549985504210982867e+01 -1.319528255753682142e-02 6.549985504210982867e+01 -1.319528255753682142e-02
5.499500000000000000e+04 6.593309459809583473e+01 5.477651253507463736e+00 6.925870503056015082e+01 7.975107901015551226e-01 6.925870503056015082e+01 7.975107901015551226e-01
5.499700000000000000e+04 8.389706207606175781e+01 5.477651253507463736e+00 7.447233358286608507e+01 2.848116343879942391e+00 6.841287481237441170e+01 2.848116343879942391e+00
5.499900000000000000e+04 8.381089829507797617e+01 5.477651253507463736e+00 7.657062633343176117e+01 6.151757690667355227e+00 6.504780932565140006e+01 6.151757690667355227e+00
5.500000000000000000e+04 9.448599892298021530e+01 5.477651253507463736e+00 7.720411070312313484e+01 8.279559840081237354e+00 6.320798198309262261e+01 8.279559840081237354e+00
5.500200000000000000e+04 8.846175808080266734e+01 5.477651253507463736e+00 7.747512973355964050e+01 1.348602709029784208e+01 5.914124484496770862e+01 1.348602709029784208e+01
5.500300000000000000e+04 8.502884218673399630e+01 5.477651253507463736e+00 7.622574097502429424e+01 1.655460456555931259e+01 5.628475033544589223e+01 1.655460456555931259e+01
5.500500000000000000e+04 9.820184263209617370e+01 5.477651253507463736e+00 7.215205892570649837e+01 2.347106641930833248e+01 5.000629460476246635e+01 2.347106641930833248e+01
5.500700000000000000e+04 1.037956963234558003e+02 5.477651253507463736e+00 6.823053813020061398e+01 3.143396502325926178e+01 4.455343955827151348e+01 3.143396502325926178e+01
5.500900000000000000e+04 1.024920611162111328e+02 5.477651253507463736e+00 6.379212576710136062e+01 4.004815651808557675e+01 3.937777404403901471e+01 4.004815651808557675e+01
5.501000000000000000e+04 1.056030771139407705e+02 5.477651253507463736e+00 6.135293940043644056e+01 4.412970439257524191e+01 3.686434766411487374e+01 4.412970439257524191e+01
5.501300000000000000e+04 1.084940216223218670e+02 5.477651253507463736e+00 5.387814828435595160e+01 5.567487678579335153e+01 2.997981993502793685e+01 5.567487678579335153e+01
5.501600000000000000e+04 1.054785295154238725e+02 5.477651253507463736e+00 4.398738144080094514e+01 6.522640774354483995e+01 2.279133005233092391e+01 5.880964673200113424e+01
5.501700000000000000e+04 1.052978024860289423e+02 5.477651253507463736e+00 4.091485005950256948e+01 6.766827777847564107e+01 2.072381963252022885e+01 5.815094359051825279e+01
5.501800000000000000e+04 1.074973708455669765e+02 5.477651253507463736e+00 3.805244286569522671e+01 6.928226478449219883e+01 1.885112345149930135e+01 5.687165416562561404e+01
5.501900000000000000e+04 9.960600160375950907e+01 5.477651253507463736e+00 3.525324203836324699e+01 7.037263677679152352e+01 1.708947422377729097e+01 5.529063792680368294e+01
5.502000000000000000e+04 1.007753829907692449e+02 5.477651253507463736e+00 3.254813701386846958e+01 7.131328399674001162e+01 1.544652967884242400e+01 5.372678468562872922e+01
5.502200000000000000e+04 9.121711936932595677e+01 5.477651253507463736e+00 2.759804991335409596e+01 7.221006061142031740e+01 1.256901635586821442e+01 5.027005811822255055e+01
5.502300000000000000e+04 9.441862497064091997e+01 5.477651253507463736e+00 2.534052603706076212e+01 7.133238723019981364e+01 1.131270102647213349e+01 4.784203778512900840e+01
5.502400000000000000e+04 9.145493791165438324e+01 5.477651253507463736e+00 2.325625113377320119e+01 6.968322758902515091e+01 1.018094207449878574e+01 4.508626217801651848e+01
5.502500000000000000e+04 8.680669671774356289e+01 5.477651253507463736e+00 2.135967456686776700e+01 6.801318454693850413e+01 9.172838121572022274e+00 4.250535041404809533e+01
5.502800000000000000e+04 7.311965233502451156e+01 5.477651253507463736e+00 1.653192040050403122e+01 6.288230580919390889e+01 6.716370971383953226e+00 3.565211684480627952e+01
5.502900000000000000e+04 7.392045498124475955e+01 5.477651253507463736e+00 1.521360227503283014e+01 6.086152503237490663e+01 6.071543353043900915e+00 3.347110793743316037e+01
5.503100000000000000e+04 7.004715241250359270e+01 5.477651253507463736e+00 1.298816377380300935e+01 5.644643333058640167e+01 5.006434182654020404e+00 2.928568905648892340e+01
5.503300000000000000e+04 5.589444996358491125e+01 5.477651253507463736e+00 1.124724559734189278e+01 5.189713106882935989e+01 4.192249869357422831e+00 2.548284694477374757e+01
5.503400000000000000e+04 6.769700343555518884e+01 5.477651253507463736e+00 1.056708132968627467e+01 4.903500543831009395e+01 3.874767751706000407e+00 2.344930616647468113e+01
5.503500000000000000e+04 5.562158536781754492e+01 5.477651253507463736e+00 9.970901931263012941e+00 4.579922716380666259e+01 3.597735703756966164e+00 2.134503123016181902e+01
5.503700000000000000e+04 5.173537984993657801e+01 5.477651253507463736e+00 8.995717463195996189e+00 3.971838105426169818e+01 3.145344712025503142e+00 1.761524668764219470e+01
5.503800000000000000e+04 5.221424624100194478e+01 5.477651253507463736e+00 8.605700576521263301e+00 3.700341722285019586e+01 2.963093496324381348e+00 1.602345493377440633e+01
5.503900000000000000e+04 4.920134900997130245e+01 5.477651253507463736e+00 8.262389612989110788e+00 3.433789865902570426e+01 2.802157021713587159e+00 1.452605309021069679e+01
5.504000000000000000e+04 4.110821725809014282e+01 5.477651253507463736e+00 7.941527830977611835e+00 3.175301557338593383e+01 2.653484246384680389e+00 1.312955022701605934e+01
5.504100000000000000e+04 3.601245824936872708e+01 5.477651253507463736e+00 7.633895407287278445e+00 2.931149107817245891e+01 2.513503025968822246e+00 1.185263194194796199e+01
5.504300000000000000e+04 3.596958981209684936e+01 5.477651253507463736e+00 7.053994829158758861e+00 2.482899436010222516e+01 2.256754227528354306e+00 9.615795872501312402e+00
5.504400000000000000e+04 3.015533541346802338e+01 5.477651253507463736e+00 6.752033883160347472e+00 2.281713308008182040e+01 2.129971270706062736e+00 8.653800763323966194e+00
5.504500000000000000e+04 2.418531496857287522e+01 5.477651253507463736e+00 6.438234341871378774e+00 2.098317278160744337e+01 2.002998789726357476e+00 7.796912403336219377e+00
5.504600000000000000e+04 2.093096496615824975e+01 5.477651253507463736e+00 6.134180372703193385e+00 1.927348293562351955e+01 1.882468299899572761e+00 7.019333690942685777e+00
5.504700000000000000e+04 1.890984171500467426e+01 5.477651253507463736e+00 5.839621213574302416e+00 1.770697415956696119e+01 1.768044749775525615e+00 6.323182351501767329e+00
5.504900000000000000e+04 9.211837879803191242e+00 5.477651253507463736e+00 5.260301534050555894e+00 1.501505714632423505e+01 1.551051834533994978e+00 5.160811850087315023e+00
5.505000000000000000e+04 1.331712729745549950e+01 5.477651253507463736e+00 4.942896173821224259e+00 1.386886833461658242e+01 1.438675292267899364e+00 4.679117401183376046e+00
5.505100000000000000e+04 1.852544879079767171e+01 5.477651253507463736e+00 4.611387293946862087e+00 1.284533644239763106e+01 1.325106192803267691e+00 4.255469055255916899e+00
5.505300000000000000e+04 8.637312825983554987e+00 5.477651253507463736e+00 3.956741541068457213e+00 1.114513674276535227e+01 1.108770342350714921e+00 3.563412388953809184e+00
5.505400000000000000e+04 8.346939443787743329e+00 5.477651253507463736e+00 3.634217878345819219e+00 1.048078836288778781e+01 1.005908494057323077e+00 3.293552588950100279e+00
5.505500000000000000e+04 2.219109631438611885e+01 5.477651253507463736e+00 3.327283189157571375e+00 9.898283800022801060e+00 9.098004280595362037e-01 3.058075348193420417e+00
5.505700000000000000e+04 1.136856251010910590e+01 5.477651253507463736e+00 2.760186120593028480e+00 8.945353509892150612e+00 7.368888778080757707e-01 2.673543005221677760e+00
5.505800000000000000e+04 1.105673226051252378e+01 5.477651253507463736e+00 2.491592221263129847e+00 8.564436146565066466e+00 6.574095826676078502e-01 2.518629471875724057e+00
5.505900000000000000e+04 7.465859504471765717e-01 5.477651253507463736e+00 2.235416889914308314e+00 8.229211954433228726e+00 5.830050588127172473e-01 2.381833468456548975e+00
5.506100000000000000e+04 1.392241411617551705e+01 5.477651253507463736e+00 1.767265075010073794e+00 7.614622206257877224e+00 4.505027589097987395e-01 2.136477572073498532e+00
5.506300000000000000e+04 7.555625339427135323e+00 5.477651253507463736e+00 1.370102158714891383e+00 7.046105923406281946e+00 3.415482990769190819e-01 1.918241093399101205e+00
5.506400000000000000e+04 1.240678446931681123e+01 5.477651253507463736e+00 1.202649715249609397e+00 6.749031480495081503e+00 2.965309531914898100e-01 1.810475580100153081e+00
5.506700000000000000e+04 1.337974498135860912e+01 5.477651253507463736e+00 7.958019948524041043e-01 5.848193877704204624e+00 1.899928740845295005e-01 1.502838037309196739e+00
5.506800000000000000e+04 -2.867133220899100721e+00 5.477651253507463736e+00 6.899627439117386185e-01 5.564247525289023777e+00 1.630009885761951050e-01 1.410102290207875919e+00
5.506900000000000000e+04 8.269623569721542111e+00 5.477651253507463736e+00 5.967430993914336623e-01 5.274293335586269116e+00 1.395185175518027509e-01 1.318394059353895864e+00
5.507000000000000000e+04 -5.339087587430746851e+00 5.477651253507463736e+00 5.149240052507390031e-01 4.958875448414420184e+00 1.191554736916271978e-01 1.222873998427714382e+00
5.507200000000000000e+04 8.911721261257589788e+00 5.477651253507463736e+00 3.818940565440323009e-01 4.299350564813123832e+00 8.659693020465177027e-02 1.032452882208663159e+00
5.507400000000000000e+04 1.039985545906173492e+01 5.477651253507463736e+00 2.816098260652021290e-01 3.653784098236830591e+00 6.259957145868536021e-02 8.550222199487245156e-01
5.507600000000000000e+04 4.761282837856506411e-01 5.477651253507463736e+00 2.045259231818084000e-01 3.059219461272564722e+00 4.458659039435906163e-02 6.980644381929893560e-01
5.507800000000000000e+04 8.557220366849394466e+00 5.477651253507463736e+00 1.480225148510027344e-01 2.509865346587185186e+00 3.165759871947924908e-02 5.587981452674666283e-01
5.508000000000000000e+04 4.176440417429422958e+00 5.477651253507463736e+00 1.068599168765190649e-01 2.008820377507996913e+00 2.242927217941729015e-02 4.366381267694606771e-01
5.508200000000000000e+04 6.937044981557798806e+00 5.477651253507463736e+00 7.692533860579200966e-02 1.573540514679154123e+00 1.585148843184322476e-02 3.341018188315121318e-01
5.508300000000000000e+04 -1.040558795589995889e+01 5.477651253507463736e+00 6.525105014112535240e-02 1.383158215706836280e+00 1.332425287277213925e-02 2.903160542153811474e-01
5.508400000000000000e+04 -4.879747049483402321e+00 5.477651253507463736e+00 5.528353134476769043e-02 1.214603524951028080e+00 1.118771474028273233e-02 2.520513102127663885e-01
5.508600000000000000e+04 1.501898884391973787e+01 5.477651253507463736e+00 3.978870772034368702e-02 9.260551655738508137e-01 7.910245647124551638e-03 1.879176194082168572e-01
5.508900000000000000e+04 7.404009609719207852e+00 5.477651253507463736e+00 2.456678290008770804e-02 6.038226354469513613e-01 4.758348966942117439e-03 1.185907399190323230e-01
5.509000000000000000e+04 -6.681332487216220528e+00 5.477651253507463736e+00 2.091092978398811225e-02 5.212188358932344778e-01 4.015798901434460173e-03 1.012821526378831216e-01
5.509200000000000000e+04 -3.630849828934811452e+00 5.477651253507463736e+00 1.514761232117107712e-02 3.868301589525831585e-01 2.860340487345981557e-03 7.360739067395399848e-02
5.509300000000000000e+04 7.402070054886090489e+00 5.477651253507463736e+00 1.289305590624885076e-02 3.324780055209793361e-01 2.414419350363810127e-03 6.261506768650819399e-02
5.509500000000000000e+04 -2.275480316309569151e+00 5.477651253507463736e+00 9.334906214198216909e-03 2.436395396461883689e-01 1.719580412830072277e-03 4.496038203067134059e-02
5.509600000000000000e+04 5.001765936649920086e+00 5.477651253507463736e+00 7.945787873973396420e-03 2.074394450579410687e-01 1.451847290194205504e-03 3.789860183520520065e-02
5.509700000000000000e+04 4.055335766015316423e+00 5.477651253507463736e+00 6.762030934605945190e-03 1.766833400764954154e-01 1.225634575374692737e-03 3.196098953721650954e-02
5.509800000000000000e+04 2.172575602313210563e+00 5.477651253507463736e+00 5.751406782061978251e-03 1.502232696751370777e-01 1.034155386379047173e-03 2.690895891155736103e-02
5.510000000000000000e+04 -2.471160194172721702e+00 5.477651253507463736e+00 4.166183002966112985e-03 1.085127210943014481e-01 7.373742460977353481e-04 1.906488135250469784e-02
5.510100000000000000e+04 9.511399857482750519e+00 5.477651253507463736e+00 3.544292005526627435e-03 9.208422843132876845e-02 6.224268341795411233e-04 1.602491851517653942e-02
5.510200000000000000e+04 1.182754967178849537e+00 5.477651253507463736e+00 3.017379161366837582e-03 7.815956376497050495e-02 5.258043306838589264e-04 1.347376516706674104e-02
5.510600000000000000e+04 -1.554702884941875363e-01 5.477651253507463736e+00 1.578553634265419383e-03 4.047061945874481231e-02 2.668395524086519138e-04 6.723708800055868025e-03
5.510900000000000000e+04 4.443853156463028142e+00 5.477651253507463736e+00 9.701266486102324465e-04 2.500676081211384433e-02 1.603886617199637324e-04 4.044596621900800083e-03
5.511100000000000000e+04 -8.253148767041102118e+00 5.477651253507463736e+00 7.015989364094279718e-04 1.813207272714434035e-02 1.143196079927424701e-04 2.881826458714869133e-03
5.511200000000000000e+04 -6.944864813814091598e+00 5.477651253507463736e+00 5.962377931325444540e-04 1.542999278033561905e-02 9.645587389153405797e-05 2.431289414244084020e-03
5.511400000000000000e+04 1.024883647284124066e+01 5.477651253507463736e+00 4.311785985690808000e-04 1.118477043438065657e-02 6.876820444588222371e-05 1.732586296944574550e-03
5.511500000000000000e+04 -1.557045337903091031e+01 5.477651253507463736e+00 3.664867004727627615e-04 9.515429382566088778e-03 5.804061642466235168e-05 1.461643350905561436e-03
5.511700000000000000e+04 -2.424299459262628353e+00 5.477651253507463736e+00 2.650624022908677638e-04 6.895812770141051054e-03 4.139733072045060849e-05 1.041789389068488794e-03
5.511800000000000000e+04 5.132922598477550613e-01 5.477651253507463736e+00 2.252907624168397913e-04 5.866445407222463729e-03 3.494412016400036890e-05 8.790320784221899346e-04
5.511900000000000000e+04 1.460509965940737676e+00 5.477651253507463736e+00 1.916867035310091869e-04 4.995084307575686604e-03 2.952906681710418518e-05 7.423979393072841892e-04
5.512000000000000000e+04 1.148111177747792810e+00 5.477651253507463736e+00 1.644597417540563623e-04 4.251284385984854461e-03 2.516312410348764490e-05 6.267681091830750026e-04
