5.497600000000000000e+04 -4.136647659271417865e+00 6.143036109589330884e+00 1.164140563987932975e+00 9.520325756554123191e-19 1.164140563987932975e+00 9.520325756554123191e-19
5.497900000000000000e+04 4.150377158919583032e+00 6.143036109589330884e+00 4.289077145657377521e+00 9.520325755457423570e-19 4.289077145657377521e+00 9.520325755457423570e-19
5.498300000000000000e+04 1.250291097659141037e+01 6.143036109589330884e+00 1.143383206421574805e+01 9.520325752878383818e-19 1.143383206421574805e+01 9.520325752878383818e-19
5.499200000000000000e+04 4.133669968102475423e+01 6.143036109589330884e+00 3.733751665722944324e+01 9.520325735306638118e-19 3.733751665722944324e+01 9.520325735306638118e-19
5.499500000000000000e+04 4.201429187540136212e+01 6.143036109589330884e+00 4.526446668391263017e+01 4.750117470036630540e-01 4.526446668391263017e+01 4.750117470036630540e-01
5.499600000000000000e+04 3.488514928746350563e+01 6.143036109589330884e+00 4.750204251648135312e+01 9.895194793897428287e-01 4.750204251648135312e+01 9.895194793897428287e-01
5.499800000000000000e+04 5.540460786279137295e+01 6.143036109589330884e+00 5.362828545849897210e+01 2.578142529034766373e+00 5.091672227927872996e+01 2.578142529034766373e+00
5.500200000000000000e+04 7.513540651100835532e+01 6.143036109589330884e+00 6.814804272156484899e+01 7.908141692815705781e+00 5.381775602163734362e+01 7.908141692815705781e+00
5.500700000000000000e+04 9.972280792836390617e+01 6.143036109589330884e+00 7.985532016103050523e+01 1.873915206413802537e+01 5.210622193247517231e+01 1.873915206413802537e+01
5.501100000000000000e+04 1.077835239365570459e+02 6.143036109589330884e+00 8.359639658485767200e+01 2.925015122101504517e+01 4.789065290588005297e+01 2.925015122101504517e+01
5.501600000000000000e+04 1.187504999149528828e+02 6.143036109589330884e+00 8.110967518308113711e+01 4.108664214911322432e+01 4.031611703369087962e+01 4.037673613900914660e+01
5.502200000000000000e+04 1.258867160617800636e+02 6.143036109589330884e+00 7.389845856970008242e+01 4.896226362208652461e+01 3.169741694238675578e+01 4.574509261839173746e+01
5.502800000000000000e+04 1.202381960698289447e+02 6.143036109589330884e+00 6.978938928919700402e+01 4.892968273383398525e+01 2.632666932167046880e+01 4.356762408364564010e+01
5.503000000000000000e+04 1.171088780248159225e+02 6.143036109589330884e+00 6.901040396686509837e+01 4.764296326205183618e+01 2.502725028100064719e+01 4.176802187811291844e+01
5.503300000000000000e+04 1.108830929765702251e+02 6.143036109589330884e+00 6.749948209099059682e+01 4.452602867108428342e+01 2.313864568316503068e+01 3.815330090771893623e+01
5.503800000000000000e+04 1.114284194799392935e+02 6.143036109589330884e+00 6.217620696801930080e+01 3.827934285297055794e+01 1.953108020902245556e+01 3.161009712206207212e+01
5.504200000000000000e+04 1.097488987922219792e+02 6.143036109589330884e+00 5.627548697868528649e+01 3.357474270096917479e+01 1.656882135661357935e+01 2.694280440102873797e+01
5.504400000000000000e+04 7.928868669582827522e+01 6.143036109589330884e+00 5.314211378890796311e+01 3.177796295210837130e+01 1.517055024046465839e+01 2.514614836259477570e+01
5.504600000000000000e+04 7.331134679215797689e+01 6.143036109589330884e+00 5.019008635145740982e+01 3.032171949030150415e+01 1.390504162668881349e+01 2.366457079047457057e+01
5.505000000000000000e+04 7.408226154671150709e+01 6.143036109589330884e+00 4.542767581093788465e+01 2.800562938856446138e+01 1.188425964160150627e+01 2.127316273885055153e+01
5.505600000000000000e+04 6.919365691490330050e+01 6.143036109589330884e+00 4.121668648595555595e+01 2.446694600529800212e+01 9.950825172612551839e+00 1.786921713993679006e+01
5.505900000000000000e+04 6.120784012695627752e+01 6.143036109589330884e+00 3.955787314758708106e+01 2.229231114452303686e+01 9.195652533626304859e+00 1.597332410025009253e+01
5.506300000000000000e+04 6.061646513812387838e+01 6.143036109589330884e+00 3.777770967470010532e+01 1.928063116368765151e+01 8.367487622413662507e+00 1.347579353739864416e+01
5.506500000000000000e+04 4.677774905266837635e+01 6.143036109589330884e+00 3.701762149608337182e+01 1.787665658649917333e+01 8.010164788539839265e+00 1.234283857320632016e+01
5.506700000000000000e+04 6.212430403339019591e+01 6.143036109589330884e+00 3.626327425389109038e+01 1.661937717990191032e+01 7.670155917078735897e+00 1.133713063202608851e+01
5.507000000000000000e+04 4.834803149155951019e+01 6.143036109589330884e+00 3.519298405808159202e+01 1.507462381588866585e+01 7.200455628366551508e+00 1.010162069536128193e+01
5.507400000000000000e+04 4.542320478328208821e+01 6.143036109589330884e+00 3.368303709036499782e+01 1.365802898040663216e+01 6.603708294373577203e+00 8.941650930150663257e+00
5.507900000000000000e+04 4.795999310517368031e+01 6.143036109589330884e+00 3.134514387917591449e+01 1.228267244063100883e+01 5.840457257125583723e+00 7.816304653582359485e+00
5.508300000000000000e+04 3.674852013202709600e+01 6.143036109589330884e+00 2.876531229493632580e+01 1.142658899675285689e+01 5.155149271873892936e+00 7.112364479051613841e+00
5.509100000000000000e+04 3.480962756391672031e+01 6.143036109589330884e+00 2.076324311277745593e+01 1.005176969629164851e+01 3.457107999615824934e+00 5.994224438293109358e+00
