5.497400000000000000e+04 2.692832294017441619e+00 5.194158978394230353e+00 2.872527343123094101e-01 9.260775751072001066e-19 2.872527343123094101e-01 9.260775751072001066e-19
5.497600000000000000e+04 -3.113983679059168175e+00 5.194158978394230353e+00 1.958814406946931541e+00 9.260775358043454047e-19 1.958814406946931541e+00 9.260775358043454047e-19
5.498000000000000000e+04 1.026154811192952998e+01 5.194158978394230353e+00 9.740658635389692677e+00 9.260774071422035432e-19 9.740658635389692677e+00 9.260774071422035432e-19
5.498100000000000000e+04 8.842573213990814196e+00 5.194158978394230353e+00 1.261836908227294352e+01 9.260773599158055384e-19 1.261836908227294352e+01 9.260773599158055384e-19
5.498500000000000000e+04 2.925803887288721938e+01 5.194158978394230353e+00 2.761301931683333422e+01 9.260770735731008535e-19 2.761301931683333422e+01 9.260770735731008535e-19
5.498700000000000000e+04 3.367788593431532007e+01 5.194158978394230353e+00 3.698113532148148863e+01 9.260768451280118463e-19 3.698113532148148863e+01 9.260768451280118463e-19
5.498800000000000000e+04 4.603951889229511352e+01 5.194158978394230353e+00 4.209516568424355398e+01 9.260767003861789973e-19 4.209516568424355398e+01 9.260767003861789973e-19
5.498900000000000000e+04 4.929637752054259892e+01 5.194158978394230353e+00 4.711547825657126509e+01 9.260765305301220290e-19 4.711547825657126509e+01 9.260765305301220290e-19
5.499300000000000000e+04 6.631746160406642332e+01 5.194158978394230353e+00 6.549985504210982867e+01 -1.319528255753682142e-02 6.549985504210982867e+01 -1.319528255753682142e-02
5.499500000000000000e+04 6.614648405314819968e+01 5.194158978394230353e+00 6.925870503056015082e+01 7.975107901015551226e-01 6.925870503056015082e+01 7.975107901015551226e-01
5.499700000000000000e+04 8.149382339706687617e+01 5.194158978394230353e+00 7.240946318481151422e+01 2.848116343879942391e+00 6.841287481237441170e+01 2.848116343879942391e+00
5.499900000000000000e+04 7.983175746144075902e+01 5.194158978394230353e+00 7.264782084735347212e+01 6.151757690667355227e+00 6.504780932565140006e+01 6.151757690667355227e+00
5.500000000000000000e+04 8.925527434639769808e+01 5.194158978394230353e+00 7.243929577204147563e+01 8.279559840081237354e+00 6.320798198309262261e+01 8.279559840081237354e+00
5.500200000000000000e+04 8.234956060312458703e+01 5.194158978394230353e+00 7.123357750084305451e+01 1.348602709029784208e+01 5.914124484496770862e+01 1.348602709029784208e+01
5.500300000000000000e+04 7.864134399786723861e+01 5.194158978394230353e+00 6.943706877568661184e+01 1.655460456555931259e+01 5.628475033544589223e+01 1.655460456555931259e+01
5.500500000000000000e+04 9.052912171979559730e+01 5.194158978394230353e+00 6.461279784806048099e+01 2.347106641930833248e+01 5.000629460476246635e+01 2.347106641930833248e+01
5.500700000000000000e+04 9.552130356833480107e+01 5.194158978394230353e+00 6.016995258851704165e+01 3.143396502325926178e+01 4.455343955827151348e+01 3.143396502325926178e+01
5.500900000000000000e+04 9.425026284987787051e+01 5.194158978394230353e+00 5.548055119175170802e+01 4.004815651808557675e+01 3.937777404403901471e+01 4.004815651808557675e+01
5.501000000000000000e+04 9.725999546425319409e+01 5.194158978394230353e+00 5.301609069888110071e+01 4.412970439257524191e+01 3.686434766411487374e+01 4.412970439257524191e+01
5.501300000000000000e+04 1.004129290781726240e+02 5.194158978394230353e+00 4.574224770609076529e+01 5.567487678579335153e+01 2.997981993502793685e+01 5.567487678579335153e+01
5.501600000000000000e+04 9.992155025308257166e+01 5.194158978394230353e+00 3.677143879294453654e+01 6.669205519624962619e+01 2.279133005233092391e+01 5.880964673200113424e+01
5.501700000000000000e+04 1.007678840910419069e+02 5.194158978394230353e+00 3.404105479962302638e+01 6.984212476826157001e+01 2.072381963252022885e+01 5.815094359051825279e+01
5.501800000000000000e+04 1.037867903931000910e+02 5.194158978394230353e+00 3.151558290453380806e+01 7.211696282098286304e+01 1.885112345149930135e+01 5.687165416562561404e+01
5.501900000000000000e+04 9.717878629453402084e+01 5.194158978394230353e+00 2.906960413256303610e+01 7.381750454674818229e+01 1.708947422377729097e+01 5.529063792680368294e+01
5.502000000000000000e+04 9.912997962476723046e+01 5.194158978394230353e+00 2.672609896281730002e+01 7.533020279283584841e+01 1.544652967884242400e+01 5.372678468562872922e+01
5.502200000000000000e+04 9.155658458594440674e+01 5.194158978394230353e+00 2.248159486161176801e+01 7.722135972457772368e+01 1.256901635586821442e+01 5.027005811822255055e+01
5.502300000000000000e+04 9.512510130858944990e+01 5.194158978394230353e+00 2.056492048226219538e+01 7.669779989951639720e+01 1.131270102647213349e+01 4.784203778512900840e+01
5.502400000000000000e+04 9.269861045620258722e+01 5.194158978394230353e+00 1.880491826306478131e+01 7.530140156091812287e+01 1.018094207449878574e+01 4.508626217801651848e+01
5.502500000000000000e+04 8.861686860279321820e+01 5.194158978394230353e+00 1.721081159062981314e+01 7.383940934378398424e+01 9.172838121572022274e+00 4.250535041404809533e+01
5.502800000000000000e+04 7.632346382828293940e+01 5.194158978394230353e+00 1.319033377950449015e+01 6.910193234983135824e+01 6.716370971383953226e+00 3.565211684480627952e+01
5.502900000000000000e+04 7.717588795154294701e+01 5.194158978394230353e+00 1.210129745677404500e+01 6.711774915721034063e+01 6.071543353043900915e+00 3.347110793743316037e+01
5.503100000000000000e+04 7.350193019346622236e+01 5.194158978394230353e+00 1.027087922373064366e+01 6.265019806286842652e+01 5.006434182654020404e+00 2.928568905648892340e+01
5.503300000000000000e+04 5.990114247377034218e+01 5.194158978394230353e+00 8.845456527246485123e+00 5.793039741173918600e+01 4.192249869357422831e+00 2.548284694477374757e+01
5.503400000000000000e+04 7.084374794399852249e+01 5.194158978394230353e+00 8.288763067708229570e+00 5.487901535171886991e+01 3.874767751706000407e+00 2.344930616647468113e+01
5.503500000000000000e+04 5.904516890036433807e+01 5.194158978394230353e+00 7.801233574639040214e+00 5.138479126906355532e+01 3.597735703756966164e+00 2.134503123016181902e+01
5.503700000000000000e+04 5.463588578128582895e+01 5.194158978394230353e+00 7.004027904262756010e+00 4.476694099329456833e+01 3.145344712025503142e+00 1.761524668764219470e+01
5.503800000000000000e+04 5.474346096899523673e+01 5.194158978394230353e+00 6.684742359877297702e+00 4.179543429057468984e+01 2.963093496324381348e+00 1.602345493377440633e+01
5.503900000000000000e+04 5.152605283418984783e+01 5.194158978394230353e+00 6.403518613835309736e+00 3.886310708412938908e+01 2.802157021713587159e+00 1.452605309021069679e+01
5.504000000000000000e+04 4.348857359200287931e+01 5.194158978394230353e+00 6.141276523484346939e+00 3.600678698490315099e+01 2.653484246384680389e+00 1.312955022701605934e+01
5.504100000000000000e+04 3.830532948795205073e+01 5.194158978394230353e+00 5.890718950458453840e+00 3.329925567998724034e+01 2.513503025968822246e+00 1.185263194194796199e+01
5.504300000000000000e+04 3.759976214394036020e+01 5.194158978394230353e+00 5.420831537803298517e+00 2.830382933848652272e+01 2.256754227528354306e+00 9.615795872501312402e+00
5.504400000000000000e+04 3.178650846349166059e+01 5.194158978394230353e+00 5.178507846871617026e+00 2.605216893298693748e+01 2.129971270706062736e+00 8.653800763323966194e+00
5.504500000000000000e+04 2.585473741969840944e+01 5.194158978394230353e+00 4.928311347845161450e+00 2.399503638371873038e+01 2.002998789726357476e+00 7.796912403336219377e+00
5.504600000000000000e+04 2.251416977264141650e+01 5.194158978394230353e+00 4.686735756238513240e+00 2.207244374984433577e+01 1.882468299899572761e+00 7.019333690942685777e+00
5.504700000000000000e+04 2.036385742432456070e+01 5.194158978394230353e+00 4.453501614660897445e+00 2.030713730037848563e+01 1.768044749775525615e+00 6.323182351501767329e+00
5.504900000000000000e+04 1.077245401693106430e+01 5.194158978394230353e+00 3.997531756428209793e+00 1.726585774350639824e+01 1.551051834533994978e+00 5.160811850087315023e+00
5.505000000000000000e+04 1.450755245577402519e+01 5.194158978394230353e+00 3.749926009554471307e+00 1.596789228491601698e+01 1.438675292267899364e+00 4.679117401183376046e+00
5.505100000000000000e+04 1.931336746375241731e+01 5.194158978394230353e+00 3.492612126064129630e+00 1.480734145277395797e+01 1.325106192803267691e+00 4.255469055255916899e+00
5.505300000000000000e+04 9.734060243692187697e+00 5.194158978394230353e+00 2.987183746739223711e+00 1.287687257744629044e+01 1.108770342350714921e+00 3.563412388953809184e+00
5.505400000000000000e+04 9.392316435552739762e+00 5.194158978394230353e+00 2.739441326324185244e+00 1.212241936412189958e+01 1.005908494057323077e+00 3.293552588950100279e+00
5.505500000000000000e+04 2.246645479211766627e+01 5.194158978394230353e+00 2.504280044064510324e+00 1.146065055723224368e+01 9.098004280595362037e-01 3.058075348193420417e+00
5.505700000000000000e+04 1.212973456908780356e+01 5.194158978394230353e+00 2.071378729257670859e+00 1.037789292868624536e+01 7.368888778080757707e-01 2.673543005221677760e+00
5.505800000000000000e+04 1.181318830656121399e+01 5.194158978394230353e+00 1.867166639194630218e+00 9.945354204189955638e+00 6.574095826676078502e-01 2.518629471875724057e+00
5.505900000000000000e+04 2.022588281532154753e+00 5.194158978394230353e+00 1.672873009201008232e+00 9.564807181924917856e+00 5.830050588127172473e-01 2.381833468456548975e+00
5.506100000000000000e+04 1.449040490198125752e+01 5.194158978394230353e+00 1.318989064554335400e+00 8.865881013340858985e+00 4.505027589097987395e-01 2.136477572073498532e+00
5.506300000000000000e+04 8.421257023026127442e+00 5.194158978394230353e+00 1.019943276508355590e+00 8.217357589534088902e+00 3.415482990769190819e-01 1.918241093399101205e+00
5.506400000000000000e+04 1.299574794335081052e+01 5.194158978394230353e+00 8.941724003326068093e-01 7.877043239454561530e+00 2.965309531914898100e-01 1.810475580100153081e+00
5.506700000000000000e+04 1.381741957690872269e+01 5.194158978394230353e+00 5.895615120902587547e-01 6.840713266709572693e+00 1.899928740845295005e-01 1.502838037309196739e+00
5.506800000000000000e+04 -1.625616742795241265e+00 5.194158978394230353e+00 5.105649053981240471e-01 6.513092646840104472e+00 1.630009885761951050e-01 1.410102290207875919e+00
5.506900000000000000e+04 8.893393517903440681e+00 5.194158978394230353e+00 4.410864490428870743e-01 6.177857249987354749e+00 1.395185175518027509e-01 1.318394059353895864e+00
5.507000000000000000e+04 -4.060871107806591773e+00 5.194158978394230353e+00 3.801893335321006040e-01 5.812212669268328469e+00 1.191554736916271978e-01 1.222873998427714382e+00
5.507200000000000000e+04 9.338434904934000969e+00 5.194158978394230353e+00 2.813636752626918480e-01 5.045540154567615510e+00 8.659693020465177027e-02 1.032452882208663159e+00
5.507400000000000000e+04 1.062999508398744197e+01 5.194158978394230353e+00 2.070503995206560421e-01 4.293047148592107121e+00 6.259957145868536021e-02 8.550222199487245156e-01
5.507600000000000000e+04 1.105259760657372858e+00 5.194158978394230353e+00 1.500764867571328653e-01 3.598529066039215962e+00 4.458659039435906163e-02 6.980644381929893560e-01
5.507800000000000000e+04 8.657930967006171485e+00 5.194158978394230353e+00 1.084074683671819445e-01 2.955507107052589344e+00 3.165759871947924908e-02 5.587981452674666283e-01
5.508000000000000000e+04 4.400144653629435965e+00 5.194158978394230353e+00 7.811651185782587936e-02 2.367921317505179868e+00 2.242927217941729015e-02 4.366381267694606771e-01
5.508200000000000000e+04 6.925748897015493455e+00 5.194158978394230353e+00 5.613347543930058414e-02 1.856639754947698950e+00 1.585148843184322476e-02 3.341018188315121318e-01
5.508300000000000000e+04 -9.560154665411772612e+00 5.194158978394230353e+00 4.757319193499130738e-02 1.632773454191932316e+00 1.332425287277213925e-02 2.903160542153811474e-01
5.508400000000000000e+04 -4.356632821738649852e+00 5.194158978394230353e+00 4.027163701611720381e-02 1.434459336798864948e+00 1.118771474028273233e-02 2.520513102127663885e-01
5.508600000000000000e+04 1.444942226141694697e+01 5.194158978394230353e+00 2.893606588596194656e-02 1.094652595388859506e+00 7.910245647124551638e-03 1.879176194082168572e-01
5.508900000000000000e+04 7.157429696707478861e+00 5.194158978394230353e+00 1.782323804893754318e-02 7.146540799050208337e-01 4.758348966942117439e-03 1.185907399190323230e-01
5.509000000000000000e+04 -6.217321230632007811e+00 5.194158978394230353e+00 1.515918417617871661e-02 6.171362510818726443e-01 4.015798901434460173e-03 1.012821526378831216e-01
5.509200000000000000e+04 -3.354773544682677855e+00 5.194158978394230353e+00 1.096455731594808518e-02 4.583731308087648504e-01 2.860340487345981557e-03 7.360739067395399848e-02
5.509300000000000000e+04 7.094927051405543139e+00 5.194158978394230353e+00 9.325729189154302948e-03 3.941171918183932199e-01 2.414419350363810127e-03 6.261506768650819399e-02
5.509500000000000000e+04 -2.101834178921548446e+00 5.194158978394230353e+00 6.742359460074679595e-03 2.890196933936726165e-01 1.719580412830072277e-03 4.496038203067134059e-02
5.509600000000000000e+04 4.790563828078685304e+00 5.194158978394230353e+00 5.735003329611134196e-03 2.461641388016847509e-01 1.451847290194205504e-03 3.789860183520520065e-02
5.509700000000000000e+04 3.886119719765336544e+00 5.194158978394230353e+00 4.877230889926612196e-03 2.097392609742436964e-01 1.225634575374692737e-03 3.196098953721650954e-02
5.509800000000000000e+04 2.094767929100203485e+00 5.194158978394230353e+00 4.145474860926657776e-03 1.783893966553294630e-01 1.034155386379047173e-03 2.690895891155736103e-02
5.510000000000000000e+04 -2.318171868167266503e+00 5.194158978394230353e+00 2.998885996246788369e-03 1.289434334477247146e-01 7.373742460977353481e-04 1.906488135250469784e-02
5.510100000000000000e+04 9.040470675273704515e+00 5.194158978394230353e+00 2.549577890392959803e-03 1.094568769735680680e-01 6.224268341795411233e-04 1.602491851517653942e-02
5.510200000000000000e+04 1.139670120227253003e+00 5.194158978394230353e+00 2.169152255725772735e-03 9.293439732517889962e-02 5.258043306838589264e-04 1.347376516706674104e-02
5.510600000000000000e+04 -1.379862487923680103e-01 5.194158978394230353e+00 1.131996234889946166e-03 4.817872539483677302e-02 2.668395524086519138e-04 6.723708800055868025e-03
5.510900000000000000e+04 4.219721132031254207e+00 5.194158978394230353e+00 6.944610179650217811e-04 2.979471262975121743e-02 1.603886617199637324e-04 4.044596621900800083e-03
5.511100000000000000e+04 -7.821754335526314605e+00 5.194158978394230353e+00 5.016667002368149341e-04 2.161536976068419505e-02 1.143196079927424701e-04 2.881826458714869133e-03
5.511200000000000000e+04 -6.581809549732852815e+00 5.194158978394230353e+00 4.260930053330348505e-04 1.839901662939337837e-02 9.645587389153405797e-05 2.431289414244084020e-03
5.511400000000000000e+04 9.721051376066530025e+00 5.194158978394230353e+00 3.078003064970683943e-04 1.334373655118122580e-02 6.876820444588222371e-05 1.732586296944574550e-03
5.511500000000000000e+04 -1.476236871508924153e+01 5.194158978394230353e+00 2.614799135172586456e-04 1.135498846240361528e-02 5.804061642466235168e-05 1.461643350905561436e-03
5.511700000000000000e+04 -2.297199843460322022e+00 5.194158978394230353e+00 1.889182988821182967e-04 8.232925753016375262e-03 4.139733072045060849e-05 1.041789389068488794e-03
5.511800000000000000e+04 4.881167968964212900e-01 5.194158978394230353e+00 1.604895204998812476e-04 7.005616653867271192e-03 3.494412016400036890e-05 8.790320784221899346e-04
5.511900000000000000e+04 1.386106809480501134e+00 5.194158978394230353e+00 1.364820720176141474e-04 5.966437133649768985e-03 2.952906681710418518e-05 7.423979393072841892e-04
5.512000000000000000e+04 1.089700416142472816e+00 5.194158978394230353e+00 1.170378712563438018e-04 5.079157364084685086e-03 2.516312410348764490e-05 6.267681091830750026e-04
