5.497500000000000000e+04 -2.258379669988392457e+00 7.905033447097157051e+00 9.676860811788584593e-01 1.550059251352647235e-18 9.676860811788584593e-01 1.550059251352647235e-18
5.497600000000000000e+04 -6.129907305818470320e+00 7.905033447097157051e+00 2.014654457448330049e+00 1.550059221086075950e-18 2.014654457448330049e+00 1.550059221086075950e-18
5.497900000000000000e+04 -8.752381685313705972e-01 7.905033447097157051e+00 7.421511495175619366e+00 1.550059094973972802e-18 7.421511495175619366e+00 1.550059094973972802e-18
5.498000000000000000e+04 1.432531561258354103e+01 7.905033447097157051e+00 1.010928248076253944e+01 1.550059037574012029e-18 1.010928248076253944e+01 1.550059037574012029e-18
5.498100000000000000e+04 2.905925247961447155e+01 7.905033447097157051e+00 1.326427468792255127e+01 1.550058970214539617e-18 1.326427468792255127e+01 1.550058970214539617e-18
5.498200000000000000e+04 1.472460869972173647e+01 7.905033447097157051e+00 1.681188057541250913e+01 1.550058891167473899e-18 1.681188057541250913e+01 1.550058891167473899e-18
5.498400000000000000e+04 2.600151699994101762e+01 7.905033447097157051e+00 2.504964300095078400e+01 1.550058689547010832e-18 2.504964300095078400e+01 1.550058689547010832e-18
5.498500000000000000e+04 3.338684318426951592e+01 7.905033447097157051e+00 2.982457128805857849e+01 1.550058561801121860e-18 2.982457128805857849e+01 1.550058561801121860e-18
5.498700000000000000e+04 3.707418828977124292e+01 7.905033447097157051e+00 4.097582893337165899e+01 1.550058235967616748e-18 4.097582893337165899e+01 1.550058235967616748e-18
5.499000000000000000e+04 5.203538853388789676e+01 7.905033447097157051e+00 6.053040193995693841e+01 1.550057502950129748e-18 6.053040193995693841e+01 1.550057502950129748e-18
5.499200000000000000e+04 8.451510139861166238e+01 7.905033447097157051e+00 7.440742163840896239e+01 1.550056777795506162e-18 7.440742163840896239e+01 1.550056777795506162e-18
5.499300000000000000e+04 8.683212123767508217e+01 7.905033447097157051e+00 8.115791156796579742e+01 5.023439304780431998e-03 8.115791156796579742e+01 5.023439304780431998e-03
5.499400000000000000e+04 8.842864656035661142e+01 7.905033447097157051e+00 8.659722275531558466e+01 2.635029007712635374e-01 8.659722275531558466e+01 2.635029007712635374e-01
5.499600000000000000e+04 8.977241073647957137e+01 7.905033447097157051e+00 9.298895886639343189e+01 1.712456288831080142e+00 9.298895886639343189e+01 1.712456288831080142e+00
5.499700000000000000e+04 9.318675518999815210e+01 7.905033447097157051e+00 9.692504875490683958e+01 2.925571079348777026e+00 9.534931745081652821e+01 2.925571079348777026e+00
5.499800000000000000e+04 1.051944138204654280e+02 7.905033447097157051e+00 1.004713033070866715e+02 4.445593075166165420e+00 9.725679520493949326e+01 4.445593075166165420e+00
5.500000000000000000e+04 1.125924406807668703e+02 7.905033447097157051e+00 1.059986641407234629e+02 8.592890108648159497e+00 9.942624000542298290e+01 8.592890108648159497e+00
5.500200000000000000e+04 1.266433755147911455e+02 7.905033447097157051e+00 1.092311481180199024e+02 1.429009848910063241e+01 9.937735874946248771e+01 1.429009848910063241e+01
5.500300000000000000e+04 1.285252410464838135e+02 7.905033447097157051e+00 1.096592875942232581e+02 1.760982062251375879e+01 9.828909195663038645e+01 1.760982062251375879e+01
5.500400000000000000e+04 1.318606394095043868e+02 7.905033447097157051e+00 1.093012165934573972e+02 2.129219655080816054e+01 9.653818898204983157e+01 2.129219655080816054e+01
5.500500000000000000e+04 1.366877121180236543e+02 7.905033447097157051e+00 1.084123516649191998e+02 2.535088559484978887e+01 9.437559456880096320e+01 2.535088559484978887e+01
5.500900000000000000e+04 1.439116942010715832e+02 7.905033447097157051e+00 1.002863644355515476e+02 4.587529006572047052e+01 8.255133116561614770e+01 4.587529006572047052e+01
5.501200000000000000e+04 1.522697073143436057e+02 7.905033447097157051e+00 9.031219402919495565e+01 6.324630839264761306e+01 7.142612246008147281e+01 6.324630839264761306e+01
5.501300000000000000e+04 1.424857910581950478e+02 7.905033447097157051e+00 8.666221472451321972e+01 6.898422483277093420e+01 6.765517379857884350e+01 6.898422483277093420e+01
5.501400000000000000e+04 1.609131379450383577e+02 7.905033447097157051e+00 8.254332933428290175e+01 7.360763934201824554e+01 6.361888512242121152e+01 7.360763934201824554e+01
5.501600000000000000e+04 1.577726849444709956e+02 7.905033447097157051e+00 7.376043331094754762e+01 8.282051572380036930e+01 5.543739832797152900e+01 7.904061503643441711e+01
5.501700000000000000e+04 1.557471759088536487e+02 7.905033447097157051e+00 7.019485850371823688e+01 8.686068990276844204e+01 5.211031447560955598e+01 8.104691983319403903e+01
5.501800000000000000e+04 1.478677653454136873e+02 7.905033447097157051e+00 6.711935414932497679e+01 9.057504316899284902e+01 4.922327896239417555e+01 8.266827592419855364e+01
5.501900000000000000e+04 1.514549844020856995e+02 7.905033447097157051e+00 6.426183267085198736e+01 9.383883627109116787e+01 4.656333247267679099e+01 8.381792962524767177e+01
5.502000000000000000e+04 1.600988211304856463e+02 7.905033447097157051e+00 6.131750368735522727e+01 9.663701163184590825e+01 4.390417961541074021e+01 8.451230400460953263e+01
5.502100000000000000e+04 1.668914036807051104e+02 7.905033447097157051e+00 5.818352119026460656e+01 9.895738202990648347e+01 4.117301454915962466e+01 8.476893537712527404e+01
5.502200000000000000e+04 1.625608135024085641e+02 7.905033447097157051e+00 5.503018147283337669e+01 1.006290838924375208e+02 3.849145005216814042e+01 8.447075493704311100e+01
5.502500000000000000e+04 1.451741510796160810e+02 7.905033447097157051e+00 4.640496579936964849e+01 1.013187179994191638e+02 3.137059333747742329e+01 8.021925538348081375e+01
5.502900000000000000e+04 1.289738783743102886e+02 7.905033447097157051e+00 3.656566140377981355e+01 9.533579949812448717e+01 2.366167303078713857e+01 7.016863149077371986e+01
5.503100000000000000e+04 1.317806977060146210e+02 7.905033447097157051e+00 3.233865718590823946e+01 8.978551785993597889e+01 2.048817721261307412e+01 6.383662120465699985e+01
5.503200000000000000e+04 1.076217647899795224e+02 7.905033447097157051e+00 3.041901009198375760e+01 8.684275629927211071e+01 1.907229695642826428e+01 6.071220409106924620e+01
5.503300000000000000e+04 1.149044053595459047e+02 7.905033447097157051e+00 2.887264746433929119e+01 8.363293989654192728e+01 1.791710107470335345e+01 5.750689772879200490e+01
5.503400000000000000e+04 1.025464661880056667e+02 7.905033447097157051e+00 2.753819188376719751e+01 7.993644164492076243e+01 1.691552365168480421e+01 5.407605235405802091e+01
5.503500000000000000e+04 9.345724532050067523e+01 7.905033447097157051e+00 2.626074998375861469e+01 7.578402532485257836e+01 1.596874529619285887e+01 5.045091848566411841e+01
5.503600000000000000e+04 1.030665177226148899e+02 7.905033447097157051e+00 2.512096233046099769e+01 7.190996223511643848e+01 1.512367877641758973e+01 4.712178857877579219e+01
5.503700000000000000e+04 8.053532172427486557e+01 7.905033447097157051e+00 2.406945532502102836e+01 6.865338895101167793e+01 1.434788638676704053e+01 4.429376730426811548e+01
5.503900000000000000e+04 9.904666273795979237e+01 7.905033447097157051e+00 2.193297482014071775e+01 6.323819691840400736e+01 1.282170619571031622e+01 3.957883260177526807e+01
5.504000000000000000e+04 6.744904420292225211e+01 7.905033447097157051e+00 2.091500842647464253e+01 6.051909959270307837e+01 1.210962883225882791e+01 3.731855267309912705e+01
5.504200000000000000e+04 7.663894105502735954e+01 7.905033447097157051e+00 1.903722049522666993e+01 5.462263441624445193e+01 1.081543224929825442e+01 3.271773254434290834e+01
5.504400000000000000e+04 6.944104950534415366e+01 7.905033447097157051e+00 1.729292851065794423e+01 4.901782451018421227e+01 9.643386980885679804e+00 2.854297894679026371e+01
5.504500000000000000e+04 5.022872146243179259e+01 7.905033447097157051e+00 1.643371050768497810e+01 4.643030546353698895e+01 9.080561577061848411e+00 2.666500433685580873e+01
5.504600000000000000e+04 6.026129331861190508e+01 7.905033447097157051e+00 1.556227861426319237e+01 4.393737390376467289e+01 8.521234229400151960e+00 2.489149440869678642e+01
5.504700000000000000e+04 7.207362883048291735e+01 7.905033447097157051e+00 1.466893123306552660e+01 4.152586707648511322e+01 7.960046289989414880e+00 2.321090328009672277e+01
5.504800000000000000e+04 5.868127402734894815e+01 7.905033447097157051e+00 1.377595654042756657e+01 3.919376503955405866e+01 7.409034476823465276e+00 2.161844031349393802e+01
5.505000000000000000e+04 3.901536648021748732e+01 7.905033447097157051e+00 1.189976398074980146e+01 3.482999738336746987e+01 6.288194800073795498e+00 1.871774791379593239e+01
5.505200000000000000e+04 4.467599484765990780e+01 7.905033447097157051e+00 9.950279599524442631e+00 3.094154936025648084e+01 5.167770414954748759e+00 1.621145241296402517e+01
5.505400000000000000e+04 4.100944402991321169e+01 7.905033447097157051e+00 8.142130320578448988e+00 2.813015023013712934e+01 4.157327640826142812e+00 1.437819510393208411e+01
5.505600000000000000e+04 4.847242517018672459e+01 7.905033447097157051e+00 6.603033741941528589e+00 2.576511212902213899e+01 3.315520380235053022e+00 1.285512695995495314e+01
5.505800000000000000e+04 2.292488638882592156e+01 7.905033447097157051e+00 5.324360532448488392e+00 2.369831420120358345e+01 2.629827455937498115e+00 1.154838137434221323e+01
5.506000000000000000e+04 3.318485037443697649e+01 7.905033447097157051e+00 4.238542620031011232e+00 2.161478099382737739e+01 2.059888564189253035e+00 1.029318450742000302e+01
5.506100000000000000e+04 2.348549543519300897e+01 7.905033447097157051e+00 3.766630012125917748e+00 2.066378985992886896e+01 1.815959130283463896e+00 9.729525124930155755e+00
5.506200000000000000e+04 1.890880090768666477e+01 7.905033447097157051e+00 3.338469226806639600e+00 1.974437260391501425e+01 1.596812745279095003e+00 9.193117411903516611e+00
5.506400000000000000e+04 2.701573290879255396e+01 7.905033447097157051e+00 2.595059342271713643e+00 1.799671041964959883e+01 1.221917543613490142e+00 8.196878933752826057e+00
5.506500000000000000e+04 1.177370084943233053e+01 7.905033447097157051e+00 2.275202738417315906e+00 1.713091022300305610e+01 1.063036946060080368e+00 7.718477340502571948e+00
5.506700000000000000e+04 2.629381664078694314e+01 7.905033447097157051e+00 1.736571574076935631e+00 1.534057225297297222e+01 7.990344961129509649e-01 6.766039346491002249e+00
5.506800000000000000e+04 2.837920552790858153e+01 7.905033447097157051e+00 1.510629870900277005e+00 1.442924891348680383e+01 6.898283870746817481e-01 6.297679305299944907e+00
5.506900000000000000e+04 7.973914321293078089e+00 7.905033447097157051e+00 1.308582496663442507e+00 1.350019286290415010e+01 5.930877954916861095e-01 5.831334425125919374e+00
5.507100000000000000e+04 1.444670207716628241e+01 7.905033447097157051e+00 9.731459796007690954e-01 1.148058198935503427e+01 4.345486239456022304e-01 4.858612330976595395e+00
5.507300000000000000e+04 1.979295730131000397e+01 7.905033447097157051e+00 7.179964750826314246e-01 9.528987669063610610e+00 3.159510589642119949e-01 3.952695855619067888e+00
5.507400000000000000e+04 1.649727981352128481e+01 7.905033447097157051e+00 6.155632087112145046e-01 8.603454771477460739e+00 2.689201451984696289e-01 3.533728494702221390e+00
5.507500000000000000e+04 3.820538215171326080e+00 7.905033447097157051e+00 5.258799321517521053e-01 7.752997574386460755e+00 2.280935985444418612e-01 3.153446761038001700e+00
5.507800000000000000e+04 1.089106527506226385e+01 7.905033447097157051e+00 3.252534639127701022e-01 5.656141948851836077e+00 1.381047141620609098e-01 2.235353337546873043e+00
5.508000000000000000e+04 -9.697997134807138764e+00 7.905033447097157051e+00 2.352293934870626768e-01 4.514069333892222424e+00 9.849760017656127020e-02 1.750905279560864836e+00
5.508100000000000000e+04 7.978391979165694536e+00 7.905033447097157051e+00 2.000406709031228858e-01 4.016427263107841483e+00 8.318738014801362046e-02 1.543565260740944023e+00
5.508200000000000000e+04 6.973733718106410961e+00 7.905033447097157051e+00 1.699046968219640463e-01 3.564187057296034133e+00 7.017301316464903682e-02 1.357290833487230675e+00
5.508400000000000000e+04 1.080916271727696554e+01 7.905033447097157051e+00 1.223811729756730110e-01 2.777066880030069740e+00 4.986444254227592049e-02 1.038629912071466377e+00
5.508500000000000000e+04 5.216493158047901701e+00 7.905033447097157051e+00 1.038420000217950417e-01 2.437582662894949959e+00 4.202762805578161287e-02 9.035814041510683570e-01
5.508800000000000000e+04 1.314168472588392866e-01 7.905033447097157051e+00 6.397896654519075188e-02 1.623862931901993045e+00 2.538464199561750803e-02 5.863541290134794970e-01
5.508900000000000000e+04 2.286891403328882966e+00 7.905033447097157051e+00 5.443334594519470826e-02 1.408188799421725257e+00 2.145658115601357940e-02 5.041246261679331875e-01
5.509000000000000000e+04 -4.222739982188119967e+00 7.905033447097157051e+00 4.631507548713517664e-02 1.216746735318581241e+00 1.813835800367798873e-02 4.318922875128805017e-01
5.509100000000000000e+04 7.899888293680787044e+00 7.905033447097157051e+00 3.941999621851006996e-02 1.049427710771820399e+00 1.533876746194622574e-02 3.693663303537618181e-01
5.509300000000000000e+04 6.350461366926339224e+00 7.905033447097157051e+00 2.850980108144669789e-02 7.758596298646666112e-01 1.095262713745783802e-02 2.685584001195801540e-01
5.509500000000000000e+04 1.107579196081460360e+01 7.905033447097157051e+00 2.064037725603312320e-02 5.693857693657725649e-01 7.830004347216196550e-03 1.938795587627756278e-01
5.509600000000000000e+04 1.306705958298328252e+00 7.905033447097157051e+00 1.755171773114821976e-02 4.857018724198271520e-01 6.616827885050855125e-03 1.640489778732280302e-01
5.509700000000000000e+04 -4.833470138974303332e+00 7.905033447097157051e+00 1.492777983897520221e-02 4.141519860047714885e-01 5.592785077591702451e-03 1.387618763608040040e-01
5.509800000000000000e+04 2.597050272171909313e+00 7.905033447097157051e+00 1.270542514437219411e-02 3.531689171996361676e-01 4.730874821351913062e-03 1.173890070377517636e-01
5.509900000000000000e+04 -2.135963193506413393e+00 7.905033447097157051e+00 1.080448725269023136e-02 3.007431355572195431e-01 3.998454947828823484e-03 9.917510118528233276e-02
5.510100000000000000e+04 -4.410134914546930851e+00 7.905033447097157051e+00 7.814826474232388145e-03 2.178035271826240238e-01 2.857113554350843541e-03 7.070927312581157254e-02
5.510400000000000000e+04 5.484024164605168394e+00 7.905033447097157051e+00 4.809047026544562876e-03 1.335968827618551347e-01 1.726894476100850886e-03 4.238477616093452860e-02
5.510700000000000000e+04 -2.554428225597917290e+01 7.905033447097157051e+00 2.940748452258703984e-03 8.224285770301076326e-02 1.037530654529236849e-03 2.551166821723855130e-02
5.510800000000000000e+04 -9.835456743338599761e-01 7.905033447097157051e+00 2.496789001547009175e-03 7.007428413496960551e-02 8.757902202812570909e-04 2.157694569627488165e-02
5.510900000000000000e+04 -7.422631557441528471e+00 7.905033447097157051e+00 2.118362249671269706e-03 5.966696871484484382e-02 7.387683124515371895e-04 1.823809398261154111e-02
5.511000000000000000e+04 -5.346437148811175044e-01 7.905033447097157051e+00 1.796986056611046345e-03 5.080822756245802901e-02 6.230988444615148105e-04 1.541760430312628938e-02
5.511100000000000000e+04 1.905693073869257148e+01 7.905033447097157051e+00 1.525241837375625751e-03 4.327791191859679809e-02 5.258591276927242816e-04 1.303795234265428885e-02
5.511400000000000000e+04 -1.610970433037637761e+01 7.905033447097157051e+00 9.323701597189214306e-04 2.668234459230432037e-02 3.160519228810185948e-04 7.868315024040898470e-03
