5.497600000000000000e+04 -4.279898712435663555e+00 6.309048475158534508e+00 1.164140563987932975e+00 9.520325756554123191e-19 1.164140563987932975e+00 9.520325756554123191e-19
5.497900000000000000e+04 4.146628863696832923e+00 6.309048475158534508e+00 4.289077145657377521e+00 9.520325755457423570e-19 4.289077145657377521e+00 9.520325755457423570e-19
5.498300000000000000e+04 1.253180227985863127e+01 6.309048475158534508e+00 1.143383206421574805e+01 9.520325752878383818e-19 1.143383206421574805e+01 9.520325752878383818e-19
5.499200000000000000e+04 4.144477552858295155e+01 6.309048475158534508e+00 3.733751665722944324e+01 9.520325735306638118e-19 3.733751665722944324e+01 9.520325735306638118e-19
5.499500000000000000e+04 4.191362064032555423e+01 6.309048475158534508e+00 4.526446668391263017e+01 4.750117470036630540e-01 4.526446668391263017e+01 4.750117470036630540e-01
5.499600000000000000e+04 3.451744303922779267e+01 6.309048475158534508e+00 4.750204251648135312e+01 9.895194793897428287e-01 4.750204251648135312e+01 9.895194793897428287e-01
5.499800000000000000e+04 5.494215301929799011e+01 6.309048475158534508e+00 5.318749938811627942e+01 2.578142529034766373e+00 5.091672227927872996e+01 2.578142529034766373e+00
5.500200000000000000e+04 7.278102136656242749e+01 6.309048475158534508e+00 6.581854112251498634e+01 7.908141692815705781e+00 5.381775602163734362e+01 7.908141692815705781e+00
5.500700000000000000e+04 9.524246492556227395e+01 6.309048475158534508e+00 7.534448447091564560e+01 1.873915206413802537e+01 5.210622193247517231e+01 1.873915206413802537e+01
5.501100000000000000e+04 1.018424469170005437e+02 6.309048475158534508e+00 7.779214516008585178e+01 2.925015122101504517e+01 4.789065290588005297e+01 2.925015122101504517e+01
5.501600000000000000e+04 1.139493686872553866e+02 6.309048475158534508e+00 7.447835922061551628e+01 4.300994831285404274e+01 4.031611703369087962e+01 4.037673613900914660e+01
5.502200000000000000e+04 1.278244686331006079e+02 6.309048475158534508e+00 6.703834502061849321e+01 5.767835382719307091e+01 3.169741694238675578e+01 4.574509261839173746e+01
5.502800000000000000e+04 1.277411470896358310e+02 6.309048475158534508e+00 6.272417993341198184e+01 6.345678956975871188e+01 2.632666932167046880e+01 4.356762408364564010e+01
5.503000000000000000e+04 1.258880075354001491e+02 6.309048475158534508e+00 6.186059398832536260e+01 6.355959280810849066e+01 2.502725028100064719e+01 4.176802187811291844e+01
5.503300000000000000e+04 1.209062670326283921e+02 6.309048475158534508e+00 6.028827679474612466e+01 6.179128127167273021e+01 2.313864568316503068e+01 3.815330090771893623e+01
5.503800000000000000e+04 1.228612435965234226e+02 6.309048475158534508e+00 5.524390386362502881e+01 5.634793396107780694e+01 1.953108020902245556e+01 3.161009712206207212e+01
5.504200000000000000e+04 1.217995333357121126e+02 6.309048475158534508e+00 4.982085400473215486e+01 5.154225900352059853e+01 1.656882135661357935e+01 2.694280440102873797e+01
5.504400000000000000e+04 9.093110405123086082e+01 6.309048475158534508e+00 4.696953539904438202e+01 4.974514409335245091e+01 1.517055024046465839e+01 2.514614836259477570e+01
5.504600000000000000e+04 8.525415406281693720e+01 6.309048475158534508e+00 4.429166495362370171e+01 4.835753683102132072e+01 1.390504162668881349e+01 2.366457079047457057e+01
5.505000000000000000e+04 8.688692307930018899e+01 6.309048475158534508e+00 3.997492784850811631e+01 4.624550117479700617e+01 1.188425964160150627e+01 2.127316273885055153e+01
5.505600000000000000e+04 8.208083483709393136e+01 6.309048475158534508e+00 3.613417310361882073e+01 4.234178071979713565e+01 9.950825172612551839e+00 1.786921713993679006e+01
5.505900000000000000e+04 7.337451774329188936e+01 6.309048475158534508e+00 3.462225371777594773e+01 3.941196720866420833e+01 9.195652533626304859e+00 1.597332410025009253e+01
5.506300000000000000e+04 7.165845868028161192e+01 6.309048475158534508e+00 3.299684515092478421e+01 3.500733276538205274e+01 8.367487622413662507e+00 1.347579353739864416e+01
5.506500000000000000e+04 5.683545650793440984e+01 6.309048475158534508e+00 3.230222966900051773e+01 3.286910085729178377e+01 8.010164788539839265e+00 1.234283857320632016e+01
5.506700000000000000e+04 7.203689370987819984e+01 6.309048475158534508e+00 3.161523641053354439e+01 3.093025383023312358e+01 7.670155917078735897e+00 1.133713063202608851e+01
5.507000000000000000e+04 5.721881054871389694e+01 6.309048475158534508e+00 3.064257686079922394e+01 2.854768562671965171e+01 7.200455628366551508e+00 1.010162069536128193e+01
5.507400000000000000e+04 5.374721897123740177e+01 6.309048475158534508e+00 2.928107772609226345e+01 2.643583173947797960e+01 6.603708294373577203e+00 8.941650930150663257e+00
5.507900000000000000e+04 5.603154393972825886e+01 6.309048475158534508e+00 2.719915507145495681e+01 2.438313725160610090e+01 5.840457257125583723e+00 7.816304653582359485e+00
5.508300000000000000e+04 4.450571764273433217e+01 6.309048475158534508e+00 2.492729330287177447e+01 2.311486108989950594e+01 5.155149271873892936e+00 7.112364479051613841e+00
5.509100000000000000e+04 4.309719685819408852e+01 6.309048475158534508e+00 1.794999378541495005e+01 2.104463592547290318e+01 3.457107999615824934e+00 5.994224438293109358e+00
