5.497600000000000000e+04 -2.828264277829346085e+00 4.626762299193040384e+00 1.164140563987932975e+00 9.520325756554123191e-19 1.164140563987932975e+00 9.520325756554123191e-19
5.497900000000000000e+04 4.184612210389415665e+00 4.626762299193040384e+00 4.289077145657377521e+00 9.520325755457423570e-19 4.289077145657377521e+00 9.520325755457423570e-19
5.498300000000000000e+04 1.223903228091652373e+01 4.626762299193040384e+00 1.143383206421574805e+01 9.520325752878383818e-19 1.143383206421574805e+01 9.520325752878383818e-19
5.499200000000000000e+04 4.034958901232845108e+01 4.626762299193040384e+00 3.733751665722944324e+01 9.520325735306638118e-19 3.733751665722944324e+01 9.520325735306638118e-19
5.499500000000000000e+04 4.293377252181176829e+01 4.626762299193040384e+00 4.526446668391263017e+01 4.750117470036630540e-01 4.526446668391263017e+01 4.750117470036630540e-01
5.499600000000000000e+04 3.824359401660915836e+01 4.626762299193040384e+00 4.750204251648135312e+01 9.895194793897428287e-01 4.750204251648135312e+01 9.895194793897428287e-01
5.499800000000000000e+04 5.306193499666585467e+01 4.626762299193040384e+00 5.108770087020439377e+01 2.578142529034766373e+00 5.091672227927872996e+01 2.578142529034766373e+00
5.500200000000000000e+04 6.193599503221570046e+01 4.626762299193040384e+00 5.472135740046228847e+01 7.908141692815705781e+00 5.381775602163734362e+01 7.908141692815705781e+00
5.500700000000000000e+04 7.344493412730615489e+01 4.626762299193040384e+00 5.385595129557285787e+01 1.873915206413802537e+01 5.210622193247517231e+01 1.873915206413802537e+01
5.501100000000000000e+04 7.557891522192069544e+01 4.626762299193040384e+00 5.014209140783671614e+01 2.925015122101504517e+01 4.789065290588005297e+01 2.925015122101504517e+01
5.501600000000000000e+04 8.330451164309823753e+01 4.626762299193040384e+00 4.288836950587283781e+01 4.301143505616306584e+01 4.031611703369087962e+01 4.037673613900914660e+01
5.502200000000000000e+04 9.432260389332353157e+01 4.626762299193040384e+00 3.435841879118312647e+01 5.768509149020150772e+01 3.169741694238675578e+01 4.574509261839173746e+01
5.502800000000000000e+04 9.367940755838755251e+01 4.626762299193040384e+00 2.906722675171394243e+01 6.346801923214686525e+01 2.632666932167046880e+01 4.356762408364564010e+01
5.503000000000000000e+04 9.171559837831794937e+01 4.626762299193040384e+00 2.780062384622162597e+01 6.357189659152375327e+01 2.502725028100064719e+01 4.176802187811291844e+01
5.503300000000000000e+04 8.688002473170823237e+01 4.626762299193040384e+00 2.593583416817572385e+01 6.180462756009346492e+01 2.313864568316503068e+01 3.815330090771893623e+01
5.503800000000000000e+04 8.684644255233052945e+01 4.626762299193040384e+00 2.222008400542166484e+01 5.636190124171154281e+01 1.953108020902245556e+01 3.161009712206207212e+01
5.504200000000000000e+04 8.561580639585214669e+01 4.626762299193040384e+00 1.907253942980653250e+01 5.155614815187685451e+01 1.656882135661357935e+01 2.694280440102873797e+01
5.504400000000000000e+04 6.308248896067200917e+01 4.626762299193040384e+00 1.756486082872985932e+01 4.975903298262418417e+01 1.517055024046465839e+01 2.514614836259477570e+01
5.504600000000000000e+04 5.914130337656405345e+01 4.626762299193040384e+00 1.619300816431514178e+01 4.837147877706179599e+01 1.390504162668881349e+01 2.366457079047457057e+01
5.505000000000000000e+04 6.074772836085737282e+01 4.626762299193040384e+00 1.399935180519825373e+01 4.625960085785681031e+01 1.188425964160150627e+01 2.127316273885055153e+01
5.505600000000000000e+04 5.692155535327057692e+01 4.626762299193040384e+00 1.192230529610716339e+01 4.235559822395367036e+01 9.950825172612551839e+00 1.786921713993679006e+01
5.505900000000000000e+04 5.005155862893049346e+01 4.626762299193040384e+00 1.111015326801153869e+01 3.942520094886953785e+01 9.195652533626304859e+00 1.597332410025009253e+01
5.506300000000000000e+04 4.792132878628412129e+01 4.626762299193040384e+00 1.022195974530066032e+01 3.501948973176640578e+01 8.367487622413662507e+00 1.347579353739864416e+01
5.506500000000000000e+04 3.660678887962009043e+01 4.626762299193040384e+00 9.839240397841768626e+00 3.288069023220558051e+01 8.010164788539839265e+00 1.234283857320632016e+01
5.506700000000000000e+04 4.737497484432071815e+01 4.626762299193040384e+00 9.473105271482035405e+00 3.094131634357984950e+01 7.670155917078735897e+00 1.133713063202608851e+01
5.507000000000000000e+04 3.607786403857942048e+01 4.626762299193040384e+00 8.965534570298324013e+00 2.855810049715319110e+01 7.200455628366551508e+00 1.010162069536128193e+01
5.507400000000000000e+04 3.331243500228853094e+01 4.626762299193040384e+00 8.311205105155158535e+00 2.644570916467127475e+01 6.603708294373577203e+00 8.941650930150663257e+00
5.507900000000000000e+04 3.510402943019688848e+01 4.626762299193040384e+00 7.448664439630830358e+00 2.439249108482986017e+01 5.840457257125583723e+00 7.816304653582359485e+00
5.508300000000000000e+04 2.717433488195441171e+01 4.626762299193040384e+00 6.643896587866453984e+00 2.312389629222777288e+01 5.155149271873892936e+00 7.112364479051613841e+00
5.509100000000000000e+04 2.861011780207251576e+01 4.626762299193040384e+00 4.548352569793389755e+00 2.105313356907297262e+01 3.457107999615824934e+00 5.994224438293109358e+00
