Inference for Stan model: anon_model_ecc96bcd87b207086d802dbe6527f8f0.
8 chains, each with iter=25000; warmup=5000; thin=3; 
post-warmup draws per chain=6667, total post-warmup draws=53336.

        mean se_mean     sd    2.5%    16%    50%    84%  97.5%  n_eff   Rhat
meanr  3.771   0.077   0.16   3.344  3.751  3.821   3.87  3.921      4  3.763
sigr   0.469   0.003  0.013   0.446  0.456  0.468  0.482  0.499     25  1.101
meang  3.839   0.056   0.12   3.716  3.756  3.805  3.869  4.169      5  2.926
sigg   0.496   0.054  0.109   0.432  0.443  0.457  0.482  0.794      4  7.923
meani  3.716   0.048  0.111   3.374   3.68  3.742  3.788  3.841      5  2.018
sigi   0.427    0.03   0.07   0.364  0.381  0.405   0.46  0.642      5   1.92
c0r    1.202   0.126  0.404   0.681   0.79  1.095  1.755  1.974     10   1.29
c1r   -3.017   0.161  1.064  -4.887 -4.295 -2.931 -1.898 -1.255     43  1.065
c2r   -2.943   0.317  1.447  -4.938 -4.499 -3.167 -1.345  0.169     21  1.127
c3r   -3.166    0.25    1.1  -4.881 -4.397 -3.276 -1.922 -1.084     19  1.135
c4r    -0.19   0.131  0.665   -1.33 -0.898 -0.225  0.501  1.134     26  1.103
c0g    1.039   0.105  0.351   0.418  0.762  0.985  1.395  1.838     11  1.258
c1g    -3.07   0.542  1.454  -4.939 -4.551 -3.366 -1.517  0.133      7  1.498
c2g   -0.107   0.108   1.94  -3.783 -2.156 -0.182  1.966  3.533    323  1.024
c3g   -1.781   0.017   1.44  -4.678 -3.367 -1.694 -0.271  0.747   7463  1.002
c4g    0.978   0.431    1.3  -1.526 -0.491  1.104  2.281   3.28      9  1.343
c0i    1.364   0.129  0.403   0.463  0.954  1.416  1.783  1.964     10  1.302
c1i   -3.363   0.245   1.18   -4.93 -4.567 -3.567 -2.177 -0.589     23  1.106
c2i    0.523   0.363  2.497  -4.413 -2.324  0.783  3.162  4.603     47  1.059
c3i    0.994   0.101  1.912  -3.087 -1.108  1.243  2.949  4.061    361  1.019
c4i    3.185   0.107  1.114   0.904  1.954  3.284  4.397  4.898    108  1.032
mu     0.986   0.318  0.675   0.722  0.735  0.748  0.767  3.254      4  3.032
dt     19.52   2.702  5.408   4.742 21.327 21.538 21.684 21.821      4 25.503
t0    -4.532   0.003  0.411  -4.984 -4.907 -4.642 -4.146 -3.476  14679  1.001
lp__  -832.2  116.62 233.30 -1.45e3 -752.4 -744.4 -740.1 -736.9      4 55.187

Samples were drawn using NUTS at Sat Aug 15 04:23:59 2020.
For each parameter, n_eff is a crude measure of effective sample size,
and Rhat is the potential scale reduction factor on split chains (at 
convergence, Rhat=1).