Inference for Stan model: anon_model_ecc96bcd87b207086d802dbe6527f8f0.
8 chains, each with iter=25000; warmup=5000; thin=3; 
post-warmup draws per chain=6667, total post-warmup draws=53336.

        mean se_mean     sd   2.5%    16%    50%    84%  97.5%  n_eff   Rhat
meanr  3.795 6.84e-4  0.072  3.653  3.726  3.793  3.867  3.942  11244  1.001
sigr   0.482 1.27e-4  0.019   0.45  0.464  0.481  0.501  0.524  22480  1.001
meang  3.835 7.24e-4  0.082  3.672  3.751  3.837  3.918  3.987  12753  1.001
sigg    0.48 1.96e-4  0.021  0.444  0.458  0.478  0.502  0.526  12050  1.001
meani  3.667   0.003  0.213  3.096  3.479  3.724  3.816  3.946   5965  1.001
sigi   0.498   0.001  0.109  0.383  0.413  0.458  0.635   0.77   5478  1.001
c0r    0.703   0.004  0.267  0.426  0.484  0.616  0.936  1.431   4040  1.007
c1r   -3.267   0.013  1.148 -4.923 -4.522 -3.417 -1.938 -0.972   7773  1.004
c2r   -1.383   0.015   2.01 -4.792 -3.734 -1.326  0.823  2.193  17841    1.0
c3r   -2.144    0.01  1.387 -4.543 -3.775 -2.087 -0.614  0.254  18964  1.001
c4r    0.395   0.008  0.908 -1.249 -0.584  0.391  1.342  2.149  13114  1.001
c0g    0.754   0.004  0.268  0.484  0.538  0.664  0.987  1.504   3792  1.006
c1g   -3.347   0.017  1.158 -4.939 -4.586 -3.536   -2.0 -0.954   4401  1.004
c2g    0.684   0.019  2.331 -3.987 -2.127  1.112   3.03  4.285  14394    1.0
c3g   -1.453   0.015  1.674  -4.77 -3.509 -1.133  0.271  0.964  13243    1.0
c4g    1.284    0.01  1.234 -1.255   -0.1  1.415  2.553  3.358  14633  1.001
c0i    0.878   0.002   0.37  0.422  0.523  0.787  1.262  1.808  27392    1.0
c1i   -2.806    0.01  1.346 -4.888 -4.304 -2.916  -1.31 -0.123  16659  1.001
c2i   -0.293   0.029  2.803 -4.767 -3.571 -0.346  2.956  4.576   9563  1.001
c3i    0.388   0.021  2.125 -3.514 -2.006  0.465  2.689  4.177  10572  1.001
c4i    1.704   0.018  1.639 -1.495 -0.032  1.725  3.478  4.602   8209  1.001
mu     0.951 2.58e-4   0.04  0.871  0.911  0.951  0.991  1.028  24064    1.0
dt    15.714   0.002  0.235 15.244  15.48 15.719 15.947 16.162  12944    1.0
t0    -4.563   0.002   0.39 -4.988 -4.917  -4.67 -4.198 -3.556  36614    1.0
lp__  -744.5   0.035    4.7 -754.6 -749.1 -744.1 -739.8 -736.3  18454  1.001

Samples were drawn using NUTS at Fri Aug 14 18:37:45 2020.
For each parameter, n_eff is a crude measure of effective sample size,
and Rhat is the potential scale reduction factor on split chains (at 
convergence, Rhat=1).