Inference for Stan model: anon_model_ecc96bcd87b207086d802dbe6527f8f0.
8 chains, each with iter=25000; warmup=5000; thin=3; 
post-warmup draws per chain=6667, total post-warmup draws=53336.

        mean se_mean     sd   2.5%    16%    50%    84%  97.5%  n_eff   Rhat
meanr  3.695   0.004  0.183    3.3  3.524  3.705  3.861  4.034   1953  1.007
sigr   0.593 5.21e-4  0.068   0.48  0.525  0.586  0.661  0.744  16791  1.001
meang   3.27   0.003  0.277  2.787  2.961   3.27  3.573  3.741  11424  1.001
sigg   0.507 6.74e-4  0.065  0.394  0.443  0.501  0.572  0.648   9319  1.002
meani  3.455   0.003  0.291  2.919  3.163  3.446  3.741  4.056  11792  1.001
sigi   0.682   0.002  0.087  0.479   0.59  0.698  0.771  0.796   1926  1.005
c0r    0.779   0.011   0.38  0.408  0.455  0.638  1.164  1.824   1220  1.009
c1r   -2.259   0.019  1.176 -4.579 -3.548 -2.196 -1.023 -0.246   3997  1.002
c2r   -2.274   0.028  1.958  -4.89 -4.336 -2.632 -0.045  1.908   5033  1.002
c3r    -2.67   0.018  1.432 -4.738 -4.143 -2.903 -1.087  0.355   6362  1.001
c4r    -0.47   0.009  0.994 -2.039 -1.483  -0.57  0.539    1.7  11277  1.002
c0g    0.737   0.005  0.347  0.407  0.453  0.611  1.056  1.729   4900  1.001
c1g   -1.995   0.017  1.616 -4.732 -3.755 -2.067 -0.321  1.371   8820  1.001
c2g   -0.495   0.039  2.756 -4.751 -3.617 -0.731  2.766  4.575   4921  1.002
c3g   -0.033   0.018  2.577 -4.541 -3.001  0.049   2.79  4.569  19810    1.0
c4g    0.432   0.017  1.851 -3.506 -1.425  0.502  2.352  3.757  12205  1.001
c0i    0.796   0.002  0.373  0.409  0.465  0.671  1.178  1.787  32206  1.001
c1i   -2.316   0.022  1.404 -4.772 -3.821 -2.362 -0.827  0.476   3968  1.003
c2i   -1.513    0.02  2.326 -4.827  -3.96 -1.865  1.083  3.509  13859  1.001
c3i    1.042   0.037  2.325 -3.385 -1.547  1.155  3.649  4.784   3972  1.003
c4i    1.205   0.009  1.408 -1.431 -0.271  1.205  2.664  3.966  24163  1.001
mu     0.933   0.002  0.179  0.613  0.763  0.921  1.106  1.319  11028  1.002
dt    12.228   0.004  0.736 10.648 11.531 12.263  12.94  13.56  41013    1.0
t0    -1.574   0.018  1.694 -4.711  -3.41 -1.536  0.198  1.625   8817  1.002
lp__  -677.3   0.031  4.833 -687.7 -682.0 -676.9 -672.6 -668.7  23990    1.0

Samples were drawn using NUTS at Sat Aug 15 09:55:48 2020.
For each parameter, n_eff is a crude measure of effective sample size,
and Rhat is the potential scale reduction factor on split chains (at 
convergence, Rhat=1).