Inference for Stan model: anon_model_ecc96bcd87b207086d802dbe6527f8f0.
8 chains, each with iter=25000; warmup=5000; thin=3; 
post-warmup draws per chain=6667, total post-warmup draws=53336.

        mean se_mean     sd   2.5%    16%    50%    84%  97.5%  n_eff   Rhat
meanr   3.98   0.004  0.128  3.763  3.853  3.966  4.111  4.255    842  1.008
sigr    0.56 6.42e-4  0.035  0.503  0.526  0.556  0.594  0.638   2923  1.003
meang  3.728 7.65e-4  0.071  3.593  3.669  3.731  3.791  3.855   8663  1.001
sigg    0.48 2.19e-4  0.022  0.438   0.46  0.479  0.501  0.524   9950  1.002
meani   3.61   0.007  0.368  2.985  3.239   3.58  4.003  4.384   2956  1.004
sigi   0.616   0.002  0.096  0.438  0.512  0.615  0.725  0.786   2199  1.005
c0r     0.68   0.013   0.26  0.407  0.446  0.594  0.951  1.311    430  1.014
c1r   -1.936   0.048   1.39 -4.579 -3.435 -1.947 -0.332  0.351    835  1.009
c2r     2.11   0.022  2.558 -4.114  -0.83  3.003   4.43  4.914  13583  1.002
c3r    0.858   0.018  1.979 -3.895 -1.421  1.543  2.619  3.125  12003  1.002
c4r    2.009   0.007  1.041 -0.479  0.939  2.182  2.991  3.567  22781    1.0
c0g    0.662   0.005  0.253  0.408   0.45  0.578  0.897  1.344   2256  1.008
c1g   -2.593   0.031  1.402 -4.812 -4.072 -2.734 -1.071  0.323   2051  1.006
c2g    0.807   0.022   2.72 -4.437 -2.375  1.058  3.827   4.83  15185  1.001
c3g   -0.334   0.019  2.243 -4.574  -2.94 -0.164  2.162  3.077  13268  1.001
c4g    1.989   0.011  1.269 -0.592  0.581  2.114  3.297  4.164  13850  1.001
c0i    0.734   0.002  0.332  0.408  0.452  0.623  1.034  1.672  25186  1.001
c1i    -1.81   0.017  1.473 -4.624 -3.409 -1.755 -0.305  0.982   7119  1.002
c2i   -0.863   0.019   2.65 -4.789  -3.74 -1.227  2.242  4.433  20437  1.001
c3i    0.406   0.016  2.414 -4.096 -2.296  0.484  3.055  4.663  21596    1.0
c4i    0.625   0.011   1.51  -2.15 -0.968  0.604  2.231  3.493  18533  1.001
mu     1.499 1.83e-4  0.028  1.444  1.471  1.499  1.527  1.555  23725    1.0
dt    47.745   0.002  0.242 47.274 47.506 47.742 47.986 48.226  11492  1.001
t0    -4.618   0.004  0.362 -4.989 -4.923 -4.728 -4.295 -3.655   9319  1.002
lp__  -807.2   0.127  4.751 -817.4 -811.9 -806.8 -802.4 -799.0   1395  1.005

Samples were drawn using NUTS at Fri Aug 14 05:03:37 2020.
For each parameter, n_eff is a crude measure of effective sample size,
and Rhat is the potential scale reduction factor on split chains (at 
convergence, Rhat=1).