Inference for Stan model: anon_model_ecc96bcd87b207086d802dbe6527f8f0.
8 chains, each with iter=25000; warmup=5000; thin=3; 
post-warmup draws per chain=6667, total post-warmup draws=53336.

        mean se_mean     sd   2.5%    16%    50%    84%  97.5%  n_eff   Rhat
meanr  3.679   0.003  0.228  3.239  3.411  3.716  3.906  4.062   4538  1.005
sigr   0.475  3.0e-4   0.06  0.381  0.418  0.467  0.532  0.618  40426    1.0
meang  3.696   0.004   0.31  3.127  3.322  3.782  3.997   4.18   6585  1.002
sigg   0.513 6.17e-4  0.087   0.37  0.423  0.509  0.598  0.706  19679    1.0
meani  3.656   0.003  0.305  3.115  3.335  3.662  3.932  4.346  10544    1.0
sigi   0.605   0.001  0.124   0.38  0.459  0.615  0.747  0.792   9593    1.0
c0r    0.889   0.006  0.359  0.423  0.538  0.805  1.279  1.748   3679  1.005
c1r   -2.708   0.011  1.522 -4.897 -4.319 -2.905 -1.145  0.703  18899  1.001
c2r    0.105   0.025  2.808 -4.662 -3.184  0.143  3.391  4.716  12161  1.002
c3r    0.256   0.012  2.447 -4.406 -2.545  0.447  2.831  4.491  38502    1.0
c4r    1.059   0.011  1.954 -3.298 -0.893  1.224  3.041  4.307  32228  1.001
c0g    0.885   0.003  0.358  0.423  0.539  0.803  1.259  1.774  16689    1.0
c1g   -2.433   0.014  1.801  -4.89 -4.307 -2.712 -0.584  1.763  17474  1.001
c2g    0.565    0.03  2.615 -4.167 -2.456  0.676  3.556  4.754   7661    1.0
c3g   -0.834    0.03  2.361 -4.732 -3.522 -0.834  1.601  3.989   6019    1.0
c4g    0.678   0.016  2.239 -4.227 -1.734  0.895   2.99  4.263  18510  1.001
c0i    0.889   0.003  0.424  0.412  0.481  0.757  1.381  1.876  28056    1.0
c1i   -1.701   0.022  1.832 -4.751 -3.739 -1.763   0.29  1.842   6858  1.001
c2i   -0.136   0.014  2.812 -4.715 -3.381  -0.24  3.204  4.725  42341    1.0
c3i    1.778   0.011  2.101 -2.911 -0.513  2.099  3.932  4.806  36151  1.001
c4i    1.043   0.015  2.018 -3.165 -1.025  1.136  3.186  4.593  18596  1.001
mu     0.798 7.36e-4   0.05  0.702  0.748  0.798  0.848  0.894   4536  1.003
dt      39.7   0.005   0.68 38.346 39.026 39.708 40.376 40.991  22366  1.001
t0    -2.077   0.022  2.148 -4.887 -4.286 -2.486  0.244  2.833   9869  1.003
lp__  -727.6   0.062  5.064 -738.3 -732.6 -727.3 -722.5 -718.5   6698  1.003

Samples were drawn using NUTS at Fri Aug 14 16:32:49 2020.
For each parameter, n_eff is a crude measure of effective sample size,
and Rhat is the potential scale reduction factor on split chains (at 
convergence, Rhat=1).