Inference for Stan model: anon_model_ecc96bcd87b207086d802dbe6527f8f0.
8 chains, each with iter=25000; warmup=5000; thin=3; 
post-warmup draws per chain=6667, total post-warmup draws=53336.

        mean se_mean     sd   2.5%    16%    50%    84%  97.5%  n_eff   Rhat
meanr  3.931   0.001  0.168  3.623  3.772  3.917  4.092  4.307  16427  1.001
sigr    0.59  4.5e-4  0.048  0.512  0.544  0.584  0.636  0.701  11359  1.001
meang  3.737   0.001  0.129  3.423  3.644  3.742  3.845  3.967  14337    1.0
sigg   0.497 8.09e-4  0.047  0.414  0.454  0.494   0.54  0.605   3364  1.002
meani  3.864   0.002  0.225  3.255   3.71  3.871   4.05  4.296  16312  1.001
sigi   0.556 6.45e-4  0.092   0.41  0.466  0.543  0.653  0.764  20216  1.001
c0r    0.733   0.007  0.335   0.41  0.457  0.611   1.05  1.684   2262  1.008
c1r   -2.828   0.022  1.252 -4.849 -4.224 -2.904 -1.397 -0.514   3238  1.004
c2r    -1.28   0.014  2.221 -4.695 -3.717 -1.498  1.262  2.991  25437    1.0
c3r   -2.582   0.012  1.544  -4.87 -4.313 -2.746 -0.785  0.311  17971  1.001
c4r    -0.06   0.007  1.164 -1.967 -1.301 -0.149  1.214  2.276  25963  1.001
c0g     0.76   0.002  0.315  0.418   0.49  0.663  1.041  1.648  20301  1.001
c1g   -2.864   0.012  1.375 -4.892 -4.363 -3.031 -1.321 -0.076  12117    1.0
c2g    1.087   0.021  2.661 -4.154 -2.129  1.496   3.98  4.837  15728  1.001
c3g   -0.567   0.018  2.121 -4.666 -3.096 -0.268  1.667  2.612  14378  1.001
c4g    1.905   0.009  1.438 -0.971  0.355  2.045  3.375  4.337  26100    1.0
c0i    0.873   0.003  0.378  0.422  0.518  0.769  1.272  1.828  21958    1.0
c1i   -2.936   0.009  1.304 -4.899 -4.377 -3.057 -1.479 -0.329  19532    1.0
c2i   -0.737   0.024  2.648 -4.776   -3.7 -0.966  2.279  4.487  12150  1.001
c3i   -1.031   0.015  2.192  -4.54 -3.409 -1.201  1.357  3.428  21586  1.001
c4i    1.018   0.013  1.619 -1.811 -0.676  0.912  2.789  4.292  14686    1.0
mu     0.882 6.09e-4   0.09  0.706  0.792  0.883  0.972  1.058  21833  1.001
dt     17.17   0.004  0.568 15.963 16.612 17.199 17.731 18.182  22614  1.001
t0    -3.667   0.016  1.051 -4.952 -4.687  -3.91 -2.625 -1.084   4073  1.002
lp__  -723.6   0.039  5.029 -734.5 -728.5 -723.1 -718.6 -715.0  16928  1.001

Samples were drawn using NUTS at Fri Aug 14 14:00:52 2020.
For each parameter, n_eff is a crude measure of effective sample size,
and Rhat is the potential scale reduction factor on split chains (at 
convergence, Rhat=1).