Inference for Stan model: anon_model_ecc96bcd87b207086d802dbe6527f8f0.
8 chains, each with iter=25000; warmup=5000; thin=3; 
post-warmup draws per chain=6667, total post-warmup draws=53336.

        mean se_mean     sd   2.5%    16%    50%    84%  97.5%  n_eff   Rhat
meanr  3.903   0.003  0.209  3.501  3.704  3.897  4.107  4.334   3759  1.003
sigr    0.63   0.001  0.076  0.495  0.551  0.625  0.715  0.778   3045  1.004
meang  3.303   0.003  0.237  2.892  3.079  3.282   3.52  3.848   7447  1.001
sigg   0.593 8.18e-4  0.095  0.424  0.494  0.589  0.699  0.778  13561  1.001
meani  3.586   0.003   0.29  3.086   3.31  3.559  3.866  4.262   7750  1.002
sigi   0.591   0.001  0.111  0.383  0.471  0.592  0.716  0.784   7512  1.002
c0r    0.837   0.006  0.338  0.427  0.519  0.743  1.201  1.659   3150  1.004
c1r   -2.596    0.03  1.306 -4.849 -4.129 -2.537 -1.165 -0.339   1939  1.004
c2r     -2.2   0.039    1.9 -4.838 -4.161 -2.557 -0.082  1.845   2331  1.003
c3r   -3.008   0.032  1.306 -4.865 -4.354 -3.216 -1.592 -0.207   1659  1.004
c4r   -0.908   0.018  1.099 -2.619 -2.009 -1.061  0.281  1.445   3864  1.002
c0g    0.765   0.002  0.364  0.408  0.456  0.634  1.121  1.765  35554    1.0
c1g   -1.854   0.009  1.612 -4.732 -3.611 -1.884 -0.151  1.337  29008    1.0
c2g   -0.745   0.016  2.592 -4.728 -3.558 -1.044  2.263  4.363  25907    1.0
c3g    0.587   0.034  2.624 -4.316 -2.425  0.725  3.571  4.761   5904  1.002
c4g   -0.419   0.012  1.807 -3.875 -2.239  -0.47  1.435   3.16  24108    1.0
c0i    0.809   0.003  0.385   0.41  0.465  0.676  1.216  1.814  15316  1.001
c1i   -1.914   0.022  1.615 -4.735 -3.681 -1.939 -0.221  1.281   5350  1.002
c2i   -1.208   0.019  2.427 -4.786 -3.808 -1.532  1.488  3.916  16372  1.001
c3i    0.678   0.033  2.685  -4.36  -2.47  0.905  3.715  4.786   6535  1.001
c4i    0.128    0.01  1.914 -3.369 -1.845   0.06  2.127  3.967  38796    1.0
mu     0.475   0.002  0.111  0.277   0.36  0.473  0.587  0.701   3938  1.002
dt    17.017   0.019  1.856 13.026 15.373 17.132 18.715 20.248   9185  1.002
t0    -1.307    0.03  2.067 -4.765 -3.641 -1.333   0.95  2.671   4701  1.003
lp__  -737.8   0.067  4.715 -748.1 -742.5 -737.5 -733.2 -729.7   4957  1.002

Samples were drawn using NUTS at Sun Aug 16 01:28:27 2020.
For each parameter, n_eff is a crude measure of effective sample size,
and Rhat is the potential scale reduction factor on split chains (at 
convergence, Rhat=1).