Inference for Stan model: anon_model_ecc96bcd87b207086d802dbe6527f8f0.
8 chains, each with iter=25000; warmup=5000; thin=3; 
post-warmup draws per chain=6667, total post-warmup draws=53336.

        mean se_mean     sd   2.5%    16%    50%    84%  97.5%  n_eff   Rhat
meanr  3.528   0.002  0.229  3.077  3.311  3.526  3.734  4.018  18298    1.0
sigr    0.68  7.0e-4  0.059  0.568  0.619   0.68  0.745  0.788   7062  1.001
meang  3.534   0.002  0.279  2.834  3.324   3.56  3.779  4.026  14864    1.0
sigg   0.617 4.51e-4  0.064  0.495  0.557  0.612  0.681  0.757  20261    1.0
meani   3.33   0.001  0.193  2.995  3.159  3.312  3.492  3.785  35385    1.0
sigi   0.644 4.61e-4  0.085  0.488  0.552  0.643  0.741   0.79  33894    1.0
c0r    0.784   0.007  0.372  0.408  0.456  0.654  1.166  1.785   2542  1.004
c1r   -2.216   0.015  1.107 -4.372 -3.386 -2.184 -1.072 -0.104   5397  1.002
c2r   -2.504   0.017   1.88 -4.906 -4.403 -2.921 -0.403  1.734  12566  1.001
c3r   -2.303   0.013  1.505 -4.526 -3.772  -2.53 -0.799  0.954  13726  1.001
c4r   -0.782   0.007  0.956 -2.251 -1.703 -0.936  0.209  1.395  20572    1.0
c0g    0.692   0.004  0.326  0.406  0.438  0.569  0.972  1.676   6586  1.001
c1g    -2.24   0.016  1.245 -4.556 -3.563 -2.243 -0.969  0.177   5706  1.001
c2g   -0.334   0.016  2.682 -4.608 -3.404 -0.434   2.78  4.439  28046    1.0
c3g   -1.254   0.014  2.266 -4.798 -3.858 -1.304  1.142  3.242  24606    1.0
c4g    0.633   0.009  1.438 -2.037 -0.845  0.644  2.165  3.189  24429    1.0
c0i    1.032   0.004  0.443  0.423  0.555  0.956  1.561  1.924  12954  1.001
c1i   -2.348   0.012  1.624 -4.823 -4.074 -2.556 -0.537  1.069  18463  1.001
c2i   -0.806   0.015  2.524 -4.739 -3.563 -1.073  2.068  4.258  28558    1.0
c3i     2.53   0.009  1.677  -1.25  0.745  2.772  4.279  4.884  33020    1.0
c4i    2.807   0.008  1.226  0.259  1.549  2.864  4.134   4.83  22011  1.001
mu     0.689 6.53e-4  0.116  0.466  0.577  0.687  0.798  0.926  31591    1.0
dt    12.751    0.01  0.855 10.972 11.918 12.784 13.596  14.31   6667  1.002
t0    -3.661   0.005  0.923 -4.944  -4.63 -3.802 -2.685 -1.612  34458    1.0
lp__  -697.5   0.039  5.206 -708.9 -702.7 -697.0 -692.3 -688.7  17564    1.0

Samples were drawn using NUTS at Fri Aug 14 15:12:50 2020.
For each parameter, n_eff is a crude measure of effective sample size,
and Rhat is the potential scale reduction factor on split chains (at 
convergence, Rhat=1).