Inference for Stan model: anon_model_ecc96bcd87b207086d802dbe6527f8f0.
8 chains, each with iter=25000; warmup=5000; thin=3; 
post-warmup draws per chain=6667, total post-warmup draws=53336.

        mean se_mean     sd   2.5%    16%    50%    84%  97.5%  n_eff   Rhat
meanr  3.716   0.001  0.145  3.433   3.58  3.713  3.852  4.009  16269    1.0
sigr    0.56 6.15e-4  0.062  0.455  0.498  0.555  0.622  0.693  10053  1.001
meang  3.561   0.002  0.217  2.959  3.403  3.598  3.742  3.884  16584  1.001
sigg   0.509 4.67e-4  0.062  0.399  0.447  0.505  0.571  0.641  17890  1.001
meani  4.139   0.001  0.198  3.739  3.944  4.145  4.351  4.471  19204    1.0
sigi   0.668 5.49e-4  0.075  0.519  0.588  0.671   0.75  0.791  18428    1.0
c0r    0.728   0.007  0.314   0.41  0.464  0.623   1.02  1.609   2271  1.006
c1r   -2.962   0.016  1.178  -4.87 -4.269  -3.04 -1.631 -0.718   5720  1.002
c2r   -1.607   0.013  2.223 -4.839 -4.053 -1.847  0.879  2.966  28512    1.0
c3r   -2.123   0.009  1.597 -4.588 -3.834 -2.272 -0.385  1.117  28402    1.0
c4r    0.245   0.007  1.085  -1.53 -0.857  0.132  1.359  2.603  25938  1.001
c0g    0.747   0.003  0.319  0.412  0.473  0.647  1.038  1.635  13840  1.001
c1g   -2.804   0.015  1.371 -4.887   -4.3 -2.921 -1.337 -0.027   7988  1.002
c2g    0.257   0.026  2.797 -4.534 -3.057  0.366  3.487  4.729  11466  1.001
c3g   -0.733   0.025  2.287 -4.674 -3.428 -0.615    1.7  3.366   8181  1.001
c4g    1.332   0.009  1.563 -1.762 -0.251  1.398  2.972  4.013  28006    1.0
c0i    0.887   0.003  0.371  0.438  0.546  0.779  1.279  1.824  19707    1.0
c1i   -2.792   0.013  1.339 -4.892 -4.334 -2.844 -1.257 -0.362  10968    1.0
c2i   -1.629   0.023  1.981 -4.674 -3.711 -1.873  0.523  2.591   7263  1.001
c3i   -2.833   0.013  1.446 -4.889 -4.371 -3.046 -1.253   0.18  11739  1.001
c4i   -0.208   0.015  1.208 -2.161 -1.416 -0.348  1.024  2.477   6276  1.001
mu     0.699   0.001  0.143  0.429  0.566  0.694  0.828  0.996  19322    1.0
dt    12.156   0.005  0.769 10.392  11.48 12.248 12.846 13.386  23418  1.001
t0     0.254   0.021  2.449  -4.52 -2.506  0.442  2.863  4.414  14030  1.001
lp__  -720.3   0.041  5.264 -731.8 -725.5 -719.8 -715.1 -711.4  16280    1.0

Samples were drawn using NUTS at Sat Aug 15 18:59:12 2020.
For each parameter, n_eff is a crude measure of effective sample size,
and Rhat is the potential scale reduction factor on split chains (at 
convergence, Rhat=1).