Inference for Stan model: anon_model_ecc96bcd87b207086d802dbe6527f8f0.
8 chains, each with iter=25000; warmup=5000; thin=3; 
post-warmup draws per chain=6667, total post-warmup draws=53336.

        mean se_mean     sd   2.5%    16%    50%    84%  97.5%  n_eff   Rhat
meanr  3.806   0.001  0.201  3.407  3.626  3.794  4.002   4.23  25064    1.0
sigr   0.558 3.32e-4   0.06  0.468  0.501  0.548  0.616  0.704  32828    1.0
meang  3.658 8.46e-4  0.141  3.329   3.54  3.671  3.784  3.894  27744    1.0
sigg   0.473 2.37e-4  0.045  0.395  0.431  0.469  0.516  0.573  35786    1.0
meani  3.356   0.001  0.275  2.863  3.082  3.345  3.615  3.958  34198    1.0
sigi   0.594 5.99e-4  0.119  0.375  0.458    0.6  0.729  0.788  39532    1.0
c0r    0.694   0.002  0.305  0.407  0.446  0.586  0.965  1.568  20944  1.004
c1r   -2.617   0.007   1.23 -4.804 -4.004 -2.597 -1.286 -0.397  29661  1.001
c2r   -0.881   0.015  2.642  -4.84 -3.941 -1.025  2.194  3.766  31527    1.0
c3r   -1.552   0.009  1.722 -4.361 -3.515 -1.583   0.38  1.449  33310    1.0
c4r    0.322   0.007  1.225 -1.666 -1.025  0.275  1.655  2.711  31816    1.0
c0g    0.736   0.002  0.331  0.409   0.46  0.623  1.037  1.678  33312  1.002
c1g   -2.697   0.007  1.292 -4.847 -4.136  -2.74 -1.289 -0.218  32786  1.001
c2g   -0.715   0.013  2.513 -4.611 -3.474 -0.936  2.135  4.252  38227    1.0
c3g   -1.834    0.01  2.012 -4.825 -4.035 -2.039  0.369   2.23  37005    1.0
c4g    0.701   0.007   1.34 -1.558 -0.676  0.591  2.142  3.441  34942    1.0
c0i    0.802   0.002  0.378  0.409  0.465  0.674  1.196  1.791  42520    1.0
c1i   -1.683   0.008  1.546 -4.643 -3.383 -1.612 -0.093   1.19  41002    1.0
c2i   -1.525   0.012  2.396 -4.849 -4.058 -1.922  1.106  3.751  43083    1.0
c3i    0.939   0.012  2.484 -3.831 -1.881  1.106   3.73  4.803  43029    1.0
c4i     0.27   0.009  1.805 -3.013 -1.595  0.217  2.148  3.947  39826    1.0
mu     0.835   0.001   0.28  0.365  0.568  0.803    1.1  1.477  36689    1.0
dt    10.107   0.006  1.145   7.58  9.093 10.201 11.152 12.049  36682    1.0
t0    -2.789   0.008  1.557 -4.908 -4.408 -3.046 -1.131  0.719  41648    1.0
lp__  -657.8   0.029  4.846 -668.3 -662.6 -657.4 -653.0 -649.4  27523    1.0

Samples were drawn using NUTS at Fri Aug 14 06:50:36 2020.
For each parameter, n_eff is a crude measure of effective sample size,
and Rhat is the potential scale reduction factor on split chains (at 
convergence, Rhat=1).