Inference for Stan model: anon_model_ecc96bcd87b207086d802dbe6527f8f0.
8 chains, each with iter=25000; warmup=5000; thin=3; 
post-warmup draws per chain=6667, total post-warmup draws=53336.

        mean se_mean     sd   2.5%    16%    50%    84%  97.5%  n_eff   Rhat
meanr  3.865   0.006  0.157  3.565  3.718  3.859  4.022   4.19    707  1.012
sigr    0.55   0.002  0.051  0.469  0.502  0.542  0.602  0.668    867  1.011
meang  3.332    0.01  0.193  2.996   3.15  3.308  3.534  3.782    403  1.017
sigg   0.437   0.003  0.056  0.349  0.384  0.431  0.487  0.587    293  1.023
meani  3.581   0.011  0.308  2.997  3.256  3.589  3.879  4.212    815  1.012
sigi     0.6 7.79e-4  0.108  0.391   0.48  0.606  0.719  0.786  19317  1.001
c0r    0.771   0.027  0.362  0.407   0.45  0.637  1.181   1.63    174  1.048
c1r   -1.878   0.073  1.162 -4.186 -3.116 -1.833 -0.645  0.119    254  1.031
c2r   -2.034   0.067  1.956 -4.818 -4.115 -2.287  0.314  1.908    865  1.009
c3r   -2.772   0.063  1.426 -4.849 -4.308 -2.943  -1.13  0.101    517  1.014
c4r   -0.598   0.021  0.966 -2.085 -1.589  -0.77  0.451  1.453   2043  1.005
c0g    0.747   0.003  0.358  0.407  0.451  0.613  1.084  1.759  19229  1.002
c1g   -1.188   0.012  1.611 -4.352 -2.874 -1.185  0.441  1.959  19001  1.002
c2g   -0.933   0.097  2.672 -4.787 -3.845 -1.283  2.144  4.379    760  1.013
c3g    0.476   0.087   2.64 -4.354  -2.59  0.594   3.46  4.763    916  1.012
c4g    0.352   0.056  1.644 -2.695 -1.392  0.362  2.069  3.574    870  1.013
c0i    0.748   0.007  0.356  0.408  0.455  0.613  1.094  1.743   2549  1.005
c1i   -1.742   0.028  1.394 -4.504 -3.289 -1.669 -0.331  0.851   2471  1.004
c2i   -1.655   0.085  2.343 -4.836 -4.087 -2.014  0.905  3.509    753  1.012
c3i    0.162   0.125  2.579 -4.115 -2.709  0.079  3.202  4.714    429  1.022
c4i    0.579   0.071  1.669 -2.155 -1.221  0.471   2.37  4.026    558  1.018
mu     1.474   0.008  0.218  1.067  1.258  1.466  1.692  1.916    791  1.013
dt    14.615   0.019  0.636 13.273 13.983 14.656 15.236 15.762   1064  1.008
t0    -2.997   0.053  1.491 -4.918 -4.513   -3.3 -1.453   0.47    802  1.012
lp__  -758.9   0.195  4.707 -769.0 -763.5 -758.6 -754.1 -750.9    582  1.016

Samples were drawn using NUTS at Sun Aug 16 05:26:01 2020.
For each parameter, n_eff is a crude measure of effective sample size,
and Rhat is the potential scale reduction factor on split chains (at 
convergence, Rhat=1).