Inference for Stan model: anon_model_ecc96bcd87b207086d802dbe6527f8f0.
8 chains, each with iter=25000; warmup=5000; thin=3; 
post-warmup draws per chain=6667, total post-warmup draws=53336.

        mean se_mean     sd   2.5%    16%    50%    84%  97.5%  n_eff   Rhat
meanr  3.744   0.006  0.245  3.262  3.484   3.76  3.985   4.23   1796  1.004
sigr    0.49   0.002  0.071  0.374   0.42  0.482  0.561   0.65   1401  1.004
meang   3.47   0.005   0.21  3.103  3.269  3.444  3.692   3.91   2051  1.006
sigg   0.418   0.001  0.061   0.32  0.358   0.41  0.478  0.552   2170  1.002
meani  3.809   0.004  0.319  3.131  3.474  3.844   4.12  4.374   5642  1.004
sigi   0.605   0.002  0.102   0.42  0.496  0.604  0.721  0.785   1657  1.005
c0r    0.794   0.009  0.339  0.413  0.486  0.697  1.129  1.668   1344  1.009
c1r   -2.449   0.026  1.405 -4.829 -4.034 -2.456 -0.997  0.263   3033  1.005
c2r   -1.504   0.049  2.355 -4.805 -3.915  -1.97  1.143  3.542   2263  1.002
c3r   -1.487   0.023  2.549 -4.827 -4.055 -2.023  1.326  4.351  12046    1.0
c4r   -0.163   0.018  1.502 -2.636 -1.688 -0.314  1.471  3.002   7300  1.001
c0g    0.801   0.014  0.379   0.41  0.468  0.669  1.191  1.809    763  1.014
c1g   -1.799    0.04   1.83 -4.801 -3.804 -1.896  0.115  1.925   2115  1.005
c2g   -0.232   0.045  2.725 -4.682 -3.333 -0.373  2.933  4.643   3617  1.004
c3g     0.19   0.054  2.645 -4.558 -2.784   0.21  3.202  4.756   2360  1.005
c4g    0.187   0.014  1.932 -3.707  -1.78    0.2  2.219  3.812  18367    1.0
c0i    0.818   0.004   0.37   0.41  0.479  0.705  1.192  1.792   7346  1.001
c1i   -2.534    0.02  1.392 -4.846 -4.088 -2.555 -1.054  0.184   4901  1.004
c2i   -1.188   0.032   2.49 -4.809 -3.867 -1.542  1.619  4.081   6063  1.002
c3i   -0.714   0.025  2.395 -4.523  -3.23 -0.993  1.912  4.333   9305  1.001
c4i    0.533   0.018  1.559 -2.147 -1.073  0.415  2.186  3.722   7168  1.003
mu     0.642   0.003  0.159  0.322   0.49   0.64  0.789  0.959   2709  1.003
dt    14.127   0.038  1.522 10.395 12.869 14.351 15.463 16.415   1587  1.006
t0    -0.995   0.037  2.426 -4.764 -3.738 -1.154  1.671  3.942   4234  1.002
lp__  -754.5   0.037  4.819 -764.8 -759.2 -754.1 -749.8 -746.0  16560  1.001

Samples were drawn using NUTS at Fri Aug 14 08:14:11 2020.
For each parameter, n_eff is a crude measure of effective sample size,
and Rhat is the potential scale reduction factor on split chains (at 
convergence, Rhat=1).