Inference for Stan model: anon_model_ecc96bcd87b207086d802dbe6527f8f0.
8 chains, each with iter=25000; warmup=5000; thin=3; 
post-warmup draws per chain=6667, total post-warmup draws=53336.

        mean se_mean     sd   2.5%    16%    50%    84%  97.5%  n_eff   Rhat
meanr  3.943   0.001  0.141  3.682  3.815  3.932  4.072   4.27  10957  1.001
sigr   0.576 4.42e-4   0.06   0.48  0.518  0.568  0.634  0.718  18398    1.0
meang  3.594   0.001   0.16  3.123  3.482  3.628  3.724  3.807  22523    1.0
sigg   0.466 2.76e-4   0.05  0.379  0.417  0.462  0.515  0.572  32662    1.0
meani  3.505   0.002  0.266  2.944  3.184  3.576  3.733   3.93  13910  1.001
sigi   0.575   0.001  0.134  0.355  0.423  0.567  0.738  0.791  13020  1.001
c0r    0.676   0.007  0.289  0.408  0.448  0.578  0.907  1.518   1759  1.009
c1r   -2.946   0.015  1.147  -4.85 -4.208 -3.015 -1.657 -0.732   5663  1.004
c2r   -0.647   0.017   2.62 -4.698 -3.596  -0.85  2.375  4.327  23222    1.0
c3r   -1.783   0.012  1.944 -4.784 -3.966 -1.929  0.467   1.86  24268    1.0
c4r     0.71   0.009  1.305 -1.438 -0.682  0.608  2.157  3.291  20785  1.001
c0g    0.751   0.003  0.317  0.412  0.475  0.653  1.043  1.604  11350  1.002
c1g    -2.63   0.009  1.459  -4.86 -4.194 -2.775 -1.077  0.476  27403  1.001
c2g    0.143   0.021  2.749 -4.649 -3.099  0.228  3.271  4.721  16700  1.001
c3g    0.017   0.019  2.359 -4.269 -2.731  0.162  2.598  3.979  15449  1.001
c4g    1.974   0.012  1.583  -1.22  0.371  2.043  3.638  4.673  16896  1.001
c0i    0.915   0.002  0.431  0.414  0.493  0.789  1.427  1.889  35048    1.0
c1i   -2.406   0.011  1.477 -4.813 -4.024 -2.478 -0.836  0.616  18080    1.0
c2i   -0.971    0.02  2.568  -4.78 -3.783 -1.272  1.983  4.218  16178    1.0
c3i    1.267   0.018  2.248 -3.395 -1.211  1.489  3.729  4.763  15082  1.001
c4i    1.666   0.015  1.806 -1.782 -0.257  1.677  3.705  4.759  14178  1.001
mu     1.356 3.14e-4  0.063  1.238  1.293  1.354  1.419  1.486  40888    1.0
dt    42.196   0.005  0.871 40.541 41.331 42.173  43.06 43.961  28833    1.0
t0    -1.295   0.013  2.051 -4.714 -3.534 -1.379  0.899  2.845  26725    1.0
lp__  -803.8   0.035  5.035 -814.5 -808.7 -803.4 -798.8 -795.0  20546    1.0

Samples were drawn using NUTS at Sat Aug 15 02:20:18 2020.
For each parameter, n_eff is a crude measure of effective sample size,
and Rhat is the potential scale reduction factor on split chains (at 
convergence, Rhat=1).