Inference for Stan model: anon_model_ecc96bcd87b207086d802dbe6527f8f0.
8 chains, each with iter=25000; warmup=5000; thin=3; 
post-warmup draws per chain=6667, total post-warmup draws=53336.

        mean se_mean     sd   2.5%    16%    50%    84%  97.5%  n_eff   Rhat
meanr  3.977   0.002  0.191  3.535   3.82  3.975  4.149  4.362  10865    1.0
sigr    0.54 4.43e-4   0.05  0.454  0.493  0.535  0.586  0.655  12674    1.0
meang  3.585   0.003  0.233  3.168  3.313  3.638  3.827  3.938   5334  1.003
sigg   0.435 5.19e-4  0.049  0.342  0.386  0.435  0.481  0.533   8810  1.001
meani  3.545   0.002  0.311  2.975  3.221  3.554   3.83   4.23  21773  1.001
sigi    0.58   0.002  0.126  0.366  0.434   0.58  0.729  0.787   2968  1.003
c0r    0.667   0.011  0.289  0.406  0.439  0.563  0.907  1.509    733  1.014
c1r   -2.057    0.03  1.201 -4.357  -3.32 -2.064 -0.784  0.162   1638  1.006
c2r   -0.126   0.026  2.884 -4.688 -3.505 -0.207  3.294  4.734  12298  1.001
c3r   -1.031   0.022  2.289  -4.72 -3.705 -1.053  1.593  2.791  10724  1.001
c4r    0.881   0.011  1.311 -1.424 -0.539  0.847  2.374  3.213  13343  1.001
c0g    0.744   0.007  0.363  0.406  0.445  0.607  1.104  1.743   2898  1.003
c1g   -1.073   0.021  1.828 -4.423 -3.018 -1.097  0.843  2.499   7400  1.001
c2g    0.109   0.041  2.887 -4.648 -3.271  0.088  3.508  4.827   4934  1.001
c3g   -0.161    0.04  2.644 -4.646 -3.249 -0.052  2.771  4.569   4372  1.001
c4g    0.711    0.02   1.91 -3.203 -1.362  0.893   2.67  3.943   8880  1.001
c0i    0.764   0.004  0.363  0.407   0.45  0.638   1.12  1.757   9377  1.001
c1i   -1.496   0.023  1.611 -4.595 -3.258 -1.454  0.162  1.573   4797  1.002
c2i   -1.033   0.028  2.596 -4.808 -3.803 -1.386  1.973   4.27   8846  1.001
c3i    0.954   0.033  2.428   -3.8 -1.814  1.135  3.634  4.764   5550  1.002
c4i    0.913   0.026   1.73 -2.345 -0.905  0.916  2.702  4.277   4430  1.001
mu      1.94   0.001  0.085  1.781  1.854  1.937  2.024  2.112   6830  1.002
dt    45.145   0.008  0.561 44.019 44.581 45.159 45.695 46.217   4472  1.002
t0    -3.671   0.014  1.112 -4.953 -4.708 -3.957 -2.557 -0.891   6371  1.002
lp__  -852.5   0.114  4.981 -863.1 -857.4 -852.2 -847.6 -843.6   1924  1.005

Samples were drawn using NUTS at Sun Aug 16 03:25:48 2020.
For each parameter, n_eff is a crude measure of effective sample size,
and Rhat is the potential scale reduction factor on split chains (at 
convergence, Rhat=1).