Inference for Stan model: anon_model_ecc96bcd87b207086d802dbe6527f8f0.
8 chains, each with iter=25000; warmup=5000; thin=3; 
post-warmup draws per chain=6667, total post-warmup draws=53336.

        mean se_mean     sd   2.5%    16%    50%    84%  97.5%  n_eff   Rhat
meanr   3.65 9.39e-4  0.141   3.34  3.524  3.654  3.777  3.931  22664  1.001
sigr   0.557 2.81e-4  0.047  0.484  0.512   0.55  0.601  0.668  27744    1.0
meang  3.653 6.09e-4  0.096  3.461  3.561  3.654  3.746  3.843  25011    1.0
sigg   0.502  1.9e-4  0.038  0.438  0.466  0.499  0.539  0.589  40372    1.0
meani   3.67   0.003  0.334  3.041  3.362  3.638  4.014  4.407   9200  1.001
sigi   0.545 6.71e-4  0.121   0.34   0.41  0.543  0.679  0.771  32415    1.0
c0r    0.732   0.003  0.351  0.406  0.444  0.596  1.071  1.706  11951  1.001
c1r   -2.306   0.007  1.145 -4.524 -3.529 -2.288 -1.096 -0.228  27422    1.0
c2r   -2.208   0.011  1.951 -4.895 -4.307  -2.52  0.038  1.806  34286    1.0
c3r   -2.223   0.007   1.36 -4.274 -3.667 -2.403 -0.671  0.479  35353    1.0
c4r   -0.192   0.005  0.837 -1.549 -1.056 -0.271  0.675  1.585  34427    1.0
c0g    0.689   0.006  0.307  0.407  0.445   0.58  0.948   1.58   2814  1.006
c1g   -2.679   0.015  1.215  -4.79 -4.011 -2.711 -1.373 -0.349   6778  1.003
c2g   -0.798   0.013  2.435 -4.662 -3.531 -0.928  1.919  3.918  33108    1.0
c3g   -1.915   0.012  1.878 -4.828 -4.035 -2.028  0.215   1.67  26661  1.001
c4g    0.702   0.007  1.218 -1.386 -0.567  0.617  1.988  3.205  34609    1.0
c0i    0.803   0.002  0.378  0.408  0.463  0.678    1.2  1.792  44490    1.0
c1i   -1.432   0.009    1.8 -4.683 -3.452 -1.401  0.551  1.768  38078    1.0
c2i    1.234   0.014  2.741 -4.499 -2.129  1.896  4.037  4.842  37715    1.0
c3i    1.881   0.009  1.792 -2.298  0.182  2.033  3.716  4.755  41839    1.0
c4i    1.756   0.007  1.344 -0.861   0.41  1.754  3.082   4.47  41593    1.0
mu     1.093 9.38e-4  0.194  0.711  0.903  1.093  1.281   1.48  42846    1.0
dt    10.834   0.003   0.67  9.362 10.194 10.891 11.479 11.989  40705    1.0
t0    -3.382   0.014  1.212 -4.937 -4.596  -3.62 -2.144 -0.452   7536  1.001
lp__  -720.2    0.03  4.726 -730.5 -724.9 -719.8 -715.6 -712.0  24927    1.0

Samples were drawn using NUTS at Fri Aug 14 22:16:25 2020.
For each parameter, n_eff is a crude measure of effective sample size,
and Rhat is the potential scale reduction factor on split chains (at 
convergence, Rhat=1).