#Sysn starts=22000,bands=('ztfr', 'ztfg', 'ztfi'), nobs=[100, 101, 90], fluc_bands=[1, 1, 5.5], t0=55000.0, t1=25,amplitude=1e-10 , scale=100000.0, nimages=2 

#sysn		mu0		mu1		mu1/mu0		dt0		dt1		dt1-dt0		fluc	ynoise
22000		[26.63385158]		0		0.0000		0.0		0.0		0.0000		0.6		2.5
22001		[17.33490673]		0		0.0000		0.0		0.0		0.0000		0.6		2.5
22002		[4.95784769]		0		0.0000		0.0		0.0		0.0000		0.6		2.5
22003		[23.46963236]		0		0.0000		0.0		0.0		0.0000		0.6		2.5
22004		[2.47656268]		0		0.0000		0.0		0.0		0.0000		0.6		2.5
22005		[5.24507249]		[8.99268098]		1.7145		0.0		1.0		1.0000		0.6		2.5
22006		[4.74817667]		[4.0275254]		0.8482		0.0		1.0		1.0000		0.6		2.5
22007		[6.63883335]		[6.43922179]		0.9699		0.0		1.0		1.0000		0.6		2.5
22008		[4.08563014]		[8.44885641]		2.0679		0.0		1.0		1.0000		0.6		2.5
22009		[8.32208139]		[3.35626414]		0.4033		0.0		1.0		1.0000		0.6		2.5
22010		[10.33728522]		[17.72328379]		1.7145		0.0		2.0		2.0000		0.6		2.5
22011		[6.50294]		[5.51596073]		0.8482		0.0		2.0		2.0000		0.6		2.5
22012		[3.08972567]		[2.99682607]		0.9699		0.0		2.0		2.0000		0.6		2.5
22013		[6.42521987]		[13.28699817]		2.0679		0.0		2.0		2.0000		0.6		2.5
22014		[6.8002725]		[2.74252434]		0.4033		0.0		2.0		2.0000		0.6		2.5
22015		[7.20021765]		[12.34477891]		1.7145		0.0		3.0		3.0000		0.6		2.5
22016		[4.05686967]		[3.44114105]		0.8482		0.0		3.0		3.0000		0.6		2.5
22017		[3.0123764]		[2.92180248]		0.9699		0.0		3.0		3.0000		0.6		2.5
22018		[4.49015212]		[9.28538543]		2.0679		0.0		3.0		3.0000		0.6		2.5
22019		[4.74434824]		[1.91337781]		0.4033		0.0		3.0		3.0000		0.6		2.5
22020		[3.92284855]		[6.72572698]		1.7145		0.0		4.0		4.0000		0.6		2.5
22021		[6.146795]		[5.21386939]		0.8482		0.0		4.0		4.0000		0.6		2.5
22022		[1.30470278]		[1.26547393]		0.9699		0.0		4.0		4.0000		0.6		2.5
22023		[1.23875587]		[2.56167839]		2.0679		0.0		4.0		4.0000		0.6		2.5
22024		[2.05568669]		[0.82905071]		0.4033		0.0		4.0		4.0000		0.6		2.5
22025		[6.66835166]		[11.43289426]		1.7145		0.0		5.0		5.0000		0.6		2.5
22026		[2.08594775]		[1.76935446]		0.8482		0.0		5.0		5.0000		0.6		2.5
22027		[5.12090036]		[4.9669289]		0.9699		0.0		5.0		5.0000		0.6		2.5
22028		[4.13778142]		[8.55670237]		2.0679		0.0		5.0		5.0000		0.6		2.5
22029		[3.79844962]		[1.53190045]		0.4033		0.0		5.0		5.0000		0.6		2.5
22030		[0.49188259]		[0.8433331]		1.7145		0.0		6.0		6.0000		0.6		2.5
22031		[2.74360735]		[2.32719822]		0.8482		0.0		6.0		6.0000		0.6		2.5
22032		[8.9887357]		[8.718469]		0.9699		0.0		6.0		6.0000		0.6		2.5
22033		[1.45478117]		[3.00840673]		2.0679		0.0		6.0		6.0000		0.6		2.5
22034		[8.00233566]		[3.22731189]		0.4033		0.0		6.0		6.0000		0.6		2.5
22035		[1.11408035]		[1.91009165]		1.7145		0.0		7.0		7.0000		0.6		2.5
22036		[1.17152287]		[0.99371579]		0.8482		0.0		7.0		7.0000		0.6		2.5
22037		[1.08633672]		[1.05367355]		0.9699		0.0		7.0		7.0000		0.6		2.5
22038		[4.80501425]		[9.93650284]		2.0679		0.0		7.0		7.0000		0.6		2.5
22039		[1.36061271]		[0.54872999]		0.4033		0.0		7.0		7.0000		0.6		2.5
22040		[8.40323275]		[14.40734926]		1.7145		0.0		8.0		8.0000		0.6		2.5
22041		[4.88538749]		[4.14391115]		0.8482		0.0		8.0		8.0000		0.6		2.5
22042		[3.36337622]		[3.26224869]		0.9699		0.0		8.0		8.0000		0.6		2.5
22043		[5.15828]		[10.6670368]		2.0679		0.0		8.0		8.0000		0.6		2.5
22044		[3.14265144]		[1.26741951]		0.4033		0.0		8.0		8.0000		0.6		2.5
22045		[6.51191744]		[11.16468766]		1.7145		0.0		9.0		9.0000		0.6		2.5
22046		[9.32410465]		[7.90894505]		0.8482		0.0		9.0		9.0000		0.6		2.5
22047		[8.24739152]		[7.99941501]		0.9699		0.0		9.0		9.0000		0.6		2.5
22048		[3.14477868]		[6.5032278]		2.0679		0.0		9.0		9.0000		0.6		2.5
22049		[7.56371059]		[3.05041605]		0.4033		0.0		9.0		9.0000		0.6		2.5
22050		[5.48099815]		[9.39717571]		1.7145		0.0		10.0		10.0000		0.6		2.5
22051		[5.07356266]		[4.30352616]		0.8482		0.0		10.0		10.0000		0.6		2.5
22052		[3.23924911]		[3.14185375]		0.9699		0.0		10.0		10.0000		0.6		2.5
22053		[3.99977561]		[8.27131402]		2.0679		0.0		10.0		10.0000		0.6		2.5
22054		[9.17757341]		[3.70128086]		0.4033		0.0		10.0		10.0000		0.6		2.5
22055		[4.07940502]		[6.99414318]		1.7145		0.0		11.0		11.0000		0.6		2.5
22056		[7.32975788]		[6.2172889]		0.8482		0.0		11.0		11.0000		0.6		2.5
22057		[9.85465215]		[9.55834971]		0.9699		0.0		11.0		11.0000		0.6		2.5
22058		[1.32619277]		[2.74249306]		2.0679		0.0		11.0		11.0000		0.6		2.5
22059		[6.59474754]		[2.65963689]		0.4033		0.0		11.0		11.0000		0.6		2.5
22060		[1.91585706]		[3.28473846]		1.7145		0.0		12.0		12.0000		0.6		2.5
22061		[9.4907529]		[8.05030038]		0.8482		0.0		12.0		12.0000		0.6		2.5
22062		[1.56780085]		[1.52066137]		0.9699		0.0		12.0		12.0000		0.6		2.5
22063		[2.38435155]		[4.9307067]		2.0679		0.0		12.0		12.0000		0.6		2.5
22064		[9.92003559]		[4.00071307]		0.4033		0.0		12.0		12.0000		0.6		2.5
